"","dataset","fold_number","X.missForest.","accuracy","rmse_train","rmse_test"
"1","iris",4,"missForest",0.966666666666667,0.624865655482189,0.442797254551331
