"V1","V2","V3","V4","V5","V6","V7","V8"
1.00738997294916,0.493800814842754,0.231280331171841,-0.67312135451557,-0.102706513723067,NA,0.691736312595735,1.90792208195587
-0.582957395392791,-0.638926131933483,-0.941569050645975,-0.441980482416292,-0.102706513723067,-0.0842508597749027,NA,-0.565541438328814
-0.727534428878423,-0.800744267187231,-0.706999174282412,0.867817792812952,-0.102706513723067,-0.0842508597749027,0.51626972702621,-0.268725815894652
2.16400624083421,NA,0.348565269353622,0.559629963347248,-0.102706513723067,-0.0842508597749027,0.165336555887161,NA
NA,0.251073611962132,1.28684477480787,-0.364933525049866,-0.102706513723067,-0.0842508597749027,-0.361063200821413,0.522782510596448
0.862812939463526,-0.558017064306609,-0.120574483373504,NA,-0.102706513723067,-0.0842508597749027,-0.0101300296823641,-0.0708487342718768
1.94714069060576,1.86925496449961,0.113995392990059,0.097348219148691,-0.102706513723067,-0.0842508597749027,-2.81759539879476,-0.565541438328814
-0.510668878649975,NA,0.934989960262529,-0.750168311881996,-0.102706513723067,-0.0842508597749027,-0.0101300296823641,NA
NA,0.00834640908150925,1.05227489844431,-0.67312135451557,NA,-0.0842508597749027,0.165336555887161,-0.565541438328814
2.52544882454829,1.30289149111149,NA,-0.596074397149144,NA,-0.0842508597749027,NA,-0.565541438328814
-0.944399979106871,0.0892554767083833,-1.29342386519132,-0.596074397149144,-0.102706513723067,-0.0842508597749027,0.165336555887161,-0.0708487342718768
-1.5227081130494,NA,0.583135145717186,NA,NA,-0.0842508597749027,0.165336555887161,-0.565541438328814
-1.16126552933532,-0.638926131933483,-0.237859421555286,-0.519027439782718,-0.102706513723067,NA,-0.711996371960462,0.324905428973673
-0.872111462364055,-0.396198929052861,-1.52799374155488,NA,-0.102706513723067,NA,0.340803141456685,0.225966888162285
-1.37813107956377,-0.396198929052861,-0.00328954519172247,-0.67312135451557,-0.102706513723067,-0.0842508597749027,-0.185596615251889,-0.565541438328814
-0.221514811678712,0.331982679589006,0.348565269353622,NA,-0.102706513723067,-0.0842508597749027,0.340803141456685,NA
0.284504805521,0.0892554767083833,NA,2.02352215330934,-0.102706513723067,-0.0842508597749027,-0.536529786390938,-0.268725815894652
NA,0.736528017723375,-0.00328954519172247,2.4858038975079,NA,NA,0.51626972702621,NA
0.429081839006631,1.06016428823087,0.231280331171841,-0.441980482416292,-0.102706513723067,NA,NA,-0.169787275083264
-0.944399979106871,NA,0.817705022080748,1.09895866491223,-0.102706513723067,-0.0842508597749027,-0.361063200821413,-0.0708487342718768
-0.221514811678712,0.493800814842754,-0.472429297918848,1.86942823857649,-0.102706513723067,-0.0842508597749027,0.165336555887161,-0.565541438328814
-0.149226294935896,0.41289174721588,-0.237859421555286,NA,-0.102706513723067,-0.0842508597749027,0.867202898165259,-0.565541438328814
-0.0769377781930802,0.817437085350249,NA,NA,-0.102706513723067,-0.0842508597749027,-0.0101300296823641,1.51216791871032
-1.88415069676348,-2.01438028159034,0.817705022080748,0.174395176515117,-0.102706513723067,-0.0842508597749027,NA,NA
-0.944399979106871,-1.28619867294847,-2.11441843246379,-0.28788656768344,-0.102706513723067,-0.0842508597749027,NA,NA
-0.944399979106871,-1.44801680820222,-0.355144359737067,-0.596074397149144,-0.102706513723067,-0.0842508597749027,NA,NA
1.87485217386295,1.95016403212649,0.700420083898967,NA,-0.102706513723067,NA,0.165336555887161,0.225966888162285
0.429081839006631,NA,0.348565269353622,NA,-0.102706513723067,-0.0842508597749027,1.21813606930431,-0.565541438328814
0.284504805521,0.251073611962132,NA,NA,-0.102706513723067,-0.0842508597749027,-0.185596615251889,0.522782510596448
-0.0769377781930802,NA,-0.824284112464193,NA,NA,-0.0842508597749027,NA,-0.565541438328814
0.501370355749447,0.736528017723375,NA,-0.750168311881996,-0.102706513723067,NA,0.340803141456685,NA
-0.510668878649975,-0.881653334814105,0.113995392990059,0.174395176515117,-0.102706513723067,-0.0842508597749027,-1.76479588537761,NA
0.501370355749447,-1.69074401108285,1.52141465117144,-0.28788656768344,-0.102706513723067,-0.0842508597749027,-0.185596615251889,-0.0708487342718768
-0.582957395392791,-0.0725626585453648,-0.120574483373504,0.790770835446526,-0.102706513723067,-0.0842508597749027,1.21813606930431,-0.169787275083264
0.573658872492262,NA,0.231280331171841,-0.0567456955841613,-0.102706513723067,-0.0842508597749027,1.21813606930431,0.720659592219223
-0.799822945621239,-1.60983494345597,0.700420083898967,NA,-0.102706513723067,NA,0.51626972702621,NA
0.573658872492262,NA,0.465850207535404,-0.67312135451557,-0.102706513723067,-0.0842508597749027,NA,-0.565541438328814
1.94714069060576,NA,NA,0.0203012617822648,-0.102706513723067,-0.0842508597749027,0.165336555887161,NA
0.862812939463526,-0.719835199560357,0.231280331171841,-0.67312135451557,NA,-0.0842508597749027,-0.361063200821413,-0.565541438328814
0.212216288778184,-0.962562402440979,NA,-0.0567456955841613,-0.102706513723067,-0.0842508597749027,-1.23839612866904,NA
1.36883255666324,0.898346152977123,-1.4107088033731,0.097348219148691,NA,NA,0.340803141456685,-0.565541438328814
-0.0769377781930802,NA,-1.05885398882776,-0.519027439782718,-0.102706513723067,-0.0842508597749027,-0.361063200821413,0.324905428973673
-0.293803328421528,-0.0725626585453648,-0.58971423610063,0.174395176515117,-0.102706513723067,-0.0842508597749027,0.867202898165259,-0.565541438328814
-0.0769377781930802,0.979255220603997,1.755984527535,-0.596074397149144,-0.102706513723067,-0.0842508597749027,-0.711996371960462,1.51216791871032
NA,0.331982679589006,1.05227489844431,1.17600562227866,-0.102706513723067,NA,0.51626972702621,NA
NA,0.0892554767083833,1.16955983662609,0.944864750179378,-0.102706513723067,NA,0.340803141456685,-0.367664356706039
-0.438380361907159,0.251073611962132,-0.824284112464193,-0.67312135451557,-0.102706513723067,-0.0842508597749027,0.691736312595735,4.67820122467472
-0.00464926145026423,-0.315289861425987,-0.941569050645975,0.482583005980821,-0.102706513723067,NA,1.04266948373478,2.69943040844697
NA,0.979255220603997,-1.87984855610023,0.251442133881543,NA,-0.0842508597749027,1.04266948373478,0.0280898065395108
0.573658872492262,2.11198216738023,-1.17613892700954,0.867817792812952,-0.102706513723067,-0.0842508597749027,0.691736312595735,0.225966888162285
-0.00464926145026423,-0.396198929052861,0.113995392990059,-0.519027439782718,-0.102706513723067,NA,0.51626972702621,NA
NA,-0.234380793799113,-0.472429297918848,-0.750168311881996,-0.102706513723067,-0.0842508597749027,0.165336555887161,-0.565541438328814
NA,2.03107309975336,0.465850207535404,-0.210839610317013,NA,-0.0842508597749027,-0.711996371960462,NA
NA,0.251073611962132,1.05227489844431,NA,NA,-0.0842508597749027,-1.06292954309951,0.0280898065395108
NA,NA,0.348565269353622,NA,-0.102706513723067,NA,-1.76479588537761,-0.565541438328814
-1.81186218002066,-0.800744267187231,0.113995392990059,-0.596074397149144,-0.102706513723067,-0.0842508597749027,-0.0101300296823641,-0.0708487342718768
2.23629475757703,3.24470911415647,NA,1.17600562227866,-0.102706513723067,-0.0842508597749027,0.51626972702621,-0.565541438328814
0.79052442272071,-0.881653334814105,0.348565269353622,-0.904262226614848,-0.102706513723067,-0.0842508597749027,-1.23839612866904,-0.169787275083264
-0.149226294935896,0.0892554767083833,NA,NA,NA,-0.0842508597749027,0.691736312595735,1.01747521465339
1.07967848969197,NA,-1.29342386519132,0.328489091247969,-0.102706513723067,-0.0842508597749027,NA,0.0280898065395108
-0.438380361907159,-1.12438053769473,1.63869958935322,1.48419345174436,NA,-0.0842508597749027,NA,-1.65386538725408
1.94714069060576,1.62652776161899,-0.706999174282412,0.251442133881543,NA,NA,1.04266948373478,NA
-0.799822945621239,-0.477107996679735,0.465850207535404,NA,-0.102706513723067,-0.0842508597749027,0.165336555887161,2.10579916357865
0.862812939463526,-0.638926131933483,-0.355144359737067,-0.750168311881996,-0.102706513723067,-0.0842508597749027,0.340803141456685,-0.565541438328814
-0.293803328421528,-0.719835199560357,-0.58971423610063,-0.210839610317013,-0.102706513723067,-0.0842508597749027,-0.361063200821413,NA
-0.149226294935896,NA,-0.00328954519172247,1.63828736647721,-0.102706513723067,-0.0842508597749027,0.867202898165259,-0.565541438328814
0.139927772035368,NA,0.465850207535404,0.174395176515117,-0.102706513723067,-0.0842508597749027,NA,-0.565541438328814
-1.0889770125925,0.493800814842754,-1.64527867973666,0.328489091247969,-0.102706513723067,-0.0842508597749027,0.51626972702621,-0.268725815894652
0.0676392552925517,0.898346152977123,-0.00328954519172247,-0.210839610317013,-0.102706513723067,-0.0842508597749027,NA,3.2930616533153
-0.149226294935896,-0.881653334814105,0.113995392990059,-0.364933525049866,-0.102706513723067,-0.0842508597749027,0.340803141456685,0.0280898065395108
1.80256365712013,NA,-0.237859421555286,-0.981309183981274,-0.102706513723067,-0.0842508597749027,1.21813606930431,1.21535229627616
1.00738997294916,0.817437085350249,0.817705022080748,-0.519027439782718,-0.102706513723067,-0.0842508597749027,-1.23839612866904,-0.565541438328814
-0.366091845164344,-0.800744267187231,-0.824284112464193,NA,-0.102706513723067,-0.0842508597749027,NA,2.00686062276726
0.284504805521,0.493800814842754,NA,-0.596074397149144,-0.102706513723067,-0.0842508597749027,NA,-0.268725815894652
0.356793322263815,1.22198242348462,-0.00328954519172247,0.174395176515117,-0.102706513723067,-0.0842508597749027,0.867202898165259,-0.565541438328814
NA,-1.36710774057535,1.99055440389856,NA,-0.102706513723067,-0.0842508597749027,NA,NA
-0.221514811678712,NA,0.348565269353622,0.097348219148691,-0.102706513723067,-0.0842508597749027,NA,-0.268725815894652
-0.0769377781930802,-0.800744267187231,NA,0.0203012617822648,NA,-0.0842508597749027,-0.0101300296823641,-0.565541438328814
NA,-0.477107996679735,0.231280331171841,-1.13540309871413,NA,-0.0842508597749027,-0.0101300296823641,-0.565541438328814
-0.149226294935896,-2.17619841684409,0.817705022080748,NA,-0.102706513723067,-0.0842508597749027,-0.361063200821413,1.90792208195587
0.212216288778184,NA,0.113995392990059,0.559629963347248,-0.102706513723067,-0.0842508597749027,0.340803141456685,-0.565541438328814
-1.30584256282095,NA,-0.00328954519172247,-0.827215269248422,-0.102706513723067,-0.0842508597749027,0.51626972702621,-0.565541438328814
-0.655245912135607,0.170164544335257,NA,0.0203012617822648,NA,-0.0842508597749027,-0.361063200821413,NA
0.573658872492262,0.898346152977123,-0.355144359737067,NA,-0.102706513723067,-0.0842508597749027,-0.361063200821413,NA
NA,0.898346152977123,0.113995392990059,1.79238128121007,-0.102706513723067,-0.0842508597749027,NA,-0.0708487342718768
-0.0769377781930802,-0.638926131933483,NA,-0.67312135451557,-0.102706513723067,-0.0842508597749027,-0.0101300296823641,0.81959813303061
NA,0.0892554767083833,-0.472429297918848,0.174395176515117,-0.102706513723067,-0.0842508597749027,NA,-0.565541438328814
1.73027514037732,0.251073611962132,-0.00328954519172247,-1.3665439708134,-0.102706513723067,-0.0842508597749027,0.867202898165259,0.324905428973673
-0.221514811678712,0.331982679589006,-1.52799374155488,-0.904262226614848,-0.102706513723067,-0.0842508597749027,-0.0101300296823641,NA
0.573658872492262,-0.234380793799113,0.465850207535404,-1.13540309871413,-0.102706513723067,-0.0842508597749027,0.165336555887161,-0.169787275083264
-0.582957395392791,0.251073611962132,0.348565269353622,2.94808564170646,-0.102706513723067,-0.0842508597749027,-0.536529786390938,NA
NA,NA,0.231280331171841,2.71694476960718,NA,-0.0842508597749027,NA,NA
NA,-0.638926131933483,-0.120574483373504,-1.21245005608055,-0.102706513723067,-0.0842508597749027,NA,3.68881581656085
-1.66728514653503,-0.315289861425987,NA,-0.67312135451557,-0.102706513723067,-0.0842508597749027,-0.185596615251889,NA
-1.95643921350629,-1.69074401108285,-0.472429297918848,-1.98291962974481,-0.102706513723067,-0.0842508597749027,-1.23839612866904,0.324905428973673
NA,-0.234380793799113,NA,1.63828736647721,-0.102706513723067,-0.0842508597749027,1.56906924044336,-0.565541438328814
-0.00464926145026423,-0.719835199560357,-0.706999174282412,1.86942823857649,-0.102706513723067,-0.0842508597749027,-1.41386271423856,-0.565541438328814
0.573658872492262,NA,-0.824284112464193,-1.0583561413477,-0.102706513723067,-0.0842508597749027,0.867202898165259,-0.565541438328814
-0.872111462364055,-0.800744267187231,NA,-0.519027439782718,NA,-0.0842508597749027,-0.711996371960462,3.39200019412668
-0.221514811678712,-0.234380793799113,NA,-0.827215269248422,-0.102706513723067,NA,-0.0101300296823641,2.00686062276726
-0.366091845164344,NA,1.05227489844431,NA,-0.102706513723067,-0.0842508597749027,1.04266948373478,-0.565541438328814
-0.872111462364055,NA,2.92883390935282,-0.67312135451557,-0.102706513723067,-0.0842508597749027,0.867202898165259,-0.565541438328814
NA,-0.962562402440979,NA,0.251442133881543,-0.102706513723067,-0.0842508597749027,-1.41386271423856,NA
0.573658872492262,0.493800814842754,NA,-0.904262226614848,-0.102706513723067,-0.0842508597749027,0.165336555887161,-0.565541438328814
NA,0.817437085350249,-0.824284112464193,0.713723878080099,-0.102706513723067,-0.0842508597749027,-0.887462957529986,-0.0708487342718768
-0.872111462364055,NA,0.700420083898967,NA,-0.102706513723067,-0.0842508597749027,-0.361063200821413,0.324905428973673
-0.655245912135607,-0.0725626585453648,0.583135145717186,NA,-0.102706513723067,-0.0842508597749027,0.867202898165259,NA
2.52544882454829,1.54561869399212,-1.87984855610023,0.405536048614395,-0.102706513723067,-0.0842508597749027,1.21813606930431,NA
0.212216288778184,-2.01438028159034,NA,0.097348219148691,NA,-0.0842508597749027,-0.887462957529986,NA
-1.16126552933532,-0.315289861425987,0.231280331171841,-0.519027439782718,NA,NA,0.51626972702621,-0.169787275083264
-1.0889770125925,0.251073611962132,NA,0.559629963347248,NA,-0.0842508597749027,NA,0.42384396978506
-1.81186218002066,-1.93347121396347,0.348565269353622,-0.67312135451557,NA,-0.0842508597749027,-0.887462957529986,-0.565541438328814
-1.01668849584969,-1.04347147006785,1.52141465117144,-0.0567456955841613,NA,-0.0842508597749027,-3.51946174107285,-0.565541438328814
-0.366091845164344,0.493800814842754,NA,2.94808564170646,-0.102706513723067,-0.0842508597749027,0.691736312595735,NA
NA,-0.315289861425987,0.348565269353622,-1.0583561413477,-0.102706513723067,-0.0842508597749027,NA,NA
0.0676392552925517,0.331982679589006,1.16955983662609,2.40875694014147,NA,NA,1.39360265487383,-0.565541438328814
-0.727534428878423,-0.800744267187231,-0.824284112464193,NA,-0.102706513723067,12.8558632321378,-0.361063200821413,-0.565541438328814
0.139927772035368,0.251073611962132,0.934989960262529,NA,-0.102706513723067,-0.0842508597749027,-0.0101300296823641,-0.565541438328814
-0.438380361907159,0.331982679589006,0.113995392990059,-0.750168311881996,NA,-0.0842508597749027,1.39360265487383,-0.565541438328814
2.74231437477674,2.03107309975336,-1.05885398882776,0.790770835446526,-0.102706513723067,-0.0842508597749027,-1.23839612866904,-0.565541438328814
-1.01668849584969,-1.44801680820222,NA,0.097348219148691,-0.102706513723067,-0.0842508597749027,NA,NA
-1.0889770125925,-0.315289861425987,-0.120574483373504,-0.827215269248422,9.7263068495745,-0.0842508597749027,NA,NA
-0.221514811678712,NA,-0.355144359737067,2.02352215330934,-0.102706513723067,NA,NA,-0.565541438328814
-0.655245912135607,-0.558017064306609,-0.00328954519172247,0.174395176515117,NA,NA,-0.0101300296823641,-0.565541438328814
-0.438380361907159,-0.881653334814105,1.52141465117144,-1.13540309871413,-0.102706513723067,-0.0842508597749027,-0.185596615251889,-0.169787275083264
-0.0769377781930802,-0.719835199560357,-2.11441843246379,-0.364933525049866,-0.102706513723067,-0.0842508597749027,-0.0101300296823641,0.42384396978506
NA,NA,NA,NA,-0.102706513723067,-0.0842508597749027,0.340803141456685,NA
NA,0.41289174721588,-1.87984855610023,-0.441980482416292,-0.102706513723067,-0.0842508597749027,2.09546899715193,-0.565541438328814
1.6579866236345,0.817437085350249,-0.355144359737067,-0.441980482416292,-0.102706513723067,-0.0842508597749027,3.85013485284717,NA
-0.00464926145026423,0.655618950096501,-0.472429297918848,NA,-0.102706513723067,-0.0842508597749027,-0.711996371960462,NA
0.284504805521,NA,-0.237859421555286,0.097348219148691,-0.102706513723067,-0.0842508597749027,NA,1.31429083708755
-0.872111462364055,0.898346152977123,1.28684477480787,-1.0583561413477,-0.102706513723067,-0.0842508597749027,0.51626972702621,1.90792208195587
NA,NA,0.231280331171841,-0.133792652950588,-0.102706513723067,-0.0842508597749027,1.74453582601288,-0.565541438328814
0.645947389235078,-0.153471726172239,NA,2.10056911067577,-0.102706513723067,-0.0842508597749027,NA,2.79836894925836
0.718235905977894,-0.153471726172239,NA,0.482583005980821,NA,-0.0842508597749027,-1.76479588537761,0.522782510596448
-0.438380361907159,NA,NA,NA,-0.102706513723067,-0.0842508597749027,-0.185596615251889,1.41322937789893
-0.655245912135607,-0.881653334814105,-0.706999174282412,0.636676920713674,-0.102706513723067,-0.0842508597749027,-0.361063200821413,1.21535229627616
NA,-0.800744267187231,NA,0.713723878080099,-0.102706513723067,-0.0842508597749027,NA,-1.65386538725408
1.44112107340605,NA,-1.4107088033731,NA,-0.102706513723067,-0.0842508597749027,0.691736312595735,-0.565541438328814
NA,-0.638926131933483,NA,-0.210839610317013,NA,-0.0842508597749027,0.51626972702621,-0.565541438328814
-0.438380361907159,-0.396198929052861,0.348565269353622,-0.519027439782718,NA,-0.0842508597749027,-1.58932929980809,0.0280898065395108
-1.37813107956377,NA,0.465850207535404,NA,-0.102706513723067,-0.0842508597749027,NA,0.324905428973673
2.0917177240914,0.493800814842754,0.348565269353622,-0.519027439782718,NA,NA,-0.536529786390938,0.720659592219223
-0.438380361907159,-0.719835199560357,-2.46627324700913,-0.364933525049866,-0.102706513723067,-0.0842508597749027,-0.185596615251889,-0.565541438328814
0.573658872492262,-0.315289861425987,-0.472429297918848,0.636676920713674,-0.102706513723067,-0.0842508597749027,-0.0101300296823641,NA
-0.944399979106871,-1.60983494345597,NA,NA,-0.102706513723067,-0.0842508597749027,-1.06292954309951,1.11641375546477
1.58569810689168,NA,NA,0.944864750179378,-0.102706513723067,-0.0842508597749027,NA,NA
1.6579866236345,2.67834564076835,-0.824284112464193,0.328489091247969,-0.102706513723067,-0.0842508597749027,0.867202898165259,-0.565541438328814
-0.0769377781930802,-0.881653334814105,0.231280331171841,0.251442133881543,-0.102706513723067,-0.0842508597749027,-0.361063200821413,NA
-1.01668849584969,0.170164544335257,1.28684477480787,NA,-0.102706513723067,-0.0842508597749027,0.340803141456685,0.918536673841998
0.284504805521,NA,-1.76256361791845,-0.519027439782718,NA,-0.0842508597749027,0.165336555887161,-0.0708487342718768
0.79052442272071,2.11198216738023,-2.34898830882735,-0.750168311881996,-0.102706513723067,-0.0842508597749027,-0.887462957529986,1.31429083708755
NA,NA,0.348565269353622,0.0203012617822648,-0.102706513723067,-0.0842508597749027,0.340803141456685,-0.0708487342718768
-0.944399979106871,-1.12438053769473,0.700420083898967,-0.596074397149144,NA,-0.0842508597749027,NA,-0.169787275083264
NA,-0.153471726172239,NA,-0.441980482416292,-0.102706513723067,-0.0842508597749027,0.867202898165259,NA
0.79052442272071,0.170164544335257,-0.00328954519172247,1.40714649437793,NA,-0.0842508597749027,0.51626972702621,-0.565541438328814
0.429081839006631,0.00834640908150925,0.700420083898967,0.0203012617822648,-0.102706513723067,-0.0842508597749027,0.51626972702621,-0.0708487342718768
-0.293803328421528,-1.2052896053216,2.22512428026213,-0.596074397149144,-0.102706513723067,-0.0842508597749027,-3.51946174107285,-0.268725815894652
-0.799822945621239,NA,-0.120574483373504,NA,-0.102706513723067,-0.0842508597749027,0.51626972702621,-0.169787275083264
-0.727534428878423,-0.396198929052861,1.28684477480787,0.251442133881543,-0.102706513723067,-0.0842508597749027,-1.06292954309951,-0.565541438328814
NA,1.06016428823087,0.231280331171841,3.41036738590501,-0.102706513723067,-0.0842508597749027,-0.711996371960462,-0.565541438328814
0.429081839006631,-1.2052896053216,-0.355144359737067,1.17600562227866,-0.102706513723067,-0.0842508597749027,-0.0101300296823641,-0.565541438328814
-0.149226294935896,-0.638926131933483,0.231280331171841,-0.133792652950588,NA,-0.0842508597749027,1.04266948373478,NA
NA,-0.396198929052861,0.348565269353622,2.7939917269736,-0.102706513723067,-0.0842508597749027,-0.711996371960462,-0.565541438328814
-2.17330476373474,-1.28619867294847,-1.99713349428201,NA,-0.102706513723067,-0.0842508597749027,-0.361063200821413,0.324905428973673
NA,NA,NA,NA,-0.102706513723067,-0.0842508597749027,-0.361063200821413,-0.565541438328814
-0.293803328421528,0.251073611962132,-0.355144359737067,0.867817792812952,-0.102706513723067,-0.0842508597749027,NA,0.81959813303061
-1.23355404607813,-1.12438053769473,NA,NA,-0.102706513723067,-0.0842508597749027,0.867202898165259,NA
-0.944399979106871,-1.28619867294847,0.934989960262529,-0.133792652950588,-0.102706513723067,-0.0842508597749027,-1.06292954309951,-0.961295601574364
NA,NA,0.817705022080748,2.40875694014147,NA,NA,NA,NA
1.80256365712013,1.62652776161899,-1.4107088033731,0.097348219148691,-0.102706513723067,-0.0842508597749027,-0.185596615251889,-0.565541438328814
0.284504805521,NA,NA,-0.596074397149144,-0.102706513723067,-0.0842508597749027,NA,NA
-0.0769377781930802,0.41289174721588,-1.76256361791845,NA,NA,-0.0842508597749027,1.21813606930431,-0.565541438328814
0.139927772035368,0.41289174721588,-1.29342386519132,-1.28949701344698,NA,-0.0842508597749027,0.867202898165259,-0.268725815894652
NA,-0.396198929052861,NA,NA,-0.102706513723067,NA,0.165336555887161,-0.565541438328814
-0.510668878649975,-1.77165307870972,0.348565269353622,0.636676920713674,-0.102706513723067,-0.0842508597749027,0.867202898165259,2.89730749006975
NA,0.170164544335257,-1.05885398882776,0.0203012617822648,-0.102706513723067,NA,0.340803141456685,0.324905428973673
0.79052442272071,-0.153471726172239,0.465850207535404,NA,-0.102706513723067,-0.0842508597749027,-0.0101300296823641,-0.565541438328814
-0.00464926145026423,-0.396198929052861,-0.120574483373504,0.328489091247969,-0.102706513723067,-0.0842508597749027,NA,1.21535229627616
-0.727534428878423,-1.60983494345597,0.817705022080748,NA,-0.102706513723067,-0.0842508597749027,-0.711996371960462,-0.565541438328814
0.935101456206342,1.14107335585775,NA,-0.441980482416292,-0.102706513723067,-0.0842508597749027,0.340803141456685,-0.268725815894652
2.01942920734858,1.06016428823087,0.348565269353622,-0.981309183981274,-0.102706513723067,-0.0842508597749027,0.691736312595735,-0.565541438328814
-0.221514811678712,-0.0725626585453648,1.52141465117144,-0.67312135451557,-0.102706513723067,-0.0842508597749027,-3.34399515550333,-0.169787275083264
0.284504805521,0.41289174721588,-0.941569050645975,-0.28788656768344,-0.102706513723067,-0.0842508597749027,-0.361063200821413,-0.565541438328814
0.429081839006631,-0.477107996679735,0.700420083898967,-0.519027439782718,-0.102706513723067,-0.0842508597749027,0.691736312595735,-0.565541438328814
-1.01668849584969,-0.881653334814105,0.583135145717186,NA,-0.102706513723067,-0.0842508597749027,-0.185596615251889,-0.565541438328814
-0.366091845164344,1.22198242348462,0.113995392990059,-0.67312135451557,-0.102706513723067,-0.0842508597749027,-0.185596615251889,NA
1.58569810689168,-1.04347147006785,NA,NA,-0.102706513723067,-0.0842508597749027,-1.76479588537761,-1.35704976481991
NA,0.736528017723375,-0.237859421555286,-0.904262226614848,-0.102706513723067,-0.0842508597749027,0.165336555887161,-0.565541438328814
-1.30584256282095,-0.153471726172239,NA,-0.67312135451557,-0.102706513723067,-0.0842508597749027,-0.536529786390938,-0.565541438328814
-0.149226294935896,-0.396198929052861,1.05227489844431,-0.441980482416292,-0.102706513723067,-0.0842508597749027,1.39360265487383,0.621721051407836
0.356793322263815,NA,0.583135145717186,1.56124040911079,-0.102706513723067,NA,0.340803141456685,-0.565541438328814
-1.37813107956377,-1.5289258758291,NA,-0.827215269248422,-0.102706513723067,-0.0842508597749027,-0.0101300296823641,-0.565541438328814
-0.00464926145026423,0.493800814842754,NA,2.71694476960718,NA,-0.0842508597749027,-0.0101300296823641,-0.565541438328814
NA,-0.315289861425987,0.465850207535404,0.097348219148691,-0.102706513723067,-0.0842508597749027,NA,NA
0.718235905977894,-0.315289861425987,NA,NA,-0.102706513723067,-0.0842508597749027,-0.361063200821413,0.324905428973673
-0.221514811678712,-0.881653334814105,1.05227489844431,-0.827215269248422,-0.102706513723067,-0.0842508597749027,NA,-0.565541438328814
-0.00464926145026423,1.06016428823087,-0.58971423610063,-0.981309183981274,-0.102706513723067,NA,-0.887462957529986,0.42384396978506
2.0917177240914,2.35470937026086,NA,0.0203012617822648,-0.102706513723067,-0.0842508597749027,1.74453582601288,-0.565541438328814
-1.59499662979221,-0.153471726172239,-1.64527867973666,-0.750168311881996,-0.102706513723067,-0.0842508597749027,0.51626972702621,NA
0.79052442272071,0.41289174721588,0.113995392990059,0.0203012617822648,-0.102706513723067,-0.0842508597749027,0.340803141456685,-0.565541438328814
-0.00464926145026423,0.898346152977123,-0.706999174282412,-0.441980482416292,-0.102706513723067,-0.0842508597749027,NA,-0.565541438328814
-0.149226294935896,-0.558017064306609,0.113995392990059,0.482583005980821,-0.102706513723067,-0.0842508597749027,0.340803141456685,1.51216791871032
-0.0769377781930802,-1.12438053769473,-0.355144359737067,0.174395176515117,-0.102706513723067,-0.0842508597749027,1.04266948373478,2.60049186763559
NA,-0.881653334814105,-0.00328954519172247,-0.827215269248422,-0.102706513723067,-0.0842508597749027,-0.361063200821413,0.918536673841998
-0.872111462364055,0.493800814842754,-1.4107088033731,-0.750168311881996,-0.102706513723067,-0.0842508597749027,0.51626972702621,-0.565541438328814
0.935101456206342,0.331982679589006,0.348565269353622,0.097348219148691,-0.102706513723067,-0.0842508597749027,-0.185596615251889,-0.565541438328814
0.718235905977894,0.0892554767083833,-0.120574483373504,-0.596074397149144,-0.102706513723067,-0.0842508597749027,0.51626972702621,1.01747521465339
-0.655245912135607,-0.315289861425987,0.817705022080748,NA,-0.102706513723067,-0.0842508597749027,1.21813606930431,1.01747521465339
-0.438380361907159,NA,1.40412971298966,-0.904262226614848,-0.102706513723067,-0.0842508597749027,0.867202898165259,0.918536673841998
0.79052442272071,NA,-0.120574483373504,-0.519027439782718,-0.102706513723067,-0.0842508597749027,0.691736312595735,1.90792208195587
NA,NA,-1.87984855610023,-0.827215269248422,-0.102706513723067,-0.0842508597749027,0.51626972702621,NA
NA,-1.5289258758291,0.934989960262529,1.0219117075458,-0.102706513723067,-0.0842508597749027,-0.536529786390938,NA
NA,-0.477107996679735,0.348565269353622,0.405536048614395,-0.102706513723067,-0.0842508597749027,-0.361063200821413,-0.565541438328814
0.645947389235078,0.655618950096501,0.700420083898967,NA,-0.102706513723067,-0.0842508597749027,0.691736312595735,0.522782510596448
0.0676392552925517,-0.315289861425987,-0.120574483373504,-0.364933525049866,NA,NA,0.867202898165259,-0.565541438328814
NA,-0.477107996679735,NA,-0.904262226614848,-0.102706513723067,-0.0842508597749027,0.51626972702621,2.40261478601281
NA,NA,1.28684477480787,1.79238128121007,-0.102706513723067,-0.0842508597749027,-0.711996371960462,0.0280898065395108
-1.01668849584969,NA,-0.355144359737067,-0.28788656768344,-0.102706513723067,-0.0842508597749027,-1.06292954309951,NA
-0.293803328421528,0.898346152977123,NA,NA,NA,-0.0842508597749027,-0.185596615251889,-0.565541438328814
-0.221514811678712,-1.44801680820222,NA,0.328489091247969,-0.102706513723067,-0.0842508597749027,NA,-0.565541438328814
NA,-0.477107996679735,1.99055440389856,0.713723878080099,-0.102706513723067,-0.0842508597749027,-0.361063200821413,NA
-1.23355404607813,-2.33801655209784,NA,-0.827215269248422,9.7263068495745,-0.0842508597749027,0.340803141456685,2.20473770439003
-0.00464926145026423,NA,0.583135145717186,-0.364933525049866,-0.102706513723067,-0.0842508597749027,-0.185596615251889,-0.565541438328814
-0.149226294935896,1.14107335585775,1.28684477480787,-0.210839610317013,-0.102706513723067,-0.0842508597749027,1.74453582601288,NA
0.718235905977894,0.736528017723375,-0.58971423610063,-0.210839610317013,-0.102706513723067,NA,0.867202898165259,-0.565541438328814
1.80256365712013,1.30289149111149,1.63869958935322,NA,NA,-0.0842508597749027,-0.711996371960462,0.42384396978506
-2.10101624699192,NA,-0.120574483373504,-0.750168311881996,-0.102706513723067,-0.0842508597749027,0.165336555887161,1.7100450003331
-0.944399979106871,-0.315289861425987,-1.17613892700954,0.097348219148691,-0.102706513723067,-0.0842508597749027,-0.887462957529986,-0.565541438328814
NA,2.43561843788773,0.113995392990059,1.09895866491223,9.7263068495745,-0.0842508597749027,0.691736312595735,-0.565541438328814
-0.221514811678712,NA,0.934989960262529,-0.519027439782718,-0.102706513723067,-0.0842508597749027,-1.06292954309951,3.58987727574946
NA,-1.5289258758291,NA,-0.827215269248422,NA,-0.0842508597749027,0.51626972702621,0.324905428973673
0.429081839006631,0.41289174721588,0.817705022080748,-0.827215269248422,-0.102706513723067,-0.0842508597749027,0.691736312595735,-0.268725815894652
0.0676392552925517,-0.234380793799113,-1.05885398882776,1.40714649437793,-0.102706513723067,-0.0842508597749027,-0.0101300296823641,-0.565541438328814
-0.149226294935896,0.41289174721588,0.934989960262529,-0.596074397149144,-0.102706513723067,-0.0842508597749027,NA,4.0845699798064
0.645947389235078,0.898346152977123,NA,-0.28788656768344,-0.102706513723067,-0.0842508597749027,0.165336555887161,-0.565541438328814
-0.149226294935896,-0.153471726172239,NA,-0.596074397149144,-0.102706513723067,-0.0842508597749027,1.39360265487383,NA
-0.366091845164344,0.493800814842754,NA,0.482583005980821,-0.102706513723067,NA,1.21813606930431,-0.565541438328814
0.0676392552925517,-0.962562402440979,NA,-0.364933525049866,-0.102706513723067,-0.0842508597749027,-0.711996371960462,0.621721051407836
0.645947389235078,NA,NA,-0.519027439782718,-0.102706513723067,-0.0842508597749027,NA,-0.0708487342718768
-0.944399979106871,NA,1.40412971298966,1.33009953701151,-0.102706513723067,NA,-1.06292954309951,1.11641375546477
1.15196700643479,-0.558017064306609,0.817705022080748,NA,NA,-0.0842508597749027,-5.44959418233762,0.522782510596448
0.79052442272071,1.86925496449961,-0.00328954519172247,2.4858038975079,-0.102706513723067,-0.0842508597749027,-0.0101300296823641,NA
-0.366091845164344,0.574709882469627,-1.4107088033731,0.174395176515117,-0.102706513723067,-0.0842508597749027,0.51626972702621,0.324905428973673
-0.799822945621239,1.22198242348462,NA,-0.519027439782718,-0.102706513723067,-0.0842508597749027,-1.06292954309951,-0.268725815894652
0.139927772035368,-0.153471726172239,NA,2.25466302540862,-0.102706513723067,-0.0842508597749027,NA,NA
-0.221514811678712,-0.962562402440979,-0.00328954519172247,-0.827215269248422,-0.102706513723067,-0.0842508597749027,-0.185596615251889,1.90792208195587
NA,NA,NA,NA,-0.102706513723067,-0.0842508597749027,NA,1.21535229627616
-1.16126552933532,NA,-0.00328954519172247,-0.364933525049866,-0.102706513723067,NA,0.691736312595735,0.324905428973673
NA,0.493800814842754,-0.355144359737067,-0.441980482416292,-0.102706513723067,-0.0842508597749027,-0.0101300296823641,1.01747521465339
0.212216288778184,0.0892554767083833,0.583135145717186,2.40875694014147,-0.102706513723067,NA,-0.711996371960462,-0.565541438328814
-0.438380361907159,-0.719835199560357,0.934989960262529,-0.441980482416292,NA,-0.0842508597749027,1.21813606930431,-0.268725815894652
-1.81186218002066,-1.36710774057535,-0.237859421555286,-0.596074397149144,-0.102706513723067,-0.0842508597749027,-1.41386271423856,0.522782510596448
1.36883255666324,NA,-1.29342386519132,-0.519027439782718,-0.102706513723067,-0.0842508597749027,-0.361063200821413,1.11641375546477
0.935101456206342,NA,0.231280331171841,-0.364933525049866,NA,-0.0842508597749027,-0.0101300296823641,-0.565541438328814
0.501370355749447,-0.0725626585453648,-0.237859421555286,-0.750168311881996,-0.102706513723067,-0.0842508597749027,0.165336555887161,-0.565541438328814
-0.655245912135607,0.331982679589006,-1.29342386519132,NA,-0.102706513723067,-0.0842508597749027,0.165336555887161,-0.565541438328814
NA,0.979255220603997,0.465850207535404,1.09895866491223,-0.102706513723067,-0.0842508597749027,-0.0101300296823641,-0.565541438328814
-1.16126552933532,-0.234380793799113,NA,0.482583005980821,-0.102706513723067,-0.0842508597749027,-1.41386271423856,NA
1.73027514037732,NA,0.934989960262529,NA,-0.102706513723067,NA,-1.76479588537761,0.720659592219223
NA,NA,0.465850207535404,-0.904262226614848,NA,NA,1.56906924044336,-0.565541438328814
-0.293803328421528,-1.36710774057535,-0.58971423610063,-0.28788656768344,-0.102706513723067,-0.0842508597749027,NA,0.918536673841998
0.139927772035368,-0.234380793799113,NA,-0.596074397149144,-0.102706513723067,-0.0842508597749027,-2.81759539879476,-1.65386538725408
NA,NA,0.934989960262529,NA,-0.102706513723067,-0.0842508597749027,-0.536529786390938,NA
NA,0.251073611962132,-1.64527867973666,NA,-0.102706513723067,-0.0842508597749027,0.340803141456685,NA
0.645947389235078,NA,0.700420083898967,1.17600562227866,NA,-0.0842508597749027,-0.536529786390938,NA
-0.293803328421528,NA,NA,0.790770835446526,-0.102706513723067,-0.0842508597749027,NA,-0.565541438328814
NA,NA,NA,-1.13540309871413,-0.102706513723067,NA,NA,-0.565541438328814
-0.366091845164344,0.331982679589006,-0.120574483373504,0.251442133881543,-0.102706513723067,-0.0842508597749027,-0.185596615251889,NA
0.139927772035368,-1.04347147006785,-0.237859421555286,-0.981309183981274,-0.102706513723067,-0.0842508597749027,0.867202898165259,-0.565541438328814
-1.01668849584969,-0.962562402440979,0.700420083898967,NA,-0.102706513723067,-0.0842508597749027,-0.361063200821413,-0.565541438328814
1.00738997294916,0.251073611962132,1.05227489844431,NA,-0.102706513723067,NA,0.51626972702621,-0.565541438328814
-1.30584256282095,0.817437085350249,-0.237859421555286,-0.981309183981274,NA,-0.0842508597749027,0.51626972702621,-0.565541438328814
-0.655245912135607,-0.0725626585453648,NA,-0.28788656768344,-0.102706513723067,-0.0842508597749027,0.340803141456685,-0.565541438328814
-0.438380361907159,1.46470962636524,-0.58971423610063,1.94647519594292,-0.102706513723067,-0.0842508597749027,0.340803141456685,1.31429083708755
-1.5227081130494,-0.881653334814105,-0.472429297918848,NA,NA,-0.0842508597749027,0.165336555887161,NA
-0.366091845164344,0.493800814842754,NA,0.482583005980821,-0.102706513723067,-0.0842508597749027,1.21813606930431,-0.565541438328814
0.139927772035368,0.00834640908150925,0.348565269353622,-1.21245005608055,-0.102706513723067,NA,-0.361063200821413,-0.565541438328814
NA,-0.153471726172239,-0.706999174282412,-1.3665439708134,NA,-0.0842508597749027,0.340803141456685,-0.0708487342718768
NA,-0.638926131933483,0.231280331171841,-0.441980482416292,-0.102706513723067,NA,-0.0101300296823641,-0.268725815894652
-0.799822945621239,-0.0725626585453648,-2.34898830882735,-0.519027439782718,-0.102706513723067,NA,0.340803141456685,0.324905428973673
-0.510668878649975,-0.477107996679735,-2.34898830882735,NA,-0.102706513723067,-0.0842508597749027,0.165336555887161,-0.565541438328814
NA,-0.0725626585453648,-0.58971423610063,-0.210839610317013,-0.102706513723067,-0.0842508597749027,0.165336555887161,-0.565541438328814
-0.221514811678712,-1.04347147006785,NA,0.174395176515117,NA,-0.0842508597749027,NA,NA
2.67002585803392,2.67834564076835,0.817705022080748,0.790770835446526,-0.102706513723067,-0.0842508597749027,-2.46666222765571,-0.565541438328814
NA,1.38380055873837,NA,NA,-0.102706513723067,-0.0842508597749027,0.165336555887161,-0.565541438328814
NA,0.331982679589006,0.348565269353622,NA,NA,-0.0842508597749027,0.51626972702621,0.324905428973673
3.24833399197645,1.70743682924586,NA,1.0219117075458,-0.102706513723067,-0.0842508597749027,NA,-0.565541438328814
2.95917992500519,NA,0.817705022080748,1.48419345174436,NA,-0.0842508597749027,1.04266948373478,-0.565541438328814
0.139927772035368,0.979255220603997,0.465850207535404,-0.519027439782718,-0.102706513723067,-0.0842508597749027,-0.0101300296823641,NA
-2.24559328047756,-0.719835199560357,0.583135145717186,-0.981309183981274,-0.102706513723067,-0.0842508597749027,0.340803141456685,-0.268725815894652
0.573658872492262,NA,-1.99713349428201,0.0203012617822648,NA,-0.0842508597749027,0.165336555887161,-0.565541438328814
-0.655245912135607,-0.719835199560357,0.113995392990059,-0.519027439782718,-0.102706513723067,NA,1.21813606930431,-0.565541438328814
-0.799822945621239,-1.2052896053216,-0.120574483373504,-0.67312135451557,-0.102706513723067,NA,-0.185596615251889,-0.565541438328814
2.16400624083421,2.59743657314148,0.817705022080748,0.0203012617822648,-0.102706513723067,NA,1.21813606930431,-0.0708487342718768
-1.0889770125925,-0.396198929052861,-0.824284112464193,-1.13540309871413,-0.102706513723067,-0.0842508597749027,1.04266948373478,NA
-0.293803328421528,-0.558017064306609,-0.00328954519172247,NA,-0.102706513723067,NA,NA,0.324905428973673
-0.872111462364055,NA,1.05227489844431,-0.519027439782718,-0.102706513723067,-0.0842508597749027,-0.711996371960462,-0.565541438328814
0.0676392552925517,0.170164544335257,0.934989960262529,NA,-0.102706513723067,-0.0842508597749027,-0.536529786390938,0.0280898065395108
NA,-0.638926131933483,2.45969415662569,-0.364933525049866,-0.102706513723067,-0.0842508597749027,0.691736312595735,NA
2.95917992500519,2.19289123500711,-1.87984855610023,1.63828736647721,-0.102706513723067,-0.0842508597749027,0.340803141456685,0.324905428973673
0.284504805521,NA,0.583135145717186,-0.519027439782718,-0.102706513723067,-0.0842508597749027,-3.51946174107285,-0.565541438328814
-1.37813107956377,NA,-1.4107088033731,-0.596074397149144,-0.102706513723067,-0.0842508597749027,-0.711996371960462,0.324905428973673
-0.293803328421528,NA,1.28684477480787,NA,-0.102706513723067,-0.0842508597749027,-0.536529786390938,NA
-0.438380361907159,NA,-0.120574483373504,NA,-0.102706513723067,-0.0842508597749027,-0.361063200821413,0.324905428973673
0.356793322263815,0.331982679589006,NA,-0.28788656768344,NA,-0.0842508597749027,-0.0101300296823641,0.918536673841998
0.284504805521,0.251073611962132,0.348565269353622,-0.67312135451557,-0.102706513723067,NA,0.165336555887161,1.11641375546477
-0.727534428878423,0.493800814842754,NA,-0.827215269248422,NA,NA,-0.185596615251889,-0.565541438328814
NA,-1.04347147006785,0.465850207535404,0.174395176515117,-0.102706513723067,-0.0842508597749027,0.51626972702621,-0.0708487342718768
0.645947389235078,0.655618950096501,-0.355144359737067,2.71694476960718,-0.102706513723067,-0.0842508597749027,NA,0.225966888162285
0.212216288778184,1.46470962636524,-1.87984855610023,1.25305257964508,-0.102706513723067,-0.0842508597749027,0.691736312595735,-0.0708487342718768
-0.366091845164344,0.251073611962132,-0.355144359737067,1.33009953701151,-0.102706513723067,-0.0842508597749027,-0.0101300296823641,NA
-0.872111462364055,-0.234380793799113,0.348565269353622,-1.0583561413477,NA,NA,NA,-0.565541438328814
NA,2.19289123500711,NA,NA,-0.102706513723067,-0.0842508597749027,-1.06292954309951,-0.565541438328814
-0.221514811678712,-1.44801680820222,0.113995392990059,-0.133792652950588,-0.102706513723067,NA,0.691736312595735,-0.0708487342718768
-0.510668878649975,0.0892554767083833,NA,-0.904262226614848,NA,-0.0842508597749027,-0.0101300296823641,NA
-0.799822945621239,-0.477107996679735,-2.58355818519092,-1.0583561413477,NA,NA,-0.711996371960462,NA
-0.438380361907159,0.251073611962132,0.348565269353622,0.867817792812952,NA,-0.0842508597749027,NA,-0.565541438328814
NA,1.22198242348462,NA,2.7939917269736,NA,-0.0842508597749027,0.51626972702621,0.81959813303061
0.212216288778184,-0.638926131933483,0.348565269353622,NA,-0.102706513723067,-0.0842508597749027,-0.536529786390938,-0.565541438328814
-1.73957366327785,-1.60983494345597,-1.52799374155488,-0.827215269248422,-0.102706513723067,-0.0842508597749027,0.51626972702621,NA
-0.582957395392791,NA,0.465850207535404,-0.596074397149144,-0.102706513723067,NA,1.04266948373478,-0.565541438328814
0.212216288778184,0.0892554767083833,-1.64527867973666,-0.981309183981274,-0.102706513723067,NA,0.340803141456685,-0.565541438328814
-0.221514811678712,0.00834640908150925,0.583135145717186,-0.519027439782718,-0.102706513723067,-0.0842508597749027,2.09546899715193,-0.565541438328814
0.356793322263815,-0.719835199560357,0.700420083898967,-0.364933525049866,-0.102706513723067,-0.0842508597749027,0.340803141456685,-0.565541438328814
-0.944399979106871,-1.36710774057535,-0.00328954519172247,NA,-0.102706513723067,NA,0.165336555887161,2.60049186763559
NA,0.574709882469627,2.57697909480747,-0.28788656768344,-0.102706513723067,-0.0842508597749027,1.21813606930431,-0.565541438328814
0.139927772035368,0.0892554767083833,0.113995392990059,2.1776160680422,-0.102706513723067,NA,0.867202898165259,-0.0708487342718768
-1.0889770125925,NA,0.700420083898967,0.174395176515117,-0.102706513723067,-0.0842508597749027,-0.536529786390938,-0.565541438328814
0.0676392552925517,NA,0.583135145717186,-0.904262226614848,-0.102706513723067,-0.0842508597749027,0.165336555887161,-0.565541438328814
0.0676392552925517,-0.558017064306609,1.52141465117144,-0.596074397149144,NA,-0.0842508597749027,0.340803141456685,-0.565541438328814
-0.293803328421528,-0.315289861425987,NA,-0.210839610317013,-0.102706513723067,-0.0842508597749027,0.165336555887161,-0.565541438328814
NA,0.493800814842754,-1.76256361791845,0.790770835446526,-0.102706513723067,NA,0.165336555887161,-0.268725815894652
1.58569810689168,0.0892554767083833,0.231280331171841,-1.3665439708134,-0.102706513723067,-0.0842508597749027,NA,-0.565541438328814
0.573658872492262,0.0892554767083833,NA,-0.441980482416292,-0.102706513723067,NA,-0.0101300296823641,1.41322937789893
1.00738997294916,0.979255220603997,-2.46627324700913,0.174395176515117,NA,-0.0842508597749027,0.165336555887161,-0.565541438328814
0.356793322263815,-0.396198929052861,-0.58971423610063,NA,-0.102706513723067,-0.0842508597749027,-0.0101300296823641,-0.565541438328814
1.07967848969197,NA,0.583135145717186,2.02352215330934,-0.102706513723067,-0.0842508597749027,NA,-0.0708487342718768
-0.799822945621239,-0.638926131933483,NA,1.09895866491223,-0.102706513723067,-0.0842508597749027,-0.185596615251889,1.90792208195587
0.79052442272071,-0.315289861425987,-0.706999174282412,1.63828736647721,-0.102706513723067,-0.0842508597749027,NA,0.918536673841998
0.718235905977894,0.331982679589006,0.465850207535404,2.10056911067577,NA,NA,0.340803141456685,-0.0708487342718768
1.73027514037732,3.1638000465296,-2.11441843246379,-0.133792652950588,NA,-0.0842508597749027,0.691736312595735,0.42384396978506
NA,2.8401637760221,NA,0.405536048614395,-0.102706513723067,-0.0842508597749027,NA,1.41322937789893
-0.582957395392791,NA,NA,-0.67312135451557,NA,NA,-0.0101300296823641,-0.169787275083264
0.139927772035368,0.0892554767083833,0.113995392990059,-1.0583561413477,-0.102706513723067,-0.0842508597749027,0.165336555887161,NA
-0.438380361907159,-0.962562402440979,-0.237859421555286,0.482583005980821,NA,12.8558632321378,0.51626972702621,-0.565541438328814
0.645947389235078,NA,-0.120574483373504,1.79238128121007,-0.102706513723067,-0.0842508597749027,-2.46666222765571,0.42384396978506
0.139927772035368,NA,0.700420083898967,-0.750168311881996,-0.102706513723067,-0.0842508597749027,0.867202898165259,-0.565541438328814
0.429081839006631,-0.558017064306609,0.465850207535404,-0.750168311881996,-0.102706513723067,-0.0842508597749027,NA,-0.565541438328814
NA,0.493800814842754,-0.237859421555286,-0.904262226614848,-0.102706513723067,-0.0842508597749027,-0.536529786390938,-0.565541438328814
NA,-1.04347147006785,NA,-0.904262226614848,-0.102706513723067,-0.0842508597749027,NA,0.324905428973673
-1.23355404607813,-0.881653334814105,0.231280331171841,-1.28949701344698,-0.102706513723067,NA,-0.536529786390938,0.0280898065395108
NA,1.78834589687274,-0.00328954519172247,0.174395176515117,-0.102706513723067,-0.0842508597749027,-0.0101300296823641,-0.0708487342718768
-0.366091845164344,NA,0.348565269353622,1.79238128121007,-0.102706513723067,NA,-0.185596615251889,0.324905428973673
-1.30584256282095,-0.234380793799113,0.583135145717186,-1.0583561413477,-0.102706513723067,NA,0.340803141456685,-0.565541438328814
-0.582957395392791,NA,1.05227489844431,0.328489091247969,-0.102706513723067,-0.0842508597749027,-0.536529786390938,-0.0708487342718768
-0.872111462364055,0.979255220603997,0.231280331171841,-0.904262226614848,NA,-0.0842508597749027,0.51626972702621,-0.565541438328814
-0.510668878649975,-1.44801680820222,0.700420083898967,NA,-0.102706513723067,NA,NA,-0.0708487342718768
0.212216288778184,NA,0.465850207535404,0.867817792812952,-0.102706513723067,NA,0.165336555887161,0.225966888162285
-0.221514811678712,0.898346152977123,-0.00328954519172247,-0.210839610317013,-0.102706513723067,NA,-0.185596615251889,-0.565541438328814
0.212216288778184,-0.0725626585453648,-0.355144359737067,-0.364933525049866,-0.102706513723067,-0.0842508597749027,0.51626972702621,NA
1.44112107340605,2.75925470839523,NA,0.174395176515117,NA,-0.0842508597749027,1.39360265487383,NA
-0.582957395392791,-0.315289861425987,NA,-0.67312135451557,-0.102706513723067,-0.0842508597749027,0.165336555887161,1.41322937789893
1.94714069060576,NA,-1.52799374155488,-1.0583561413477,-0.102706513723067,-0.0842508597749027,-0.185596615251889,-0.169787275083264
NA,-1.5289258758291,0.700420083898967,0.559629963347248,-0.102706513723067,-0.0842508597749027,NA,0.522782510596448
0.645947389235078,-0.0725626585453648,-0.58971423610063,-0.28788656768344,-0.102706513723067,-0.0842508597749027,-0.887462957529986,0.324905428973673
-1.16126552933532,-1.12438053769473,0.465850207535404,NA,NA,-0.0842508597749027,NA,-0.664479979140202
-0.00464926145026423,-0.315289861425987,-0.120574483373504,0.097348219148691,-0.102706513723067,-0.0842508597749027,1.74453582601288,-0.565541438328814
NA,2.03107309975336,-0.706999174282412,-1.0583561413477,-0.102706513723067,-0.0842508597749027,NA,-0.565541438328814
0.573658872492262,0.0892554767083833,0.700420083898967,-0.750168311881996,-0.102706513723067,NA,-2.81759539879476,-0.565541438328814
-0.727534428878423,-0.0725626585453648,NA,-0.210839610317013,-0.102706513723067,NA,-1.06292954309951,-0.169787275083264
-0.221514811678712,-0.234380793799113,0.934989960262529,-0.750168311881996,-0.102706513723067,-0.0842508597749027,-0.185596615251889,0.0280898065395108
0.356793322263815,1.06016428823087,NA,NA,NA,-0.0842508597749027,-0.887462957529986,-0.0708487342718768
-0.293803328421528,-0.558017064306609,-0.120574483373504,4.10379000220285,-0.102706513723067,-0.0842508597749027,-0.185596615251889,3.49093873493807
1.36883255666324,-0.153471726172239,-1.4107088033731,NA,-0.102706513723067,-0.0842508597749027,0.867202898165259,-0.565541438328814
-0.944399979106871,NA,-0.120574483373504,-1.0583561413477,NA,-0.0842508597749027,-0.536529786390938,0.324905428973673
0.0676392552925517,0.817437085350249,0.113995392990059,NA,-0.102706513723067,-0.0842508597749027,0.691736312595735,-0.565541438328814
-0.0769377781930802,NA,-1.52799374155488,-0.441980482416292,NA,-0.0842508597749027,0.51626972702621,NA
-0.655245912135607,-2.09528934921722,0.465850207535404,0.0203012617822648,-0.102706513723067,-0.0842508597749027,-1.58932929980809,-0.565541438328814
-0.799822945621239,NA,-1.99713349428201,NA,-0.102706513723067,-0.0842508597749027,-0.536529786390938,-0.565541438328814
NA,0.170164544335257,-0.472429297918848,-0.441980482416292,-0.102706513723067,12.8558632321378,0.340803141456685,NA
NA,-1.12438053769473,1.63869958935322,0.867817792812952,-0.102706513723067,-0.0842508597749027,NA,NA
0.212216288778184,0.170164544335257,NA,0.713723878080099,-0.102706513723067,-0.0842508597749027,-0.0101300296823641,-0.565541438328814
NA,-0.315289861425987,-0.00328954519172247,-0.364933525049866,NA,-0.0842508597749027,-0.185596615251889,0.621721051407836
-1.23355404607813,-0.0725626585453648,-0.472429297918848,-0.28788656768344,-0.102706513723067,-0.0842508597749027,0.51626972702621,0.522782510596448
0.718235905977894,0.574709882469627,1.52141465117144,-0.28788656768344,-0.102706513723067,-0.0842508597749027,-0.0101300296823641,2.10579916357865
NA,0.331982679589006,NA,-0.904262226614848,-0.102706513723067,-0.0842508597749027,-0.361063200821413,-0.565541438328814
2.16400624083421,3.08289097890272,-1.64527867973666,1.0219117075458,NA,-0.0842508597749027,1.04266948373478,NA
0.645947389235078,0.817437085350249,NA,NA,NA,-0.0842508597749027,0.51626972702621,0.324905428973673
-0.0769377781930802,-0.477107996679735,0.113995392990059,-0.596074397149144,-0.102706513723067,-0.0842508597749027,0.340803141456685,-0.0708487342718768
2.81460289151955,2.59743657314148,NA,1.79238128121007,-0.102706513723067,-0.0842508597749027,0.867202898165259,-0.565541438328814
-1.66728514653503,0.0892554767083833,-0.355144359737067,0.713723878080099,-0.102706513723067,-0.0842508597749027,NA,0.0280898065395108
0.718235905977894,NA,0.231280331171841,-0.827215269248422,-0.102706513723067,-0.0842508597749027,0.867202898165259,-0.169787275083264
NA,-0.962562402440979,0.348565269353622,NA,-0.102706513723067,-0.0842508597749027,0.340803141456685,-0.0708487342718768
1.73027514037732,1.70743682924586,0.231280331171841,0.328489091247969,-0.102706513723067,-0.0842508597749027,-4.04586149778143,-0.565541438328814
-0.727534428878423,NA,-0.120574483373504,1.63828736647721,-0.102706513723067,NA,-0.185596615251889,-0.0708487342718768
-1.30584256282095,-0.396198929052861,NA,-0.904262226614848,-0.102706513723067,NA,-0.887462957529986,-0.565541438328814
-0.366091845164344,0.00834640908150925,NA,NA,NA,-0.0842508597749027,0.340803141456685,0.0280898065395108
-0.582957395392791,-0.396198929052861,2.92883390935282,-0.364933525049866,-0.102706513723067,-0.0842508597749027,-0.361063200821413,-0.565541438328814
-0.655245912135607,0.817437085350249,0.348565269353622,0.251442133881543,-0.102706513723067,-0.0842508597749027,-0.536529786390938,1.51216791871032
0.212216288778184,-0.477107996679735,0.113995392990059,0.559629963347248,-0.102706513723067,-0.0842508597749027,NA,-0.565541438328814
-1.23355404607813,0.41289174721588,0.113995392990059,1.33009953701151,-0.102706513723067,-0.0842508597749027,0.165336555887161,-0.565541438328814
0.862812939463526,NA,NA,1.63828736647721,NA,-0.0842508597749027,-0.711996371960462,-0.565541438328814
-0.293803328421528,-0.638926131933483,NA,-0.364933525049866,NA,-0.0842508597749027,NA,-0.565541438328814
-0.366091845164344,-0.315289861425987,NA,-0.441980482416292,-0.102706513723067,-0.0842508597749027,2.09546899715193,NA
0.429081839006631,0.170164544335257,-0.237859421555286,-0.67312135451557,NA,-0.0842508597749027,NA,-0.565541438328814
-0.0769377781930802,1.70743682924586,NA,-0.981309183981274,-0.102706513723067,-0.0842508597749027,NA,NA
NA,NA,1.16955983662609,0.174395176515117,-0.102706513723067,-0.0842508597749027,NA,1.7100450003331
-1.59499662979221,-1.12438053769473,0.583135145717186,-0.827215269248422,-0.102706513723067,-0.0842508597749027,1.21813606930431,-0.565541438328814
NA,1.22198242348462,NA,NA,-0.102706513723067,-0.0842508597749027,NA,-0.169787275083264
-0.727534428878423,-0.396198929052861,0.700420083898967,-0.441980482416292,-0.102706513723067,-0.0842508597749027,-0.887462957529986,-0.565541438328814
0.0676392552925517,-0.881653334814105,0.700420083898967,-0.0567456955841613,NA,NA,0.165336555887161,0.522782510596448
0.935101456206342,1.38380055873837,0.817705022080748,-0.133792652950588,-0.102706513723067,NA,-0.185596615251889,-0.565541438328814
NA,-0.396198929052861,0.817705022080748,-0.133792652950588,-0.102706513723067,-0.0842508597749027,-0.536529786390938,1.01747521465339
-0.366091845164344,NA,-0.472429297918848,0.251442133881543,-0.102706513723067,-0.0842508597749027,-1.41386271423856,-0.565541438328814
-0.727534428878423,-0.396198929052861,0.817705022080748,-0.596074397149144,-0.102706513723067,-0.0842508597749027,NA,-0.169787275083264
NA,NA,NA,0.174395176515117,-0.102706513723067,-0.0842508597749027,-0.711996371960462,0.324905428973673
-0.149226294935896,0.00834640908150925,NA,0.251442133881543,NA,-0.0842508597749027,-0.711996371960462,NA
0.0676392552925517,NA,-2.34898830882735,NA,-0.102706513723067,NA,0.51626972702621,-0.0708487342718768
-0.438380361907159,NA,-0.00328954519172247,-0.364933525049866,-0.102706513723067,-0.0842508597749027,0.691736312595735,-0.0708487342718768
-0.221514811678712,-0.881653334814105,-0.00328954519172247,NA,-0.102706513723067,NA,-0.185596615251889,1.21535229627616
NA,-0.396198929052861,NA,-0.364933525049866,-0.102706513723067,-0.0842508597749027,NA,-0.565541438328814
-0.872111462364055,0.00834640908150925,0.231280331171841,1.40714649437793,-0.102706513723067,-0.0842508597749027,0.691736312595735,-1.65386538725408
-0.293803328421528,0.979255220603997,-0.472429297918848,2.1776160680422,NA,-0.0842508597749027,0.165336555887161,-0.0708487342718768
-0.00464926145026423,-0.234380793799113,-0.58971423610063,-0.904262226614848,NA,-0.0842508597749027,0.51626972702621,NA
1.73027514037732,NA,-0.00328954519172247,0.174395176515117,-0.102706513723067,-0.0842508597749027,-0.185596615251889,-0.0708487342718768
-0.293803328421528,-0.0725626585453648,0.934989960262529,-0.210839610317013,-0.102706513723067,-0.0842508597749027,NA,-0.565541438328814
-0.872111462364055,-0.800744267187231,NA,-0.0567456955841613,-0.102706513723067,-0.0842508597749027,-1.06292954309951,-0.565541438328814
-0.799822945621239,1.70743682924586,NA,-0.904262226614848,NA,-0.0842508597749027,-0.0101300296823641,NA
0.718235905977894,0.574709882469627,NA,2.02352215330934,-0.102706513723067,-0.0842508597749027,-0.536529786390938,0.0280898065395108
2.59773734129111,3.40652724941022,-0.00328954519172247,0.867817792812952,NA,-0.0842508597749027,0.51626972702621,0.42384396978506
0.645947389235078,0.493800814842754,-0.00328954519172247,1.71533432384364,-0.102706513723067,-0.0842508597749027,-0.711996371960462,-0.565541438328814
-0.366091845164344,-0.234380793799113,0.348565269353622,-0.827215269248422,-0.102706513723067,NA,0.340803141456685,-0.0708487342718768
2.01942920734858,1.62652776161899,-2.11441843246379,-0.210839610317013,NA,-0.0842508597749027,0.51626972702621,-0.565541438328814
-0.0769377781930802,NA,0.348565269353622,-0.750168311881996,-0.102706513723067,-0.0842508597749027,-0.185596615251889,0.324905428973673
-0.438380361907159,0.251073611962132,NA,-0.210839610317013,-0.102706513723067,NA,0.165336555887161,-0.565541438328814
1.07967848969197,0.331982679589006,0.465850207535404,-0.981309183981274,-0.102706513723067,NA,0.51626972702621,NA
1.15196700643479,0.331982679589006,0.348565269353622,-0.67312135451557,-0.102706513723067,-0.0842508597749027,0.691736312595735,-0.565541438328814
1.15196700643479,NA,NA,NA,-0.102706513723067,-0.0842508597749027,NA,0.81959813303061
-0.0769377781930802,-0.0725626585453648,NA,-0.441980482416292,-0.102706513723067,-0.0842508597749027,-0.361063200821413,-0.169787275083264
0.645947389235078,NA,-0.824284112464193,1.40714649437793,NA,NA,-0.0101300296823641,-0.565541438328814
0.79052442272071,-0.962562402440979,0.817705022080748,0.790770835446526,-0.102706513723067,NA,NA,-0.664479979140202
-1.59499662979221,-0.719835199560357,NA,-0.596074397149144,-0.102706513723067,-0.0842508597749027,-0.536529786390938,1.11641375546477
-0.221514811678712,-0.315289861425987,0.583135145717186,NA,-0.102706513723067,NA,-1.06292954309951,1.80898354114449
NA,NA,-1.17613892700954,-0.750168311881996,-0.102706513723067,-0.0842508597749027,2.27093558272145,-0.565541438328814
2.0917177240914,NA,-1.76256361791845,NA,-0.102706513723067,-0.0842508597749027,1.74453582601288,0.0280898065395108
-0.293803328421528,NA,NA,NA,-0.102706513723067,-0.0842508597749027,0.340803141456685,-0.0708487342718768
0.212216288778184,1.46470962636524,-0.941569050645975,NA,-0.102706513723067,NA,0.51626972702621,-0.565541438328814
-0.221514811678712,-0.0725626585453648,1.16955983662609,-0.827215269248422,NA,-0.0842508597749027,-2.11572905651666,-0.565541438328814
0.573658872492262,-0.153471726172239,0.700420083898967,-1.21245005608055,-0.102706513723067,NA,-0.711996371960462,-0.268725815894652
NA,-0.800744267187231,0.348565269353622,-0.596074397149144,-0.102706513723067,-0.0842508597749027,-1.41386271423856,NA
0.645947389235078,1.22198242348462,0.231280331171841,0.328489091247969,-0.102706513723067,-0.0842508597749027,-0.711996371960462,0.324905428973673
2.01942920734858,1.95016403212649,NA,NA,-0.102706513723067,-0.0842508597749027,NA,-0.565541438328814
NA,-0.719835199560357,NA,2.71694476960718,-0.102706513723067,-0.0842508597749027,0.51626972702621,-0.565541438328814
-0.293803328421528,-0.315289861425987,0.700420083898967,-1.0583561413477,-0.102706513723067,-0.0842508597749027,0.867202898165259,-0.565541438328814
2.45316030780547,1.06016428823087,NA,-0.210839610317013,-0.102706513723067,-0.0842508597749027,NA,NA
2.23629475757703,0.979255220603997,-0.824284112464193,NA,-0.102706513723067,-0.0842508597749027,0.51626972702621,NA
-0.366091845164344,1.30289149111149,-1.29342386519132,NA,-0.102706513723067,-0.0842508597749027,0.691736312595735,NA
-0.149226294935896,-0.558017064306609,-0.58971423610063,-0.67312135451557,-0.102706513723067,-0.0842508597749027,-0.361063200821413,0.918536673841998
0.429081839006631,-0.396198929052861,1.05227489844431,-0.904262226614848,NA,-0.0842508597749027,0.165336555887161,-0.169787275083264
0.0676392552925517,-1.28619867294847,-0.00328954519172247,-0.519027439782718,NA,-0.0842508597749027,-0.0101300296823641,NA
-0.510668878649975,-0.638926131933483,0.465850207535404,NA,-0.102706513723067,-0.0842508597749027,1.21813606930431,0.522782510596448
0.429081839006631,0.170164544335257,NA,-0.67312135451557,-0.102706513723067,-0.0842508597749027,-0.185596615251889,4.48032414305195
-0.510668878649975,-1.36710774057535,0.465850207535404,0.867817792812952,NA,NA,NA,-1.15917268319714
-0.293803328421528,-1.2052896053216,0.348565269353622,-0.750168311881996,-0.102706513723067,-0.0842508597749027,NA,0.127028347350898
NA,-0.881653334814105,-1.29342386519132,1.63828736647721,-0.102706513723067,-0.0842508597749027,-0.0101300296823641,5.46970955116582
-1.01668849584969,NA,-0.472429297918848,-0.750168311881996,NA,NA,0.51626972702621,0.0280898065395108
0.212216288778184,NA,-0.824284112464193,-1.21245005608055,-0.102706513723067,-0.0842508597749027,1.21813606930431,0.42384396978506
-0.944399979106871,0.979255220603997,-1.87984855610023,-0.0567456955841613,NA,-0.0842508597749027,0.165336555887161,-0.565541438328814
-0.293803328421528,NA,NA,-0.596074397149144,-0.102706513723067,-0.0842508597749027,-0.185596615251889,-0.565541438328814
-0.582957395392791,-0.477107996679735,-0.237859421555286,2.1776160680422,-0.102706513723067,-0.0842508597749027,-0.361063200821413,-0.565541438328814
-0.438380361907159,0.170164544335257,-1.05885398882776,-0.210839610317013,-0.102706513723067,-0.0842508597749027,0.165336555887161,-0.565541438328814
NA,-0.881653334814105,1.16955983662609,-0.827215269248422,-0.102706513723067,-0.0842508597749027,1.39360265487383,0.225966888162285
0.139927772035368,0.493800814842754,NA,2.10056911067577,-0.102706513723067,-0.0842508597749027,-0.887462957529986,-0.565541438328814
1.58569810689168,0.493800814842754,-1.17613892700954,0.0203012617822648,-0.102706513723067,NA,0.165336555887161,-0.169787275083264
1.07967848969197,1.30289149111149,-1.52799374155488,-1.0583561413477,-0.102706513723067,NA,NA,-0.0708487342718768
0.429081839006631,NA,-2.11441843246379,1.79238128121007,NA,-0.0842508597749027,-0.361063200821413,-0.565541438328814
-0.366091845164344,NA,-0.120574483373504,-0.67312135451557,-0.102706513723067,-0.0842508597749027,0.340803141456685,-0.565541438328814
-1.37813107956377,-0.477107996679735,0.348565269353622,NA,-0.102706513723067,-0.0842508597749027,0.165336555887161,0.42384396978506
0.139927772035368,-0.315289861425987,-1.87984855610023,NA,-0.102706513723067,-0.0842508597749027,0.165336555887161,-0.268725815894652
0.0676392552925517,0.41289174721588,0.700420083898967,-0.596074397149144,-0.102706513723067,-0.0842508597749027,-0.0101300296823641,NA
-1.23355404607813,-1.77165307870972,0.231280331171841,NA,-0.102706513723067,NA,0.165336555887161,NA
0.139927772035368,0.00834640908150925,1.16955983662609,-0.441980482416292,-0.102706513723067,-0.0842508597749027,0.340803141456685,-0.565541438328814
0.718235905977894,-0.800744267187231,1.05227489844431,-0.596074397149144,-0.102706513723067,-0.0842508597749027,-0.361063200821413,NA
NA,NA,-1.17613892700954,-1.0583561413477,-0.102706513723067,-0.0842508597749027,NA,0.127028347350898
NA,0.170164544335257,1.28684477480787,0.559629963347248,-0.102706513723067,-0.0842508597749027,-2.11572905651666,-1.65386538725408
NA,0.170164544335257,0.583135145717186,-0.519027439782718,-0.102706513723067,-0.0842508597749027,0.691736312595735,-0.565541438328814
NA,0.170164544335257,-0.00328954519172247,NA,-0.102706513723067,-0.0842508597749027,-1.58932929980809,-0.565541438328814
-1.45041959630658,1.46470962636524,-1.05885398882776,-0.67312135451557,-0.102706513723067,-0.0842508597749027,0.165336555887161,-0.565541438328814
0.429081839006631,-0.0725626585453648,NA,-0.981309183981274,-0.102706513723067,-0.0842508597749027,0.340803141456685,-0.565541438328814
-0.00464926145026423,1.14107335585775,0.817705022080748,-0.827215269248422,-0.102706513723067,NA,-0.536529786390938,-0.565541438328814
-0.727534428878423,-0.396198929052861,NA,0.251442133881543,-0.102706513723067,NA,-1.06292954309951,-0.565541438328814
-0.799822945621239,-0.881653334814105,1.05227489844431,-0.0567456955841613,-0.102706513723067,-0.0842508597749027,-0.887462957529986,NA
NA,NA,-0.237859421555286,1.56124040911079,-0.102706513723067,-0.0842508597749027,-0.185596615251889,-0.565541438328814
NA,1.22198242348462,NA,-0.67312135451557,-0.102706513723067,-0.0842508597749027,-0.536529786390938,3.78775435737223
-0.221514811678712,-0.881653334814105,0.583135145717186,-0.133792652950588,-0.102706513723067,NA,-0.536529786390938,-0.565541438328814
-1.59499662979221,-1.85256214633659,-0.00328954519172247,-0.904262226614848,-0.102706513723067,-0.0842508597749027,NA,0.0280898065395108
NA,0.170164544335257,-0.237859421555286,NA,NA,-0.0842508597749027,0.165336555887161,-0.565541438328814
0.645947389235078,0.574709882469627,-0.824284112464193,0.0203012617822648,-0.102706513723067,-0.0842508597749027,0.165336555887161,-0.565541438328814
-0.0769377781930802,-0.153471726172239,-0.472429297918848,2.87103868434003,-0.102706513723067,-0.0842508597749027,0.340803141456685,-0.565541438328814
NA,0.0892554767083833,0.231280331171841,-1.28949701344698,-0.102706513723067,-0.0842508597749027,-0.361063200821413,NA
-0.438380361907159,-1.28619867294847,1.28684477480787,-0.981309183981274,-0.102706513723067,-0.0842508597749027,-0.185596615251889,-0.169787275083264
-0.510668878649975,0.574709882469627,NA,-0.750168311881996,-0.102706513723067,-0.0842508597749027,NA,-0.565541438328814
-0.149226294935896,-0.396198929052861,1.05227489844431,0.713723878080099,-0.102706513723067,NA,0.867202898165259,0.225966888162285
NA,-0.800744267187231,0.465850207535404,-0.750168311881996,NA,NA,-1.23839612866904,-0.565541438328814
-0.0769377781930802,-1.5289258758291,NA,-0.981309183981274,-0.102706513723067,-0.0842508597749027,0.340803141456685,-0.565541438328814
-0.655245912135607,-0.396198929052861,0.348565269353622,-0.67312135451557,-0.102706513723067,-0.0842508597749027,0.165336555887161,NA
-0.510668878649975,-0.153471726172239,-1.64527867973666,NA,-0.102706513723067,-0.0842508597749027,0.340803141456685,-0.565541438328814
-0.00464926145026423,-0.638926131933483,0.817705022080748,1.79238128121007,-0.102706513723067,-0.0842508597749027,-0.361063200821413,-0.0708487342718768
-0.293803328421528,0.251073611962132,NA,-0.827215269248422,-0.102706513723067,-0.0842508597749027,1.39360265487383,NA
-0.727534428878423,-0.638926131933483,2.45969415662569,-0.364933525049866,-0.102706513723067,-0.0842508597749027,0.691736312595735,NA
-1.45041959630658,0.00834640908150925,-1.87984855610023,0.0203012617822648,-0.102706513723067,-0.0842508597749027,0.165336555887161,-0.565541438328814
0.862812939463526,0.655618950096501,NA,-0.827215269248422,NA,NA,0.340803141456685,NA
-0.655245912135607,-2.01438028159034,1.05227489844431,NA,NA,-0.0842508597749027,1.74453582601288,4.0845699798064
-0.149226294935896,-2.66165282260533,NA,0.559629963347248,-0.102706513723067,-0.0842508597749027,-1.06292954309951,0.81959813303061
0.0676392552925517,0.736528017723375,0.583135145717186,NA,-0.102706513723067,-0.0842508597749027,0.340803141456685,-0.565541438328814
-0.366091845164344,0.00834640908150925,NA,0.251442133881543,-0.102706513723067,-0.0842508597749027,-1.06292954309951,-1.65386538725408
1.00738997294916,0.170164544335257,NA,NA,-0.102706513723067,-0.0842508597749027,0.165336555887161,NA
NA,-0.719835199560357,0.934989960262529,NA,-0.102706513723067,-0.0842508597749027,0.51626972702621,3.58987727574946
-1.45041959630658,-1.04347147006785,-1.17613892700954,1.48419345174436,-0.102706513723067,-0.0842508597749027,-0.361063200821413,1.31429083708755
-0.655245912135607,-0.0725626585453648,-0.355144359737067,-1.28949701344698,-0.102706513723067,-0.0842508597749027,-0.185596615251889,-0.565541438328814
0.212216288778184,0.574709882469627,1.16955983662609,0.790770835446526,-0.102706513723067,-0.0842508597749027,-0.0101300296823641,-0.565541438328814
NA,NA,NA,0.482583005980821,-0.102706513723067,-0.0842508597749027,0.691736312595735,NA
NA,0.655618950096501,0.934989960262529,0.713723878080099,-0.102706513723067,-0.0842508597749027,NA,-0.565541438328814
-0.149226294935896,-0.719835199560357,0.465850207535404,NA,-0.102706513723067,-0.0842508597749027,NA,-0.565541438328814
-1.5227081130494,-1.44801680820222,0.934989960262529,-0.827215269248422,-0.102706513723067,-0.0842508597749027,NA,0.225966888162285
NA,-0.558017064306609,1.63869958935322,NA,-0.102706513723067,-0.0842508597749027,0.340803141456685,2.40261478601281
NA,-1.5289258758291,0.465850207535404,-0.596074397149144,-0.102706513723067,NA,0.340803141456685,NA
NA,-1.60983494345597,0.934989960262529,NA,NA,-0.0842508597749027,-0.361063200821413,-0.0708487342718768
1.36883255666324,1.62652776161899,0.231280331171841,NA,-0.102706513723067,-0.0842508597749027,-0.711996371960462,-0.565541438328814
-0.438380361907159,NA,0.583135145717186,-0.596074397149144,-0.102706513723067,-0.0842508597749027,0.340803141456685,-0.565541438328814
-0.438380361907159,0.41289174721588,NA,-0.750168311881996,-0.102706513723067,NA,NA,-0.565541438328814
1.80256365712013,1.86925496449961,NA,0.559629963347248,-0.102706513723067,-0.0842508597749027,-0.185596615251889,NA
NA,0.0892554767083833,0.934989960262529,-0.827215269248422,-0.102706513723067,-0.0842508597749027,-0.887462957529986,NA
1.44112107340605,0.251073611962132,NA,-0.28788656768344,NA,-0.0842508597749027,NA,0.0280898065395108
0.139927772035368,-0.234380793799113,0.934989960262529,-0.596074397149144,-0.102706513723067,-0.0842508597749027,-2.81759539879476,-1.65386538725408
-1.66728514653503,NA,NA,NA,-0.102706513723067,NA,0.340803141456685,-0.565541438328814
NA,0.251073611962132,-0.58971423610063,-0.904262226614848,-0.102706513723067,-0.0842508597749027,0.340803141456685,3.78775435737223
-0.655245912135607,-0.638926131933483,-3.16998287609982,-0.750168311881996,-0.102706513723067,-0.0842508597749027,-1.76479588537761,-0.565541438328814
-0.655245912135607,-1.2052896053216,1.16955983662609,-0.28788656768344,-0.102706513723067,NA,1.04266948373478,5.07395538792027
-0.0769377781930802,0.817437085350249,NA,2.33170998277505,-0.102706513723067,-0.0842508597749027,-2.46666222765571,-0.565541438328814
0.501370355749447,0.574709882469627,NA,NA,-0.102706513723067,-0.0842508597749027,0.340803141456685,NA
NA,0.00834640908150925,NA,-0.28788656768344,NA,-0.0842508597749027,NA,NA
NA,-0.315289861425987,0.934989960262529,-0.750168311881996,-0.102706513723067,NA,NA,-0.565541438328814
-0.872111462364055,NA,NA,1.40714649437793,-0.102706513723067,NA,0.691736312595735,NA
1.29654403992042,1.46470962636524,-0.120574483373504,-0.827215269248422,NA,-0.0842508597749027,NA,NA
1.73027514037732,2.03107309975336,NA,1.40714649437793,NA,NA,0.340803141456685,-0.565541438328814
-1.30584256282095,-0.477107996679735,0.465850207535404,-0.364933525049866,-0.102706513723067,-0.0842508597749027,-1.76479588537761,-0.862357060762977
-0.00464926145026423,-0.0725626585453648,0.231280331171841,-0.441980482416292,NA,-0.0842508597749027,-1.23839612866904,NA
-0.655245912135607,-0.234380793799113,0.934989960262529,2.7939917269736,-0.102706513723067,-0.0842508597749027,-0.0101300296823641,-0.565541438328814
0.0676392552925517,-0.558017064306609,-0.355144359737067,-0.519027439782718,-0.102706513723067,NA,0.340803141456685,NA
-1.01668849584969,1.46470962636524,-1.4107088033731,-1.3665439708134,-0.102706513723067,-0.0842508597749027,0.51626972702621,-0.268725815894652
0.501370355749447,NA,-0.237859421555286,-0.67312135451557,-0.102706513723067,NA,NA,-0.169787275083264
0.356793322263815,0.736528017723375,0.348565269353622,-0.827215269248422,-0.102706513723067,-0.0842508597749027,-0.185596615251889,-0.565541438328814
3.031468441748,0.898346152977123,-1.17613892700954,-0.28788656768344,NA,-0.0842508597749027,0.691736312595735,-0.565541438328814
-1.01668849584969,-0.0725626585453648,NA,-0.28788656768344,NA,-0.0842508597749027,0.340803141456685,0.324905428973673
NA,-0.800744267187231,0.700420083898967,NA,-0.102706513723067,NA,NA,-0.565541438328814
-0.366091845164344,-0.396198929052861,0.113995392990059,0.328489091247969,NA,-0.0842508597749027,-0.361063200821413,1.61110645952171
NA,0.00834640908150925,-1.29342386519132,-0.210839610317013,-0.102706513723067,-0.0842508597749027,-0.0101300296823641,-0.565541438328814
NA,0.00834640908150925,-0.941569050645975,1.33009953701151,-0.102706513723067,NA,-0.0101300296823641,0.81959813303061
NA,1.86925496449961,-2.7008431233727,0.174395176515117,-0.102706513723067,-0.0842508597749027,1.04266948373478,-0.565541438328814
NA,1.38380055873837,0.700420083898967,-0.827215269248422,-0.102706513723067,-0.0842508597749027,1.21813606930431,NA
-0.149226294935896,-0.0725626585453648,-0.120574483373504,NA,-0.102706513723067,-0.0842508597749027,-1.94026247094713,NA
NA,0.251073611962132,0.348565269353622,NA,NA,-0.0842508597749027,0.51626972702621,NA
0.573658872492262,-0.477107996679735,-0.58971423610063,0.482583005980821,-0.102706513723067,-0.0842508597749027,0.340803141456685,0.918536673841998
-0.00464926145026423,NA,1.63869958935322,NA,-0.102706513723067,-0.0842508597749027,-0.185596615251889,-0.565541438328814
NA,-1.44801680820222,-0.00328954519172247,NA,-0.102706513723067,-0.0842508597749027,-0.0101300296823641,NA
1.15196700643479,0.979255220603997,-0.120574483373504,NA,-0.102706513723067,-0.0842508597749027,-0.185596615251889,NA
-0.00464926145026423,-0.396198929052861,NA,-0.364933525049866,NA,-0.0842508597749027,NA,-0.565541438328814
-1.23355404607813,NA,-0.00328954519172247,NA,NA,NA,-0.711996371960462,3.2930616533153
0.356793322263815,0.00834640908150925,NA,0.405536048614395,-0.102706513723067,NA,NA,-0.0708487342718768
-0.0769377781930802,0.170164544335257,0.348565269353622,NA,-0.102706513723067,-0.0842508597749027,0.165336555887161,-0.565541438328814
-0.510668878649975,-0.396198929052861,0.465850207535404,-0.904262226614848,-0.102706513723067,-0.0842508597749027,-0.0101300296823641,0.324905428973673
-1.01668849584969,-2.09528934921722,NA,-0.750168311881996,-0.102706513723067,-0.0842508597749027,NA,NA
-0.0769377781930802,-0.153471726172239,0.231280331171841,-0.133792652950588,-0.102706513723067,-0.0842508597749027,-0.0101300296823641,-0.565541438328814
0.0676392552925517,1.22198242348462,NA,-0.519027439782718,-0.102706513723067,NA,-0.185596615251889,-0.565541438328814
0.501370355749447,-0.234380793799113,1.16955983662609,-0.596074397149144,-0.102706513723067,-0.0842508597749027,NA,-0.565541438328814
NA,-0.800744267187231,1.16955983662609,-1.0583561413477,-0.102706513723067,-0.0842508597749027,0.867202898165259,-0.565541438328814
-0.655245912135607,-1.60983494345597,-0.120574483373504,0.174395176515117,-0.102706513723067,-0.0842508597749027,NA,NA
-0.510668878649975,NA,NA,1.79238128121007,-0.102706513723067,-0.0842508597749027,-0.361063200821413,-0.565541438328814
NA,-0.881653334814105,0.231280331171841,-1.0583561413477,-0.102706513723067,NA,-2.11572905651666,0.720659592219223
-0.872111462364055,0.331982679589006,0.465850207535404,1.17600562227866,-0.102706513723067,-0.0842508597749027,0.165336555887161,-0.565541438328814
0.139927772035368,-0.0725626585453648,1.05227489844431,-0.364933525049866,-0.102706513723067,NA,-0.536529786390938,-0.565541438328814
0.0676392552925517,-0.800744267187231,0.700420083898967,-0.67312135451557,-0.102706513723067,7.71099859318456,-0.185596615251889,-0.565541438328814
0.573658872492262,-0.719835199560357,0.113995392990059,0.0203012617822648,NA,NA,0.165336555887161,0.918536673841998
NA,0.00834640908150925,1.87326946571678,0.790770835446526,-0.102706513723067,NA,-0.185596615251889,-0.565541438328814
0.284504805521,-0.0725626585453648,-0.120574483373504,-0.441980482416292,-0.102706513723067,-0.0842508597749027,NA,-0.565541438328814
-0.438380361907159,NA,0.583135145717186,-0.904262226614848,NA,-0.0842508597749027,0.340803141456685,NA
-0.727534428878423,-0.881653334814105,-1.99713349428201,NA,-0.102706513723067,-0.0842508597749027,NA,NA
-1.45041959630658,-1.44801680820222,NA,-0.519027439782718,-0.102706513723067,-0.0842508597749027,-0.361063200821413,NA
0.79052442272071,1.78834589687274,-1.29342386519132,0.559629963347248,-0.102706513723067,-0.0842508597749027,NA,-0.565541438328814
-1.45041959630658,0.00834640908150925,-0.355144359737067,-1.13540309871413,-0.102706513723067,-0.0842508597749027,NA,-0.565541438328814
0.501370355749447,0.898346152977123,-0.58971423610063,0.0203012617822648,-0.102706513723067,-0.0842508597749027,-0.0101300296823641,-0.565541438328814
-0.655245912135607,-0.315289861425987,0.934989960262529,-1.3665439708134,NA,-0.0842508597749027,0.165336555887161,NA
0.645947389235078,-0.396198929052861,0.348565269353622,NA,-0.102706513723067,-0.0842508597749027,NA,-0.0708487342718768
-0.872111462364055,NA,0.583135145717186,1.40714649437793,-0.102706513723067,-0.0842508597749027,-0.536529786390938,2.30367624520142
1.6579866236345,0.736528017723375,-1.76256361791845,-0.827215269248422,-0.102706513723067,-0.0842508597749027,0.691736312595735,-0.565541438328814
0.573658872492262,0.655618950096501,0.934989960262529,1.79238128121007,NA,-0.0842508597749027,NA,-0.169787275083264
-0.366091845164344,0.655618950096501,-0.237859421555286,3.17922651380574,-0.102706513723067,-0.0842508597749027,0.340803141456685,NA
-1.01668849584969,NA,-0.472429297918848,-0.519027439782718,NA,-0.0842508597749027,0.340803141456685,-0.565541438328814
0.139927772035368,NA,1.05227489844431,NA,-0.102706513723067,-0.0842508597749027,-0.0101300296823641,NA
-1.0889770125925,-0.719835199560357,0.348565269353622,0.097348219148691,-0.102706513723067,NA,-0.536529786390938,0.127028347350898
-0.293803328421528,-0.638926131933483,0.113995392990059,-0.750168311881996,-0.102706513723067,-0.0842508597749027,1.04266948373478,-0.565541438328814
0.79052442272071,-1.60983494345597,1.05227489844431,-1.0583561413477,-0.102706513723067,-0.0842508597749027,-0.185596615251889,-0.0708487342718768
0.356793322263815,NA,0.348565269353622,-1.13540309871413,-0.102706513723067,-0.0842508597749027,0.340803141456685,2.00686062276726
-0.582957395392791,NA,1.16955983662609,NA,-0.102706513723067,NA,-0.887462957529986,-0.565541438328814
0.718235905977894,-0.153471726172239,-0.706999174282412,2.02352215330934,-0.102706513723067,-0.0842508597749027,0.691736312595735,NA
1.29654403992042,NA,0.113995392990059,-0.519027439782718,-0.102706513723067,12.8558632321378,0.691736312595735,-0.565541438328814
-0.655245912135607,-0.153471726172239,-1.4107088033731,-0.981309183981274,-0.102706513723067,-0.0842508597749027,0.165336555887161,0.720659592219223
NA,-0.315289861425987,0.817705022080748,NA,-0.102706513723067,-0.0842508597749027,0.867202898165259,NA
-0.944399979106871,-0.638926131933483,0.113995392990059,-1.13540309871413,-0.102706513723067,NA,1.21813606930431,-0.565541438328814
0.429081839006631,-0.0725626585453648,NA,NA,-0.102706513723067,-0.0842508597749027,-0.0101300296823641,0.720659592219223
0.718235905977894,-0.315289861425987,0.113995392990059,NA,-0.102706513723067,-0.0842508597749027,-0.361063200821413,0.324905428973673
NA,0.898346152977123,0.700420083898967,NA,NA,-0.0842508597749027,0.691736312595735,-0.565541438328814
0.284504805521,1.22198242348462,NA,0.636676920713674,-0.102706513723067,-0.0842508597749027,0.340803141456685,-0.565541438328814
0.284504805521,0.170164544335257,1.52141465117144,NA,-0.102706513723067,NA,-0.711996371960462,-0.565541438328814
-0.510668878649975,-1.36710774057535,1.99055440389856,-1.0583561413477,NA,-0.0842508597749027,-0.887462957529986,-0.466602897517427
-0.366091845164344,-0.719835199560357,-0.120574483373504,NA,9.7263068495745,-0.0842508597749027,0.51626972702621,NA
0.139927772035368,0.331982679589006,NA,-0.364933525049866,NA,-0.0842508597749027,-0.361063200821413,0.225966888162285
2.30858327431984,1.06016428823087,-0.355144359737067,-0.596074397149144,-0.102706513723067,-0.0842508597749027,-0.0101300296823641,-0.565541438328814
NA,0.170164544335257,0.348565269353622,2.02352215330934,9.7263068495745,-0.0842508597749027,-0.185596615251889,NA
-1.0889770125925,NA,5.86095736389735,NA,-0.102706513723067,-0.0842508597749027,-6.50239369575477,-2.64325079536795
NA,-0.558017064306609,NA,-0.0567456955841613,-0.102706513723067,-0.0842508597749027,-0.536529786390938,NA
NA,0.817437085350249,-0.355144359737067,-0.981309183981274,NA,NA,0.340803141456685,1.51216791871032
NA,-1.85256214633659,-0.00328954519172247,0.559629963347248,NA,-0.0842508597749027,0.51626972702621,-0.169787275083264
NA,0.0892554767083833,-0.824284112464193,-0.28788656768344,-0.102706513723067,NA,1.21813606930431,-0.565541438328814
-1.0889770125925,-0.477107996679735,0.465850207535404,NA,NA,-0.0842508597749027,NA,-0.169787275083264
3.17604547523363,0.817437085350249,-1.99713349428201,1.79238128121007,-0.102706513723067,NA,0.691736312595735,-0.565541438328814
0.935101456206342,0.898346152977123,-1.05885398882776,-0.28788656768344,-0.102706513723067,-0.0842508597749027,0.165336555887161,NA
NA,-0.396198929052861,-0.941569050645975,-0.67312135451557,-0.102706513723067,-0.0842508597749027,NA,-0.169787275083264
NA,-0.153471726172239,NA,-1.0583561413477,-0.102706513723067,-0.0842508597749027,-0.711996371960462,-0.268725815894652
-0.00464926145026423,0.170164544335257,NA,0.328489091247969,-0.102706513723067,-0.0842508597749027,NA,0.720659592219223
-1.59499662979221,-1.04347147006785,1.28684477480787,-1.28949701344698,-0.102706513723067,-0.0842508597749027,NA,2.69943040844697
-0.727534428878423,NA,-2.11441843246379,-0.750168311881996,NA,NA,0.165336555887161,NA
0.573658872492262,NA,1.16955983662609,-1.0583561413477,-0.102706513723067,-0.0842508597749027,-0.536529786390938,0.522782510596448
-0.366091845164344,-0.962562402440979,1.63869958935322,NA,-0.102706513723067,-0.0842508597749027,0.691736312595735,-0.565541438328814
0.573658872492262,0.493800814842754,-0.58971423610063,-1.0583561413477,-0.102706513723067,-0.0842508597749027,0.165336555887161,-0.565541438328814
-1.95643921350629,NA,0.348565269353622,-0.441980482416292,-0.102706513723067,-0.0842508597749027,-1.06292954309951,-0.565541438328814
0.212216288778184,NA,0.113995392990059,NA,-0.102706513723067,-0.0842508597749027,0.165336555887161,-0.0708487342718768
0.718235905977894,0.736528017723375,-0.355144359737067,1.63828736647721,NA,-0.0842508597749027,0.51626972702621,-0.565541438328814
-0.582957395392791,0.0892554767083833,NA,-1.0583561413477,-0.102706513723067,-0.0842508597749027,0.340803141456685,1.80898354114449
1.22425552317761,NA,-1.87984855610023,1.17600562227866,-0.102706513723067,-0.0842508597749027,1.74453582601288,0.522782510596448
3.031468441748,1.30289149111149,0.231280331171841,-0.210839610317013,NA,-0.0842508597749027,0.51626972702621,-0.565541438328814
-0.221514811678712,0.00834640908150925,NA,NA,NA,-0.0842508597749027,-2.11572905651666,-1.15917268319714
-1.23355404607813,NA,-0.120574483373504,-1.3665439708134,-0.102706513723067,-0.0842508597749027,NA,2.10579916357865
NA,NA,0.465850207535404,-0.827215269248422,-0.102706513723067,-0.0842508597749027,-0.887462957529986,-0.169787275083264
NA,NA,-1.64527867973666,0.251442133881543,NA,-0.0842508597749027,0.165336555887161,-0.565541438328814
0.429081839006631,-0.0725626585453648,NA,-0.28788656768344,NA,-0.0842508597749027,-0.0101300296823641,-0.565541438328814
-0.00464926145026423,0.00834640908150925,NA,-0.750168311881996,-0.102706513723067,NA,-0.185596615251889,NA
2.38087179106266,0.574709882469627,-0.941569050645975,2.40875694014147,-0.102706513723067,NA,-0.0101300296823641,0.42384396978506
-0.221514811678712,NA,NA,-0.519027439782718,-0.102706513723067,NA,1.21813606930431,-0.565541438328814
0.429081839006631,NA,-0.120574483373504,NA,-0.102706513723067,-0.0842508597749027,-0.185596615251889,-0.565541438328814
0.501370355749447,NA,0.231280331171841,0.328489091247969,-0.102706513723067,-0.0842508597749027,NA,-1.65386538725408
0.139927772035368,NA,0.113995392990059,NA,NA,-0.0842508597749027,0.165336555887161,-0.565541438328814
NA,-0.315289861425987,1.16955983662609,NA,-0.102706513723067,-0.0842508597749027,NA,-0.169787275083264
NA,-0.800744267187231,0.700420083898967,-0.827215269248422,-0.102706513723067,NA,0.340803141456685,-0.565541438328814
2.23629475757703,2.11198216738023,-2.11441843246379,0.867817792812952,-0.102706513723067,-0.0842508597749027,0.165336555887161,-0.565541438328814
2.45316030780547,1.30289149111149,-1.64527867973666,4.02674304483642,NA,-0.0842508597749027,-0.185596615251889,2.20473770439003
0.139927772035368,0.331982679589006,-0.355144359737067,1.79238128121007,-0.102706513723067,-0.0842508597749027,0.691736312595735,-0.565541438328814
-0.510668878649975,NA,0.113995392990059,0.636676920713674,-0.102706513723067,-0.0842508597749027,-0.185596615251889,0.0280898065395108
1.00738997294916,NA,0.700420083898967,NA,-0.102706513723067,-0.0842508597749027,-0.711996371960462,-0.565541438328814
0.0676392552925517,-0.881653334814105,0.700420083898967,2.25466302540862,-0.102706513723067,-0.0842508597749027,-0.711996371960462,3.58987727574946
NA,-1.12438053769473,-1.87984855610023,-0.519027439782718,-0.102706513723067,-0.0842508597749027,0.867202898165259,-0.169787275083264
0.284504805521,NA,0.934989960262529,1.09895866491223,-0.102706513723067,-0.0842508597749027,-0.711996371960462,-0.0708487342718768
-0.366091845164344,NA,0.113995392990059,NA,-0.102706513723067,NA,1.56906924044336,-0.565541438328814
0.0676392552925517,NA,0.465850207535404,NA,NA,NA,0.51626972702621,NA
-0.510668878649975,-0.153471726172239,0.348565269353622,-0.596074397149144,-0.102706513723067,NA,-0.711996371960462,-0.565541438328814
NA,NA,NA,0.0203012617822648,NA,NA,NA,-0.169787275083264
NA,-0.477107996679735,-1.76256361791845,-0.750168311881996,-0.102706513723067,-0.0842508597749027,0.867202898165259,NA
NA,1.14107335585775,-0.941569050645975,0.174395176515117,-0.102706513723067,-0.0842508597749027,NA,-0.565541438328814
-0.0769377781930802,-1.5289258758291,NA,0.713723878080099,-0.102706513723067,-0.0842508597749027,0.165336555887161,0.127028347350898
-0.438380361907159,0.251073611962132,0.231280331171841,0.867817792812952,-0.102706513723067,-0.0842508597749027,-0.0101300296823641,-0.565541438328814
-0.366091845164344,-0.719835199560357,-0.00328954519172247,NA,-0.102706513723067,NA,-0.0101300296823641,-0.0708487342718768
NA,-2.25710748447096,3.39797366207994,4.10379000220285,NA,-0.0842508597749027,-4.92319442562905,NA
-0.727534428878423,NA,-0.58971423610063,NA,-0.102706513723067,-0.0842508597749027,0.51626972702621,2.00686062276726
1.36883255666324,NA,NA,NA,-0.102706513723067,-0.0842508597749027,0.691736312595735,-0.565541438328814
0.501370355749447,-0.638926131933483,1.52141465117144,-0.28788656768344,-0.102706513723067,-0.0842508597749027,3.14826851056908,0.42384396978506
NA,NA,1.05227489844431,-0.596074397149144,-0.102706513723067,-0.0842508597749027,NA,1.7100450003331
-0.944399979106871,0.41289174721588,0.231280331171841,NA,-0.102706513723067,-0.0842508597749027,-1.41386271423856,5.17289392873166
0.284504805521,0.574709882469627,0.583135145717186,-0.596074397149144,NA,NA,NA,-0.565541438328814
1.51340959014887,0.736528017723375,0.348565269353622,-0.827215269248422,-0.102706513723067,-0.0842508597749027,-0.185596615251889,0.522782510596448
0.429081839006631,NA,NA,NA,-0.102706513723067,NA,0.340803141456685,0.42384396978506
-0.799822945621239,-1.04347147006785,0.700420083898967,-0.827215269248422,-0.102706513723067,-0.0842508597749027,-0.0101300296823641,-0.0708487342718768
-1.16126552933532,NA,0.583135145717186,0.174395176515117,-0.102706513723067,-0.0842508597749027,0.165336555887161,2.10579916357865
0.139927772035368,-0.396198929052861,0.348565269353622,0.636676920713674,-0.102706513723067,-0.0842508597749027,0.340803141456685,1.61110645952171
NA,0.736528017723375,0.817705022080748,NA,-0.102706513723067,-0.0842508597749027,-0.185596615251889,-0.565541438328814
-0.510668878649975,-0.881653334814105,0.465850207535404,-0.364933525049866,NA,-0.0842508597749027,0.51626972702621,-0.0708487342718768
-0.799822945621239,-0.800744267187231,NA,3.17922651380574,NA,-0.0842508597749027,-0.536529786390938,NA
-0.582957395392791,0.0892554767083833,-1.99713349428201,-0.750168311881996,-0.102706513723067,NA,0.691736312595735,-0.565541438328814
0.718235905977894,0.00834640908150925,NA,-0.0567456955841613,-0.102706513723067,-0.0842508597749027,-1.58932929980809,NA
-0.221514811678712,-0.719835199560357,1.87326946571678,0.0203012617822648,-0.102706513723067,-0.0842508597749027,NA,-0.565541438328814
NA,-0.962562402440979,1.40412971298966,-1.0583561413477,-0.102706513723067,-0.0842508597749027,-1.58932929980809,0.0280898065395108
-1.01668849584969,NA,-0.00328954519172247,-0.981309183981274,-0.102706513723067,-0.0842508597749027,-0.185596615251889,3.19412311250391
-0.293803328421528,-0.719835199560357,NA,NA,NA,-0.0842508597749027,0.51626972702621,-0.565541438328814
0.0676392552925517,-0.153471726172239,-0.472429297918848,0.251442133881543,-0.102706513723067,-0.0842508597749027,NA,NA
-0.149226294935896,0.331982679589006,NA,-0.67312135451557,NA,NA,0.51626972702621,-0.565541438328814
NA,2.67834564076835,0.583135145717186,-0.441980482416292,-0.102706513723067,-0.0842508597749027,-0.536529786390938,1.21535229627616
1.36883255666324,NA,0.583135145717186,-0.210839610317013,-0.102706513723067,-0.0842508597749027,4.0256014384167,NA
NA,0.41289174721588,0.934989960262529,-0.750168311881996,-0.102706513723067,-0.0842508597749027,1.92000241158241,0.0280898065395108
-0.510668878649975,NA,0.113995392990059,-0.133792652950588,NA,-0.0842508597749027,-0.711996371960462,0.522782510596448
0.935101456206342,0.574709882469627,-0.00328954519172247,1.71533432384364,-0.102706513723067,-0.0842508597749027,0.165336555887161,-0.565541438328814
1.29654403992042,0.00834640908150925,0.583135145717186,NA,NA,-0.0842508597749027,-0.711996371960462,0.324905428973673
-0.872111462364055,-1.28619867294847,0.583135145717186,1.40714649437793,-0.102706513723067,-0.0842508597749027,-0.361063200821413,NA
-0.872111462364055,-0.315289861425987,0.231280331171841,NA,-0.102706513723067,-0.0842508597749027,-0.0101300296823641,-0.169787275083264
0.356793322263815,1.54561869399212,0.113995392990059,NA,-0.102706513723067,-0.0842508597749027,0.165336555887161,-0.565541438328814
-0.872111462364055,-1.04347147006785,-1.64527867973666,NA,-0.102706513723067,NA,NA,NA
NA,-0.315289861425987,1.05227489844431,-0.750168311881996,-0.102706513723067,NA,-0.185596615251889,-0.565541438328814
0.501370355749447,0.331982679589006,-2.11441843246379,-0.827215269248422,-0.102706513723067,-0.0842508597749027,NA,-0.268725815894652
-0.944399979106871,NA,NA,NA,-0.102706513723067,-0.0842508597749027,-1.06292954309951,-0.565541438328814
0.212216288778184,NA,0.348565269353622,-0.596074397149144,-0.102706513723067,-0.0842508597749027,NA,-0.565541438328814
-0.438380361907159,0.00834640908150925,0.583135145717186,-0.133792652950588,-0.102706513723067,NA,-0.361063200821413,NA
-0.00464926145026423,-0.0725626585453648,-0.472429297918848,-0.28788656768344,NA,-0.0842508597749027,0.51626972702621,-0.268725815894652
-1.66728514653503,-0.558017064306609,NA,-0.981309183981274,-0.102706513723067,-0.0842508597749027,0.691736312595735,NA
NA,NA,NA,1.79238128121007,-0.102706513723067,-0.0842508597749027,NA,NA
-0.0769377781930802,NA,NA,NA,-0.102706513723067,NA,-0.185596615251889,0.324905428973673
0.645947389235078,NA,-0.355144359737067,-0.364933525049866,-0.102706513723067,-0.0842508597749027,-0.536529786390938,NA
NA,-1.77165307870972,-0.237859421555286,-1.52063788554626,-0.102706513723067,-0.0842508597749027,-0.185596615251889,1.41322937789893
-1.16126552933532,1.30289149111149,0.113995392990059,NA,-0.102706513723067,-0.0842508597749027,-0.536529786390938,0.522782510596448
0.0676392552925517,NA,-0.237859421555286,2.25466302540862,-0.102706513723067,-0.0842508597749027,0.340803141456685,2.99624603088113
-0.0769377781930802,NA,NA,NA,-0.102706513723067,-0.0842508597749027,-1.23839612866904,NA
-0.293803328421528,-1.2052896053216,NA,NA,-0.102706513723067,-0.0842508597749027,0.867202898165259,-0.565541438328814
-0.799822945621239,NA,0.348565269353622,-0.596074397149144,-0.102706513723067,-0.0842508597749027,0.691736312595735,-0.565541438328814
-0.00464926145026423,-0.477107996679735,0.817705022080748,0.174395176515117,-0.102706513723067,-0.0842508597749027,1.21813606930431,-0.565541438328814
0.0676392552925517,NA,0.934989960262529,NA,-0.102706513723067,-0.0842508597749027,-0.0101300296823641,0.0280898065395108
NA,NA,0.465850207535404,2.33170998277505,-0.102706513723067,-0.0842508597749027,-0.185596615251889,1.31429083708755
NA,-0.477107996679735,-1.99713349428201,-0.67312135451557,-0.102706513723067,-0.0842508597749027,0.691736312595735,-0.0708487342718768
0.935101456206342,0.251073611962132,0.465850207535404,1.09895866491223,NA,-0.0842508597749027,NA,-0.565541438328814
0.0676392552925517,NA,0.113995392990059,1.25305257964508,-0.102706513723067,-0.0842508597749027,0.51626972702621,0.81959813303061
-0.00464926145026423,NA,0.231280331171841,NA,-0.102706513723067,NA,0.165336555887161,0.324905428973673
-0.149226294935896,NA,0.700420083898967,-1.13540309871413,NA,-0.0842508597749027,-2.99306198436428,NA
0.356793322263815,-0.0725626585453648,-0.58971423610063,-0.596074397149144,-0.102706513723067,-0.0842508597749027,NA,-0.565541438328814
NA,0.41289174721588,0.348565269353622,1.94647519594292,-0.102706513723067,-0.0842508597749027,NA,-0.565541438328814
NA,-0.0725626585453648,NA,NA,-0.102706513723067,NA,0.691736312595735,-0.565541438328814
0.862812939463526,NA,0.700420083898967,-0.441980482416292,-0.102706513723067,-0.0842508597749027,-0.361063200821413,0.522782510596448
-1.81186218002066,NA,NA,-0.904262226614848,-0.102706513723067,-0.0842508597749027,NA,-0.565541438328814
-0.221514811678712,-0.396198929052861,0.113995392990059,0.559629963347248,-0.102706513723067,NA,-0.711996371960462,NA
-1.73957366327785,-0.962562402440979,NA,NA,-0.102706513723067,NA,-0.361063200821413,2.79836894925836
2.81460289151955,2.5165275055146,-1.64527867973666,3.48741434327144,-0.102706513723067,-0.0842508597749027,NA,NA
-1.30584256282095,NA,0.583135145717186,NA,-0.102706513723067,-0.0842508597749027,-0.185596615251889,-0.565541438328814
-0.582957395392791,-0.638926131933483,0.583135145717186,0.405536048614395,-0.102706513723067,-0.0842508597749027,-1.23839612866904,-0.565541438328814
-0.582957395392791,NA,0.934989960262529,0.636676920713674,-0.102706513723067,-0.0842508597749027,-0.0101300296823641,-0.565541438328814
-1.81186218002066,-0.800744267187231,0.231280331171841,NA,-0.102706513723067,-0.0842508597749027,1.04266948373478,0.0280898065395108
NA,-0.477107996679735,-2.34898830882735,NA,-0.102706513723067,-0.0842508597749027,0.165336555887161,1.90792208195587
NA,-0.477107996679735,0.817705022080748,-0.596074397149144,-0.102706513723067,-0.0842508597749027,-1.41386271423856,-0.565541438328814
-0.582957395392791,-0.234380793799113,0.231280331171841,1.17600562227866,-0.102706513723067,-0.0842508597749027,0.51626972702621,NA
2.01942920734858,1.95016403212649,0.934989960262529,-0.0567456955841613,9.7263068495745,-0.0842508597749027,0.51626972702621,-0.565541438328814
0.284504805521,0.41289174721588,0.700420083898967,-0.904262226614848,-0.102706513723067,NA,-0.0101300296823641,-0.268725815894652
0.501370355749447,-0.800744267187231,1.40412971298966,NA,-0.102706513723067,-0.0842508597749027,-0.361063200821413,-1.65386538725408
-0.438380361907159,0.0892554767083833,-1.52799374155488,-0.827215269248422,-0.102706513723067,NA,NA,-0.565541438328814
0.718235905977894,1.14107335585775,0.700420083898967,0.790770835446526,NA,-0.0842508597749027,-0.711996371960462,-0.0708487342718768
-1.66728514653503,-0.881653334814105,1.87326946571678,NA,NA,NA,-1.06292954309951,-0.565541438328814
-0.799822945621239,-1.60983494345597,1.52141465117144,-0.441980482416292,-0.102706513723067,NA,-1.23839612866904,1.90792208195587
NA,0.979255220603997,0.465850207535404,3.10217955643931,-0.102706513723067,-0.0842508597749027,-0.185596615251889,-0.565541438328814
-2.10101624699192,-0.719835199560357,0.583135145717186,NA,-0.102706513723067,-0.0842508597749027,-0.0101300296823641,-0.0708487342718768
1.36883255666324,0.817437085350249,-0.00328954519172247,0.405536048614395,NA,-0.0842508597749027,0.867202898165259,-0.565541438328814
NA,-0.153471726172239,0.113995392990059,-0.981309183981274,-0.102706513723067,-0.0842508597749027,NA,0.42384396978506
NA,1.46470962636524,0.231280331171841,1.0219117075458,-0.102706513723067,-0.0842508597749027,-2.46666222765571,NA
-0.510668878649975,-1.2052896053216,0.231280331171841,2.02352215330934,-0.102706513723067,-0.0842508597749027,0.691736312595735,-0.565541438328814
-0.221514811678712,0.898346152977123,NA,0.097348219148691,NA,NA,NA,0.225966888162285
1.58569810689168,NA,NA,0.328489091247969,-0.102706513723067,-0.0842508597749027,0.691736312595735,NA
0.645947389235078,1.38380055873837,NA,-0.519027439782718,-0.102706513723067,-0.0842508597749027,-0.361063200821413,NA
-1.37813107956377,0.817437085350249,1.755984527535,NA,-0.102706513723067,-0.0842508597749027,-0.711996371960462,NA
-2.02872773024911,0.251073611962132,-1.64527867973666,-0.28788656768344,-0.102706513723067,-0.0842508597749027,NA,NA
-1.37813107956377,-0.800744267187231,-2.23170337064557,-0.67312135451557,NA,-0.0842508597749027,0.340803141456685,NA
-0.00464926145026423,0.170164544335257,0.113995392990059,-0.28788656768344,-0.102706513723067,NA,-0.711996371960462,0.918536673841998
-0.221514811678712,0.170164544335257,0.465850207535404,-0.0567456955841613,-0.102706513723067,NA,0.691736312595735,0.127028347350898
0.645947389235078,0.41289174721588,0.817705022080748,-0.596074397149144,-0.102706513723067,-0.0842508597749027,0.165336555887161,NA
-0.366091845164344,NA,0.231280331171841,-0.67312135451557,-0.102706513723067,-0.0842508597749027,0.691736312595735,NA
1.22425552317761,0.574709882469627,-1.64527867973666,-0.519027439782718,-0.102706513723067,-0.0842508597749027,1.04266948373478,-0.565541438328814
0.212216288778184,NA,0.817705022080748,NA,-0.102706513723067,-0.0842508597749027,0.51626972702621,0.42384396978506
-0.366091845164344,-0.800744267187231,NA,-0.904262226614848,NA,-0.0842508597749027,0.691736312595735,-0.565541438328814
-1.01668849584969,-1.36710774057535,-1.4107088033731,-0.827215269248422,-0.102706513723067,-0.0842508597749027,NA,NA
NA,NA,0.583135145717186,NA,-0.102706513723067,-0.0842508597749027,-0.185596615251889,NA
0.79052442272071,NA,0.465850207535404,0.944864750179378,-0.102706513723067,NA,0.691736312595735,0.127028347350898
-0.293803328421528,-2.90438002548596,-1.64527867973666,-0.364933525049866,-0.102706513723067,-0.0842508597749027,-0.0101300296823641,-0.268725815894652
NA,0.736528017723375,0.465850207535404,-0.596074397149144,-0.102706513723067,-0.0842508597749027,-0.361063200821413,1.80898354114449
NA,2.35470937026086,-2.11441843246379,NA,-0.102706513723067,-0.0842508597749027,-1.58932929980809,-0.565541438328814
-0.944399979106871,-1.60983494345597,NA,-0.827215269248422,-0.102706513723067,-0.0842508597749027,1.39360265487383,-0.169787275083264
0.212216288778184,-0.638926131933483,0.934989960262529,0.251442133881543,-0.102706513723067,-0.0842508597749027,-0.0101300296823641,-0.565541438328814
0.0676392552925517,NA,NA,-0.0567456955841613,-0.102706513723067,-0.0842508597749027,1.56906924044336,-0.565541438328814
1.22425552317761,0.898346152977123,-1.29342386519132,-0.133792652950588,-0.102706513723067,-0.0842508597749027,0.165336555887161,-0.565541438328814
1.15196700643479,0.817437085350249,0.231280331171841,-0.519027439782718,-0.102706513723067,-0.0842508597749027,3.3237350961386,-0.565541438328814
-0.221514811678712,-0.315289861425987,-0.120574483373504,0.097348219148691,-0.102706513723067,-0.0842508597749027,1.56906924044336,-0.565541438328814
-0.727534428878423,1.46470962636524,-0.00328954519172247,4.33493087430213,-0.102706513723067,-0.0842508597749027,-1.06292954309951,0.81959813303061
-0.00464926145026423,-0.0725626585453648,1.05227489844431,1.63828736647721,-0.102706513723067,-0.0842508597749027,-0.185596615251889,0.81959813303061
-0.727534428878423,-1.04347147006785,0.465850207535404,-0.981309183981274,-0.102706513723067,NA,NA,-0.565541438328814
-1.23355404607813,NA,-2.23170337064557,-0.133792652950588,-0.102706513723067,NA,0.51626972702621,-0.565541438328814
-1.16126552933532,NA,NA,-0.981309183981274,-0.102706513723067,NA,NA,-0.565541438328814
-0.944399979106871,NA,-2.46627324700913,NA,-0.102706513723067,-0.0842508597749027,0.165336555887161,-0.565541438328814
-0.149226294935896,0.0892554767083833,0.817705022080748,NA,NA,-0.0842508597749027,-0.0101300296823641,NA
NA,0.331982679589006,NA,NA,-0.102706513723067,-0.0842508597749027,-0.711996371960462,0.127028347350898
-1.59499662979221,NA,0.583135145717186,-1.13540309871413,-0.102706513723067,-0.0842508597749027,-0.711996371960462,NA
0.79052442272071,0.331982679589006,NA,-0.750168311881996,-0.102706513723067,-0.0842508597749027,0.691736312595735,1.41322937789893
0.284504805521,0.817437085350249,0.817705022080748,-0.67312135451557,-0.102706513723067,-0.0842508597749027,-1.06292954309951,-0.565541438328814
1.00738997294916,2.11198216738023,NA,-0.596074397149144,-0.102706513723067,-0.0842508597749027,-0.711996371960462,-0.565541438328814
1.15196700643479,NA,NA,NA,-0.102706513723067,-0.0842508597749027,-0.711996371960462,NA
-0.00464926145026423,0.0892554767083833,0.817705022080748,0.097348219148691,-0.102706513723067,-0.0842508597749027,-0.361063200821413,-0.565541438328814
-0.872111462364055,NA,0.700420083898967,NA,NA,-0.0842508597749027,NA,-0.565541438328814
-0.655245912135607,0.331982679589006,NA,-0.441980482416292,-0.102706513723067,NA,0.340803141456685,-0.565541438328814
0.79052442272071,NA,NA,1.79238128121007,NA,-0.0842508597749027,0.691736312595735,-0.565541438328814
-0.00464926145026423,-0.396198929052861,-0.237859421555286,-0.67312135451557,NA,-0.0842508597749027,-0.0101300296823641,NA
0.0676392552925517,1.46470962636524,-0.120574483373504,NA,-0.102706513723067,-0.0842508597749027,0.691736312595735,-0.0708487342718768
NA,NA,0.700420083898967,0.251442133881543,-0.102706513723067,-0.0842508597749027,0.165336555887161,1.51216791871032
-1.81186218002066,-0.881653334814105,-0.00328954519172247,-0.210839610317013,-0.102706513723067,-0.0842508597749027,-0.0101300296823641,0.0280898065395108
-1.0889770125925,-1.44801680820222,-2.23170337064557,-0.750168311881996,-0.102706513723067,-0.0842508597749027,1.04266948373478,NA
1.15196700643479,NA,0.231280331171841,-0.67312135451557,-0.102706513723067,-0.0842508597749027,NA,-0.565541438328814
1.6579866236345,0.41289174721588,-1.05885398882776,-0.750168311881996,-0.102706513723067,-0.0842508597749027,NA,-0.565541438328814
1.73027514037732,1.95016403212649,0.113995392990059,NA,NA,-0.0842508597749027,-0.0101300296823641,-0.565541438328814
-0.872111462364055,0.655618950096501,NA,-0.364933525049866,NA,NA,0.340803141456685,-0.565541438328814
NA,0.170164544335257,-0.120574483373504,NA,NA,-0.0842508597749027,0.165336555887161,-0.565541438328814
0.0676392552925517,-0.153471726172239,0.113995392990059,-0.519027439782718,-0.102706513723067,-0.0842508597749027,NA,-0.0708487342718768
-0.438380361907159,0.0892554767083833,-0.237859421555286,NA,NA,-0.0842508597749027,0.340803141456685,NA
NA,-0.638926131933483,-1.87984855610023,0.328489091247969,-0.102706513723067,-0.0842508597749027,0.340803141456685,-0.565541438328814
NA,0.0892554767083833,NA,-0.28788656768344,-0.102706513723067,-0.0842508597749027,NA,-0.565541438328814
NA,-0.800744267187231,NA,3.41036738590501,-0.102706513723067,-0.0842508597749027,-0.0101300296823641,NA
0.501370355749447,0.41289174721588,0.113995392990059,-0.596074397149144,-0.102706513723067,-0.0842508597749027,0.165336555887161,1.51216791871032
NA,-0.558017064306609,1.52141465117144,1.09895866491223,-0.102706513723067,-0.0842508597749027,1.56906924044336,-1.65386538725408
-0.293803328421528,0.331982679589006,1.05227489844431,1.17600562227866,-0.102706513723067,NA,0.51626972702621,-0.664479979140202
-0.655245912135607,0.736528017723375,1.755984527535,-0.904262226614848,NA,-0.0842508597749027,NA,0.522782510596448
-0.0769377781930802,-0.234380793799113,0.348565269353622,-0.750168311881996,-0.102706513723067,-0.0842508597749027,-0.361063200821413,-0.0708487342718768
-0.293803328421528,-0.153471726172239,-0.706999174282412,-0.364933525049866,-0.102706513723067,-0.0842508597749027,0.867202898165259,-0.565541438328814
NA,-1.28619867294847,1.28684477480787,-0.67312135451557,-0.102706513723067,-0.0842508597749027,0.340803141456685,0.42384396978506
NA,-0.153471726172239,0.583135145717186,0.559629963347248,-0.102706513723067,-0.0842508597749027,NA,1.21535229627616
NA,0.0892554767083833,0.231280331171841,1.25305257964508,NA,-0.0842508597749027,0.691736312595735,-0.0708487342718768
NA,NA,0.817705022080748,0.713723878080099,NA,-0.0842508597749027,NA,-0.268725815894652
-1.5227081130494,-0.800744267187231,-0.00328954519172247,-0.750168311881996,-0.102706513723067,-0.0842508597749027,NA,0.621721051407836
-0.655245912135607,NA,1.05227489844431,1.63828736647721,-0.102706513723067,-0.0842508597749027,NA,1.51216791871032
0.573658872492262,NA,0.934989960262529,-0.750168311881996,-0.102706513723067,-0.0842508597749027,0.165336555887161,NA
0.356793322263815,-0.0725626585453648,1.16955983662609,-0.596074397149144,-0.102706513723067,-0.0842508597749027,0.165336555887161,NA
0.284504805521,-0.638926131933483,NA,-0.750168311881996,-0.102706513723067,-0.0842508597749027,NA,-0.565541438328814
-0.00464926145026423,-0.315289861425987,0.231280331171841,-0.750168311881996,-0.102706513723067,-0.0842508597749027,0.340803141456685,-0.169787275083264
-2.24559328047756,-2.74256189023221,2.10783934208035,0.790770835446526,NA,NA,-0.185596615251889,-0.664479979140202
-0.0769377781930802,-0.153471726172239,0.113995392990059,-0.364933525049866,-0.102706513723067,-0.0842508597749027,NA,-0.565541438328814
-0.366091845164344,-1.85256214633659,0.817705022080748,0.790770835446526,-0.102706513723067,-0.0842508597749027,0.340803141456685,-0.961295601574364
-0.293803328421528,NA,-0.706999174282412,NA,9.7263068495745,-0.0842508597749027,-0.711996371960462,-0.565541438328814
0.645947389235078,-0.315289861425987,0.817705022080748,-0.67312135451557,-0.102706513723067,NA,0.340803141456685,-0.565541438328814
-0.366091845164344,0.41289174721588,0.465850207535404,3.10217955643931,NA,-0.0842508597749027,-0.536529786390938,NA
NA,NA,0.700420083898967,-0.827215269248422,NA,-0.0842508597749027,NA,NA
1.44112107340605,0.0892554767083833,-0.355144359737067,NA,-0.102706513723067,-0.0842508597749027,0.51626972702621,-0.268725815894652
0.501370355749447,0.0892554767083833,NA,NA,NA,NA,0.51626972702621,-0.0708487342718768
-0.799822945621239,1.06016428823087,-1.05885398882776,0.097348219148691,-0.102706513723067,-0.0842508597749027,-0.185596615251889,-0.565541438328814
-0.149226294935896,-0.638926131933483,-0.237859421555286,-0.519027439782718,NA,-0.0842508597749027,1.39360265487383,-0.565541438328814
NA,-0.477107996679735,NA,NA,-0.102706513723067,-0.0842508597749027,NA,-0.565541438328814
-0.293803328421528,NA,0.231280331171841,NA,-0.102706513723067,-0.0842508597749027,NA,NA
-0.727534428878423,0.979255220603997,0.231280331171841,0.405536048614395,-0.102706513723067,-0.0842508597749027,NA,0.324905428973673
0.356793322263815,-0.800744267187231,NA,NA,-0.102706513723067,-0.0842508597749027,-2.29119564208618,0.0280898065395108
2.74231437477674,1.78834589687274,-2.11441843246379,0.328489091247969,-0.102706513723067,-0.0842508597749027,0.340803141456685,0.522782510596448
-1.66728514653503,NA,-3.05269793791804,-0.441980482416292,-0.102706513723067,-0.0842508597749027,-0.185596615251889,-0.565541438328814
-0.293803328421528,-0.558017064306609,-1.4107088033731,0.559629963347248,-0.102706513723067,-0.0842508597749027,-0.361063200821413,0.0280898065395108
NA,-0.0725626585453648,-0.00328954519172247,NA,NA,-0.0842508597749027,NA,-0.565541438328814
0.212216288778184,-0.396198929052861,0.231280331171841,NA,-0.102706513723067,-0.0842508597749027,0.867202898165259,NA
0.139927772035368,0.493800814842754,NA,-0.750168311881996,NA,NA,0.51626972702621,1.11641375546477
NA,NA,-0.706999174282412,1.94647519594292,-0.102706513723067,-0.0842508597749027,-1.06292954309951,-0.565541438328814
0.356793322263815,-0.315289861425987,-0.355144359737067,-0.827215269248422,-0.102706513723067,-0.0842508597749027,-0.536529786390938,-0.565541438328814
-0.727534428878423,NA,-1.87984855610023,-0.364933525049866,-0.102706513723067,-0.0842508597749027,0.340803141456685,-0.169787275083264
-0.00464926145026423,0.493800814842754,1.52141465117144,-0.0567456955841613,-0.102706513723067,-0.0842508597749027,NA,-0.565541438328814
NA,-0.477107996679735,NA,-0.28788656768344,-0.102706513723067,-0.0842508597749027,0.691736312595735,0.225966888162285
-0.149226294935896,0.898346152977123,-0.706999174282412,NA,-0.102706513723067,-0.0842508597749027,NA,NA
0.356793322263815,-0.719835199560357,1.99055440389856,2.71694476960718,NA,-0.0842508597749027,-0.185596615251889,-1.35704976481991
0.79052442272071,-0.153471726172239,NA,-0.519027439782718,NA,-0.0842508597749027,0.51626972702621,0.324905428973673
NA,-0.153471726172239,NA,NA,NA,-0.0842508597749027,0.867202898165259,-0.565541438328814
-0.510668878649975,-0.396198929052861,-1.52799374155488,-1.0583561413477,NA,NA,-0.361063200821413,NA
0.935101456206342,-0.558017064306609,-0.237859421555286,-1.13540309871413,-0.102706513723067,-0.0842508597749027,0.165336555887161,-0.565541438328814
-0.510668878649975,-0.800744267187231,-0.00328954519172247,-0.596074397149144,-0.102706513723067,-0.0842508597749027,-0.0101300296823641,0.0280898065395108
-2.39017031396319,-0.962562402440979,-0.58971423610063,-1.28949701344698,NA,-0.0842508597749027,NA,-0.0708487342718768
-0.293803328421528,0.170164544335257,NA,-0.981309183981274,-0.102706513723067,-0.0842508597749027,-0.536529786390938,-0.565541438328814
-0.149226294935896,-0.234380793799113,0.465850207535404,2.25466302540862,-0.102706513723067,-0.0842508597749027,0.165336555887161,3.68881581656085
NA,0.493800814842754,0.700420083898967,-0.28788656768344,-0.102706513723067,-0.0842508597749027,NA,-0.565541438328814
-0.221514811678712,0.493800814842754,0.348565269353622,1.40714649437793,-0.102706513723067,-0.0842508597749027,0.51626972702621,-0.565541438328814
NA,-0.800744267187231,0.348565269353622,NA,-0.102706513723067,-0.0842508597749027,-0.361063200821413,-0.0708487342718768
NA,-0.638926131933483,0.231280331171841,-0.904262226614848,-0.102706513723067,NA,0.165336555887161,-0.565541438328814
-0.293803328421528,-0.153471726172239,NA,-0.28788656768344,-0.102706513723067,-0.0842508597749027,-1.94026247094713,1.7100450003331
1.51340959014887,NA,-1.29342386519132,NA,-0.102706513723067,NA,0.340803141456685,NA
NA,-0.315289861425987,0.465850207535404,-1.13540309871413,-0.102706513723067,-0.0842508597749027,-0.536529786390938,-0.565541438328814
2.45316030780547,NA,-0.58971423610063,2.1776160680422,NA,-0.0842508597749027,NA,-0.565541438328814
-1.0889770125925,-1.36710774057535,-0.237859421555286,1.25305257964508,-0.102706513723067,NA,-0.536529786390938,1.51216791871032
-0.221514811678712,-0.234380793799113,NA,-0.519027439782718,-0.102706513723067,-0.0842508597749027,0.165336555887161,NA
0.356793322263815,1.78834589687274,-1.76256361791845,0.0203012617822648,-0.102706513723067,NA,-0.185596615251889,NA
1.07967848969197,0.979255220603997,-2.81812806155448,0.559629963347248,-0.102706513723067,-0.0842508597749027,NA,-0.565541438328814
2.16400624083421,-0.315289861425987,-0.00328954519172247,-0.827215269248422,-0.102706513723067,-0.0842508597749027,0.51626972702621,-0.565541438328814
NA,-0.800744267187231,NA,-0.133792652950588,NA,-0.0842508597749027,0.867202898165259,-0.565541438328814
NA,0.979255220603997,-0.941569050645975,NA,-0.102706513723067,-0.0842508597749027,0.340803141456685,-0.268725815894652
-0.727534428878423,0.251073611962132,-0.706999174282412,NA,-0.102706513723067,-0.0842508597749027,0.691736312595735,0.324905428973673
-1.01668849584969,-0.0725626585453648,0.583135145717186,NA,-0.102706513723067,NA,0.867202898165259,0.522782510596448
0.718235905977894,0.898346152977123,0.465850207535404,NA,NA,-0.0842508597749027,-0.711996371960462,-0.565541438328814
1.6579866236345,0.170164544335257,1.05227489844431,NA,-0.102706513723067,-0.0842508597749027,0.165336555887161,-0.565541438328814
0.429081839006631,0.736528017723375,-0.58971423610063,-0.827215269248422,-0.102706513723067,-0.0842508597749027,0.691736312595735,-0.565541438328814
0.573658872492262,NA,-0.00328954519172247,-1.0583561413477,-0.102706513723067,-0.0842508597749027,-0.361063200821413,-0.268725815894652
-0.149226294935896,-0.234380793799113,1.05227489844431,1.17600562227866,-0.102706513723067,NA,1.04266948373478,NA
0.284504805521,1.14107335585775,-1.17613892700954,2.33170998277505,-0.102706513723067,-0.0842508597749027,NA,-0.565541438328814
-0.00464926145026423,NA,1.40412971298966,-0.0567456955841613,-0.102706513723067,-0.0842508597749027,0.165336555887161,NA
-1.0889770125925,NA,-0.237859421555286,-0.28788656768344,-0.102706513723067,-0.0842508597749027,NA,-0.565541438328814
-0.799822945621239,-1.77165307870972,-0.472429297918848,-1.0583561413477,NA,-0.0842508597749027,-1.58932929980809,NA
-1.01668849584969,NA,0.113995392990059,-0.67312135451557,NA,-0.0842508597749027,0.340803141456685,-0.565541438328814
0.645947389235078,0.251073611962132,NA,0.0203012617822648,-0.102706513723067,-0.0842508597749027,0.51626972702621,0.324905428973673
1.15196700643479,NA,0.231280331171841,1.40714649437793,-0.102706513723067,NA,1.04266948373478,-0.0708487342718768
-0.221514811678712,-0.234380793799113,0.817705022080748,1.71533432384364,NA,-0.0842508597749027,NA,-0.565541438328814
0.501370355749447,-0.0725626585453648,1.28684477480787,0.0203012617822648,-0.102706513723067,-0.0842508597749027,0.340803141456685,-0.565541438328814
NA,0.170164544335257,-0.00328954519172247,-1.0583561413477,-0.102706513723067,NA,1.74453582601288,-0.565541438328814
NA,1.22198242348462,0.465850207535404,0.174395176515117,-0.102706513723067,-0.0842508597749027,1.74453582601288,1.21535229627616
NA,0.817437085350249,0.465850207535404,-0.28788656768344,NA,-0.0842508597749027,0.691736312595735,-0.0708487342718768
-0.149226294935896,0.170164544335257,-0.120574483373504,0.713723878080099,-0.102706513723067,7.71099859318456,0.165336555887161,-0.565541438328814
0.935101456206342,1.14107335585775,NA,0.0203012617822648,-0.102706513723067,NA,-1.23839612866904,-0.565541438328814
-0.510668878649975,-0.962562402440979,-1.4107088033731,-1.0583561413477,-0.102706513723067,NA,-0.0101300296823641,NA
-1.5227081130494,-0.558017064306609,-1.17613892700954,NA,NA,-0.0842508597749027,0.51626972702621,-0.565541438328814
-0.582957395392791,-1.44801680820222,1.28684477480787,NA,-0.102706513723067,-0.0842508597749027,-6.32692711018525,-0.0708487342718768
-1.23355404607813,-0.234380793799113,0.583135145717186,-0.133792652950588,NA,-0.0842508597749027,-0.887462957529986,NA
2.23629475757703,0.41289174721588,-1.76256361791845,0.636676920713674,NA,-0.0842508597749027,0.165336555887161,-0.565541438328814
0.0676392552925517,0.0892554767083833,0.231280331171841,1.94647519594292,-0.102706513723067,-0.0842508597749027,0.691736312595735,-0.565541438328814
NA,-0.315289861425987,-1.05885398882776,0.790770835446526,-0.102706513723067,NA,NA,-0.565541438328814
-0.438380361907159,0.979255220603997,0.348565269353622,0.097348219148691,NA,NA,-0.185596615251889,NA
-0.582957395392791,-1.5289258758291,NA,NA,NA,-0.0842508597749027,-1.76479588537761,NA
-1.30584256282095,NA,0.231280331171841,-0.596074397149144,-0.102706513723067,-0.0842508597749027,-0.361063200821413,0.621721051407836
2.38087179106266,0.251073611962132,0.231280331171841,-0.441980482416292,-0.102706513723067,-0.0842508597749027,-0.361063200821413,-0.268725815894652
NA,NA,NA,NA,-0.102706513723067,-0.0842508597749027,0.340803141456685,-0.565541438328814
-0.293803328421528,-0.719835199560357,0.934989960262529,-1.21245005608055,NA,-0.0842508597749027,-0.361063200821413,-0.565541438328814
0.212216288778184,0.574709882469627,1.16955983662609,0.790770835446526,-0.102706513723067,-0.0842508597749027,-0.0101300296823641,-0.565541438328814
-0.944399979106871,-0.477107996679735,0.113995392990059,2.33170998277505,-0.102706513723067,-0.0842508597749027,-0.0101300296823641,1.01747521465339
-0.149226294935896,0.898346152977123,0.817705022080748,-0.67312135451557,NA,-0.0842508597749027,NA,-0.565541438328814
NA,-2.33801655209784,NA,-0.133792652950588,-0.102706513723067,NA,NA,0.324905428973673
-0.799822945621239,0.655618950096501,-0.355144359737067,-0.596074397149144,NA,-0.0842508597749027,-0.361063200821413,NA
0.573658872492262,-0.962562402440979,-1.17613892700954,-0.364933525049866,-0.102706513723067,-0.0842508597749027,-0.0101300296823641,-0.565541438328814
0.79052442272071,0.574709882469627,-0.58971423610063,-0.364933525049866,-0.102706513723067,-0.0842508597749027,-0.0101300296823641,NA
0.645947389235078,1.14107335585775,-0.706999174282412,0.0203012617822648,-0.102706513723067,-0.0842508597749027,-0.0101300296823641,-0.565541438328814
NA,NA,-1.29342386519132,-0.133792652950588,-0.102706513723067,-0.0842508597749027,0.691736312595735,-0.565541438328814
-0.293803328421528,NA,NA,-0.750168311881996,-0.102706513723067,-0.0842508597749027,1.04266948373478,-0.565541438328814
2.01942920734858,2.03107309975336,-1.17613892700954,0.174395176515117,-0.102706513723067,-0.0842508597749027,0.51626972702621,-0.565541438328814
NA,-0.396198929052861,0.231280331171841,-0.596074397149144,-0.102706513723067,-0.0842508597749027,0.340803141456685,NA
-1.0889770125925,-0.881653334814105,0.817705022080748,-1.13540309871413,-0.102706513723067,-0.0842508597749027,-0.361063200821413,-0.565541438328814
-0.221514811678712,0.817437085350249,-1.76256361791845,NA,-0.102706513723067,-0.0842508597749027,0.340803141456685,NA
-0.438380361907159,-0.558017064306609,-0.472429297918848,NA,NA,-0.0842508597749027,-0.887462957529986,0.127028347350898
-0.872111462364055,-0.962562402440979,0.465850207535404,NA,-0.102706513723067,NA,0.691736312595735,-0.565541438328814
-1.95643921350629,-1.28619867294847,-1.05885398882776,0.174395176515117,-0.102706513723067,-0.0842508597749027,-0.0101300296823641,-0.0708487342718768
1.36883255666324,1.30289149111149,-1.64527867973666,NA,-0.102706513723067,NA,NA,-0.565541438328814
NA,2.03107309975336,-1.52799374155488,NA,-0.102706513723067,-0.0842508597749027,-0.711996371960462,-0.565541438328814
-0.221514811678712,-0.558017064306609,NA,-0.750168311881996,-0.102706513723067,-0.0842508597749027,-0.711996371960462,-0.0708487342718768
-0.727534428878423,NA,NA,-0.67312135451557,-0.102706513723067,-0.0842508597749027,1.21813606930431,-0.565541438328814
NA,-0.315289861425987,0.700420083898967,-0.441980482416292,NA,-0.0842508597749027,NA,-0.565541438328814
1.22425552317761,NA,0.465850207535404,-0.364933525049866,NA,-0.0842508597749027,-1.23839612866904,0.225966888162285
0.0676392552925517,-1.28619867294847,-0.824284112464193,NA,-0.102706513723067,NA,-0.361063200821413,NA
-0.0769377781930802,-0.315289861425987,NA,1.48419345174436,-0.102706513723067,NA,0.340803141456685,NA
1.73027514037732,2.59743657314148,-0.472429297918848,-0.133792652950588,-0.102706513723067,-0.0842508597749027,NA,NA
NA,NA,1.16955983662609,-0.0567456955841613,NA,-0.0842508597749027,3.3237350961386,-0.565541438328814
-0.655245912135607,NA,0.348565269353622,1.17600562227866,-0.102706513723067,-0.0842508597749027,-1.94026247094713,NA
-1.16126552933532,-2.09528934921722,0.113995392990059,-0.827215269248422,NA,-0.0842508597749027,0.691736312595735,1.21535229627616
NA,-1.77165307870972,1.16955983662609,-0.441980482416292,-0.102706513723067,NA,0.691736312595735,0.324905428973673
0.429081839006631,NA,-0.355144359737067,NA,-0.102706513723067,-0.0842508597749027,0.340803141456685,-0.565541438328814
NA,-1.69074401108285,-2.46627324700913,-1.3665439708134,-0.102706513723067,-0.0842508597749027,0.340803141456685,-0.565541438328814
-0.727534428878423,NA,-0.120574483373504,-0.750168311881996,-0.102706513723067,-0.0842508597749027,0.165336555887161,-0.565541438328814
NA,-1.77165307870972,-0.120574483373504,-0.28788656768344,-0.102706513723067,-0.0842508597749027,NA,0.621721051407836
-0.582957395392791,1.70743682924586,-0.58971423610063,-0.827215269248422,-0.102706513723067,NA,NA,NA
NA,0.655618950096501,-1.99713349428201,-1.67473180027911,-0.102706513723067,-0.0842508597749027,0.51626972702621,-0.565541438328814
NA,-0.315289861425987,0.934989960262529,NA,-0.102706513723067,-0.0842508597749027,NA,NA
0.356793322263815,0.736528017723375,0.231280331171841,-1.21245005608055,-0.102706513723067,-0.0842508597749027,0.51626972702621,-0.565541438328814
-0.293803328421528,0.736528017723375,-1.4107088033731,NA,-0.102706513723067,-0.0842508597749027,-0.0101300296823641,-0.565541438328814
-0.366091845164344,NA,0.700420083898967,2.33170998277505,-0.102706513723067,-0.0842508597749027,NA,-0.565541438328814
-1.30584256282095,-1.12438053769473,NA,0.944864750179378,-0.102706513723067,-0.0842508597749027,-0.0101300296823641,NA
NA,-0.719835199560357,-0.824284112464193,-0.596074397149144,-0.102706513723067,-0.0842508597749027,0.691736312595735,-0.565541438328814
1.22425552317761,0.979255220603997,NA,1.33009953701151,NA,NA,0.51626972702621,NA
-0.293803328421528,0.00834640908150925,NA,0.174395176515117,-0.102706513723067,-0.0842508597749027,-0.0101300296823641,NA
-0.799822945621239,-0.881653334814105,0.583135145717186,NA,NA,-0.0842508597749027,-2.29119564208618,-1.15917268319714
-0.0769377781930802,NA,0.817705022080748,-0.596074397149144,NA,12.8558632321378,NA,-0.565541438328814
-0.582957395392791,-1.04347147006785,NA,-0.67312135451557,-0.102706513723067,-0.0842508597749027,0.165336555887161,-0.565541438328814
1.94714069060576,1.86925496449961,-0.120574483373504,1.56124040911079,-0.102706513723067,-0.0842508597749027,-2.11572905651666,-0.565541438328814
NA,0.0892554767083833,0.348565269353622,-0.596074397149144,NA,-0.0842508597749027,1.04266948373478,-0.268725815894652
0.212216288778184,-0.719835199560357,-0.00328954519172247,-0.133792652950588,9.7263068495745,NA,NA,NA
NA,0.170164544335257,0.465850207535404,-0.441980482416292,-0.102706513723067,-0.0842508597749027,0.867202898165259,-0.268725815894652
-1.16126552933532,-1.28619867294847,NA,NA,-0.102706513723067,-0.0842508597749027,0.340803141456685,0.42384396978506
3.60977657569053,2.43561843788773,-2.46627324700913,0.790770835446526,-0.102706513723067,-0.0842508597749027,0.340803141456685,-0.565541438328814
0.501370355749447,0.41289174721588,0.231280331171841,-0.750168311881996,-0.102706513723067,-0.0842508597749027,-0.185596615251889,NA
-0.221514811678712,-0.719835199560357,-0.472429297918848,-0.596074397149144,NA,-0.0842508597749027,0.51626972702621,-0.565541438328814
2.59773734129111,1.95016403212649,0.113995392990059,NA,-0.102706513723067,-0.0842508597749027,0.867202898165259,-0.565541438328814
0.645947389235078,0.0892554767083833,-0.237859421555286,-1.0583561413477,-0.102706513723067,-0.0842508597749027,NA,NA
-0.293803328421528,-1.2052896053216,NA,-0.596074397149144,NA,-0.0842508597749027,-3.51946174107285,-0.268725815894652
0.212216288778184,NA,NA,-0.133792652950588,NA,-0.0842508597749027,-1.94026247094713,0.0280898065395108
NA,0.898346152977123,-1.52799374155488,0.328489091247969,-0.102706513723067,-0.0842508597749027,1.21813606930431,-0.565541438328814
0.718235905977894,0.574709882469627,0.231280331171841,-0.904262226614848,-0.102706513723067,-0.0842508597749027,-0.711996371960462,NA
1.94714069060576,2.59743657314148,-1.17613892700954,0.790770835446526,NA,-0.0842508597749027,-2.11572905651666,-0.565541438328814
-1.37813107956377,-1.60983494345597,-1.87984855610023,-0.519027439782718,-0.102706513723067,-0.0842508597749027,0.867202898165259,0.225966888162285
-0.438380361907159,0.251073611962132,0.231280331171841,0.867817792812952,-0.102706513723067,-0.0842508597749027,-0.0101300296823641,-0.565541438328814
-0.944399979106871,-0.800744267187231,-1.4107088033731,-0.596074397149144,NA,-0.0842508597749027,0.165336555887161,-0.565541438328814
-1.16126552933532,0.655618950096501,-0.00328954519172247,0.0203012617822648,-0.102706513723067,-0.0842508597749027,NA,-0.565541438328814
-0.944399979106871,0.251073611962132,-0.472429297918848,-0.210839610317013,-0.102706513723067,-0.0842508597749027,-0.536529786390938,NA
-0.00464926145026423,-0.396198929052861,-0.120574483373504,-0.827215269248422,-0.102706513723067,-0.0842508597749027,NA,1.51216791871032
1.73027514037732,0.574709882469627,0.113995392990059,0.174395176515117,-0.102706513723067,-0.0842508597749027,1.39360265487383,-0.565541438328814
-0.799822945621239,-1.04347147006785,NA,-0.210839610317013,-0.102706513723067,-0.0842508597749027,0.51626972702621,-0.169787275083264
2.16400624083421,2.59743657314148,-1.17613892700954,0.405536048614395,-0.102706513723067,-0.0842508597749027,1.21813606930431,NA
-0.944399979106871,-2.25710748447096,1.63869958935322,0.713723878080099,NA,-0.0842508597749027,-0.536529786390938,-0.565541438328814
1.15196700643479,-0.396198929052861,NA,NA,NA,-0.0842508597749027,-0.185596615251889,-0.565541438328814
0.139927772035368,-0.558017064306609,1.28684477480787,-0.28788656768344,-0.102706513723067,-0.0842508597749027,-0.887462957529986,-0.565541438328814
-0.582957395392791,-1.77165307870972,-1.99713349428201,-0.210839610317013,-0.102706513723067,NA,NA,-0.169787275083264
NA,0.574709882469627,NA,-0.67312135451557,-0.102706513723067,-0.0842508597749027,0.165336555887161,-0.565541438328814
0.212216288778184,0.0892554767083833,0.465850207535404,-0.364933525049866,-0.102706513723067,NA,-0.887462957529986,NA
-0.149226294935896,-0.881653334814105,0.700420083898967,-0.210839610317013,NA,-0.0842508597749027,1.74453582601288,-0.565541438328814
1.58569810689168,NA,-1.05885398882776,0.174395176515117,-0.102706513723067,-0.0842508597749027,NA,-0.565541438328814
-1.16126552933532,-0.800744267187231,-2.34898830882735,-0.210839610317013,-0.102706513723067,-0.0842508597749027,0.165336555887161,-0.565541438328814
0.356793322263815,0.574709882469627,0.113995392990059,NA,-0.102706513723067,-0.0842508597749027,0.867202898165259,NA
0.718235905977894,0.0892554767083833,NA,1.48419345174436,-0.102706513723067,-0.0842508597749027,NA,NA
0.501370355749447,0.898346152977123,NA,0.097348219148691,-0.102706513723067,-0.0842508597749027,-1.06292954309951,-0.664479979140202
0.356793322263815,2.35470937026086,-0.58971423610063,-0.0567456955841613,NA,NA,NA,NA
-1.23355404607813,-0.962562402440979,-0.58971423610063,NA,-0.102706513723067,-0.0842508597749027,0.691736312595735,0.918536673841998
1.73027514037732,1.86925496449961,-2.11441843246379,-0.441980482416292,-0.102706513723067,NA,0.867202898165259,-0.565541438328814
-1.23355404607813,-0.638926131933483,0.583135145717186,NA,-0.102706513723067,NA,0.340803141456685,1.51216791871032
-0.00464926145026423,0.170164544335257,1.16955983662609,1.94647519594292,NA,-0.0842508597749027,-0.361063200821413,NA
-0.944399979106871,-0.477107996679735,1.63869958935322,1.71533432384364,-0.102706513723067,-0.0842508597749027,-2.46666222765571,-0.0708487342718768
-1.01668849584969,0.655618950096501,NA,-0.133792652950588,NA,-0.0842508597749027,NA,-0.565541438328814
-1.73957366327785,-1.12438053769473,NA,0.636676920713674,-0.102706513723067,-0.0842508597749027,0.51626972702621,4.38138560224056
-0.727534428878423,-0.477107996679735,-0.355144359737067,-0.0567456955841613,-0.102706513723067,-0.0842508597749027,0.691736312595735,2.79836894925836
-0.944399979106871,-0.396198929052861,0.348565269353622,-0.904262226614848,-0.102706513723067,-0.0842508597749027,-0.185596615251889,-0.565541438328814
-0.944399979106871,-0.153471726172239,-0.00328954519172247,NA,-0.102706513723067,NA,NA,1.11641375546477
0.212216288778184,0.0892554767083833,0.113995392990059,-1.13540309871413,-0.102706513723067,-0.0842508597749027,NA,1.31429083708755
-0.438380361907159,0.736528017723375,-1.64527867973666,-0.750168311881996,-0.102706513723067,NA,NA,NA
2.52544882454829,2.8401637760221,-2.34898830882735,0.405536048614395,NA,-0.0842508597749027,NA,1.41322937789893
0.356793322263815,0.0892554767083833,0.465850207535404,-0.441980482416292,-0.102706513723067,-0.0842508597749027,1.04266948373478,-0.565541438328814
0.645947389235078,0.0892554767083833,-0.237859421555286,-1.0583561413477,-0.102706513723067,-0.0842508597749027,NA,0.324905428973673
-1.0889770125925,-0.800744267187231,1.05227489844431,-0.28788656768344,-0.102706513723067,-0.0842508597749027,-0.536529786390938,0.918536673841998
NA,1.38380055873837,-1.52799374155488,-0.28788656768344,-0.102706513723067,-0.0842508597749027,0.691736312595735,-0.565541438328814
0.356793322263815,0.170164544335257,-0.706999174282412,-0.441980482416292,NA,-0.0842508597749027,1.04266948373478,-0.565541438328814
-1.23355404607813,NA,NA,-0.28788656768344,-0.102706513723067,-0.0842508597749027,0.867202898165259,-0.565541438328814
NA,0.170164544335257,0.348565269353622,2.02352215330934,-0.102706513723067,-0.0842508597749027,0.165336555887161,-0.565541438328814
NA,0.0892554767083833,NA,-0.981309183981274,-0.102706513723067,-0.0842508597749027,0.165336555887161,0.522782510596448
1.80256365712013,2.11198216738023,0.934989960262529,-0.28788656768344,NA,-0.0842508597749027,NA,-0.565541438328814
-0.438380361907159,-0.638926131933483,0.817705022080748,-0.28788656768344,-0.102706513723067,-0.0842508597749027,-0.0101300296823641,-0.268725815894652
-0.293803328421528,0.574709882469627,NA,NA,-0.102706513723067,-0.0842508597749027,0.340803141456685,-0.169787275083264
-0.366091845164344,-0.558017064306609,0.113995392990059,NA,-0.102706513723067,-0.0842508597749027,0.691736312595735,0.522782510596448
1.94714069060576,2.92107284364897,-0.706999174282412,NA,-0.102706513723067,-0.0842508597749027,-0.361063200821413,NA
1.94714069060576,NA,0.113995392990059,0.174395176515117,-0.102706513723067,-0.0842508597749027,-2.99306198436428,-0.565541438328814
-1.01668849584969,-0.800744267187231,0.348565269353622,1.71533432384364,-0.102706513723067,-0.0842508597749027,-0.361063200821413,-0.565541438328814
2.16400624083421,2.35470937026086,-0.824284112464193,NA,-0.102706513723067,-0.0842508597749027,NA,-0.565541438328814
NA,0.00834640908150925,-0.706999174282412,0.097348219148691,-0.102706513723067,-0.0842508597749027,NA,-0.565541438328814
NA,NA,NA,-0.133792652950588,NA,-0.0842508597749027,-0.0101300296823641,0.324905428973673
0.573658872492262,0.493800814842754,-1.4107088033731,NA,-0.102706513723067,-0.0842508597749027,0.691736312595735,2.89730749006975
0.139927772035368,2.19289123500711,-1.4107088033731,NA,-0.102706513723067,-0.0842508597749027,0.165336555887161,-0.565541438328814
2.88689140826237,0.331982679589006,1.05227489844431,-0.441980482416292,-0.102706513723067,NA,-0.361063200821413,NA
NA,-0.0725626585453648,-0.355144359737067,NA,-0.102706513723067,-0.0842508597749027,NA,0.0280898065395108
1.44112107340605,1.54561869399212,NA,0.559629963347248,-0.102706513723067,NA,1.39360265487383,-0.565541438328814
-0.510668878649975,-0.881653334814105,1.05227489844431,-0.981309183981274,-0.102706513723067,-0.0842508597749027,-1.58932929980809,1.51216791871032
1.94714069060576,1.95016403212649,-1.52799374155488,0.251442133881543,-0.102706513723067,NA,-0.887462957529986,-0.565541438328814
3.39291102546208,NA,-2.46627324700913,1.25305257964508,NA,-0.0842508597749027,-2.64212881322523,-0.565541438328814
-0.727534428878423,-1.77165307870972,0.934989960262529,1.40714649437793,-0.102706513723067,NA,-1.58932929980809,-0.565541438328814
1.94714069060576,0.574709882469627,-0.58971423610063,-0.67312135451557,-0.102706513723067,-0.0842508597749027,0.51626972702621,NA
0.645947389235078,-0.234380793799113,NA,2.10056911067577,-0.102706513723067,-0.0842508597749027,0.51626972702621,-0.169787275083264
0.139927772035368,1.22198242348462,-1.64527867973666,0.0203012617822648,-0.102706513723067,NA,-1.06292954309951,-0.565541438328814
1.36883255666324,NA,-0.120574483373504,-1.98291962974481,9.7263068495745,-0.0842508597749027,-0.536529786390938,-0.565541438328814
NA,-0.396198929052861,NA,1.86942823857649,-0.102706513723067,-0.0842508597749027,NA,-0.565541438328814
-0.799822945621239,-0.234380793799113,NA,-0.750168311881996,-0.102706513723067,-0.0842508597749027,-0.536529786390938,-0.565541438328814
-0.582957395392791,NA,0.113995392990059,-0.210839610317013,NA,NA,NA,NA
0.501370355749447,-1.04347147006785,-0.824284112464193,0.097348219148691,-0.102706513723067,-0.0842508597749027,0.51626972702621,0.0280898065395108
-1.37813107956377,-0.638926131933483,-0.237859421555286,-0.67312135451557,-0.102706513723067,-0.0842508597749027,-0.185596615251889,NA
-1.16126552933532,-1.5289258758291,NA,0.867817792812952,-0.102706513723067,-0.0842508597749027,NA,0.225966888162285
-1.66728514653503,0.817437085350249,NA,-0.210839610317013,-0.102706513723067,-0.0842508597749027,NA,-0.565541438328814
-0.655245912135607,NA,-0.00328954519172247,-0.904262226614848,-0.102706513723067,-0.0842508597749027,0.51626972702621,0.918536673841998
0.429081839006631,0.331982679589006,NA,NA,-0.102706513723067,NA,0.340803141456685,-0.0708487342718768
NA,-0.477107996679735,-0.120574483373504,-0.827215269248422,-0.102706513723067,NA,-0.711996371960462,NA
-1.01668849584969,-0.881653334814105,0.465850207535404,-0.750168311881996,-0.102706513723067,-0.0842508597749027,NA,0.0280898065395108
0.356793322263815,1.30289149111149,0.817705022080748,NA,NA,NA,1.21813606930431,0.621721051407836
0.212216288778184,0.331982679589006,-0.824284112464193,-0.596074397149144,NA,NA,0.51626972702621,0.324905428973673
-0.510668878649975,0.0892554767083833,1.16955983662609,-0.0567456955841613,-0.102706513723067,NA,0.867202898165259,NA
1.94714069060576,NA,-1.76256361791845,NA,-0.102706513723067,-0.0842508597749027,0.51626972702621,NA
NA,0.00834640908150925,NA,-0.210839610317013,-0.102706513723067,-0.0842508597749027,-2.64212881322523,-1.65386538725408
1.51340959014887,NA,-0.120574483373504,-0.210839610317013,-0.102706513723067,-0.0842508597749027,-3.51946174107285,0.42384396978506
-0.221514811678712,NA,NA,0.097348219148691,-0.102706513723067,NA,0.867202898165259,-0.565541438328814
-0.293803328421528,0.331982679589006,NA,-0.827215269248422,-0.102706513723067,-0.0842508597749027,NA,-0.565541438328814
NA,0.493800814842754,NA,1.56124040911079,-0.102706513723067,-0.0842508597749027,0.340803141456685,-0.565541438328814
-0.293803328421528,1.70743682924586,-0.237859421555286,NA,-0.102706513723067,NA,0.51626972702621,-0.565541438328814
0.0676392552925517,-0.638926131933483,0.700420083898967,0.944864750179378,-0.102706513723067,-0.0842508597749027,-0.711996371960462,-0.565541438328814
-1.45041959630658,-1.60983494345597,-0.472429297918848,0.482583005980821,-0.102706513723067,NA,-0.887462957529986,-0.565541438328814
-0.582957395392791,0.251073611962132,0.817705022080748,-0.67312135451557,-0.102706513723067,-0.0842508597749027,-0.185596615251889,-0.565541438328814
NA,NA,0.231280331171841,-0.364933525049866,-0.102706513723067,-0.0842508597749027,0.867202898165259,0.225966888162285
-1.23355404607813,NA,0.700420083898967,-0.519027439782718,NA,-0.0842508597749027,-0.0101300296823641,-0.565541438328814
-0.149226294935896,NA,NA,NA,NA,-0.0842508597749027,-0.0101300296823641,NA
-1.88415069676348,-0.719835199560357,-0.355144359737067,-0.750168311881996,NA,-0.0842508597749027,NA,1.01747521465339
-0.799822945621239,-1.28619867294847,NA,0.328489091247969,-0.102706513723067,NA,-0.0101300296823641,0.127028347350898
-1.81186218002066,-1.2052896053216,NA,-0.596074397149144,-0.102706513723067,-0.0842508597749027,-0.711996371960462,NA
-0.655245912135607,-0.0725626585453648,NA,NA,-0.102706513723067,-0.0842508597749027,NA,2.89730749006975
-0.149226294935896,-0.315289861425987,-1.4107088033731,0.251442133881543,-0.102706513723067,-0.0842508597749027,NA,NA
-0.00464926145026423,-1.12438053769473,NA,1.17600562227866,-0.102706513723067,-0.0842508597749027,0.867202898165259,0.81959813303061
-0.582957395392791,-2.09528934921722,NA,-0.750168311881996,-0.102706513723067,NA,-0.0101300296823641,-0.565541438328814
-0.799822945621239,-0.881653334814105,1.755984527535,-0.750168311881996,-0.102706513723067,-0.0842508597749027,-0.887462957529986,-0.565541438328814
0.0676392552925517,0.00834640908150925,NA,1.48419345174436,-0.102706513723067,-0.0842508597749027,-0.361063200821413,-0.565541438328814
0.501370355749447,-1.2052896053216,-0.00328954519172247,NA,-0.102706513723067,NA,0.51626972702621,-0.565541438328814
0.429081839006631,NA,0.934989960262529,0.097348219148691,-0.102706513723067,NA,0.165336555887161,NA
0.79052442272071,1.78834589687274,-2.23170337064557,0.559629963347248,-0.102706513723067,NA,1.04266948373478,-0.565541438328814
-0.799822945621239,-0.881653334814105,0.583135145717186,2.02352215330934,-0.102706513723067,NA,-2.29119564208618,NA
NA,-0.153471726172239,NA,-0.596074397149144,-0.102706513723067,NA,0.340803141456685,-0.0708487342718768
-1.01668849584969,-1.60983494345597,-0.00328954519172247,NA,-0.102706513723067,-0.0842508597749027,0.867202898165259,0.225966888162285
1.51340959014887,NA,-1.05885398882776,0.944864750179378,NA,-0.0842508597749027,0.691736312595735,-0.565541438328814
0.573658872492262,0.41289174721588,0.113995392990059,-0.981309183981274,-0.102706513723067,-0.0842508597749027,0.340803141456685,-0.565541438328814
-1.95643921350629,-2.98528909311283,NA,-0.750168311881996,NA,-0.0842508597749027,0.51626972702621,NA
-0.293803328421528,-0.234380793799113,NA,0.328489091247969,-0.102706513723067,-0.0842508597749027,-2.11572905651666,-0.565541438328814
-1.45041959630658,-1.36710774057535,0.583135145717186,-1.0583561413477,-0.102706513723067,-0.0842508597749027,0.51626972702621,NA
1.07967848969197,1.06016428823087,-0.355144359737067,-0.28788656768344,-0.102706513723067,NA,0.340803141456685,-0.0708487342718768
-0.293803328421528,-0.881653334814105,0.465850207535404,-0.28788656768344,-0.102706513723067,-0.0842508597749027,-0.361063200821413,-0.268725815894652
0.212216288778184,0.0892554767083833,NA,-1.59768484291268,-0.102706513723067,-0.0842508597749027,NA,-0.268725815894652
-0.582957395392791,-0.881653334814105,-0.355144359737067,-0.981309183981274,-0.102706513723067,-0.0842508597749027,-0.0101300296823641,-0.0708487342718768
0.0676392552925517,0.736528017723375,-0.472429297918848,-0.981309183981274,-0.102706513723067,-0.0842508597749027,-0.361063200821413,-0.565541438328814
-1.30584256282095,-0.0725626585453648,0.348565269353622,0.174395176515117,-0.102706513723067,NA,-0.0101300296823641,2.20473770439003
-0.799822945621239,-0.315289861425987,NA,-0.596074397149144,NA,-0.0842508597749027,NA,-0.565541438328814
0.139927772035368,1.14107335585775,-1.87984855610023,NA,-0.102706513723067,-0.0842508597749027,NA,NA
-1.37813107956377,NA,0.465850207535404,NA,-0.102706513723067,-0.0842508597749027,-0.0101300296823641,0.621721051407836
0.429081839006631,-0.153471726172239,-0.00328954519172247,-0.67312135451557,-0.102706513723067,-0.0842508597749027,0.165336555887161,-0.169787275083264
NA,-0.315289861425987,0.934989960262529,0.328489091247969,-0.102706513723067,-0.0842508597749027,1.21813606930431,-0.0708487342718768
NA,NA,0.700420083898967,-0.0567456955841613,-0.102706513723067,-0.0842508597749027,NA,-0.565541438328814
-1.01668849584969,-0.558017064306609,-1.29342386519132,-1.0583561413477,-0.102706513723067,-0.0842508597749027,-0.185596615251889,-0.565541438328814
0.935101456206342,NA,NA,0.0203012617822648,-0.102706513723067,-0.0842508597749027,-1.23839612866904,-0.565541438328814
NA,-0.153471726172239,-0.355144359737067,0.328489091247969,-0.102706513723067,NA,0.51626972702621,NA
0.573658872492262,-0.396198929052861,NA,0.097348219148691,-0.102706513723067,NA,-0.361063200821413,-1.65386538725408
0.284504805521,0.574709882469627,0.231280331171841,NA,-0.102706513723067,-0.0842508597749027,1.56906924044336,3.88669289818362
-0.149226294935896,1.22198242348462,-1.64527867973666,-0.133792652950588,-0.102706513723067,NA,NA,0.324905428973673
1.51340959014887,0.00834640908150925,-0.00328954519172247,-0.596074397149144,-0.102706513723067,NA,-0.711996371960462,-0.565541438328814
NA,0.00834640908150925,0.348565269353622,-1.21245005608055,NA,-0.0842508597749027,0.165336555887161,-0.565541438328814
NA,-0.396198929052861,-0.00328954519172247,NA,-0.102706513723067,NA,-0.185596615251889,NA
-0.655245912135607,-0.881653334814105,NA,-0.67312135451557,-0.102706513723067,NA,NA,3.2930616533153
NA,NA,2.92883390935282,-0.67312135451557,-0.102706513723067,-0.0842508597749027,NA,-0.565541438328814
0.718235905977894,NA,0.465850207535404,-1.13540309871413,NA,-0.0842508597749027,0.165336555887161,-0.565541438328814
-0.0769377781930802,-0.558017064306609,0.113995392990059,NA,-0.102706513723067,-0.0842508597749027,NA,-0.565541438328814
0.862812939463526,0.655618950096501,NA,-0.981309183981274,-0.102706513723067,-0.0842508597749027,0.51626972702621,-0.565541438328814
-0.438380361907159,-0.881653334814105,0.348565269353622,-0.904262226614848,-0.102706513723067,-0.0842508597749027,NA,1.61110645952171
-0.872111462364055,-0.234380793799113,-0.355144359737067,-0.596074397149144,-0.102706513723067,-0.0842508597749027,-1.06292954309951,-0.169787275083264
0.0676392552925517,-0.315289861425987,0.465850207535404,1.17600562227866,-0.102706513723067,-0.0842508597749027,0.51626972702621,-0.565541438328814
-0.00464926145026423,-0.558017064306609,-0.00328954519172247,NA,-0.102706513723067,-0.0842508597749027,NA,1.90792208195587
0.501370355749447,-0.719835199560357,1.05227489844431,-0.133792652950588,-0.102706513723067,NA,-1.76479588537761,-0.565541438328814
-0.510668878649975,-0.800744267187231,NA,-0.750168311881996,-0.102706513723067,NA,0.51626972702621,1.11641375546477
2.52544882454829,0.493800814842754,NA,NA,9.7263068495745,-0.0842508597749027,0.867202898165259,NA
1.87485217386295,NA,-1.76256361791845,0.097348219148691,-0.102706513723067,-0.0842508597749027,-1.06292954309951,-0.565541438328814
-2.17330476373474,0.817437085350249,-0.00328954519172247,0.251442133881543,NA,-0.0842508597749027,0.165336555887161,NA
NA,0.251073611962132,0.817705022080748,1.56124040911079,-0.102706513723067,NA,0.165336555887161,-0.0708487342718768
NA,1.30289149111149,1.16955983662609,-0.904262226614848,-0.102706513723067,NA,-5.2741275967681,-0.268725815894652
NA,0.41289174721588,-0.237859421555286,0.405536048614395,-0.102706513723067,NA,NA,0.127028347350898
0.79052442272071,0.00834640908150925,1.28684477480787,-0.364933525049866,-0.102706513723067,-0.0842508597749027,0.867202898165259,2.60049186763559
NA,-0.558017064306609,NA,-0.28788656768344,NA,-0.0842508597749027,NA,NA
-1.81186218002066,-0.153471726172239,NA,0.482583005980821,-0.102706513723067,-0.0842508597749027,-1.76479588537761,NA
0.429081839006631,NA,-0.941569050645975,0.790770835446526,-0.102706513723067,-0.0842508597749027,-0.185596615251889,-0.565541438328814
0.356793322263815,-0.315289861425987,-0.472429297918848,0.405536048614395,-0.102706513723067,-0.0842508597749027,1.39360265487383,2.00686062276726
-1.23355404607813,-0.315289861425987,0.348565269353622,0.251442133881543,-0.102706513723067,NA,-0.0101300296823641,2.69943040844697
NA,0.655618950096501,0.348565269353622,-0.364933525049866,-0.102706513723067,-0.0842508597749027,0.165336555887161,-0.565541438328814
-0.0769377781930802,0.817437085350249,-0.941569050645975,NA,NA,NA,1.39360265487383,0.0280898065395108
-1.30584256282095,-1.60983494345597,0.817705022080748,NA,-0.102706513723067,-0.0842508597749027,-0.0101300296823641,NA
-0.655245912135607,-0.153471726172239,0.113995392990059,NA,-0.102706513723067,-0.0842508597749027,0.165336555887161,-0.565541438328814
0.429081839006631,-0.719835199560357,0.934989960262529,NA,-0.102706513723067,-0.0842508597749027,-1.41386271423856,-0.565541438328814
-0.872111462364055,-0.153471726172239,NA,0.328489091247969,-0.102706513723067,-0.0842508597749027,-1.58932929980809,NA
NA,0.251073611962132,-0.58971423610063,-0.981309183981274,-0.102706513723067,-0.0842508597749027,0.51626972702621,-0.565541438328814
-0.727534428878423,0.817437085350249,-0.00328954519172247,NA,-0.102706513723067,-0.0842508597749027,0.165336555887161,-0.565541438328814
1.00738997294916,0.574709882469627,0.817705022080748,0.097348219148691,NA,-0.0842508597749027,-2.29119564208618,-0.565541438328814
-1.16126552933532,NA,NA,-0.441980482416292,-0.102706513723067,NA,-0.711996371960462,0.42384396978506
-0.00464926145026423,0.979255220603997,NA,NA,-0.102706513723067,-0.0842508597749027,1.04266948373478,-0.565541438328814
NA,0.817437085350249,NA,0.097348219148691,-0.102706513723067,NA,0.867202898165259,-0.565541438328814
NA,NA,0.465850207535404,NA,-0.102706513723067,-0.0842508597749027,0.691736312595735,-0.565541438328814
-0.727534428878423,-0.477107996679735,-0.00328954519172247,-0.981309183981274,-0.102706513723067,NA,0.340803141456685,1.11641375546477
0.501370355749447,0.817437085350249,0.465850207535404,-0.67312135451557,-0.102706513723067,-0.0842508597749027,0.340803141456685,-0.565541438328814
-0.510668878649975,-0.881653334814105,0.465850207535404,-0.904262226614848,-0.102706513723067,-0.0842508597749027,-0.536529786390938,-0.565541438328814
-0.221514811678712,-0.477107996679735,0.348565269353622,-0.596074397149144,-0.102706513723067,-0.0842508597749027,-0.536529786390938,0.127028347350898
-1.0889770125925,NA,-0.472429297918848,-0.904262226614848,-0.102706513723067,-0.0842508597749027,0.691736312595735,3.78775435737223
-0.799822945621239,1.22198242348462,NA,-0.519027439782718,-0.102706513723067,-0.0842508597749027,-1.23839612866904,-0.268725815894652
-0.944399979106871,0.655618950096501,-0.00328954519172247,-0.28788656768344,-0.102706513723067,-0.0842508597749027,-0.536529786390938,NA
0.645947389235078,NA,0.583135145717186,-0.67312135451557,-0.102706513723067,-0.0842508597749027,0.340803141456685,NA
-0.727534428878423,-0.234380793799113,-0.237859421555286,-0.596074397149144,-0.102706513723067,-0.0842508597749027,-0.711996371960462,-0.565541438328814
1.94714069060576,NA,NA,NA,-0.102706513723067,-0.0842508597749027,NA,-0.565541438328814
1.15196700643479,NA,0.465850207535404,1.09895866491223,NA,NA,NA,-0.565541438328814
2.23629475757703,2.8401637760221,NA,0.867817792812952,-0.102706513723067,NA,1.04266948373478,NA
-0.944399979106871,-0.638926131933483,NA,-0.827215269248422,-0.102706513723067,NA,NA,0.324905428973673
0.356793322263815,-0.0725626585453648,-0.00328954519172247,1.56124040911079,-0.102706513723067,NA,0.340803141456685,-0.268725815894652
-0.0769377781930802,-0.396198929052861,0.465850207535404,1.09895866491223,-0.102706513723067,-0.0842508597749027,0.867202898165259,NA
0.429081839006631,NA,-0.355144359737067,0.713723878080099,-0.102706513723067,-0.0842508597749027,NA,-0.565541438328814
0.501370355749447,NA,0.113995392990059,-0.0567456955841613,-0.102706513723067,-0.0842508597749027,NA,-0.268725815894652
-0.799822945621239,4.05379979042521,-1.4107088033731,1.17600562227866,-0.102706513723067,-0.0842508597749027,-0.0101300296823641,NA
-0.655245912135607,0.493800814842754,0.348565269353622,-0.750168311881996,-0.102706513723067,-0.0842508597749027,0.867202898165259,-0.169787275083264
-1.16126552933532,-1.2052896053216,1.28684477480787,-0.519027439782718,-0.102706513723067,-0.0842508597749027,NA,-0.268725815894652
NA,-0.0725626585453648,-0.00328954519172247,-0.441980482416292,-0.102706513723067,-0.0842508597749027,0.165336555887161,0.0280898065395108
1.29654403992042,NA,-0.824284112464193,0.097348219148691,-0.102706513723067,NA,1.92000241158241,-0.565541438328814
-0.510668878649975,-0.396198929052861,0.348565269353622,-0.519027439782718,-0.102706513723067,-0.0842508597749027,1.04266948373478,-0.565541438328814
-0.0769377781930802,NA,NA,-0.28788656768344,-0.102706513723067,-0.0842508597749027,0.165336555887161,-0.565541438328814
2.01942920734858,2.59743657314148,0.700420083898967,-0.364933525049866,-0.102706513723067,NA,3.3237350961386,-0.565541438328814
0.935101456206342,1.22198242348462,-0.941569050645975,NA,-0.102706513723067,-0.0842508597749027,0.691736312595735,NA
-0.727534428878423,0.0892554767083833,NA,-0.981309183981274,-0.102706513723067,NA,-0.887462957529986,-0.268725815894652
NA,-0.315289861425987,NA,-0.596074397149144,-0.102706513723067,NA,-1.94026247094713,-0.565541438328814
-0.0769377781930802,0.898346152977123,-0.120574483373504,-0.0567456955841613,-0.102706513723067,-0.0842508597749027,NA,0.0280898065395108
-0.00464926145026423,-0.153471726172239,-0.237859421555286,-0.210839610317013,-0.102706513723067,NA,0.51626972702621,3.98563143899501
0.212216288778184,-0.558017064306609,-0.355144359737067,-0.827215269248422,-0.102706513723067,NA,1.39360265487383,NA
NA,-0.0725626585453648,0.583135145717186,-0.596074397149144,-0.102706513723067,NA,1.04266948373478,-0.565541438328814
-0.366091845164344,0.00834640908150925,0.817705022080748,0.251442133881543,-0.102706513723067,-0.0842508597749027,-1.06292954309951,-1.65386538725408
NA,-0.0725626585453648,0.817705022080748,-0.0567456955841613,-0.102706513723067,NA,NA,-0.565541438328814
-0.510668878649975,0.574709882469627,0.348565269353622,2.10056911067577,NA,-0.0842508597749027,0.51626972702621,-0.268725815894652
-0.293803328421528,-0.962562402440979,0.113995392990059,NA,-0.102706513723067,-0.0842508597749027,NA,-0.565541438328814
1.44112107340605,2.27380030263398,0.348565269353622,-0.133792652950588,-0.102706513723067,-0.0842508597749027,-0.361063200821413,-0.565541438328814
-0.0769377781930802,-0.962562402440979,NA,NA,NA,-0.0842508597749027,-0.711996371960462,-0.565541438328814
-1.01668849584969,-0.477107996679735,0.113995392990059,-0.67312135451557,NA,NA,1.74453582601288,-0.862357060762977
0.645947389235078,NA,-0.120574483373504,NA,-0.102706513723067,-0.0842508597749027,0.340803141456685,-0.565541438328814
