"","V1","V2","V3","V4","V5","V6","V7","V8","V9","V10","V11","V12","V13","V14","V15","V16","V17","V18","V19","V20","V21","V22","V23","V24","V25","V26","V27","V28","V29","V30","V31","V32","V33","V34","V35","V36","V37","V38","V39","V40","V41","V42","V43","V44","V45","V46","V47","V48","V49","V50","V51","V52","V53","V54","V55","V56","V57","V58","V59","V60","V61","V62","V63","V64"
"1",0,-0.346763866306412,-1.17387929654563,-1.34073439216472,-0.112707670625565,0.0807774808691453,-0.416428649433891,-0.135962069060475,-0.0247411626405223,-0.640995384823577,-0.467204948361685,0.325036110633647,-0.34196587835462,1.29148053419773,0.0988344886546216,-0.1555961886108,-0.0445734002443183,-0.1658625288534,0.92012536432158,-0.456649399402975,-0.490528586735817,0.7704887055687,-0.00863718660102822,-0.113860786417039,-0.0909846830221019,-0.759253601238671,-0.385240369844486,-0.240696218777184,-0.10507132624598,0.867584711348771,-0.650039470011399,-0.048236570436645,-0.0539306280597664,-0.639535815693025,-1.06645647246535,0.935312461488958,0.950766487281889,-0.541614041969328,-0.831486854781667,0,-0.0930309953194633,-0.481588184154324,0.708877117089123,0.431157047935746,0.322404541374051,0.582359322363638,-0.797595882078731,-0.0998707974396848,-0.0692112518235939,-0.410266899197836,0.198998781405106,0.0255710898531705,-1.64539458651373,1.14027554013895,-0.159645077646464,-0.202993708003753,-0.0191459895266863,-0.303642030474405,-1.17332181098952,-0.673923054752843,-0.0884758427577761,0.558394746906768,-0.281918760399022,-0.177318504788345
"2",0,-0.346763866306412,-0.314065241041354,-0.408360630783831,0.994701386553687,1.51206153486365,0.756839985377011,-0.135962069060475,-0.0247411626405223,-0.640995384823577,-0.100464245748303,1.06960504576937,1.13345756693153,1.29148053419773,0.444635321258607,-0.1555961886108,-0.0445734002443183,-0.741918245459386,1.09010489057606,0.619279299802398,0.429655792344745,-0.0233446231262145,-0.574697546273115,-0.113860786417039,-0.0382639442739243,-0.759253601238671,1.08838378637757,1.1507788827907,1.00657188464015,-1.3031392155474,-1.00367229668115,-0.048236570436645,-0.0330109162638679,-0.639535815693025,1.33132611434538,1.09627321067543,0.950766487281889,-1.56276425682162,-0.831486854781667,0,-0.0930309953194633,0.175580881474804,1.47858362970634,1.09210066835233,1.27280760797249,-1.48080674570224,-0.797595882078731,-0.0998707974396848,-0.0692112518235939,0.161696544855039,1.43048399386859,1.21786354407742,1.16729496510292,-0.869621855048151,-0.767532904424768,-0.202993708003753,-0.0758585761396516,-0.303642030474405,0.027704841871553,0.474752486526631,0.508752131666208,-1.1603681679367,-0.527680489439249,-0.177318504788345
"3",0,-0.346763866306412,-0.0991117271652847,-0.175267190438608,0.108774140810285,-0.634864546128108,-0.416428649433891,-0.135962069060475,-0.0247411626405223,0.993917662786584,0.999757862091843,0.573225755678888,0.711908011135486,0.618220742359401,-0.540830462877054,-0.1555961886108,-0.0445734002443183,0.698221046055578,-0.43971084571426,-1.12999301782559,0.453222753078071,0.294188708351751,-0.574697546273115,-0.113860786417039,-0.0382639442739243,-0.759253601238671,-1.53139249135053,-1.39134383926002,0.688959538672687,-0.301266633903012,-0.650039470011399,-0.048236570436645,-0.0330109162638679,-0.639535815693025,-1.2263086449194,0.774351712302486,0.278080687139385,-1.39257255434624,-0.667687689869685,0,-0.0930309953194633,-0.481588184154324,0.708877117089123,1.36287885195866,-1.10320005852361,-1.48080674570224,-0.797595882078731,-0.301475928114868,-0.0692112518235939,-0.410266899197836,1.25455753494524,0.898230971807001,-0.332806129092624,-0.715937291873794,-0.362274353239232,-0.202993708003753,-0.0191459895266863,-0.303642030474405,-0.572808484558983,0.0152822700148413,0.904845870642121,1.4177762043285,1.68417507192279,-0.177318504788345
"4",0,-0.346763866306412,1.4055628699672,0.990200011287507,0.994701386553687,1.86988254836228,3.69001157240427,-0.135962069060475,-0.0247411626405223,-0.640995384823577,-1.01731600228176,-0.532426534531308,-0.552740656252641,1.12316558623815,1.9228339974621,-0.1555961886108,-0.0445734002443183,-0.741918245459386,-1.62956752949562,-1.12999301782559,-0.363535965128757,1.08802203704667,-0.292956833346385,-0.113860786417039,-0.0382639442739243,-1.05119237623601,-1.20392045663452,-0.205019902303017,0.688959538672687,1.36852100217096,1.81049060765444,-0.048236570436645,-0.0330109162638679,-0.639535815693025,0.851769596983231,1.09627321067543,0.782595037246263,0.479536172882967,1.17550008551579,0,-0.152575840020917,-0.481588184154324,-0.830535908145318,1.05230491728436,-0.311197503024907,-1.48080674570224,-0.797595882078731,-0.0998707974396848,-0.0692112518235939,-0.406157090336265,-0.680633513211668,0.803323473037571,-1.83290722328817,-1.55967039733413,-0.767532904424768,-0.202993708003753,-0.0191459895266863,-0.303642030474405,1.22873149473262,-0.673923054752843,-2.26390404116519,-1.15248177638074,-0.527680489439249,-0.177318504788345
"5",0,-0.346763866306412,-0.528062799470258,0.290919690251838,-0.334189482061415,-0.813775052877421,-0.416428649433891,-0.135962069060475,-0.0247411626405223,-0.640995384823577,-0.467204948361685,1.06960504576937,1.13345756693153,0.954850638278565,-0.294464016843139,-0.1555961886108,-0.0445734002443183,-0.741918245459386,0.24020725930366,0.216694219019643,-0.690239452411488,1.08802203704667,-0.292956833346385,-0.113860786417039,-0.0382639442739243,-0.759253601238671,-0.548976387202492,-0.184932218651862,-0.10507132624598,0.533627184133976,-0.650039470011399,-0.048236570436645,-0.0330109162638679,-0.639535815693025,0.212360907167038,1.09627321067543,0.950766487281889,-1.22238085187086,-0.831486854781667,0,-0.0930309953194633,-0.145269946550987,1.47858362970634,-0.0347038540757136,0.164004030274312,0.238498311019326,-0.797595882078731,-0.0998707974396848,-0.0280653957983559,-0.216241142195504,0.765687446916097,-0.94661938912733,-1.0828566761904,1.14027554013895,-0.159645077646464,-0.27164708980826,-0.0191459895266863,-0.217963395400069,-0.372637375748804,-0.214452838241053,0.508752131666208,1.07402362135981,0.701128155761885,-0.177318504788345
"6",0,-0.346763866306412,-0.529018754917424,0.757106570942284,-0.998634916368966,-0.992685559626734,-0.416428649433891,-0.135962069060475,-0.0247411626405223,-0.640995384823577,0.162665296022642,1.06960504576937,-0.141627993661612,-0.46906464425088,-0.540830462877054,-0.1555961886108,-0.0445734002443183,0.698221046055578,1.1901308772685,0.0483583144139882,-0.363535965128757,0.725090974241735,-0.574697546273115,-0.113860786417039,-0.0382639442739243,0.849104702984884,1.08838378637757,-0.205019902303017,1.00657188464015,1.20154223856357,-0.10325500830788,-0.048236570436645,-0.0330109162638679,-0.0211034405390152,0.691917424529183,0.0267133702844913,-0.73094801307437,-0.201230637018563,2.03563734564328,0,-0.0930309953194633,-0.145269946550987,1.17070102465946,0.489452852355283,-1.26160056962335,-1.48080674570224,2.17371730844006,-0.0998707974396848,-0.0692112518235939,-0.410277453296793,0.198998781405106,0.997761568833671,0.41724441800515,0.971528919046879,2.47453550505952,-0.202993708003753,-0.0191459895266863,-0.303642030474405,-0.772979593369162,-0.444187946496948,0.706799001154165,1.18754710820752,1.19265161384234,-0.177318504788345
"7",0,-0.346763866306412,0.330795300586854,0.0578262499066152,0.551737763681986,1.86988254836228,1.93010862018791,-0.135962069060475,-0.0247411626405223,-0.640995384823577,0.999757862091843,-0.171343179456834,-0.552740656252641,-0.0550390494789284,0.444635321258607,-0.1555961886108,-0.0445734002443183,-0.741918245459386,1.09010489057606,-0.961657113219938,-0.363535965128757,-0.817177951821129,-0.574697546273115,-0.113860786417039,-0.0382639442739243,0.849104702984884,1.08838378637757,1.1507788827907,1.00657188464015,0.867584711348771,-0.376647239159639,-0.048236570436645,0.0107463985881819,-0.0211034405390152,0.212360907167038,-0.835255779562232,-1.40363381321687,0.819919577833732,0.8887876654733,0,-0.0930309953194633,-0.481588184154324,-0.984477210668762,-1.49521103647904,-1.26160056962335,1.09815083938011,0.34521688350542,-0.0998707974396848,-0.0692112518235939,-0.410266899197836,-1.03248643105838,-0.36330510173903,0.0422191444562627,1.14027554013895,0.0429841979463036,-0.202993708003753,-0.0191459895266863,-0.303642030474405,0.027704841871553,0.704487594782526,0.112658392690295,-0.129110419030621,-0.527680489439249,-0.177318504788345
"8",0,-0.509482933176387,-1.17387929654563,-1.1076409518195,0.773219575117836,0.0807774808691453,0.0229116429797488,-0.17181540490569,-0.0247411626405223,-0.640995384823577,-0.650575299668376,1.06960504576937,-1.39583976784473,-1.233243685196,0.198268875224692,-0.1555961886108,-0.0364582152705978,-0.1658625288534,1.09010489057606,0.553366028230951,-1.18029468333559,0.929255371307683,1.13480658849791,-0.113860786417039,-0.0382639442739243,1.17077636382959,1.52570396430126,-0.374494750439731,-0.899102191164647,1.36852100217096,1.13208962508365,-0.048236570436645,-0.0330109162638679,1.21576130976901,1.33132611434538,1.09627321067543,0.614423587210637,1.1603029827845,0.8887876654733,0,-0.0930309953194633,-0.145269946550987,0.0931119069953467,0.275870080598593,1.27280760797249,0.603188088431518,-0.797595882078731,-0.0998707974396848,-0.0692112518235939,-0.410266899197836,-1.38433934890509,-1.14105748492343,1.16729496510292,-0.378444049689659,-0.767532904424768,-0.202993708003753,-0.0191459895266863,-0.690037400482757,-1.22617405764125,-0.444187946496948,0.112658392690295,-1.1603681679367,-0.527680489439249,-0.177318504788345
"9",0,-0.346763866306412,0.545748814462924,0.938122201264009,0.551737763681986,-0.813775052877421,-0.416428649433891,-0.135962069060475,-0.0247411626405223,-0.640995384823577,-0.110968615788416,1.06960504576937,1.13345756693153,-0.0550390494789284,-0.540830462877054,-0.1555961886108,-0.0445734002443183,-0.741918245459386,-0.9496494244777,1.56338145586488,1.43333321492626,-0.0233446231262145,-0.574697546273115,-0.113860786417039,-0.0382639442739243,-0.759253601238671,-1.20392045663452,1.01333225574815,1.00657188464015,1.03456347495617,-0.650039470011399,-0.048236570436645,-0.0330109162638679,-0.915191294172609,-1.06645647246535,1.09627321067543,0.950766487281889,0.309344470407584,-0.831486854781667,0,-0.0930309953194633,-0.481588184154324,-0.214770698051542,1.06350948677084,1.27280760797249,0.238498311019326,-0.797595882078731,-0.0998707974396848,-0.0692112518235939,-0.410266899197836,0.198998781405106,1.19219966462977,1.16729496510292,-0.0409508075055244,-0.767532904424768,-0.330962437629983,-0.0191459895266863,-0.303642030474405,1.4289026035428,0.93422270303842,0.904845870642121,-0.173255322702239,-0.527680489439249,-0.177318504788345
"10",0,-0.346763866306412,0.975655842215063,0.990200011287507,0.994701386553687,1.86988254836228,0.17020566797156,-0.135962069060475,-0.0247411626405223,-0.640995384823577,-0.338107935509285,-0.915912114592555,-0.131191100456599,1.29148053419773,-0.540830462877054,-0.1555961886108,-0.0445734002443183,-0.741918245459386,-0.96640771647067,-1.12999301782559,0.453222753078071,0.929255371307683,0.834006018360537,-0.113860786417039,-0.0382639442739243,-0.752889561792158,-0.22150435248648,0.981304034653986,1.00657188464015,0.841224377991469,1.53709837680268,-0.048236570436645,-0.0330109162638679,-0.639535815693025,1.01162176943728,1.35660827681044,0.109909237103759,-0.340486977259186,-0.831486854781667,0,-0.0930309953194633,-1.01506254794168,-0.52265330309843,1.36287885195866,-0.944799547423866,-1.48080674570224,-0.797595882078731,-0.0998707974396848,-0.0692112518235939,-0.410266899197836,0.374925240328461,0.0255710898531705,-1.83290722328817,-1.55967039733413,-0.767532904424768,-0.202993708003753,-0.0191459895266863,-0.303642030474405,1.22873149473262,-2.05233370428821,-2.26390404116519,-1.1603681679367,-0.527680489439249,-0.177318504788345
"11",0,2.99694405524889,2.26537692547148,0.990200011287507,0.994701386553687,1.86988254836228,0.463522826674285,-0.135962069060475,-0.0247411626405223,1.32090027230862,0.999757862091843,-0.419532824502074,-0.974290212048683,-1.06492873723642,-0.540830462877054,-0.1555961886108,-0.0445734002443183,2.13836033757054,0.7501458380671,-0.793321208614283,-1.18029468333559,-1.29347794903808,-0.62490572664207,-0.113860786417039,-0.0382639442739243,2.77913466805315,1.08838378637757,1.1507788827907,-0.740296018180913,-1.3031392155474,-0.650039470011399,-0.048236570436645,-0.0215921147357923,-0.33031962811602,-0.906604300011301,0.130508715556599,0.446252137175011,-1.56276425682162,-0.831486854781667,0,-0.0930309953194633,-0.481588184154324,-0.984477210668762,0.0654210956117453,1.27280760797249,-0.96501522868577,-0.797595882078731,-0.0998707974396848,0.0621729574640496,0.0739739549704533,-0.328780595364958,-0.75218129333123,1.16729496510292,-1.22217715515,-0.767532904424768,-0.202993708003753,-0.0391425295684976,1.76127335410647,1.4289026035428,0.93422270303842,-0.0853884767976621,-1.1603681679367,-0.575084124930967,-0.177318504788345
"12",0,-0.346763866306412,-0.529018754917424,0.290919690251838,0.330255952246136,1.51206153486365,1.34347430278246,-0.135962069060475,-0.0247411626405223,0.0129698342204877,0.816387510785152,-0.915912114592555,1.13345756693153,1.12316558623815,2.16920044349601,-0.1555961886108,-0.0445734002443183,-0.112447158008466,0.7501458380671,-0.624985304008629,-0.363535965128757,1.08802203704667,0.552265305433806,-0.113860786417039,-0.0382639442739243,-0.43758194039396,0.67433505892705,1.1507788827907,1.00657188464015,-0.802202924725205,-0.650039470011399,-0.048236570436645,-0.0330109162638679,-0.639535815693025,0.851769596983231,0.613390963116015,0.614423587210637,-0.906650326325773,-0.831486854781667,0,-0.0930309953194633,0.863684766259023,0.862818419612568,-1.12171262543579,-0.311197503024907,0.410428816691482,-0.797595882078731,-0.0998707974396848,-0.0692112518235939,1.04245566330703,1.07863107602188,-0.924420382216321,-0.520318765867068,0.971528919046879,-0.767532904424768,-0.202993708003753,-0.0191459895266863,-0.303642030474405,0.227875950681732,0.704487594782526,0.706799001154165,0.386518455422421,-0.527680489439249,-0.177318504788345
"13",0,-0.346763866306412,0.975655842215063,0.757106570942284,0.994701386553687,0.0807774808691453,-0.416428649433891,-0.177464496114102,-0.0247411626405223,1.64788288183065,0.999757862091843,0.573225755678888,1.13345756693153,0.449905794399818,-0.540830462877054,-0.1555961886108,-0.0445734002443183,0.986248904358571,-0.77966989822322,0.721701932836606,1.43333321492626,-0.817177951821129,-0.574697546273115,-0.113860786417039,-0.0382639442739243,-0.759253601238671,-1.53139249135053,0.472879490243842,1.00657188464015,-0.301266633903012,-0.650039470011399,-0.048236570436645,-0.0330109162638679,-0.639535815693025,-1.2263086449194,-1.31813802712165,0.446252137175011,1.1603029827845,0.602075245430805,0,-0.0930309953194633,-0.481588184154324,-0.984477210668762,-1.25064886373746,-0.944799547423866,1.27008134505226,1.25946709597274,-0.0998707974396848,-0.0692112518235939,-0.410266899197836,-0.856559972135023,-0.36330510173903,0.604757054779594,1.14027554013895,0.650872024724607,-0.202993708003753,-0.0191459895266863,-0.303642030474405,1.22873149473262,0.93422270303842,0.706799001154165,-0.472863001999315,-0.527680489439249,-0.177318504788345
"14",0,-0.346763866306412,0.545748814462924,0.0578262499066152,0.994701386553687,0.900019443139695,1.93010862018791,0.328785200224,-0.0247411626405223,0.142631490478367,0.816387510785152,-1.27613281603925,-2.23893887943681,-1.40155863315559,-0.540830462877054,-0.1555961886108,0.0386153206471683,0.410193187752585,0.41018678555814,-1.12999301782559,-1.18029468333559,-1.29347794903808,-0.574697546273115,-0.113860786417039,-0.0382639442739243,0.527433042140173,0.760911751661556,0.472879490243842,0.37134719270522,-0.802202924725205,-0.650039470011399,-0.048236570436645,-0.0330109162638679,-0.639535815693025,-0.107343437741059,-0.67429503037576,-0.899119463109996,0.819919577833732,-0.258062014696678,0,-0.0930309953194633,0.527366528655686,-0.676594605621874,-1.12171262543579,-1.26160056962335,0.410428816691482,0.116654330388589,-0.0998707974396848,-0.0692112518235939,0.558214809138742,0.550851699251816,-1.91880986810783,-1.83290722328817,0.634035676862745,-0.362274353239232,-0.202993708003753,-0.0191459895266863,-0.303642030474405,1.02856038592245,0.245017378270736,0.112658392690295,-0.0586076627594641,-0.527680489439249,-0.177318504788345
"15",0,-0.346763866306412,-1.17387929654563,-0.458233075102829,0.773219575117836,-0.813775052877421,-0.416428649433891,-0.135962069060475,-0.0247411626405223,-0.640995384823577,-1.56742705620183,1.06960504576937,-0.763515434150662,-1.23103478494314,-0.540830462877054,-0.1555961886108,-0.0445734002443183,-0.741918245459386,-0.43971084571426,1.39504555125922,-1.01694293969422,-1.29347794903808,-0.574697546273115,-0.113860786417039,-0.0909846830221019,-0.759253601238671,0.105967682229532,0.303404642107127,-1.53432688309958,-1.3031392155474,-0.650039470011399,-0.048236570436645,-0.0330109162638679,-0.639535815693025,1.01162176943728,1.09627321067543,0.950766487281889,0.649727875358349,-0.258062014696678,0,-0.0930309953194633,-0.481588184154324,1.3246423271829,1.36287885195866,-0.469598014124647,-0.4492237116693,2.40227986155689,4.95470122853544,-0.0692112518235939,-0.410266899197836,0.198998781405106,0.414447281445371,-1.45788194973929,-0.884683912965861,2.06927695387398,5.94507179709886,-0.0191459895266863,-0.303642030474405,-1.17332181098952,-0.903658163008738,0.706799001154165,1.58965249581285,2.6672219880837,2.96629580067841
"16",0,-0.346763866306412,-0.538066822446639,0.990200011287507,0.773219575117836,0.0807774808691453,-0.416428649433891,-0.135962069060475,-0.0247411626405223,1.64788288183065,0.082906105558388,0.821415400724128,0.290358455339444,1.29148053419773,-0.540830462877054,-0.182224553987035,-0.0445734002443183,1.85033247926755,1.09010489057606,0.553366028230951,0.453222753078071,1.24678870278565,-0.292956833346385,-0.113860786417039,-0.0382639442739243,0.456433365082848,0.269703699587538,1.1507788827907,1.00657188464015,-0.301266633903012,-0.601075241274815,-0.048236570436645,-0.0330109162638679,-0.639535815693025,1.17147394189133,1.09627321067543,0.782595037246263,-1.22238085187086,-0.831486854781667,0,-0.290471055949801,-0.481588184154324,1.17070102465946,-0.34527778875002,-0.157907481348724,0.754289828035795,-0.569033328961901,-0.0998707974396848,-0.0692112518235939,-0.410266899197836,0.550851699251816,0.220009185649271,-0.707831402641512,1.14027554013895,0.650872024724607,-0.202993708003753,-0.0191459895266863,-0.303642030474405,-0.572808484558983,-0.214452838241053,0.904845870642121,0.902147329875462,0.209604697681432,-0.177318504788345
"17",0,-0.346763866306412,0.290257922330073,0.990200011287507,0.994701386553687,1.15424052136502,1.34347430278246,-0.135962069060475,-0.0247411626405223,-0.640995384823577,-0.833945650975067,-0.667722469547314,1.13345756693153,1.29148053419773,3.15466622763167,0.822837501932791,-0.0445734002443183,-0.683499406825815,-1.62956752949562,-1.12999301782559,-0.690239452411488,1.32435492958946,1.8707656276146,-0.113860786417039,-0.0382639442739243,-0.43758194039396,0.433439716945544,0.113248274572716,0.38987226049407,1.36852100217096,-0.10325500830788,-0.048236570436645,-0.0330109162638679,-0.33031962811602,0.561786273808863,1.09627321067543,0.950766487281889,1.1603029827845,1.46221250555829,0,-0.0930309953194633,-0.481588184154324,-0.830535908145318,0.897017949947205,0.156788935280274,0.238498311019326,0.116654330388589,-0.0998707974396848,-0.0692112518235939,-0.410266899197836,-0.856559972135023,1.19219966462977,-1.45788194973929,-1.55967039733413,-0.767532904424768,-0.202993708003753,-0.0191459895266863,-0.303642030474405,0.628218168302089,-0.127178492078636,-2.26390404116519,-1.1603681679367,-0.527680489439249,-0.177318504788345
"18",0,-0.346763866306412,-0.314065241041354,0.757106570942284,-0.334189482061415,-0.634864546128108,-0.416428649433891,-0.135962069060475,-0.0247411626405223,-0.640995384823577,-1.38405670489514,1.06960504576937,0.922682789033507,-0.728298841317257,-0.540830462877054,-0.1555961886108,-0.0445734002443183,-0.741918245459386,-0.917879503185237,1.56338145586488,1.43333321492626,-0.975944617560112,-0.574697546273115,-0.113860786417039,-0.0382639442739243,-0.759253601238671,-0.385240369844486,1.109728672412,0.212541019721487,-1.3031392155474,-0.399826644317865,-0.048236570436645,-0.0330109162638679,-0.639535815693025,0.212360907167038,1.09627321067543,-0.562776563038745,-1.56276425682162,-0.831486854781667,0,-0.0930309953194633,-0.183713637404687,0.862818419612568,1.36287885195866,-0.627998525224387,-1.48080674570224,-0.797595882078731,-0.175177483607076,-0.0692112518235939,-0.410266899197836,0.198998781405106,1.19219966462977,-1.0828566761904,-1.55967039733413,-0.767532904424768,-0.202993708003753,-0.0191459895266863,-0.303642030474405,-0.372637375748804,0.704487594782526,-0.679529085261532,-1.1603681679367,-0.534116483359915,-0.177318504788345
"19",0,-0.346763866306412,0.313877407998978,0.990200011287507,-2.54900759641992,-0.992685559626734,-0.416428649433891,-0.135962069060475,-0.0247411626405223,-0.640995384823577,0.407395385194402,-1.1641017596378,-2.23893887943681,-1.40155863315559,-0.540830462877054,-0.1555961886108,-0.0445734002443183,-0.1658625288534,1.09010489057606,-1.12999301782559,-1.18029468333559,-1.29347794903808,-0.574697546273115,-0.113860786417039,-0.0382639442739243,-0.759253601238671,1.08838378637757,-0.693180784281715,-1.53432688309958,-1.3031392155474,-0.650039470011399,-0.048236570436645,-0.0330109162638679,0.597328934614995,1.17147394189133,0.130508715556599,-0.0582622129318667,-0.881997446920094,-0.831486854781667,0,-0.0930309953194633,1.20000300386236,1.47858362970634,1.05230491728436,0.00560351917457189,0.754289828035795,1.03090454285591,-0.0998707974396848,-0.0692112518235939,0.558214809138742,1.43048399386859,0.608885377241471,-0.412662167215091,0.971528919046879,1.46138912709568,-0.202993708003753,-0.0191459895266863,-0.303642030474405,0.1121419387637,0.0152822700148413,0.310705262178251,0.0427658724537265,-0.527680489439249,-0.747823436604345
"20",0,0.767805440878689,0.760702328338993,0.0578262499066152,0.108774140810285,1.33315102811434,4.27664588980972,3.57357020321637,-0.0247411626405223,-0.314012775301545,0.082906105558388,-0.583515547594993,0.290358455339444,0.999822621171187,2.66193333556384,0.822837501932791,-0.0445734002443183,-0.741918245459386,-1.62956752949562,-1.12999301782559,-0.0368324778460259,1.24678870278565,-0.0112161204196545,-0.113860786417039,-0.0382639442739243,-0.759253601238671,-0.22150435248648,0.472879490243842,0.847765711656421,0.867584711348771,-0.650039470011399,-0.048236570436645,-0.0330109162638679,-0.639535815693025,-0.299605295549199,0.832303107646515,0.950766487281889,0.479536172882967,-0.831486854781667,0,-0.0930309953194633,-0.481588184154324,-0.984477210668762,0.897017949947205,0.196419123973969,-1.48080674570224,-0.797595882078731,-0.0998707974396848,-0.0692112518235939,-0.410266899197836,-0.152854136441604,1.19219966462977,-0.895344039415955,-1.55967039733413,-0.767532904424768,-0.202993708003753,-0.0191459895266863,-0.303642030474405,1.22873149473262,0.704487594782526,-1.86781030218927,-1.1603681679367,-0.527680489439249,-0.177318504788345
"21",0,-0.346763866306412,-1.17387929654563,-0.874547511474277,0.773219575117836,1.86988254836228,1.63679146148519,-0.135962069060475,-0.0247411626405223,-0.314012775301545,0.633017159478461,-0.667722469547314,-2.02816410153879,0.540160597509636,1.6044670411577,-0.1555961886108,-0.0445734002443183,0.794681351604046,0.41018678555814,-1.12999301782559,-1.18029468333559,0.294188708351751,1.67922815714073,-0.113860786417039,-0.0382639442739243,0.171810361343485,0.760911751661556,0.472879490243842,0.530153365688954,1.03456347495617,1.53709837680268,-0.048236570436645,-0.0330109162638679,-0.639535815693025,-1.2263086449194,-1.47909877630812,-1.5718052632525,-0.881997446920094,1.46221250555829,0,-0.0930309953194633,-0.481588184154324,-0.984477210668762,-1.12171262543579,-1.26160056962335,-0.793084723013613,1.03090454285591,-0.0380780703607817,-0.12318454517725,-0.410266899197836,-1.38433934890509,-1.91880986810783,-1.83290722328817,-0.378444049689659,0.853501300317375,-0.202993708003753,-0.0576990833337516,-0.303642030474405,-1.17332181098952,-0.903658163008738,0.46419657539882,1.4177762043285,0.424871136756501,-0.177318504788345
"22",0,-0.395745508526939,-1.17387929654563,0.757106570942284,-0.334189482061415,-0.992685559626734,-0.416428649433891,-0.135962069060475,-0.0247411626405223,-0.640995384823577,-1.20068635358845,1.06960504576937,1.13345756693153,-0.223353997438511,-0.540830462877054,-0.1555961886108,-0.0445734002443183,-0.741918245459386,-1.11962895073218,1.56338145586488,1.43333321492626,0.294188708351751,-0.574697546273115,-0.127937624422056,-0.0909846830221019,-0.759253601238671,-0.956682373875206,1.1507788827907,1.00657188464015,1.03456347495617,-0.650039470011399,-0.106080643591261,-0.0330109162638679,-0.639535815693025,-0.586899955103205,1.09627321067543,0.950766487281889,1.1603029827845,-0.258062014696678,0,-0.0930309953194633,-0.481588184154324,0.554935814565679,1.36287885195866,1.27280760797249,1.27008134505226,-0.603561396957953,-0.0998707974396848,-0.0692112518235939,-0.410266899197836,0.198998781405106,1.19219966462977,1.16729496510292,1.14027554013895,1.05613057591014,1.27296927563807,-0.0191459895266863,-0.303642030474405,-0.97315070217934,-0.903658163008738,-1.66976343270132,0.0427658724537265,3.40450717520438,1.57294565917274
"23",0,-0.236112334101441,0.324134210349303,0.0578262499066152,-0.998634916368966,-0.992685559626734,-0.416428649433891,-0.135962069060475,-0.0247411626405223,-0.640995384823577,-1.01731600228176,1.06960504576937,1.13345756693153,0.113275898480654,-0.540830462877054,-0.1555961886108,-0.0445734002443183,-0.741918245459386,-0.9496494244777,1.56338145586488,1.28289239442157,0.611722039829717,-0.574697546273115,-0.113860786417039,-0.0382639442739243,-0.759253601238671,-0.876448421918504,1.1507788827907,1.00657188464015,0.483219194697327,-0.650039470011399,-0.048236570436645,-0.0330109162638679,-0.639535815693025,-0.746752127557253,0.935312461488958,0.950766487281889,0.479536172882967,-0.831486854781667,0,-0.0930309953194633,-0.481588184154324,-0.676594605621874,1.00392268159631,1.27280760797249,0.582359322363638,-0.797595882078731,-0.0998707974396848,-0.0692112518235939,-0.410266899197836,0.550851699251816,1.19219966462977,1.16729496510292,-0.715937291873794,-0.772053303512282,-0.202993708003753,-0.0191459895266863,-0.303642030474405,0.42804705949191,-0.444187946496948,-0.679529085261532,-1.1603681679367,-0.527680489439249,-0.177318504788345
"24",0,-0.346763866306412,-0.529018754917424,-0.175267190438608,-0.112707670625565,0.0807774808691453,-0.416428649433891,-0.135962069060475,-0.0247411626405223,0.33995244374252,0.633017159478461,1.06960504576937,1.13345756693153,0.618220742359401,-0.540830462877054,-0.1555961886108,-0.0445734002443183,-0.741918245459386,-0.43971084571426,1.56338145586488,1.43333321492626,0.611722039829717,-0.574697546273115,-0.113860786417039,-0.0382639442739243,-0.759253601238671,0.59717573430355,1.1507788827907,0.701147329496553,0.700605947741373,-0.650039470011399,-0.048236570436645,-0.0330109162638679,-0.639535815693025,0.851769596983231,1.09627321067543,0.950766487281889,0.819919577833732,-0.831486854781667,0,-0.0930309953194633,0.19104829105235,1.3246423271829,1.36287885195866,1.27280760797249,0.754289828035795,-0.411182844186028,-0.0998707974396848,-0.0692112518235939,-0.410266899197836,0.726778158175171,1.19219966462977,1.16729496510292,0.465289055770677,-0.551897290674741,-0.202993708003753,-0.0191459895266863,-0.303642030474405,-0.572808484558983,-0.214452838241053,-0.0853884767976621,0.0427658724537265,-0.527680489439249,-0.177318504788345
"25",0,-0.346763866306412,-0.0991117271652847,0.524013130597061,0.773219575117836,-0.634864546128108,-0.416428649433891,-0.135962069060475,-0.0247411626405223,0.666935053264552,0.816387510785152,-1.1641017596378,0.0795836774414227,-0.0550390494789284,-0.540830462877054,-0.1555961886108,-0.0445734002443183,0.410193187752585,-0.60969037196874,-0.961657113219938,1.2699814712849,-0.499644620343163,-0.61868469315034,-0.113860786417039,-0.0177637689065176,-0.486935392906391,-1.53139249135053,-0.882919294849875,0.847765711656421,-0.635224161117807,-0.650039470011399,-0.048236570436645,-0.0330109162638679,-0.639535815693025,-1.46631940272688,-1.47909877630812,-0.562776563038745,0.990111280309114,-0.544774434739172,0,-0.0930309953194633,-0.481588184154324,-0.984477210668762,-1.12171262543579,-1.26160056962335,0.0665678053471691,0.80234198973908,-0.0998707974396848,-0.0692112518235939,1.04245566330703,0.726778158175171,-0.94661938912733,-1.0828566761904,0.465289055770677,0.650872024724607,-0.202993708003753,-0.0191459895266863,-0.303642030474405,0.027704841871553,0.245017378270736,0.904845870642121,0.386518455422421,-0.281918760399022,-0.177318504788345
"26",0,-0.346763866306412,-1.12784946527405,-1.1076409518195,0.551737763681986,0.0807774808691453,-0.416428649433891,-0.135962069060475,-0.0247411626405223,-0.640995384823577,0.082906105558388,1.06960504576937,-0.34196587835462,-1.06492873723642,-0.540830462877054,-0.1555961886108,-0.0445734002443183,0.410193187752585,0.92012536432158,0.553366028230951,-1.18029468333559,-1.29347794903808,-0.574697546273115,-0.113860786417039,-0.0382639442739243,2.13579134636373,0.433439716945544,-1.56081868739673,-1.05790836414838,-1.13616045194,-0.650039470011399,-0.048236570436645,-0.0330109162638679,1.52497749734601,0.851769596983231,-1.15717727793518,0.950766487281889,0.479536172882967,-0.258062014696678,0,-0.0930309953194633,0.527366528655686,1.47858362970634,-0.811138690761479,-0.944799547423866,0.754289828035795,1.25946709597274,-0.0998707974396848,-0.108847564840346,-0.410266899197836,0.550851699251816,0.608885377241471,-0.707831402641512,0.971528919046879,1.25875985150291,-0.202993708003753,-0.0191459895266863,-0.303642030474405,-1.17332181098952,-0.903658163008738,0.904845870642121,1.07402362135981,-0.281918760399022,-0.177318504788345
"27",0,-0.346763866306412,0.115841786710785,0.990200011287507,-0.555671293497266,-0.431059332991876,-0.295591210068422,-0.135962069060475,-0.0247411626405223,0.0129698342204877,0.816387510785152,1.06960504576937,0.711908011135486,-0.575470005620429,-0.540830462877054,-0.1555961886108,-0.0445734002443183,-0.1658625288534,0.0702277330491799,1.56338145586488,0.156929062589935,-1.29347794903808,-0.574697546273115,-0.113860786417039,-0.0286402707100998,-0.115910279549249,-0.213129378333088,1.1507788827907,-0.10507132624598,-0.969181688332602,-0.650039470011399,-0.048236570436645,-0.0330109162638679,-0.639535815693025,-0.746752127557253,0.130508715556599,0.950766487281889,0.819919577833732,-0.544774434739172,0,-0.0930309953194633,-0.481588184154324,-0.984477210668762,-1.12171262543579,0.322404541374051,1.27008134505226,0.34521688350542,-0.0998707974396848,-0.0692112518235939,-0.410266899197836,-0.680633513211668,-0.36330510173903,-0.332806129092624,1.14027554013895,0.440629532921813,-0.202993708003753,-0.0912709356995593,-0.303642030474405,0.42804705949191,0.93422270303842,0.904845870642121,1.07402362135981,-0.527680489439249,-0.177318504788345
"28",0,-0.346763866306412,-1.17387929654563,0.0578262499066152,0.551737763681986,-0.495704556883848,-0.416428649433891,-0.14487517157926,-0.0247411626405223,-0.640995384823577,-1.20068635358845,1.06960504576937,0.711908011135486,-1.233243685196,-0.540830462877054,-0.1555961886108,-0.0445734002443183,-0.741918245459386,0.0702277330491799,1.39504555125922,-0.853591196052854,-1.29347794903808,-0.574697546273115,-0.113860786417039,-0.0382639442739243,-0.759253601238671,0.760911751661556,0.811829186517271,-1.37552071011585,-1.3031392155474,-0.650039470011399,-0.048236570436645,-0.0330109162638679,-0.639535815693025,1.01162176943728,1.09627321067543,0.782595037246263,-0.711805744444711,-0.831486854781667,0,-0.0930309953194633,-0.481588184154324,0.554935814565679,0.586444015272899,-0.627998525224387,0.926220333707951,-0.569033328961901,-0.0998707974396848,-0.0692112518235939,-0.410266899197836,-0.328780595364958,0.414447281445371,-1.0828566761904,0.802782297954812,0.650872024724607,-0.202993708003753,-0.0191459895266863,-0.303642030474405,-1.17332181098952,-0.673923054752843,0.904845870642121,1.58965249581285,0.946889884802112,-0.177318504788345
"29",0,-0.346763866306412,-1.17387929654563,-2.73929503423606,-1.22011672780482,1.51206153486365,0.17020566797156,-0.135962069060475,-0.0247411626405223,-0.640995384823577,-1.93416775881521,-2.90142927495448,-0.131191100456599,1.29148053419773,0.444635321258607,-0.1555961886108,-0.0445734002443183,-0.741918245459386,-1.62956752949562,-0.119977590191666,1.43333321492626,1.24436531923428,-0.0112161204196545,-0.113860786417039,-0.0382639442739243,-0.759253601238671,-0.22150435248648,0.981304034653986,1.00657188464015,1.20154223856357,-0.650039470011399,-0.048236570436645,-0.0330109162638679,0.597328934614995,0.245157572709693,0.291469464743071,0.278080687139385,1.1603029827845,-0.831486854781667,0,-0.0930309953194633,-0.145269946550987,-0.368712000574986,-0.966425658098632,0.584239471244147,1.09815083938011,-0.797595882078731,-0.0998707974396848,-0.0692112518235939,-0.410266899197836,-1.38433934890509,-1.83962875081512,-0.332806129092624,0.465289055770677,-0.767532904424768,-0.202993708003753,-0.0191459895266863,-0.303642030474405,-1.17332181098952,-2.3632675913788,-1.07562282423745,1.58965249581285,-0.0361570313587953,-0.177318504788345
"30",0,-0.346763866306412,-0.743972268793493,0.32178563448416,-1.44159853924067,-0.992685559626734,-0.260645148663966,-0.135962069060475,-0.0247411626405223,-0.640995384823577,-0.100464245748303,0.325036110633647,-0.877038168159665,-1.40155863315559,-0.540830462877054,-0.1555961886108,-0.0445734002443183,-0.556643230020263,0.41018678555814,0.193909695357965,-1.18029468333559,-1.29347794903808,-0.574697546273115,-0.113860786417039,-0.0382639442739243,-0.759253601238671,0.433439716945544,-0.205019902303017,-1.53432688309958,-1.3031392155474,-0.650039470011399,-0.048236570436645,-0.0330109162638679,-0.639535815693025,0.691917424529183,0.774351712302486,0.950766487281889,0.990111280309114,0.0286504053458163,0,-0.0930309953194633,-0.147229554662593,1.01675972213601,1.05230491728436,-0.311197503024907,0.0665678053471691,1.48802964908957,-0.0998707974396848,-0.0692112518235939,-0.410266899197836,0.902704617098525,0.414447281445371,-0.520318765867068,0.802782297954812,0.853501300317375,-0.202993708003753,-0.0191459895266863,-0.303642030474405,-0.772979593369162,0.704487594782526,0.706799001154165,0.558394746906768,-0.281918760399022,-0.177318504788345
"31",0,-0.346763866306412,-1.17387929654563,-0.408360630783831,0.108774140810285,-0.992685559626734,-0.416428649433891,-0.135962069060475,-0.0247411626405223,-0.640995384823577,-0.467204948361685,1.06960504576937,-0.34196587835462,-0.728298841317257,-0.540830462877054,-0.1555961886108,-0.0445734002443183,-0.741918245459386,0.950877425136155,0.553366028230951,-1.18029468333559,-1.29347794903808,-0.466630987742884,-0.113860786417039,-0.0382639442739243,0.0720640954000862,1.08838378637757,-0.543969598576446,-1.53432688309958,-1.3031392155474,-0.650039470011399,-0.048236570436645,-0.0330109162638679,0.28811274703799,1.33132611434538,0.130508715556599,-0.0582622129318667,-1.56276425682162,-0.831486854781667,0,-0.0930309953194633,0.283843766192722,1.3246423271829,1.36287885195866,1.27280760797249,0.238498311019326,-0.797595882078731,-0.0998707974396848,-0.0692112518235939,-0.410266899197836,0.198998781405106,0.608885377241471,0.229731781230706,1.14027554013895,-0.159645077646464,-0.202993708003753,-0.0191459895266863,-0.33472399991584,-0.97315070217934,-0.673923054752843,0.706799001154165,1.07402362135981,-0.527680489439249,-0.177318504788345
"32",0,-0.346763866306412,-1.17387929654563,-2.73929503423606,-2.10604397354822,1.51206153486365,0.748585974092651,-0.135962069060475,-0.0247411626405223,-0.640995384823577,-1.93416775881521,-2.65323962990924,0.0795836774414227,1.29148053419773,0.691001767292522,-0.1555961886108,-0.0445734002443183,-0.741918245459386,-0.60969037196874,-0.0691283311656932,1.43333321492626,1.24678870278565,-0.289126903996238,-0.113860786417039,-0.0382639442739243,0.849104702984884,1.08838378637757,0.472879490243842,1.00657188464015,0.867584711348771,-0.650039470011399,-0.048236570436645,-0.0330109162638679,0.28811274703799,0.372213079621086,-1.47909877630812,0.614423587210637,1.08864710297256,-0.584979207876307,0,-0.0930309953194633,-0.0557822005641118,-0.984477210668762,-1.12171262543579,1.11440709687275,0.926220333707951,-0.347759607730683,-0.0998707974396848,-0.0692112518235939,-0.410266899197836,-1.38433934890509,-1.48691267390426,-0.332806129092624,1.14027554013895,-0.564903628832,-0.202993708003753,-0.0191459895266863,-0.303642030474405,-1.17332181098952,-2.7415390290559,-1.47171656321336,1.4177762043285,-0.527680489439249,-0.177318504788345
"33",0,-0.346763866306412,-1.17387929654563,-0.641454071129054,0.330255952246136,-0.0981330258801679,-0.416428649433891,-0.135962069060475,-0.064995348517452,-0.640995384823577,-0.650575299668376,1.06960504576937,0.922682789033507,-1.233243685196,-0.653837493501153,-0.237632982090782,-0.0445734002443183,-0.741918245459386,-0.43971084571426,1.56338145586488,0.12651926579534,-1.29347794903808,-0.574697546273115,-0.29234646662342,-0.0382639442739243,-0.759253601238671,0.269703699587538,1.1507788827907,-0.10507132624598,-1.3031392155474,-0.442153162034294,-0.048236570436645,-0.0887427223330369,-0.639535815693025,0.212360907167038,1.09627321067543,-0.73094801307437,-1.56276425682162,-0.831486854781667,0,-0.114190635071534,-0.481588184154324,0.554935814565679,1.36287885195866,-0.469598014124647,-1.48080674570224,-0.797595882078731,-0.0998707974396848,-0.0692112518235939,-0.410266899197836,0.550851699251816,1.19219966462977,0.229731781230706,-1.55967039733413,-0.767532904424768,-0.202993708003753,-0.0191459895266863,-0.303642030474405,-0.97315070217934,0.0152822700148413,-0.283435346285619,-1.1603681679367,-0.527680489439249,-0.177318504788345
"34",0,-0.346763866306412,-1.17387929654563,-1.1076409518195,-0.193114313102318,-0.813775052877421,-0.416428649433891,-0.145672048053717,-0.0247411626405223,-0.640995384823577,-1.38405670489514,1.06960504576937,0.290358455339444,-1.40155863315559,-0.540830462877054,-0.1555961886108,-0.0445734002443183,-0.741918245459386,-0.26973131945978,1.05837374204791,-1.18029468333559,-1.29347794903808,-0.574697546273115,-0.113860786417039,-0.0382639442739243,-0.347912890408929,0.760911751661556,-0.0355450541663019,-1.37552071011585,-1.3031392155474,-0.650039470011399,-0.048236570436645,-0.0330109162638679,-0.0982911446382238,1.01162176943728,1.09627321067543,0.950766487281889,1.1603029827845,0.602075245430805,0,-0.0930309953194633,-0.481588184154324,0.862818419612568,1.36287885195866,-0.284249317795366,-0.4492237116693,2.85940496779055,4.95470122853544,-0.0692112518235939,-0.410266899197836,-0.328780595364958,0.997761568833671,-1.45788194973929,-0.378444049689659,2.27190622946675,2.25623249403729,-0.0191459895266863,-0.303642030474405,-1.17332181098952,-0.903658163008738,0.310705262178251,0.902147329875462,0.984744363807865,-0.177318504788345
"35",0,2.99694405524889,2.05042341159541,0.990200011287507,0.330255952246136,-0.277043532629481,-0.416428649433891,-0.135962069060475,-0.0247411626405223,0.666935053264552,-0.833945650975067,-1.90867069477352,-0.131191100456599,1.29148053419773,-0.540830462877054,-0.1555961886108,-0.0445734002443183,-0.741918245459386,-1.62956752949562,-0.0285302851355967,1.10662972764353,0.452955374090734,-0.574697546273115,-0.113860786417039,-0.0382639442739243,-0.759253601238671,0.105967682229532,1.1507788827907,0.37134719270522,-1.3031392155474,-1.09066901056105,-0.048236570436645,-0.0330109162638679,-0.639535815693025,-0.276728846118251,-0.0304520336298728,0.782595037246263,0.479536172882967,-0.831486854781667,0,-0.0930309953194633,-0.710100722560763,-0.984477210668762,-1.12171262543579,-0.435642746783347,0.582359322363638,0.707163082422719,-0.0998707974396848,-0.0692112518235939,0.0739739549704533,-0.328780595364958,-1.14105748492343,-0.707831402641512,0.971528919046879,0.853501300317375,-0.202993708003753,-0.0191459895266863,3.82618873868734,1.4289026035428,0.245017378270736,-0.0853884767976621,0.0427658724537265,-0.527680489439249,-0.177318504788345
"36",0,-0.346763866306412,0.545748814462924,-1.80692127285517,-2.54900759641992,-0.992685559626734,-0.329408825893082,-0.135962069060475,-0.0247411626405223,-0.640995384823577,0.816387510785152,-2.15686033981876,-2.23893887943681,-1.40155863315559,-0.540830462877054,-0.1555961886108,-0.0445734002443183,-0.1658625288534,0.58016631181262,-1.12999301782559,-1.18029468333559,-1.29347794903808,-0.574697546273115,-0.113860786417039,-0.0382639442739243,0.527433042140173,0.760911751661556,0.303404642107127,-0.109350758497144,-1.13616045194,-0.650039470011399,-0.049335153206293,-0.0330109162638679,0.597328934614995,0.212360907167038,0.613390963116015,0.950766487281889,0.819919577833732,-0.544774434739172,0,-0.0930309953194633,0.19104829105235,0.862818419612568,-1.12171262543579,-1.26160056962335,0.0665678053471691,1.7165922022064,-0.0998707974396848,-0.0692112518235939,-0.410266899197836,1.43048399386859,-0.36330510173903,-0.895344039415955,0.634035676862745,1.14780724337625,-0.202993708003753,-0.0191459895266863,-0.303642030474405,-0.372637375748804,0.704487594782526,0.904845870642121,0.902147329875462,-0.281918760399022,-0.177318504788345
"37",0,-0.346763866306412,0.545748814462924,0.0578262499066152,0.108774140810285,-0.992685559626734,-0.416428649433891,-0.135962069060475,-0.0247411626405223,0.993917662786584,0.633017159478461,-1.36720657870991,-0.34196587835462,-0.0550390494789284,-0.365159506713582,-0.1555961886108,-0.0445734002443183,0.410193187752585,0.7501458380671,-0.961657113219938,0.616574496719437,-0.658411286082146,-0.574697546273115,-0.113860786417039,-0.0382639442739243,-0.759253601238671,-0.385240369844486,0.811829186517271,0.598676682840839,-1.13616045194,-0.650039470011399,-0.049335153206293,-0.0330109162638679,-0.639535815693025,0.532065252075134,0.291469464743071,0.278080687139385,-0.881997446920094,-0.831486854781667,0,-0.0930309953194633,0.527366528655686,1.17070102465946,-1.12171262543579,-0.944799547423866,0.582359322363638,0.958829624883743,-0.0998707974396848,-0.0692112518235939,1.52669651747532,0.726778158175171,-1.91880986810783,-1.83290722328817,-1.39092377624206,1.66401840268845,-0.202993708003753,-0.0191459895266863,-0.303642030474405,0.628218168302089,-0.214452838241053,0.112658392690295,0.902147329875462,0.374389347417417,-0.620658098550302
"38",0,-0.346763866306412,-1.17387929654563,0.0578262499066152,-0.112707670625565,-0.992685559626734,-0.416428649433891,-0.135962069060475,-0.0247411626405223,-0.640995384823577,0.082906105558388,0.886014393010366,-0.131191100456599,-1.40155863315559,-0.540830462877054,-0.1555961886108,-0.0445734002443183,-0.741918245459386,1.09010489057606,0.0228054205428243,-1.18029468333559,-1.29347794903808,-0.574697546273115,-0.113860786417039,-0.0382639442739243,0.205761381295462,1.08838378637757,-1.05239414298659,-1.53432688309958,-1.4406598510837,-0.650039470011399,-0.048236570436645,0.0107463985881819,-0.0211034405390152,1.33132611434538,1.09627321067543,0.109909237103759,-1.39257255434624,-0.831486854781667,0,-0.0930309953194633,-0.481588184154324,1.17070102465946,0.586444015272899,-0.786399036324126,0.238498311019326,-0.797595882078731,-0.0998707974396848,-0.0692112518235939,-0.410266899197836,-0.504707054288313,0.803323473037571,-1.45788194973929,-0.0409508075055244,0.44824274913184,-0.202993708003753,-0.0191459895266863,-0.303642030474405,-1.17332181098952,-1.13339327126463,0.904845870642121,1.58965249581285,0.946889884802112,-0.177318504788345
"39",0,-0.346763866306412,-0.958925782669563,-0.408360630783831,0.108774140810285,0.975330014615711,1.05015714407974,-0.135962069060475,-0.0247411626405223,-0.931367674792533,-0.467204948361685,1.06960504576937,1.13345756693153,1.29148053419773,0.198268875224692,-0.1555961886108,-0.0445734002443183,-0.741918245459386,0.58016631181262,1.56338145586488,0.746850135216064,0.452955374090734,-0.574697546273115,-0.113860786417039,-0.0382639442739243,-0.43758194039396,1.08838378637757,1.1507788827907,1.00657188464015,0.700605947741373,-0.650039470011399,-0.048236570436645,-0.0330109162638679,-0.0211034405390152,1.33132611434538,1.09627321067543,0.950766487281889,0.139152767932202,-0.421030208622028,0,-0.0930309953194633,0.106801844143107,1.47858362970634,1.28995241435487,1.27280760797249,-0.4492237116693,-0.797595882078731,-0.0998707974396848,0.0578711228647565,-0.410266899197836,-0.152854136441604,1.19219966462977,1.16729496510292,-0.209697428597592,-0.767532904424768,-0.202993708003753,-0.0191459895266863,-0.303642030474405,-0.772979593369162,-0.214452838241053,0.112658392690295,-0.472863001999315,-0.527680489439249,-0.177318504788345
"40",0,-0.346763866306412,-0.529018754917424,0.0578262499066152,0.994701386553687,0.796419507866398,-0.416428649433891,-0.135962069060475,-0.0247411626405223,-0.640995384823577,0.999757862091843,-0.419532824502074,-1.1850649899467,1.29148053419773,-0.294464016843139,-0.1555961886108,-0.0445734002443183,0.410193187752585,1.09010489057606,0.721701932836606,0.453222753078071,0.929255371307683,-0.574697546273115,-0.113860786417039,-0.0382639442739243,-0.759253601238671,0.760911751661556,1.1507788827907,1.00657188464015,0.867584711348771,-0.376647239159639,-0.048236570436645,-0.0330109162638679,-0.776594206584949,-0.906604300011301,-0.191412782816345,-0.299918884591438,1.1603029827845,1.17550008551579,0,-0.0930309953194633,-0.481588184154324,-0.984477210668762,-1.12171262543579,-1.10320005852361,1.27008134505226,-0.111908222728241,-0.0998707974396848,-0.0692112518235939,-0.7583799168558,-1.38433934890509,0.0255710898531705,1.16729496510292,-0.378444049689659,-0.767532904424768,-0.202993708003753,-0.0758585761396516,-0.303642030474405,-0.772979593369162,-0.444187946496948,-1.66976343270132,-1.1603681679367,-0.527680489439249,-0.177318504788345
"41",0,-0.346763866306412,0.115841786710785,0.990200011287507,-1.44159853924067,-1.00778340114141,-0.416428649433891,-0.135962069060475,-0.0247411626405223,1.32090027230862,0.999757862091843,-0.346295313612353,1.13345756693153,-0.223353997438511,-0.540830462877054,-0.1555961886108,-0.0445734002443183,2.42638819587353,0.921669643532992,-0.793321208614283,1.43333321492626,0.929255371307683,-0.574697546273115,-0.113860786417039,-0.0382639442739243,1.54609097670942,1.08838378637757,0.133929793970413,1.00657188464015,1.36852100217096,1.26370614595092,-0.048236570436645,-0.0330109162638679,-0.0211034405390152,0.851769596983231,1.09627321067543,0.950766487281889,1.1603029827845,1.46221250555829,0,-0.0930309953194633,-0.481588184154324,-0.984477210668762,-1.12171262543579,-1.26160056962335,0.754289828035795,1.94515475532323,-0.0998707974396848,-0.0692112518235939,-0.599864653588261,-0.856559972135023,-0.36330510173903,0.41724441800515,1.14027554013895,0.650872024724607,-0.202993708003753,-0.0191459895266863,-0.605807379023658,-0.172466266938626,0.93422270303842,0.112658392690295,0.118389783979239,-0.527680489439249,-0.177318504788345
"42",0,-0.346763866306412,-0.0991117271652847,0.990200011287507,0.994701386553687,0.0807774808691453,-0.853567720807737,-0.135962069060475,-0.0247411626405223,-0.178339665473203,0.423553149964271,0.325036110633647,-0.131191100456599,1.12316558623815,-0.294464016843139,-0.1555961886108,-0.0445734002443183,0.763521803905335,1.09010489057606,0.385030123625297,-1.18029468333559,0.611722039829717,1.397487444214,-0.113860786417039,-0.0382639442739243,1.81411968551902,0.269703699587538,-1.56081868739673,-1.53432688309958,-0.134287870295615,1.84565413322891,-0.048236570436645,-0.0330109162638679,3.07105843523104,0.212360907167038,-1.47909877630812,-1.73997671328813,-0.881997446920094,2.60906218572827,0,-0.0930309953194633,2.54527595427571,1.01675972213601,-1.12171262543579,-1.26160056962335,-0.4492237116693,2.0521396653873,-0.0998707974396848,-0.0692112518235939,0.0739739549704533,1.25455753494524,0.0255710898531705,-1.0828566761904,0.29654243467861,1.46138912709568,-0.202993708003753,-0.0191459895266863,-0.303642030474405,0.027704841871553,0.884646817233052,0.904845870642121,1.07402362135981,-0.281918760399022,-0.177318504788345
"43",0,-0.346763866306412,-0.0991117271652847,0.290919690251838,0.994701386553687,0.259687987618459,-0.416428649433891,-0.135962069060475,0.00131510914950845,0.0129698342204877,0.999757862091843,-1.1641017596378,-0.552740656252641,0.194818101875108,-0.540830462877054,-0.1555961886108,-0.0445734002443183,1.56230462096456,0.92012536432158,-0.461499739345768,0.352101217260131,-0.0233446231262145,-0.574697546273115,-0.113860786417039,-0.0382639442739243,-0.115910279549249,0.305068279565947,0.981304034653986,1.00657188464015,-0.134287870295615,-0.650039470011399,-0.048236570436645,-0.0539306280597664,-0.639535815693025,-1.06645647246535,0.613390963116015,-0.0582622129318667,1.1603029827845,0.315362825388311,0,-0.0930309953194633,-0.481588184154324,-0.368712000574986,0.897017949947205,-1.10320005852361,0.639419414051671,1.94515475532323,0.17936688538329,-0.0692112518235939,-0.245790361020077,-0.152854136441604,0.0255710898531705,-0.895344039415955,0.971528919046879,0.650872024724607,-0.202993708003753,-0.0251444618003572,-0.303642030474405,-0.772979593369162,0.245017378270736,0.706799001154165,0.214642163938074,-0.281918760399022,-0.177318504788345
"44",0,0.767805440878689,0.760702328338993,0.757106570942284,-0.555671293497266,-0.992685559626734,-0.416428649433891,-0.135962069060475,-0.0247411626405223,0.666935053264552,-0.433122263582732,-1.1641017596378,0.922682789033507,-0.728298841317257,-0.540830462877054,-0.1555961886108,-0.111531751188364,-0.741918245459386,-1.62956752949562,-0.1617807087066,1.12053979440832,-0.0642235777833055,-0.324930211174644,-0.113860786417039,-0.0382639442739243,-0.759253601238671,0.433439716945544,1.1507788827907,1.00657188464015,0.533627184133976,0.376301357568271,-0.044943516958407,-0.0330109162638679,-0.639535815693025,-0.427047782649156,-0.67429503037576,-0.899119463109996,1.13658554418478,1.46221250555829,0,-0.109739661879785,-0.481588184154324,-0.984477210668762,-0.746925834237656,-1.10320005852361,0.582359322363638,0.57377943662225,-0.0998707974396848,-0.291445697599255,-0.410266899197836,0.198998781405106,0.0403555083502836,0.792269691554037,0.465289055770677,-0.564903628832,-0.202993708003753,-0.0191459895266863,-0.303642030474405,0.871581891322246,0.0152822700148413,-1.07562282423745,-1.1603681679367,-0.888883125974496,-0.177318504788345
"45",0,-0.409972061644292,-0.314065241041354,0.290919690251838,-1.66308035067652,-0.992685559626734,-0.416428649433891,-0.135962069060475,-0.0247411626405223,-0.640995384823577,0.0682479290800229,0.821415400724128,-0.974290212048683,-1.40155863315559,-0.540830462877054,-0.1555961886108,-0.111531751188364,-0.741918245459386,0.92012536432158,0.553366028230951,-1.18029468333559,-1.29347794903808,-0.574697546273115,-0.113860786417039,-0.0382639442739243,-0.759253601238671,1.08838378637757,0.133929793970413,-0.899102191164647,-1.13616045194,-0.650039470011399,-0.048236570436645,-0.105912968353273,0.906545122192,1.63529589105457,1.09627321067543,0.950766487281889,0.990111280309114,-0.544774434739172,0,-0.0930309953194633,1.20000300386236,1.89801837428724,1.36287885195866,-0.786399036324126,0.754289828035795,1.03090454285591,-0.0998707974396848,-0.0692112518235939,0.714277691875424,1.43048399386859,1.17878195966856,0.792269691554037,0.713134190755688,1.05613057591014,-0.202993708003753,-0.0191459895266863,-0.303642030474405,-0.172466266938626,0.185964134809864,0.310705262178251,-0.300986710514968,-0.281918760399022,-0.177318504788345
"46",0,-0.346763866306412,-1.17387929654563,-0.408360630783831,-0.555671293497266,-0.992685559626734,-0.416428649433891,-0.135962069060475,-0.0247411626405223,-0.640995384823577,-1.93416775881521,0.821415400724128,-0.34196587835462,-1.40155863315559,-0.540830462877054,-0.1555961886108,-0.0445734002443183,-0.741918245459386,-0.60969037196874,1.22670964665357,-0.853591196052854,0.452955374090734,0.552265305433806,-0.113860786417039,-0.0382639442739243,-0.115910279549249,0.760911751661556,0.114251718881125,-0.10507132624598,0.78500358885195,-0.10325500830788,-0.048236570436645,-0.0330109162638679,2.76184224765403,1.33132611434538,0.0578153483589685,0.614423587210637,0.649727875358349,-0.544774434739172,0,-0.0930309953194633,3.55423066708572,1.7438883388855,1.36287885195866,1.48626748328175,0.504858712081713,0.57377943662225,-0.11518894597514,0.207784408315971,0.558214809138742,-0.12561101289281,0.0255710898531705,1.16729496510292,-1.05343053405793,-0.767532904424768,-0.202993708003753,-0.0191459895266863,-0.303642030474405,-1.17332181098952,-0.214452838241053,0.706799001154165,-1.1603681679367,-0.527680489439249,-0.177318504788345
"47",0,0.767805440878689,0.975655842215063,0.757106570942284,-0.777153104933116,-0.992685559626734,-0.416428649433891,-0.0570869671986761,-0.0247411626405223,1.32090027230862,0.999757862091843,-1.1641017596378,0.0795836774414227,0.191787794297314,-0.540830462877054,-0.1555961886108,-0.0445734002443183,1.27427676266156,1.09010489057606,-0.624985304008629,-0.331295244357334,0.7704887055687,-0.292956833346385,-0.113860786417039,0.127220760069906,1.49244802467431,0.59717573430355,-1.56081868739673,-1.53432688309958,0.581335758379469,0.990313915099158,0.118427224078911,-0.0330109162638679,1.83419368492302,0.959690045907332,-1.47909877630812,-1.73997671328813,0.819919577833732,1.16224754164088,0,-0.0930309953194633,1.23387781508314,1.47858362970634,-1.12171262543579,-0.311197503024907,1.09815083938011,-0.340470775845071,-0.0998707974396848,-0.0692112518235939,-0.410266899197836,1.25455753494524,-0.16886700594293,1.16729496510292,-0.884683912965861,-0.767532904424768,-0.202993708003753,-0.0191459895266863,0.390855767013756,0.628218168302089,0.704487594782526,-0.201088269656333,-1.1603681679367,-0.527680489439249,-0.177318504788345
"48",0,2.99694405524889,1.62051638384327,0.710049929717896,0.108774140810285,1.33315102811434,0.17020566797156,-0.135962069060475,-0.0247411626405223,0.33995244374252,0.999757862091843,-0.915912114592555,-1.1850649899467,-0.223353997438511,0.198268875224692,-0.1555961886108,-0.0445734002443183,0.363113639097317,0.7501458380671,-0.793321208614283,-0.690239452411488,-1.29347794903808,-0.574697546273115,-0.246957599754711,-0.0382639442739243,0.527433042140173,1.08838378637757,0.981304034653986,1.00657188464015,0.19966965691918,-0.650039470011399,-0.048236570436645,-0.0330109162638679,-0.639535815693025,-0.586899955103205,-1.47909877630812,-1.40363381321687,0.990111280309114,-0.258062014696678,0,-0.0930309953194633,-0.481588184154324,-0.984477210668762,-1.12171262543579,-1.26160056962335,0.582359322363638,0.34521688350542,0.02437530857578,-0.255414977999785,0.0739739549704533,-0.328780595364958,-1.14105748492343,-0.707831402641512,0.971528919046879,0.245613473539072,-0.202993708003753,-0.0191459895266863,2.7937310463969,1.4289026035428,0.93422270303842,0.904845870642121,0.558394746906768,-0.527680489439249,-0.471032471323052
"49",0,-0.346763866306412,-1.17387929654563,-0.874547511474277,0.551737763681986,-0.277043532629481,-0.416428649433891,-0.135962069060475,-0.0247411626405223,-0.640995384823577,-0.467204948361685,1.06960504576937,0.501133233237465,-0.584002202798112,-0.540830462877054,-0.1555961886108,-0.0445734002443183,-0.453890387156393,0.92012536432158,1.05837374204791,-1.18029468333559,-1.29347794903808,-0.574697546273115,-0.113860786417039,-0.0382639442739243,-0.115910279549249,1.08838378637757,-0.882919294849875,-1.53432688309958,-1.3031392155474,-0.650039470011399,-0.048236570436645,-0.0179575742192926,0.213821783138759,1.33132611434538,-0.996216528748704,-0.394605113003119,-0.371422339493946,-0.544774434739172,0,-0.0930309953194633,-0.481588184154324,1.47858362970634,1.36287885195866,1.27280760797249,1.27008134505226,1.7165922022064,0.134254278761353,-0.0692112518235939,-0.410266899197836,0.198998781405106,1.19219966462977,1.16729496510292,1.14027554013895,1.66401840268845,-0.202993708003753,-0.0191459895266863,-0.303642030474405,-0.97315070217934,-0.444187946496948,0.904845870642121,0.902147329875462,-0.281918760399022,-0.177318504788345
"50",0,-0.346763866306412,-0.958925782669563,-0.175267190438608,0.994701386553687,1.86988254836228,3.98332873110699,0.791420999008737,-0.0247411626405223,-0.640995384823577,-0.833945650975067,-0.667722469547314,-0.552740656252641,0.954850638278565,2.90829978159776,-0.1555961886108,-0.0445734002443183,-0.741918245459386,-1.62956752949562,-1.12999301782559,-1.18029468333559,0.611722039829717,2.24270958299419,-0.113860786417039,-0.0382639442739243,-0.759253601238671,-1.36765647399252,-0.95517318586457,-0.58148984519718,1.36852100217096,0.443529453395639,-0.048236570436645,-0.0330109162638679,-0.639535815693025,0.372213079621086,1.09627321067543,0.950766487281889,0.990111280309114,1.17550008551579,0,-0.0930309953194633,-0.401937158226078,-0.52265330309843,-0.34527778875002,1.27280760797249,-0.4492237116693,-0.797595882078731,-0.141020410641815,-0.0692112518235939,-0.410266899197836,-1.38433934890509,-0.16886700594293,0.979782328328481,-1.55967039733413,-0.767532904424768,-0.202993708003753,-0.0191459895266863,-0.303642030474405,-0.97315070217934,0.704487594782526,-0.624344829708761,-1.1603681679367,-0.527680489439249,-0.177318504788345
"51",0,-0.346763866306412,-0.653298411404046,-2.73929503423606,-2.10604397354822,1.69097204161296,0.881198434754562,-0.135962069060475,-0.0247411626405223,-0.640995384823577,-1.93416775881521,-2.90142927495448,0.290358455339444,1.29148053419773,0.444635321258607,-0.1555961886108,-0.0445734002443183,-0.741918245459386,-1.62956752949562,0.0235834018136598,1.43333321492626,1.24678870278565,-0.574697546273115,-0.113860786417039,-0.0382639442739243,-0.759253601238671,-0.385240369844486,1.1507788827907,1.00657188464015,1.03456347495617,-0.358684517282306,-0.048236570436645,-0.0330109162638679,1.21576130976901,1.33132611434538,0.291469464743071,0.950766487281889,0.479536172882967,-0.831486854781667,0,-0.0930309953194633,-0.145269946550987,-0.52265330309843,-1.12171262543579,0.980444548427017,0.101517412618393,-0.797595882078731,-0.0998707974396848,0.0227415602966382,-0.476784518525376,-1.38433934890509,-1.91880986810783,0.0422191444562627,0.141884437584743,-0.767532904424768,-0.202993708003753,-0.0191459895266863,-0.303642030474405,-0.731819462337131,-2.7415390290559,-1.86781030218927,1.24589991284416,0.701128155761885,-0.177318504788345
"52",0,0.102651240119756,0.115841786710785,0.757106570942284,0.108774140810285,-0.813775052877421,-0.416428649433891,-0.135962069060475,-0.0247411626405223,1.64788288183065,0.999757862091843,-1.41229140468304,-0.974290212048683,0.281590846440236,-0.432372856000106,-0.1555961886108,-0.0445734002443183,1.56230462096456,1.09010489057606,-1.20907042002873,-1.18029468333559,0.184469706561398,-0.0112161204196545,-0.113860786417039,-0.0382639442739243,0.849104702984884,1.08838378637757,-1.05239414298659,-1.53432688309958,-0.46824539751041,1.26370614595092,-0.048236570436645,-0.0330109162638679,1.52497749734601,0.851769596983231,-0.996216528748704,-1.73997671328813,-0.201230637018563,1.17550008551579,0,-0.0930309953194633,0.863684766259023,0.862818419612568,-1.12171262543579,-1.10320005852361,0.754289828035795,0.34521688350542,-0.0998707974396848,-0.0692112518235939,-0.410266899197836,1.07863107602188,-0.16886700594293,0.979782328328481,-0.0409508075055244,-0.767532904424768,-0.202993708003753,-0.0191459895266863,-0.303642030474405,0.027704841871553,0.474752486526631,-0.877575954749489,-1.40416347660272,-0.527680489439249,-0.177318504788345
"53",0,-0.346763866306412,-0.743972268793493,-0.989974776096708,-0.112707670625565,-0.455954039378794,-0.416428649433891,-0.135962069060475,-0.0247411626405223,-0.640995384823577,-1.56742705620183,1.06960504576937,1.13345756693153,1.29148053419773,0.444635321258607,-0.1555961886108,-0.0445734002443183,-0.741918245459386,-1.45958800324114,1.56338145586488,1.22375083187548,1.44666611628635,0.552265305433806,-0.113860786417039,-0.0382639442739243,-0.759253601238671,-1.04018443927651,1.1507788827907,1.00657188464015,1.25950714932072,0.17013722254388,-0.048236570436645,-0.0330109162638679,-0.639535815693025,-0.107343437741059,1.09627321067543,0.950766487281889,0.990111280309114,-0.374090482553815,0,-0.0930309953194633,-0.481588184154324,0.554935814565679,1.36287885195866,1.27280760797249,0.926220333707951,-0.569033328961901,-0.0998707974396848,-0.0692112518235939,-0.410266899197836,0.0230723224817513,1.00046732570047,1.16729496510292,0.465289055770677,-0.767532904424768,-0.202993708003753,-0.0191459895266863,-0.303642030474405,-0.97315070217934,-1.59286348777642,-0.679529085261532,0.386518455422421,-0.0361570313587953,0.126418446328448
"54",0,-0.539884925396331,-0.743972268793493,-0.175267190438608,-0.587694886957304,-0.634864546128108,-0.416428649433891,-0.135962069060475,-0.0247411626405223,-0.314012775301545,0.816387510785152,0.573225755678888,0.0795836774414227,0.281590846440236,-0.474961727491881,-0.1555961886108,-0.0445734002443183,1.27427676266156,1.09010489057606,-0.793321208614283,-1.01694293969422,1.24678870278565,-0.574697546273115,-0.113860786417039,0.0960485539139038,1.17077636382959,1.08838378637757,0.472879490243842,0.688959538672687,1.36852100217096,-0.376647239159639,-0.014845341259091,-0.0330109162638679,-0.639535815693025,0.372213079621086,1.09627321067543,0.950766487281889,1.1603029827845,0.315362825388311,0,-0.0930309953194633,-0.481588184154324,0.337376944506751,1.36287885195866,-0.265633676551245,0.0665678053471691,1.48802964908957,-0.0998707974396848,-0.0692112518235939,-0.410266899197836,-0.152854136441604,1.19219966462977,-0.895344039415955,0.971528919046879,0.853501300317375,-0.202993708003753,-0.0191459895266863,-0.303642030474405,-0.772979593369162,0.0152822700148413,0.112658392690295,1.07402362135981,-0.0361570313587953,-0.177318504788345
"55",0,-0.346763866306412,-1.17387929654563,-0.874547511474277,0.773219575117836,-0.813775052877421,-0.416428649433891,-0.972673149794465,-0.0247411626405223,-0.640995384823577,-1.75079740750852,0.821415400724128,0.0795836774414227,-1.40155863315559,-0.540830462877054,-0.1555961886108,-0.111531751188364,-0.741918245459386,0.41018678555814,1.22670964665357,-1.01694293969422,-0.0233446231262145,3.65141314762784,2.19433177352249,-0.0382639442739243,1.49244802467431,1.08838378637757,-0.173592540988238,-0.899102191164647,1.36852100217096,2.0838828385062,-0.048236570436645,-0.0330109162638679,2.14340987250002,1.33132611434538,1.09627321067543,0.950766487281889,1.1603029827845,-0.544774434739172,0,-0.0930309953194633,-0.145269946550987,-0.214770698051542,0.741730982610052,1.27280760797249,0.410428816691482,-0.569033328961901,-0.0998707974396848,-0.0692112518235939,-0.410266899197836,-1.38433934890509,0.0255710898531705,0.979782328328481,-1.39092377624206,-0.874843393079772,-0.202993708003753,-0.0191459895266863,-0.303642030474405,-1.17332181098952,-0.444187946496948,-0.283435346285619,-1.1603681679367,-0.527680489439249,-0.177318504788345
"56",0,0.494518296484461,2.05042341159541,0.642989303858402,-2.10604397354822,-0.992685559626734,-0.416428649433891,-0.0725377025059306,-0.0247411626405223,2.30184810087471,0.816387510785152,0.0768464655884069,-0.131191100456599,-1.40155863315559,-0.540830462877054,-0.1555961886108,-0.0445734002443183,1.56230462096456,0.0702277330491799,0.216694219019643,0.779926240360802,-1.29347794903808,-0.574697546273115,-0.113860786417039,-0.0382639442739243,-0.43758194039396,-1.36765647399252,-0.71344444671316,0.847765711656421,-1.3031392155474,-0.650039470011399,-0.048236570436645,-0.0330109162638679,-0.677021589692695,-1.62162736280961,-0.513334281189288,0.614423587210637,-1.56276425682162,-0.831486854781667,0,-0.0930309953194633,-0.481588184154324,-0.984477210668762,0.431157047935746,0.95600658577301,-1.30887624003008,-0.797595882078731,-0.0998707974396848,-0.0692112518235939,-0.410266899197836,0.550851699251816,1.19219966462977,1.16729496510292,1.14027554013895,1.25875985150291,-0.202993708003753,-0.0191459895266863,-0.303642030474405,1.62907371235298,0.245017378270736,-0.139748675238802,0.558394746906768,1.19265161384234,-0.177318504788345
"57",0,-0.346763866306412,0.545748814462924,0.290919690251838,0.994701386553687,0.975330014615711,-0.123111490731166,-0.135962069060475,-0.0247411626405223,-0.640995384823577,0.999757862091843,-0.509275768230068,-0.552740656252641,0.618220742359401,-0.0480975708092236,-0.1555961886108,-0.0445734002443183,0.410193187752585,0.92012536432158,-1.12999301782559,-1.18029468333559,-1.29347794903808,-0.574697546273115,-0.113860786417039,-0.0382639442739243,0.527433042140173,0.433439716945544,-1.56081868739673,-1.53432688309958,-1.3031392155474,-0.650039470011399,-0.048236570436645,0.0107463985881819,-0.0211034405390152,1.17147394189133,0.774351712302486,0.506331023400305,-1.39257255434624,-0.831486854781667,0,-0.0930309953194633,-0.481588184154324,-0.676594605621874,-0.0347038540757136,0.63920556357353,0.410428816691482,-0.569033328961901,-0.0998707974396848,-0.0692112518235939,0.558214809138742,0.309499483991012,-0.94661938912733,-0.520318765867068,1.14027554013895,-0.362274353239232,-0.202993708003753,-0.0191459895266863,-0.303642030474405,0.828389277112268,0.93422270303842,0.508752131666208,-0.300986710514968,-0.527680489439249,-0.177318504788345
"58",0,-0.346763866306412,0.115841786710785,-0.408360630783831,0.994701386553687,1.15424052136502,-0.416428649433891,-0.135962069060475,-0.0247411626405223,-0.314012775301545,0.999757862091843,0.325036110633647,0.0795836774414227,0.390282246099861,-0.0110510703338197,-0.1555961886108,-0.0445734002443183,-0.453890387156393,-0.9496494244777,-1.12999301782559,0.453222753078071,-0.0233446231262145,1.17683167519964,-0.113860786417039,-0.0382639442739243,-0.759253601238671,-0.712712404560498,-0.205019902303017,0.847765711656421,1.36852100217096,2.90405953106147,-0.048236570436645,-0.0330109162638679,-0.33031962811602,1.33132611434538,1.09627321067543,0.614423587210637,-0.201230637018563,-0.544774434739172,0,-0.0930309953194633,-0.481588184154324,-0.368712000574986,1.36287885195866,-0.627998525224387,-1.48080674570224,-0.797595882078731,-0.0998707974396848,-0.0692112518235939,-0.410266899197836,-0.504707054288313,0.608885377241471,-1.64539458651373,-1.55967039733413,-0.812399042803187,-0.202993708003753,-0.0191459895266863,-0.303642030474405,0.628218168302089,-0.444187946496948,-2.26390404116519,-1.1603681679367,-0.527680489439249,-0.177318504788345
"59",0,-0.346763866306412,1.62051638384327,0.990200011287507,-0.998634916368966,-0.992685559626734,-0.416428649433891,-0.135962069060475,-0.0247411626405223,-0.640995384823577,0.999757862091843,0.325036110633647,1.13345756693153,-1.06492873723642,-0.540830462877054,-0.1555961886108,-0.0445734002443183,-0.741918245459386,0.24020725930366,0.216694219019643,0.943277984002168,-0.0233446231262145,-0.574697546273115,-0.113860786417039,-0.0382639442739243,-0.759253601238671,-1.36765647399252,-0.809800691846011,0.963840583514112,0.032690893311783,-0.650039470011399,-0.048236570436645,-0.0330109162638679,-0.724686959055546,-1.5212368439477,-0.996216528748704,0.950766487281889,-0.541614041969328,-0.831486854781667,0,-0.0930309953194633,-0.481588184154324,-0.978770733686938,0.431157047935746,1.11440709687275,-1.13694573435793,-0.797595882078731,-0.0998707974396848,-0.0692112518235939,-0.410266899197836,0.726778158175171,1.19219966462977,0.979782328328481,-0.0409508075055244,1.05613057591014,-0.202993708003753,-0.0191459895266863,-0.303642030474405,1.82924482116316,0.93422270303842,0.904845870642121,1.79701244405808,3.40450717520438,4.19834190511436
"60",0,1.88237474806379,1.62051638384327,0.290919690251838,-2.32752578498407,-0.992685559626734,-0.416428649433891,-0.135962069060475,-0.0247411626405223,0.33995244374252,0.633017159478461,0.325036110633647,0.501133233237465,-1.40155863315559,-0.540830462877054,-0.1555961886108,-0.0445734002443183,-0.741918245459386,-1.28960847698666,-1.12999301782559,1.43333321492626,-1.29347794903808,-0.574697546273115,-0.113860786417039,-0.0382639442739243,-0.759253601238671,-1.53139249135053,-1.56081868739673,1.00657188464015,-1.3031392155474,-0.880350119331058,-0.048236570436645,-0.0330109162638679,-0.639535815693025,-1.2263086449194,-0.0304520336298728,-0.394605113003119,-1.56276425682162,-0.831486854781667,0,-0.0930309953194633,-0.481588184154324,-0.368712000574986,1.20759188462151,-0.786399036324126,-1.48080674570224,-0.797595882078731,-0.0998707974396848,-0.0692112518235939,0.558214809138742,1.43048399386859,1.08433964246456,-0.145293492318181,0.414786367676101,0.44824274913184,-0.202993708003753,-0.0191459895266863,-0.303642030474405,1.02856038592245,0.0152822700148413,0.706799001154165,1.58965249581285,2.42146025904347,-0.177318504788345
"61",0,1.88237474806379,1.62051638384327,-0.641454071129054,-2.32752578498407,-0.992685559626734,-0.416428649433891,-0.135962069060475,-0.0247411626405223,1.97486549135268,0.816387510785152,0.325036110633647,-0.131191100456599,-1.40155863315559,-0.540830462877054,-0.1555961886108,-0.0445734002443183,-0.1658625288534,-0.53773292393514,-0.961657113219938,0.779926240360802,-1.29347794903808,-0.847254845382823,-0.113860786417039,-0.0382639442739243,-0.759253601238671,-1.53139249135053,-0.882919294849875,0.37134719270522,-1.3031392155474,-0.897593196227223,-0.048236570436645,-0.0330109162638679,-0.639535815693025,-0.545263141761286,0.452430213929543,-0.73094801307437,-1.56276425682162,-0.831486854781667,0,-0.0930309953194633,-0.481588184154324,0.247053209518791,0.741730982610052,-1.26160056962335,-1.48080674570224,0.207589306994439,-0.0998707974396848,-0.0692112518235939,0.580926026841462,1.53941694309251,0.220009185649271,0.792269691554037,1.14027554013895,1.05613057591014,-0.202993708003753,-0.0758585761396516,1.76127335410647,1.82924482116316,0.0152822700148413,-0.0853884767976621,-0.300986710514968,-0.281918760399022,-0.177318504788345
"62",0,-0.346763866306412,-1.17387929654563,-2.04001471320039,-0.112707670625565,0.443191668062514,-0.123111490731166,-0.135962069060475,-0.0247411626405223,-0.367766729718433,-0.833945650975067,1.06960504576937,-0.107930215848091,1.29148053419773,1.67646755142818,-0.1555961886108,-0.0445734002443183,-0.1658625288534,1.09010489057606,1.56338145586488,-1.02430458051766,0.7704887055687,3.36967243470111,-0.113860786417039,-0.0382639442739243,-0.759253601238671,0.269703699587538,-0.205019902303017,-1.37552071011585,0.19966965691918,1.81049060765444,-0.048236570436645,-0.0330109162638679,-0.639535815693025,-1.2263086449194,-1.37492880930545,-1.5718052632525,0.990111280309114,-0.831486854781667,0,-0.00362621778214115,-0.481588184154324,-0.984477210668762,-1.12171262543579,0.0579645583030727,0.62522533912459,-0.797595882078731,-0.0998707974396848,0.00495621532434945,-0.410266899197836,-1.38433934890509,-1.91880986810783,0.41724441800515,-1.05343053405793,-0.767532904424768,-0.202993708003753,-0.0191459895266863,-0.303642030474405,-1.17332181098952,-2.7415390290559,0.310705262178251,-1.1603681679367,-0.527680489439249,-0.177318504788345
"63",0,-0.346763866306412,0.115841786710785,0.757106570942284,0.551737763681986,-0.0981330258801679,-0.469396787760078,-0.135962069060475,-0.0247411626405223,-0.640995384823577,-1.20068635358845,0.821415400724128,1.13345756693153,0.786535690318983,-0.37667898472566,-0.1555961886108,-0.0445734002443183,-0.741918245459386,-1.11962895073218,1.56338145586488,1.43333321492626,1.24678870278565,-0.292956833346385,-0.113860786417039,-0.0382639442739243,-0.759253601238671,-0.712712404560498,1.1507788827907,1.00657188464015,1.20154223856357,-0.522650598412629,-0.048236570436645,-0.0539306280597664,-0.639535815693025,-0.267195610195108,1.09627321067543,0.950766487281889,0.990111280309114,-0.544774434739172,0,-0.0930309953194633,-0.481588184154324,-0.0608293955280974,1.36287885195866,1.27280760797249,1.27008134505226,-0.340470775845071,-0.0998707974396848,-0.0692112518235939,-0.576626790509339,-0.680633513211668,1.19219966462977,1.16729496510292,0.465289055770677,-0.382069215485997,-0.202993708003753,-0.0191459895266863,-0.303642030474405,0.42804705949191,0.93422270303842,0.904845870642121,0.345091713134249,-0.00600624464597528,-0.177318504788345
"64",0,-0.346763866306412,2.05042341159541,0.524013130597061,0.551737763681986,1.69097204161296,2.51674293759336,-0.135962069060475,-0.0247411626405223,-0.640995384823577,0.999757862091843,-0.915912114592555,0.0795836774414227,0.281590846440236,0.937368213326437,-0.1555961886108,-0.0445734002443183,0.698221046055578,0.7501458380671,-1.12999301782559,-1.18029468333559,-1.29347794903808,-0.574697546273115,-0.113860786417039,-0.0382639442739243,0.838736977886532,1.08838378637757,1.1507788827907,1.00657188464015,-0.635224161117807,-0.621851965390225,-0.048236570436645,-0.0330109162638679,0.597328934614995,1.01162176943728,-0.0304520336298728,0.278080687139385,0.479536172882967,-0.831486854781667,0,-0.0930309953194633,-0.481588184154324,-0.984477210668762,-1.12171262543579,-0.469598014124647,1.09815083938011,-0.797595882078731,-0.0998707974396848,-0.0692112518235939,-0.410266899197836,0.550851699251816,-1.14105748492343,0.229731781230706,-0.0409508075055244,-0.87767847024753,-0.202993708003753,-0.0191459895266863,-0.303642030474405,1.62907371235298,0.93422270303842,-0.338510783448505,-0.988491876452356,-0.527680489439249,-0.177318504788345
"65",0,-0.346763866306412,-0.529018754917424,0.0578262499066152,0.994701386553687,1.86988254836228,4.27664588980972,10.9926347477701,-0.0247411626405223,-0.778527110065027,-0.283834597054994,0.0768464655884069,-0.552740656252641,-0.0550390494789284,3.40103267366559,10.6071744073687,-0.0445734002443183,-0.741918245459386,-1.45958800324114,-1.12999301782559,-1.01694293969422,-0.0233446231262145,3.93315386055457,13.7352945732202,-0.0909846830221019,-0.759253601238671,-1.36765647399252,0.472879490243842,1.00657188464015,1.69124782590959,3.17745176191323,16.5692619449875,-0.0330109162638679,-0.639535815693025,-1.2263086449194,0.452430213929543,0.782595037246263,1.24523915706612,0.0286504053458163,0,-0.0930309953194633,-0.481588184154324,-0.984477210668762,-0.500564756087173,1.27280760797249,-0.4492237116693,-0.797595882078731,-0.0998707974396848,-0.0692112518235939,-0.410266899197836,-1.56562591361974,0.997761568833671,0.604757054779594,-1.55967039733413,-0.767532904424768,-0.202993708003753,-0.0191459895266863,-0.303642030474405,-0.172466266938626,0.93422270303842,-1.66976343270132,-1.64602517659555,-0.527680489439249,-0.177318504788345
"66",0,0.767805440878689,1.83546989771934,0.757106570942284,-1.66308035067652,-0.992685559626734,-0.416428649433891,-0.135962069060475,-0.0247411626405223,1.32090027230862,0.816387510785152,0.61786058517836,0.711908011135486,-1.06858328089171,-0.540830462877054,-0.1555961886108,-0.0445734002443183,0.410193187752585,1.09010489057606,-0.4139187305924,1.43333321492626,-0.658411286082146,-0.574697546273115,-0.113860786417039,-0.0382639442739243,-0.759253601238671,-0.548976387202492,-0.882919294849875,1.00657188464015,-0.802202924725205,-0.650039470011399,-0.048236570436645,-0.0330109162638679,-0.639535815693025,-1.2263086449194,-0.0304520336298728,0.782595037246263,-1.56276425682162,-0.831486854781667,0,-0.0930309953194633,-0.481588184154324,-0.830535908145318,1.05230491728436,0.480805052473791,-1.48080674570224,-0.797595882078731,-0.0998707974396848,-0.235370609513787,-0.410266899197836,0.902704617098525,1.19219966462977,0.0422191444562627,-0.209697428597592,1.05613057591014,1.02661939301677,-0.0191459895266863,1.76127335410647,1.62907371235298,0.671866344198151,0.904845870642121,1.96103800661957,3.40450717520438,5.0734739870949
"67",0,0.767805440878689,1.83546989771934,0.990200011287507,-0.555671293497266,-0.992685559626734,-0.416428649433891,-0.0652469863412276,-0.0247411626405223,1.97486549135268,0.999757862091843,0.0768464655884069,0.922682789033507,-0.391668945398093,-0.540830462877054,-0.1555961886108,-0.0445734002443183,0.986248904358571,0.831606737915814,0.0483583144139882,-0.363535965128757,0.531596524235327,-0.574697546273115,-0.113860786417039,0.0337041416019022,0.527433042140173,1.08838378637757,-0.882919294849875,-1.53432688309958,1.03456347495617,0.443529453395639,0.088624094582515,-0.0330109162638679,0.597328934614995,1.33132611434538,-0.996216528748704,-1.73997671328813,0.139152767932202,0.8887876654733,0,-0.0930309953194633,1.5363212414657,1.47858362970634,-0.966425658098632,-1.26160056962335,0.238498311019326,1.03090454285591,0.0795825457041759,-0.0692112518235939,1.04245566330703,1.43048399386859,-0.16886700594293,-0.520318765867068,0.971528919046879,0.44824274913184,-0.202993708003753,-0.0191459895266863,0.728815661816031,1.51604290423695,0.93422270303842,0.706799001154165,0.386518455422421,0.137324540936453,-0.177318504788345
"68",0,-0.346763866306412,-0.768929268139228,0.290919690251838,-1.88456216211237,-0.992685559626734,-0.416428649433891,-0.135962069060475,-0.0247411626405223,-0.640995384823577,-0.100464245748303,0.325036110633647,-2.02816410153879,-1.40155863315559,-0.540830462877054,-0.1555961886108,-0.0445734002443183,0.122165329449593,1.09010489057606,0.0483583144139882,-1.18029468333559,-1.13471128329909,1.04570569810088,0.298762898059885,-0.0382639442739243,1.81411968551902,1.08838378637757,-0.205019902303017,-0.740296018180913,0.867584711348771,3.45084399276499,-0.048236570436645,-0.0330109162638679,0.597328934614995,1.33132611434538,1.09627321067543,0.950766487281889,0.990111280309114,0.315362825388311,0,-0.0930309953194633,-0.481588184154324,-0.0988992272164881,0.586444015272899,1.0743639771168,-0.621154217341457,-0.797595882078731,-0.198644074094097,-0.0692112518235939,-0.410266899197836,-1.38433934890509,0.608885377241471,0.604757054779594,-1.55967039733413,-0.767532904424768,-0.202993708003753,-0.0191459895266863,-0.347563923681168,-0.97315070217934,0.704487594782526,-0.719348563069534,-1.1603681679367,-0.527680489439249,-0.177318504788345
"69",0,-0.346763866306412,-0.958925782669563,-0.175267190438608,0.330255952246136,-0.992685559626734,-0.416428649433891,-0.135962069060475,-0.0247411626405223,-0.640995384823577,-1.01731600228176,1.06960504576937,-0.381266535902285,-1.40155863315559,-0.540830462877054,-0.1555961886108,-0.0445734002443183,-0.453890387156393,0.238221277001933,0.385030123625297,-1.18029468333559,-1.29347794903808,-0.574697546273115,-0.113860786417039,-0.0382639442739243,1.17077636382959,0.924647769019562,-1.39134383926002,-1.7974504020811,-0.635224161117807,0.990313915099158,-0.048236570436645,-0.0330109162638679,2.14340987250002,1.33132611434538,0.291469464743071,-0.226433662967493,1.1603029827845,0.76707814950398,0,-0.0930309953194633,-0.145269946550987,0.400994512042235,0.741730982610052,1.27280760797249,0.582359322363638,-0.569033328961901,-0.0998707974396848,0.0752483026695177,-0.410266899197836,-1.38433934890509,0.409729567914831,1.16729496510292,-0.884683912965861,-0.767532904424768,-0.202993708003753,-0.0191459895266863,-0.303642030474405,-1.17332181098952,0.474752486526631,-0.0853884767976621,-1.1603681679367,-0.527680489439249,-0.177318504788345
"70",0,0.767805440878689,0.975655842215063,0.990200011287507,0.994701386553687,1.86988254836228,4.27664588980972,0.809440740942153,-0.0247411626405223,-0.314012775301545,0.999757862091843,0.325036110633647,-0.974290212048683,-1.233243685196,-0.294464016843139,-0.1555961886108,-0.0445734002443183,0.410193187752585,1.09010489057606,1.39504555125922,0.453222753078071,-0.817177951821129,-0.574697546273115,-0.113860786417039,-0.0382639442739243,-0.43758194039396,-0.22150435248648,0.303404642107127,1.00657188464015,1.36852100217096,-0.10325500830788,-0.048236570436645,-0.0330109162638679,-0.639535815693025,-1.06645647246535,-1.47909877630812,-1.5718052632525,0.819919577833732,1.17550008551579,0,-0.0930309953194633,1.87263947906903,0.400994512042235,-1.12171262543579,-1.26160056962335,0.582359322363638,1.03090454285591,-0.0998707974396848,-0.0692112518235939,2.01093737164361,1.43048399386859,-1.33549558071953,-1.83290722328817,0.971528919046879,0.245613473539072,-0.202993708003753,0.00434336231440252,0.886573090537377,0.628218168302089,0.93422270303842,0.904845870642121,1.07402362135981,-0.0361570313587953,-0.177318504788345
"71",0,-0.346763866306412,-0.0813281827145269,0.757106570942284,0.773219575117836,-0.277043532629481,-0.707119805213134,-0.135962069060475,0.0676255668164689,0.666935053264552,0.816387510785152,1.06960504576937,1.16164927252488,0.954850638278565,-0.540830462877054,-0.1555961886108,-0.0445734002443183,2.71441605417653,1.09010489057606,1.05837374204791,1.43333321492626,1.08169763212457,-0.292956833346385,-0.0127373600164207,-0.0382639442739243,2.13579134636373,1.08838378637757,0.981304034653986,0.879084500451013,1.36852100217096,-0.10325500830788,-0.048236570436645,-0.0330109162638679,-0.639535815693025,-0.586899955103205,-1.15717727793518,-0.562776563038745,1.1603029827845,-0.544774434739172,0,-0.0930309953194633,-0.369285086375913,-0.984477210668762,-0.811138690761479,1.11440709687275,0.926220333707951,-0.797595882078731,-0.0998707974396848,-0.0692112518235939,-0.410266899197836,-1.20841288998173,0.803323473037571,1.16729496510292,-0.547190670781726,-0.767532904424768,-0.326788353883994,-0.0191459895266863,-0.303642030474405,-0.172466266938626,0.704487594782526,-1.07562282423745,-1.1603681679367,-0.527680489439249,-0.177318504788345
"72",0,-0.346763866306412,0.873298596954277,0.990200011287507,0.994701386553687,0.0807774808691453,-0.416428649433891,-0.135962069060475,-0.0247411626405223,2.30184810087471,0.999757862091843,-0.667722469547314,0.290358455339444,1.12316558623815,-0.540830462877054,-0.1555961886108,-0.0445734002443183,1.56230462096456,0.0702277330491799,-1.12999301782559,-0.690239452411488,1.24678870278565,0.552265305433806,-0.113860786417039,-0.0382639442739243,-0.759253601238671,-1.53139249135053,-1.56081868739673,-0.58148984519718,1.36852100217096,-0.650039470011399,-0.048236570436645,-0.0330109162638679,-0.639535815693025,-1.2263086449194,-1.31813802712165,0.614423587210637,0.309344470407584,-0.831486854781667,0,-0.0930309953194633,-0.481588184154324,-0.830535908145318,0.431157047935746,0.95600658577301,-0.96501522868577,-0.797595882078731,-0.0998707974396848,-0.0692112518235939,0.558214809138742,1.43048399386859,1.19219966462977,-0.377776558691823,-0.884683912965861,0.0429841979463036,-0.202993708003753,-0.0191459895266863,0.728815661816031,0.828389277112268,0.93422270303842,0.904845870642121,1.58965249581285,3.40450717520438,1.57294565917274
"73",0,1.88237474806379,2.05042341159541,0.990200011287507,-0.998634916368966,-0.992685559626734,-0.479361272443021,-0.135962069060475,-0.0247411626405223,1.64788288183065,0.999757862091843,0.325036110633647,1.13345756693153,-0.613882847944765,-0.540830462877054,-0.199633563920006,-0.0445734002443183,0.122165329449593,1.09010489057606,-0.961657113219938,1.43333321492626,-0.182111288865197,-0.574697546273115,-0.113860786417039,-0.0382639442739243,-0.759253601238671,-1.20392045663452,-0.71344444671316,1.00657188464015,-0.802202924725205,-0.650039470011399,-0.048236570436645,-0.0330109162638679,-0.639535815693025,-1.2263086449194,0.291469464743071,0.446252137175011,-1.56276425682162,-0.936923229773595,0,-0.0930309953194633,-0.481588184154324,-0.52265330309843,1.20759188462151,-0.152796991925168,-1.48080674570224,-0.797595882078731,-0.0998707974396848,-0.0692112518235939,-0.410266899197836,0.902704617098525,1.19219966462977,0.41724441800515,0.127795813586543,0.650872024724607,-0.202993708003753,-0.0191459895266863,1.76127335410647,1.82924482116316,0.93422270303842,0.904845870642121,1.58965249581285,3.40450717520438,4.19834190511436
"74",0,0.767805440878689,1.83546989771934,0.0578262499066152,-2.32752578498407,-0.992685559626734,-0.416428649433891,-0.135962069060475,-0.0247411626405223,1.64788288183065,1.25318827491606,1.06960504576937,0.673489611769678,-1.40155863315559,-0.540830462877054,-0.19924649445657,-0.0445734002443183,0.954292275376596,0.7501458380671,-0.624985304008629,1.43333321492626,-0.975944617560112,-0.574697546273115,-0.113860786417039,-0.0382639442739243,-0.115910279549249,0.433439716945544,-1.56081868739673,0.688959538672687,-0.301266633903012,-0.650039470011399,-0.048236570436645,-0.0539306280597664,-0.639535815693025,-1.2263086449194,-1.47909877630812,0.782595037246263,-0.201230637018563,-0.831486854781667,0,-0.0930309953194633,-0.481588184154324,-0.984477210668762,0.12058311326144,1.27280760797249,-0.793084723013613,-0.797595882078731,-0.0998707974396848,-0.0692112518235939,0.558214809138742,0.726778158175171,1.19219966462977,1.16729496510292,0.465289055770677,1.25875985150291,-0.202993708003753,-0.0191459895266863,-0.303642030474405,1.82924482116316,0.93422270303842,0.136811096603901,1.58965249581285,3.40450717520438,5.0734739870949
"75",0,-0.346763866306412,0.760702328338993,0.757106570942284,0.994701386553687,1.15424052136502,-0.123111490731166,-0.135962069060475,-0.0247411626405223,-0.640995384823577,-0.600411923635285,-1.90867069477352,-1.39583976784473,1.12316558623815,0.937368213326437,-0.1555961886108,-0.0445734002443183,-0.974317432066345,-1.62956752949562,-1.74464429222757,-1.18029468333559,1.24678870278565,0.552265305433806,-0.113860786417039,-0.0909846830221019,-0.759253601238671,-0.78960081434581,-1.56081868739673,-0.263877499229713,0.867584711348771,-0.650039470011399,-0.048236570436645,-0.0330109162638679,0.28811274703799,0.691917424529183,1.09627321067543,0.950766487281889,0.990111280309114,0.315362825388311,0,-0.0930309953194633,0.527366528655686,-0.214770698051542,0.741730982610052,0.164004030274312,-1.48080674570224,-0.797595882078731,-0.178160979143614,-0.173148721116614,-0.410266899197836,-0.856559972135023,0.997761568833671,-1.64539458651373,-1.55967039733413,-0.782395568132438,-0.202993708003753,-0.0191459895266863,-0.303642030474405,1.02856038592245,-1.36312837952053,-2.26390404116519,-1.1603681679367,-0.527680489439249,-0.177318504788345
"76",0,-0.346763866306412,0.115841786710785,0.757106570942284,-0.777153104933116,-0.992685559626734,-0.416428649433891,-0.135962069060475,-0.0247411626405223,0.0129698342204877,0.816387510785152,-1.1641017596378,1.13345756693153,-0.559983893357675,-0.540830462877054,-0.1555961886108,-0.0445734002443183,0.986248904358571,0.24020725930366,-0.961657113219938,0.453222753078071,0.929255371307683,-0.0112161204196545,-0.113860786417039,0.127220760069906,1.49244802467431,-0.385240369844486,-1.56081868739673,-1.53432688309958,0.366648420526578,0.990313915099158,-0.048236570436645,-0.0330109162638679,1.52497749734601,-0.427047782649156,-1.47909877630812,-1.73997671328813,-0.201230637018563,1.46221250555829,0,-0.0930309953194633,0.863684766259023,0.513834088967259,-1.12171262543579,-1.45769140274944,0.238498311019326,0.80234198973908,-0.0998707974396848,-0.0692112518235939,-0.410266899197836,0.726778158175171,-0.36330510173903,0.065611827799167,0.971528919046879,-0.362274353239232,-0.202993708003753,-0.0191459895266863,-0.303642030474405,-0.772979593369162,0.0152822700148413,0.665781387904208,0.214642163938074,-0.228486080632179,-0.177318504788345
"77",0,-0.346763866306412,-1.17387929654563,-0.175267190438608,0.330255952246136,-0.992685559626734,-0.416428649433891,-0.135962069060475,-0.0247411626405223,0.0129698342204877,0.266276456865079,1.06960504576937,1.13345756693153,0.164690869357251,-0.540830462877054,-0.232827447320488,-0.0445734002443183,2.71441605417653,1.09010489057606,0.216694219019643,-0.690239452411488,0.929255371307683,-0.0112161204196545,-0.0365229566149842,-0.0382639442739243,1.17077636382959,1.08838378637757,0.133929793970413,-1.53432688309958,1.03456347495617,0.990313915099158,-0.048236570436645,-0.0330109162638679,-0.639535815693025,1.17147394189133,-0.0304520336298728,-1.73997671328813,0.0309871169900012,0.602075245430805,0,-0.0930309953194633,-0.481588184154324,0.708877117089123,0.897017949947205,-1.26160056962335,0.362426361281347,1.25946709597274,-0.0998707974396848,-0.0692112518235939,-0.410266899197836,0.0230723224817513,1.19219966462977,0.604757054779594,1.14027554013895,0.245613473539072,-0.202993708003753,-0.0191459895266863,-0.303642030474405,-1.17332181098952,0.245017378270736,0.904845870642121,0.102578076882554,-0.281918760399022,-0.262842117481981
"78",0,-0.346763866306412,0.545748814462924,0.757106570942284,-0.112707670625565,-0.455954039378794,0.259683267957039,-0.135962069060475,-0.0247411626405223,0.666935053264552,0.816387510785152,-0.915912114592555,1.13345756693153,1.29148053419773,0.937368213326437,-0.1555961886108,-0.0445734002443183,1.27427676266156,0.58016631181262,-0.456649399402975,1.2699814712849,0.452955374090734,-0.292956833346385,-0.113860786417039,-0.0382639442739243,-0.759253601238671,0.760911751661556,0.811829186517271,0.0537348467377536,-1.13616045194,-0.76029835002314,-0.048236570436645,-0.0330109162638679,-0.639535815693025,0.0525087347129891,1.09627321067543,-0.73094801307437,-1.56276425682162,-0.831486854781667,0,-0.0930309953194633,-0.481588184154324,0.708877117089123,0.4901423070087,1.27280760797249,-0.96501522868577,-0.797595882078731,-0.0998707974396848,-0.0692112518235939,-0.410266899197836,1.43048399386859,-0.75218129333123,1.16729496510292,-0.884683912965861,-0.767532904424768,-0.202993708003753,-0.0191459895266863,-0.253897274660792,1.02856038592245,0.93422270303842,0.0538829205613482,-0.816615584968009,-0.527680489439249,-0.177318504788345
"79",0,-0.346763866306412,-1.17387929654563,-2.50620159389084,0.108774140810285,0.796419507866398,-0.00475408933714469,-0.135962069060475,-0.0247411626405223,-0.333324717939667,-1.93416775881521,-2.65323962990924,1.13345756693153,-0.223353997438511,-0.540830462877054,-0.321864189726586,-0.0445734002443183,-0.741918245459386,-1.62956752949562,0.89003783744226,0.779926240360802,-1.29347794903808,0.552265305433806,-0.113860786417039,-0.0382639442739243,-0.759253601238671,-0.712712404560498,0.981304034653986,-1.05790836414838,-0.134287870295615,2.90405953106147,-0.048236570436645,-0.0330109162638679,-0.0211034405390152,1.17147394189133,-0.67429503037576,-1.5718052632525,0.990111280309114,0.8887876654733,0,-0.0930309953194633,3.55423066708572,1.17070102465946,0.12058311326144,0.480805052473791,1.27008134505226,0.34521688350542,-0.0998707974396848,3.74986562380231,6.8533459133265,1.43048399386859,0.997761568833671,0.979782328328481,0.802782297954812,-0.362274353239232,-0.202993708003753,1.5455331253704,-0.303642030474405,-1.17332181098952,-1.85631557573883,0.112658392690295,0.558394746906768,-0.527680489439249,-0.177318504788345
"80",0,-0.346763866306412,0.699327042105668,0.0578262499066152,-0.112707670625565,0.451670339275459,-0.416428649433891,-0.135962069060475,-0.0247411626405223,1.64788288183065,0.999757862091843,0.821415400724128,0.0795836774414227,0.786535690318983,-0.540830462877054,-0.1555961886108,-0.0445734002443183,-0.741918245459386,0.41018678555814,0.0483583144139882,-1.18029468333559,-1.29347794903808,-0.574697546273115,-0.113860786417039,-0.0382639442739243,-0.759253601238671,0.433439716945544,0.133929793970413,-0.58148984519718,-1.3031392155474,-0.992879278180209,-0.048236570436645,-0.0330109162638679,-0.639535815693025,0.0525087347129891,0.452430213929543,0.446252137175011,0.819919577833732,-0.831486854781667,0,-0.13298990870606,-0.481588184154324,-0.984477210668762,-1.12171262543579,-0.689463422208875,-0.105362700324987,1.03090454285591,-0.0998707974396848,-0.0692112518235939,-0.410266899197836,0.374925240328461,-0.75218129333123,-0.825568801736594,0.465289055770677,1.05613057591014,-0.202993708003753,-0.0912709356995593,-0.505152606758037,0.762923710651655,0.288861820315356,0.112658392690295,0.558394746906768,-0.0361570313587953,-0.177318504788345
"81",0,-0.346763866306412,-0.0991117271652847,0.990200011287507,-0.334189482061415,-0.992685559626734,-0.416428649433891,-0.135962069060475,-0.0247411626405223,-0.640995384823577,0.266276456865079,0.660641173234103,0.922682789033507,-0.559983893357675,-0.540830462877054,-0.1555961886108,-0.0445734002443183,-0.741918245459386,0.0702277330491799,-0.624985304008629,0.616574496719437,0.135422042612768,-0.574697546273115,-0.113860786417039,-0.0382639442739243,-0.759253601238671,-1.53139249135053,-1.56081868739673,0.37134719270522,0.032690893311783,-0.650039470011399,-0.048236570436645,-0.0330109162638679,-0.639535815693025,-1.2263086449194,-1.47909877630812,-0.215224788592524,-0.541614041969328,-0.574524008024871,0,-0.0930309953194633,-0.481588184154324,-0.676594605621874,-0.0347038540757136,0.608663494000159,-1.13694573435793,-0.797595882078731,-0.0998707974396848,-0.0692112518235939,-0.410266899197836,0.550851699251816,1.19219966462977,1.16729496510292,0.971528919046879,1.25875985150291,2.25623249403729,-0.0912709356995593,-0.303642030474405,0.027704841871553,-0.903658163008738,-1.47171656321336,0.386518455422421,3.15874544616415,2.44807774115328
"82",0,-0.346763866306412,-0.644347020314758,-0.356897987285972,-0.334189482061415,-0.813775052877421,-0.421156751804627,-0.135962069060475,-0.0247411626405223,-0.640995384823577,0.082906105558388,0.573225755678888,-0.131191100456599,0.141558710441584,-0.540830462877054,-0.1555961886108,-0.0445734002443183,-0.1658625288534,1.17667121209431,-0.212822812915087,-1.18029468333559,0.452955374090734,-0.292956833346385,-0.113860786417039,-0.0382639442739243,0.527433042140173,0.924647769019562,-1.56081868739673,-1.53432688309958,-0.134287870295615,0.716921684247398,-0.048236570436645,-0.0330109162638679,0.28811274703799,0.691917424529183,-1.47909877630812,-1.73997671328813,-1.05218914939548,1.74892492560078,0,-0.0930309953194633,0.19104829105235,0.708877117089123,-1.12171262543579,-1.26160056962335,0.209190376545934,1.25946709597274,-0.0998707974396848,-0.0692112518235939,-0.410266899197836,0.550851699251816,-0.36330510173903,-0.145293492318181,1.14027554013895,0.0429841979463036,-0.202993708003753,-0.0191459895266863,-0.303642030474405,-0.772979593369162,-0.444187946496948,0.904845870642121,0.386518455422421,-0.527680489439249,-0.380433816780069
"83",0,-0.346763866306412,0.760702328338993,0.757106570942284,-2.32752578498407,-0.992685559626734,-0.416428649433891,-0.135962069060475,-0.0247411626405223,0.0129698342204877,0.999757862091843,0.573225755678888,-0.131191100456599,-1.40155863315559,-0.540830462877054,-0.1555961886108,-0.0445734002443183,1.85033247926755,0.58016631181262,0.216694219019643,0.779926240360802,-1.29347794903808,-0.574697546273115,-0.113860786417039,-0.0382639442739243,2.13579134636373,-0.22150435248648,0.472879490243842,0.254742605362392,-1.3031392155474,-0.650039470011399,-0.048236570436645,-0.0330109162638679,-0.33031962811602,-1.06645647246535,0.774351712302486,-0.73094801307437,-1.56276425682162,-0.831486854781667,0,-0.0930309953194633,-0.481588184154324,-0.676594605621874,1.36287885195866,-0.944799547423866,-1.48080674570224,0.0500366171740836,-0.0998707974396848,-0.0692112518235939,-0.410266899197836,0.198998781405106,0.803323473037571,0.41724441800515,0.971528919046879,0.853501300317375,-0.202993708003753,-0.0191459895266863,-0.303642030474405,0.227875950681732,0.93422270303842,0.706799001154165,-0.300986710514968,-0.0361570313587953,-0.177318504788345
"84",0,0.767805440878689,0.330795300586854,0.0578262499066152,0.108774140810285,-0.992685559626734,-0.667778214522682,-0.135962069060475,-0.0247411626405223,0.33995244374252,0.266276456865079,-1.90867069477352,0.922682789033507,-0.89661378927684,-0.858203538316893,-0.1555961886108,-0.0445734002443183,-0.741918245459386,-1.62956752949562,-0.961657113219938,1.2699814712849,-0.817177951821129,-0.574697546273115,-0.113860786417039,-0.0382639442739243,-0.759253601238671,-0.712712404560498,0.981304034653986,0.530153365688954,-0.969181688332602,-0.650039470011399,-0.048236570436645,-0.0330109162638679,-0.639535815693025,-1.06645647246535,-0.835255779562232,-0.394605113003119,0.990111280309114,-0.258062014696678,0,-0.0930309953194633,-0.481588184154324,-0.984477210668762,-1.12171262543579,-1.26160056962335,1.27008134505226,0.449138483807847,-0.0998707974396848,-0.0692112518235939,1.04245566330703,0.550851699251816,-1.14105748492343,-0.509553001869362,1.14027554013895,-0.159645077646464,-0.202993708003753,-0.0191459895266863,-0.303642030474405,0.828389277112268,0.93422270303842,0.310705262178251,0.0427658724537265,-0.527680489439249,-0.177318504788345
"85",0,-0.346763866306412,0.330795300586854,-0.175267190438608,0.773219575117836,0.796419507866398,-0.416428649433891,-0.321909304436916,-0.0247411626405223,0.666935053264552,0.999757862091843,0.821415400724128,0.448221600978918,0.618220742359401,0.444635321258607,-0.1555961886108,-0.0445734002443183,-0.741918245459386,-0.43971084571426,-0.961657113219938,0.239814956488136,1.24678870278565,0.47066484952634,-0.113860786417039,-0.0382639442739243,-0.759253601238671,-1.53139249135053,-0.543969598576446,0.847765711656421,1.03456347495617,-0.650039470011399,-0.048236570436645,-0.0330109162638679,-0.639535815693025,-1.2263086449194,0.935312461488958,0.950766487281889,1.1603029827845,0.466104039332868,0,-0.0930309953194633,-0.145269946550987,-0.676594605621874,-0.655851723424326,-0.469598014124647,1.27008134505226,1.03090454285591,-0.0998707974396848,-0.0692112518235939,1.04245566330703,1.07863107602188,-0.94661938912733,-0.520318765867068,1.14027554013895,0.44824274913184,-0.202993708003753,-0.0191459895266863,-0.303642030474405,0.42804705949191,0.704487594782526,1.10007192807492,0.902147329875462,-0.281918760399022,-0.177318504788345
"86",0,-0.346763866306412,0.516566985361374,0.990200011287507,1.04410313214467,1.15424052136502,-0.416428649433891,-0.135962069060475,-0.0247411626405223,0.666935053264552,0.999757862091843,1.06960504576937,1.13345756693153,1.24915489451486,-0.375435677711235,-0.1555961886108,-0.0445734002443183,-0.1658625288534,0.24020725930366,1.56338145586488,1.43333321492626,0.452955374090734,-0.574697546273115,-0.113860786417039,-0.0909846830221019,-0.759253601238671,-1.53139249135053,0.562597632907737,1.00657188464015,-0.134287870295615,-0.650039470011399,-0.048236570436645,-0.0330109162638679,-0.639535815693025,-1.2263086449194,-1.47909877630812,0.109909237103759,1.1603029827845,-0.258062014696678,0,-0.0930309953194633,-0.481588184154324,0.0931119069953467,-1.12171262543579,-1.26160056962335,1.09815083938011,0.34521688350542,-0.118933504751793,-0.0692112518235939,0.558214809138742,1.43048399386859,0.0559697245377389,-0.520318765867068,0.971528919046879,0.650872024724607,0.0260905985341736,-0.0191459895266863,-0.303642030474405,0.42804705949191,0.474752486526631,0.112658392690295,-0.300986710514968,-0.527680489439249,-0.177318504788345
"87",0,0.767805440878689,0.975655842215063,0.680827513498022,-0.334189482061415,-0.813775052877421,-0.416428649433891,-0.146263925281117,-0.0247411626405223,1.32090027230862,0.633017159478461,-1.90867069477352,-0.131191100456599,1.12316558623815,-0.0480975708092236,-0.1555961886108,-0.0445734002443183,1.56230462096456,0.41018678555814,-1.12999301782559,-0.853591196052854,1.24678870278565,0.270524592507076,-0.113860786417039,-0.0382639442739243,-0.115910279549249,0.111328902469518,-0.205019902303017,0.0537348467377536,1.36852100217096,0.443529453395639,-0.048236570436645,-0.0330109162638679,-0.639535815693025,-0.906604300011301,-0.835255779562232,-1.06729091314562,0.649727875358349,0.8887876654733,0,-0.0930309953194633,-0.481588184154324,-0.984477210668762,-1.12171262543579,-1.26160056962335,0.582359322363638,1.03090454285591,-0.0998707974396848,-0.0692112518235939,2.4951782258119,0.726778158175171,-1.52993367651563,-0.707831402641512,1.14027554013895,0.0429841979463036,-0.202993708003753,-0.0191459895266863,0.728815661816031,0.983749365052437,0.93422270303842,0.225882393844567,-0.300986710514968,-0.527680489439249,-0.177318504788345
"88",0,-0.346763866306412,0.545748814462924,-0.408360630783831,0.994701386553687,1.33315102811434,-0.416428649433891,-0.135962069060475,-0.0247411626405223,0.666935053264552,0.999757862091843,1.06960504576937,1.13345756693153,1.29148053419773,-0.294464016843139,-0.146345966066909,-0.0445734002443183,0.986248904358571,1.20264417424644,0.89003783744226,0.12651926579534,1.08802203704667,0.834006018360537,-0.113860786417039,0.0960485539139038,1.17077636382959,1.08838378637757,-1.39134383926002,-1.53432688309958,0.700605947741373,1.53709837680268,-0.048236570436645,-0.0330109162638679,0.906545122192,0.851769596983231,-1.47909877630812,-1.5718052632525,0.819919577833732,0.8887876654733,0,-0.0930309953194633,0.863684766259023,1.17070102465946,-0.811138690761479,0.63920556357353,1.27008134505226,-0.340470775845071,-0.0998707974396848,-0.0692112518235939,0.558214809138742,1.43048399386859,1.19219966462977,1.16729496510292,-0.209697428597592,-0.767532904424768,-0.202993708003753,-0.0191459895266863,-0.303642030474405,0.628218168302089,0.0152822700148413,-0.877575954749489,-1.1603681679367,-0.527680489439249,-0.177318504788345
"89",0,-0.346763866306412,0.760702328338993,0.990200011287507,0.994701386553687,1.86988254836228,1.85310336032963,0.791420999008737,-0.0247411626405223,-0.640995384823577,0.633017159478461,-0.915912114592555,-0.552740656252641,0.449905794399818,2.69356445889466,4.73657226410715,-0.0445734002443183,-1.08675398713786,-1.62956752949562,-1.12999301782559,-1.18029468333559,-0.182111288865197,3.93315386055457,4.50252433346203,-0.0382639442739243,-0.759253601238671,-1.04018443927651,-0.882919294849875,-0.740296018180913,1.20154223856357,2.0838828385062,-0.048236570436645,-0.0330109162638679,0.35245714395435,1.33132611434538,1.09627321067543,0.950766487281889,1.1603029827845,1.46221250555829,0,-0.0930309953194633,-0.481588184154324,-0.52265330309843,0.586444015272899,1.11440709687275,-0.105362700324987,-0.569033328961901,-0.0998707974396848,-0.0692112518235939,-0.374482946666199,-0.856559972135023,1.19219966462977,-0.332806129092624,-1.47099220582029,-0.603606781216089,-0.202993708003753,-0.0191459895266863,-0.0300622684039914,1.22873149473262,0.474752486526631,-2.26390404116519,-1.1603681679367,-0.527680489439249,-0.177318504788345
"90",0,0.767805440878689,1.29035144089826,0.990200011287507,0.994701386553687,0.975330014615711,-0.416428649433891,-0.135962069060475,0.00131510914950845,0.0129698342204877,-0.100464245748303,-1.41229140468304,0.290358455339444,0.618220742359401,-0.540830462877054,-0.1555961886108,-0.0445734002443183,-0.741918245459386,-1.62956752949562,-1.12999301782559,0.616574496719437,0.452955374090734,-0.574697546273115,-0.113860786417039,-0.0382639442739243,-0.759253601238671,-1.53139249135053,-0.882919294849875,1.00657188464015,0.032690893311783,0.17013722254388,0.0541342826353131,-0.127855013618546,0.28811274703799,1.17147394189133,1.09627321067543,0.950766487281889,1.1603029827845,2.32234976568577,0,-0.0930309953194633,0.863684766259023,0.554935814565679,1.36287885195866,-0.311197503024907,-0.4492237116693,-0.340470775845071,-0.0998707974396848,-0.0692112518235939,-0.410266899197836,0.198998781405106,0.608885377241471,-0.916527302055624,-1.55967039733413,-0.767532904424768,-0.202993708003753,-0.0191459895266863,0.728815661816031,1.62907371235298,-1.13339327126463,-2.26390404116519,-1.1603681679367,-0.527680489439249,-0.177318504788345
"91",0,-0.346763866306412,0.115841786710785,0.290919690251838,0.108774140810285,-0.127748369353776,-0.416428649433891,-0.135962069060475,-0.0247411626405223,1.32090027230862,0.999757862091843,0.0768464655884069,1.13345756693153,0.786535690318983,0.198268875224692,-0.1555961886108,-0.0445734002443183,1.27427676266156,0.58016631181262,-0.28831349479732,1.43333321492626,1.24678870278565,1.67922815714073,-0.113860786417039,-0.0382639442739243,-0.43758194039396,0.760911751661556,1.1507788827907,0.847765711656421,-0.134287870295615,-0.650039470011399,-0.048236570436645,-0.0330109162638679,-0.639535815693025,-0.746752127557253,1.09627321067543,0.614423587210637,-1.39257255434624,-0.831486854781667,0,-0.0930309953194633,-0.481588184154324,-0.368712000574986,1.36287885195866,1.27280760797249,0.410428816691482,-0.797595882078731,-0.0998707974396848,-0.0692112518235939,-0.410266899197836,-0.328780595364958,1.19219966462977,0.604757054779594,1.14027554013895,0.0429841979463036,-0.202993708003753,-0.0191459895266863,-0.303642030474405,0.227875950681732,0.704487594782526,0.112658392690295,0.558394746906768,-0.527680489439249,-0.177318504788345
"92",0,-0.346763866306412,-0.314065241041354,0.524013130597061,0.994701386553687,0.259687987618459,-0.07632100572566,-0.135962069060475,-0.0247411626405223,-0.314012775301545,0.999757862091843,0.573225755678888,-0.552740656252641,-0.559983893357675,-0.540830462877054,-0.1555961886108,-0.0445734002443183,1.56230462096456,0.0702277330491799,-1.12999301782559,-1.19116373533428,-1.29347794903808,-0.574697546273115,-0.113860786417039,-0.0382639442739243,0.205761381295462,0.59717573430355,-1.56081868739673,-1.53432688309958,-1.3031392155474,-0.650039470011399,-0.048236570436645,-0.0330109162638679,-0.639535815693025,0.691917424529183,-0.513334281189288,-1.73997671328813,-1.56276425682162,-0.831486854781667,0,-0.0930309953194633,-0.481588184154324,-0.368712000574986,0.897017949947205,-1.26160056962335,-1.29011161872972,-0.797595882078731,-0.0998707974396848,-0.0692112518235939,-0.410266899197836,-1.38433934890509,1.19219966462977,-0.895344039415955,-1.55967039733413,-0.767532904424768,-0.202993708003753,-0.0912709356995593,-0.264575536780997,0.227875950681732,0.93422270303842,-1.47171656321336,-1.1603681679367,-0.527680489439249,-0.177318504788345
"93",0,-0.346763866306412,0.330795300586854,0.757106570942284,0.551737763681986,-0.455954039378794,-0.416428649433891,-0.135962069060475,-0.0247411626405223,0.666935053264552,0.999757862091843,0.325036110633647,0.711908011135486,0.786535690318983,-0.540830462877054,-0.1555961886108,-0.0445734002443183,1.56230462096456,1.27725453231156,-0.28831349479732,-1.18029468333559,0.611722039829717,0.552265305433806,0.0967664392724953,-0.0382639442739243,1.40625451845114,1.08838378637757,-0.205019902303017,-1.53432688309958,0.032690893311783,1.53709837680268,-0.048236570436645,-0.0330109162638679,1.83419368492302,1.33132611434538,-0.438293845124131,-1.73997671328813,-0.0310389345431809,1.46221250555829,0,-0.0930309953194633,1.20000300386236,1.38169302088817,0.431157047935746,-0.152796991925168,1.27008134505226,-0.111908222728241,0.0133547494693101,-0.0692112518235939,-0.410266899197836,0.902704617098525,1.19219966462977,1.16729496510292,-0.378444049689659,-0.767532904424768,-0.202993708003753,-0.0191459895266863,-0.303642030474405,0.248620255041795,0.704487594782526,-0.0853884767976621,-0.988491876452356,-0.527680489439249,-0.177318504788345
"94",0,-0.346763866306412,0.975655842215063,0.990200011287507,0.551737763681986,-0.455954039378794,-0.416428649433891,-0.135962069060475,-0.0247411626405223,0.0129698342204877,0.999757862091843,-0.419532824502074,0.711908011135486,0.618220742359401,-0.538875497672742,-0.197427659264686,-0.0445734002443183,-0.741918245459386,-0.43971084571426,-0.456649399402975,1.10662972764353,-0.0233446231262145,-0.574697546273115,-0.113860786417039,-0.0382639442739243,-0.759253601238671,-1.53139249135053,-0.00636260659269959,1.00657188464015,0.190806956067617,-0.650039470011399,-0.048236570436645,-0.0330109162638679,-0.639535815693025,-1.2263086449194,-1.47909877630812,-0.562776563038745,1.1603029827845,0.315362825388311,0,-0.0930309953194633,-0.481588184154324,-0.984477210668762,-1.12171262543579,-1.26160056962335,0.779270575306281,0.80234198973908,-0.0998707974396848,-0.0692112518235939,3.46365993414848,0.550851699251816,-0.94661938912733,-1.0828566761904,1.14027554013895,0.0429841979463036,-0.241792069441525,-0.0191459895266863,0.728815661816031,1.02856038592245,0.704487594782526,0.904845870642121,0.214642163938074,-0.281918760399022,-0.177318504788345
"95",0,-0.346763866306412,-0.743972268793493,0.524013130597061,-1.88456216211237,-0.992685559626734,-0.416428649433891,-0.135962069060475,-0.0247411626405223,-0.640995384823577,-0.283834597054994,0.573225755678888,-2.23893887943681,-1.40155863315559,-0.540830462877054,-0.1555961886108,-0.0445734002443183,-0.741918245459386,0.24020725930366,0.553366028230951,-1.18029468333559,-1.29347794903808,-0.574697546273115,-0.113860786417039,-0.0382639442739243,-0.759253601238671,0.439825912654012,-0.374494750439731,-1.53432688309958,-1.3031392155474,-0.650039470011399,-0.048236570436645,-0.0330109162638679,-0.0211034405390152,1.33132611434538,0.452430213929543,0.610062492718017,-0.881997446920094,-0.831486854781667,0,-0.0930309953194633,-0.481588184154324,1.47858362970634,1.36287885195866,1.27280760797249,1.27008134505226,1.7165922022064,0.00110551100013463,-0.0692112518235939,-0.410266899197836,0.726778158175171,0.0255710898531705,-1.0828566761904,-0.378444049689659,2.06927695387398,-0.202993708003753,-0.0191459895266863,-0.303642030474405,-0.572808484558983,-0.214452838241053,0.741575729536168,1.58965249581285,1.19265161384234,-0.177318504788345
"96",0,-0.346763866306412,-0.743972268793493,0.990200011287507,-0.334189482061415,-0.992685559626734,-0.416428649433891,-0.135962069060475,-0.0247411626405223,-0.640995384823577,-0.833945650975067,1.06960504576937,1.13345756693153,-0.728298841317257,-0.47137990942508,-0.1555961886108,-0.0445734002443183,-0.741918245459386,-1.28960847698666,1.39504555125922,1.43333321492626,-0.182111288865197,-0.574697546273115,-0.113860786417039,-0.0382639442739243,-0.759253601238671,-1.53139249135053,0.303404642107127,1.00657188464015,-0.635224161117807,-0.650039470011399,-0.048236570436645,-0.0330109162638679,-0.639535815693025,-1.2263086449194,0.935312461488958,0.950766487281889,-1.05218914939548,-0.831486854781667,0,-0.0930309953194633,-0.481588184154324,-0.984477210668762,0.897017949947205,1.11440709687275,-0.716008894842806,-1.15900342651862,-0.0998707974396848,-0.00352417176564776,-0.410266899197836,-1.20841288998173,1.19219966462977,0.604757054779594,-0.908242523383516,-0.767532904424768,-0.202993708003753,-0.115134277125818,-0.303642030474405,-0.489813180585001,0.704487594782526,-0.0853884767976621,-1.1603681679367,-0.527680489439249,-0.177318504788345
"97",0,-0.346763866306412,-0.743972268793493,0.290919690251838,-0.998634916368966,-1.15405228580783,-0.416428649433891,-0.135962069060475,-0.0247411626405223,-0.640995384823577,0.266276456865079,0.573225755678888,-1.39583976784473,-1.40155863315559,-0.540830462877054,-0.1555961886108,-0.0445734002443183,-0.741918245459386,1.23000714812336,-0.624985304008629,-1.18029468333559,-1.29347794903808,-0.574697546273115,-0.139787292522281,-0.0382639442739243,1.17077636382959,0.882969042802258,-1.2218689911233,-1.1856748103485,-1.3031392155474,-0.650039470011399,-0.048236570436645,-0.0330109162638679,1.52497749734601,1.33132611434538,-0.103152590643109,-0.46107136026447,0.649727875358349,0.291895747163174,0,-0.0930309953194633,0.863684766259023,1.47858362970634,0.12058311326144,-1.10320005852361,0.582359322363638,1.48802964908957,-0.0998707974396848,0.00887373440370927,0.0739739549704533,0.726778158175171,-0.164721111051804,-1.0828566761904,-0.0409508075055244,2.27190622946675,-0.202993708003753,-0.0191459895266863,-0.303642030474405,-0.772979593369162,-0.214452838241053,0.904845870642121,1.4177762043285,0.455366426721658,-0.177318504788345
"98",0,-0.453204441365427,-1.17387929654563,-0.495634414875737,-0.334189482061415,-0.813775052877421,3.98332873110699,5.4283363393548,-0.0247411626405223,-1.28776607699418,-1.01731600228176,1.06960504576937,-1.39583976784473,-0.581995343789509,3.15466622763167,0.822837501932791,-0.0445734002443183,-0.453890387156393,0.92012536432158,0.216694219019643,-0.853591196052854,1.08802203704667,1.67922815714073,-0.113860786417039,-0.0382639442739243,0.527433042140173,1.08838378637757,0.811829186517271,0.530153365688954,1.20154223856357,0.7880687780916,-0.048236570436645,-0.0330109162638679,-0.0810844107091866,0.529902078394235,1.09627321067543,0.950766487281889,-0.07305592976952,-0.831486854781667,0,-0.0932474804267068,-0.481588184154324,-0.52265330309843,0.431157047935746,1.11440709687275,-1.48080674570224,-0.797595882078731,-0.0998707974396848,0.0554677962518825,-0.410266899197836,-1.38433934890509,0.220009185649271,0.792269691554037,-1.39092377624206,-0.767532904424768,-0.202993708003753,-0.0191459895266863,-0.303642030474405,-1.17332181098952,-0.444187946496948,0.706799001154165,-1.1603681679367,-0.527680489439249,-0.177318504788345
"99",0,-0.346763866306412,0.545748814462924,0.0578262499066152,0.994701386553687,0.438598494367772,-0.416428649433891,-0.135962069060475,-0.0247411626405223,0.993917662786584,0.999757862091843,-0.419532824502074,-0.552740656252641,-0.0550390494789284,-0.540830462877054,-0.1555961886108,-0.0364582152705978,-0.1658625288534,1.09010489057606,-0.456649399402975,-1.18029468333559,-1.29347794903808,-0.574697546273115,-0.113860786417039,-0.0382639442739243,-0.43758194039396,0.924647769019562,0.68005975397977,0.159205106075564,-1.27882613571383,-0.650039470011399,-0.048236570436645,-0.0539306280597664,-0.639535815693025,-0.586899955103205,0.613390963116015,0.950766487281889,-0.541614041969328,-0.831486854781667,0,-0.0930309953194633,-0.481588184154324,-0.984493227625972,-1.12171262543579,0.322404541374051,1.27008134505226,0.57377943662225,-0.0998707974396848,-0.0692112518235939,-0.410266899197836,-0.152854136441604,-0.16886700594293,0.979782328328481,0.971528919046879,0.0429841979463036,-0.202993708003753,-0.0191459895266863,-0.303642030474405,0.828389277112268,0.245017378270736,0.190455021438745,-0.472863001999315,-0.527680489439249,-0.177318504788345
"100",0,1.88237474806379,2.05042341159541,0.990200011287507,0.994701386553687,1.86988254836228,2.81006009629609,-0.135962069060475,-0.0247411626405223,-0.314012775301545,-0.467204948361685,-0.915912114592555,-0.34196587835462,1.29148053419773,1.67646755142818,-0.1555961886108,-0.0445734002443183,-0.741918245459386,-1.73013145244853,-1.12999301782559,0.12651926579534,0.744714747025317,-0.574697546273115,-0.113860786417039,-0.0382639442739243,-0.43758194039396,-0.876448421918504,-0.882919294849875,0.847765711656421,0.227113017428253,-0.650039470011399,-0.048236570436645,-0.0330109162638679,-0.102563365786092,0.167452979119553,0.766966793703308,0.950766487281889,0.990111280309114,-0.258062014696678,0,-0.0930309953194633,0.19104829105235,-0.214770698051542,1.36287885195866,-0.469598014124647,-1.48080674570224,-0.797595882078731,-0.0998707974396848,-0.0692112518235939,-0.410266899197836,0.550851699251816,0.414447281445371,-1.21190721704095,-1.55967039733413,-0.767532904424768,-0.202993708003753,-0.0191459895266863,2.7937310463969,2.02941592997334,-1.59286348777642,-2.41190392933337,-1.1603681679367,-0.527680489439249,-0.177318504788345
"101",0,-0.346763866306412,-0.0991117271652847,0.524013130597061,0.108774140810285,-0.642117005119938,-0.416428649433891,-0.135962069060475,-0.0247411626405223,-0.640995384823577,0.633017159478461,0.821415400724128,1.13345756693153,0.281590846440236,-0.540830462877054,-0.1555961886108,-0.0445734002443183,0.410193187752585,0.58016631181262,-0.961657113219938,-0.690239452411488,1.08802203704667,-0.574697546273115,-0.113860786417039,-0.0382639442739243,0.849104702984884,-0.385240369844486,-1.56081868739673,-1.12532337535631,0.533627184133976,1.26370614595092,-0.048236570436645,-0.0330109162638679,0.597328934614995,0.217102286846681,-1.47909877630812,-1.73997671328813,-0.541614041969328,1.46221250555829,0,-0.0930309953194633,0.863684766259023,1.47858362970634,-0.811138690761479,-1.26160056962335,0.0665678053471691,1.03090454285591,0.0919698140901644,-0.0692112518235939,-0.410266899197836,0.902704617098525,0.997761568833671,0.0422191444562627,1.14027554013895,-0.159645077646464,-0.202993708003753,-0.0338432573430967,-0.303642030474405,-0.372637375748804,0.245017378270736,0.904845870642121,0.730271038391115,-0.527680489439249,-0.177318504788345
"102",0,-0.346763866306412,-1.17387929654563,-2.73929503423606,-0.555671293497266,1.69097204161296,3.10337725499881,-0.135962069060475,-0.0247411626405223,-0.640995384823577,-1.56742705620183,0.573225755678888,-0.34196587835462,-0.391668945398093,3.40103267366559,0.822837501932791,-0.0445734002443183,-0.741918245459386,0.41018678555814,-0.456649399402975,-1.01694293969422,0.611722039829717,2.52445029592092,-0.113860786417039,-0.0382639442739243,0.527433042140173,0.924647769019562,-0.374494750439731,0.530153365688954,1.36852100217096,0.821539873233451,-0.048236570436645,0.0107463985881819,-0.0211034405390152,0.691917424529183,0.291469464743071,-1.5718052632525,0.990111280309114,-0.831486854781667,0,-0.0930309953194633,-0.481588184154324,-0.984477210668762,-1.12171262543579,-0.469598014124647,0.410428816691482,-0.937667102738898,-0.0998707974396848,-0.0692112518235939,-0.410266899197836,-1.38433934890509,-1.91880986810783,-0.332806129092624,-0.391404454653348,-0.767532904424768,-0.202993708003753,-0.0191459895266863,-0.303642030474405,-1.18681957905846,-2.7415390290559,-0.481482215773575,0.0427658724537265,-0.125150479874203,-0.177318504788345
"103",0,-0.346763866306412,0.115841786710785,0.0554678807761063,0.330255952246136,-0.992685559626734,-0.416428649433891,-0.135962069060475,-0.0247411626405223,1.64788288183065,0.674944862755926,0.573225755678888,0.922682789033507,0.281590846440236,-0.540830462877054,-0.1555961886108,-0.0445734002443183,2.71441605417653,1.09010489057606,-0.624985304008629,-0.0368324778460259,1.24678870278565,-0.292956833346385,-0.113860786417039,0.251909584693909,2.77913466805315,0.59717573430355,-1.56081868739673,0.0911461193371776,1.36852100217096,-0.376647239159639,-0.048236570436645,-0.0330109162638679,-0.639535815693025,-1.2263086449194,-1.47909877630812,0.614423587210637,0.819919577833732,-0.831486854781667,0,-0.0930309953194633,-0.481588184154324,-0.676594605621874,0.275870080598593,1.27280760797249,0.238498311019326,0.34521688350542,-0.0998707974396848,-0.0692112518235939,-0.410266899197836,0.550851699251816,1.4936707839209,1.16729496510292,1.14027554013895,2.47453550505952,3.48584559505782,-0.0191459895266863,-0.303642030474405,0.027704841871553,0.178720365059074,-0.0853884767976621,0.214642163938074,1.43841334288257,1.57294565917274
"104",0,1.88237474806379,1.4055628699672,0.990200011287507,0.994701386553687,-0.455954039378794,-0.416428649433891,-0.135962069060475,-0.0247411626405223,2.95581331991878,-0.100464245748303,-1.66048104972828,1.13345756693153,-0.728298841317257,-0.540830462877054,-0.1555961886108,-0.0445734002443183,-0.741918245459386,-1.62956752949562,0.721701932836606,0.943277984002168,-1.29347794903808,-0.574697546273115,-0.113860786417039,-0.0382639442739243,-0.759253601238671,-1.36765647399252,0.981304034653986,-0.10507132624598,-1.3031392155474,-0.781896868446678,-0.048236570436645,-0.0887427223330369,-0.639535815693025,-1.2263086449194,-0.835255779562232,-0.442673366342925,-0.711805744444711,-0.831486854781667,0,-0.00102126122254927,-0.481588184154324,-0.984477210668762,-1.12171262543579,-0.311197503024907,1.09815083938011,-0.111908222728241,-0.301233705022853,-0.0692112518235939,-0.410266899197836,-0.856559972135023,-1.72437177231173,-1.83290722328817,0.29654243467861,1.46138912709568,-0.202993708003753,-0.0191459895266863,0.728815661816031,2.02941592997334,0.93422270303842,0.904845870642121,1.58965249581285,1.68417507192279,-0.177318504788345
"105",0,-0.394410082901435,-1.16274093675226,-2.73929503423606,-0.777153104933116,1.00768396716411,-0.123111490731166,-0.135962069060475,-0.0247411626405223,-0.640995384823577,-1.61205084994966,-2.90142927495448,-0.131191100456599,1.29148053419773,0.444635321258607,-0.1555961886108,-0.0445734002443183,-0.741918245459386,-1.62956752949562,0.216694219019643,1.43333321492626,1.24678870278565,-0.574697546273115,-0.113860786417039,-0.0382639442739243,-0.759253601238671,-0.548976387202492,0.981304034653986,1.00657188464015,1.36852100217096,-0.650039470011399,-0.048236570436645,-0.0330109162638679,0.906545122192,1.17147394189133,-0.191412782816345,0.950766487281889,1.2954700819314,-0.831486854781667,0,-0.0930309953194633,-0.481588184154324,-0.542282904068386,-1.12171262543579,0.79760607467327,1.09815083938011,-0.797595882078731,-0.316832861388737,-0.0692112518235939,-0.410266899197836,-1.38433934890509,-1.91880986810783,0.41724441800515,1.14027554013895,-0.564903628832,-0.202993708003753,-0.0338432573430967,-0.303642030474405,-1.17332181098952,-2.2081294364005,-0.877575954749489,1.4177762043285,1.68417507192279,-0.177318504788345
"106",0,-0.346763866306412,-0.314065241041354,0.0578262499066152,-0.334189482061415,-0.813775052877421,-0.509211339808447,-0.135962069060475,-0.0247411626405223,-0.640995384823577,0.44964680817177,0.0768464655884069,0.0795836774414227,0.142630932077419,-0.540830462877054,-0.1555961886108,-0.0445734002443183,-0.1658625288534,1.09010489057606,-0.624985304008629,-1.18029468333559,0.611722039829717,0.270524592507076,-0.113860786417039,-0.0382639442739243,0.749676964312461,0.59717573430355,-1.39923523402501,-1.53432688309958,0.366648420526578,0.990313915099158,-0.048236570436645,-0.0330109162638679,1.21576130976901,0.532065252075134,-1.47909877630812,-1.73997671328813,0.139152767932202,1.17550008551579,0,0.0577113378648868,0.863684766259023,0.862818419612568,-1.12171262543579,-1.10320005852361,0.926220333707951,0.116654330388589,-0.0998707974396848,-0.0692112518235939,-0.410266899197836,0.550851699251816,-0.16886700594293,0.41724441800515,0.634035676862745,-0.767532904424768,-0.202993708003753,-0.0191459895266863,-0.303642030474405,-0.372637375748804,0.0152822700148413,-0.0853884767976621,-0.644739293483662,-0.527680489439249,-0.177318504788345
"107",0,-0.346763866306412,-1.17387929654563,-2.27310815354561,0.994701386553687,-0.634864546128108,-0.416428649433891,-0.135962069060475,-0.0247411626405223,-0.640995384823577,-1.93416775881521,-0.667722469547314,0.501133233237465,-1.40155863315559,-0.0480975708092236,-0.1555961886108,-0.0445734002443183,-0.741918245459386,-0.9496494244777,1.56338145586488,-0.363535965128757,0.452955374090734,2.52445029592092,-0.113860786417039,-0.0382639442739243,-0.759253601238671,0.433439716945544,0.642354338380556,-1.05790836414838,1.03456347495617,2.0838828385062,-0.048236570436645,-0.0330109162638679,0.906545122192,1.33132611434538,0.774351712302486,0.446252137175011,1.1603029827845,0.602075245430805,0,1.47239570224085,4.56318537989573,1.47858362970634,1.36287885195866,1.27280760797249,1.27008134505226,1.03090454285591,-0.0263775862720828,-0.0692112518235939,1.04245566330703,-0.680633513211668,-1.52993367651563,0.41724441800515,0.634035676862745,-0.564903628832,0.133373793847025,-0.0191459895266863,-0.303642030474405,-1.17332181098952,-2.5118039208,0.986722283131468,0.0427658724537265,-0.527680489439249,-0.177318504788345
"108",0,-0.346763866306412,-1.17387929654563,-2.27310815354561,-0.555671293497266,-0.992685559626734,-0.416428649433891,-0.0118729648694007,-0.0247411626405223,-0.640995384823577,-1.93416775881521,-1.66048104972828,-0.131191100456599,-1.40155863315559,-0.540830462877054,-0.1555961886108,-0.0445734002443183,-0.741918245459386,-1.62956752949562,0.89003783744226,-0.526887708770123,-0.0233446231262145,-0.574697546273115,-0.113860786417039,-0.0382639442739243,-0.759253601238671,-0.108426469103133,0.328382171238203,-0.58148984519718,0.867584711348771,-0.650039470011399,-0.048236570436645,-0.0330109162638679,-0.639535815693025,0.60713373586102,-0.191412782816345,-0.394605113003119,0.139152767932202,-0.831486854781667,0,-0.0930309953194633,1.87263947906903,1.47858362970634,0.897017949947205,1.27280760797249,0.460983427987275,-0.340470775845071,-0.231918924848599,-0.0692112518235939,2.4951782258119,0.374925240328461,0.220009185649271,1.16729496510292,-0.209697428597592,-0.767532904424768,-0.202993708003753,-0.0191459895266863,-0.303642030474405,-1.17332181098952,-1.82259859603232,0.310705262178251,-1.1603681679367,-0.527680489439249,-0.177318504788345
"109",0,-0.346763866306412,1.4055628699672,0.990200011287507,0.773219575117836,-0.813775052877421,-0.416428649433891,-0.135962069060475,0.100780795649949,0.993917662786584,1.41578939035752,-1.1641017596378,0.0795836774414227,0.786535690318983,-0.540830462877054,-0.1555961886108,-0.0445734002443183,0.410193187752585,1.09010489057606,-0.563416398767358,-0.0368324778460259,1.24678870278565,1.67922815714073,-0.113860786417039,-0.0382639442739243,-0.219086624264451,0.59717573430355,1.1507788827907,0.622217479169706,1.36852100217096,1.95883493631733,-0.048236570436645,-0.0330109162638679,-0.639535815693025,-1.06645647246535,-0.513334281189288,-1.40363381321687,-0.201230637018563,2.89577460577076,0,-0.0930309953194633,-0.481588184154324,-0.984477210668762,-1.12171262543579,-1.26160056962335,-0.793084723013613,2.85940496779055,0.809835502908239,-0.0692112518235939,0.0739739549704533,0.259509146926249,-1.52993367651563,-1.0828566761904,-0.209697428597592,2.47453550505952,1.02661939301677,-0.0191459895266863,0.728815661816031,1.02856038592245,0.93422270303842,0.904845870642121,1.58965249581285,1.43841334288257,-0.177318504788345
"110",0,-0.346763866306412,-0.0991117271652847,0.757106570942284,-1.88456216211237,-0.992685559626734,-0.543162190070074,-0.135962069060475,-0.0247411626405223,-0.640995384823577,0.266276456865079,1.06960504576937,0.711908011135486,-0.0550390494789284,-0.540830462877054,-0.1555961886108,-0.073994983229481,-0.453890387156393,1.09010489057606,1.56338145586488,0.779926240360802,1.24678870278565,0.270524592507076,-0.113860786417039,-0.0382639442739243,0.205761381295462,0.760911751661556,-1.39134383926002,-1.53432688309958,-0.301266633903012,1.26370614595092,-0.048236570436645,-0.0330109162638679,1.21576130976901,0.0525087347129891,-1.47909877630812,-1.73997671328813,-0.881997446920094,1.46221250555829,0,-0.0930309953194633,0.863684766259023,0.862818419612568,-1.12171262543579,-1.26160056962335,0.238498311019326,1.94515475532323,-0.0998707974396848,-0.0692112518235939,0.370643881213275,1.07863107602188,0.0255710898531705,0.604757054779594,1.14027554013895,0.245613473539072,-0.0721031375349762,-0.0191459895266863,-0.303642030474405,0.027704841871553,0.93422270303842,0.508752131666208,0.214642163938074,-0.527680489439249,-0.311090117020327
"111",0,-0.346763866306412,-0.314065241041354,0.757106570942284,-0.112707670625565,-0.992685559626734,-0.416428649433891,-0.135962069060475,-0.0247411626405223,-0.314012775301545,0.816387510785152,-1.41229140468304,0.711908011135486,-0.89661378927684,-0.540830462877054,-0.1555961886108,-0.0445734002443183,0.122165329449593,0.7501458380671,0.216694219019643,1.10662972764353,0.294188708351751,-0.574697546273115,-0.113860786417039,-0.0382639442739243,-0.43758194039396,-0.057768335128474,0.472879490243842,-0.422683672213447,0.867584711348771,-0.650039470011399,-0.048236570436645,-0.0330109162638679,-0.639535815693025,-1.2263086449194,-1.47909877630812,-1.73997671328813,0.819919577833732,-0.258062014696678,0,-0.0930309953194633,-0.481588184154324,-0.984477210668762,-1.12171262543579,-1.26160056962335,0.754289828035795,0.116654330388589,-0.0998707974396848,-0.0692112518235939,-0.410266899197836,-0.152854136441604,-1.14105748492343,-1.27036931296484,0.634035676862745,0.0429841979463036,-0.202993708003753,-0.0191459895266863,-0.346173008091072,0.227875950681732,0.245017378270736,0.706799001154165,0.386518455422421,-0.527680489439249,-0.177318504788345
"112",0,-0.346763866306412,0.545748814462924,0.990200011287507,-0.777153104933116,-0.992685559626734,-0.416428649433891,-0.135962069060475,-0.0247411626405223,0.34391257115332,0.999757862091843,0.325036110633647,1.13345756693153,-0.559983893357675,-0.540830462877054,-0.1555961886108,-0.0445734002443183,-0.00536533466640346,-1.11962895073218,-0.119977590191666,1.43333321492626,-0.658411286082146,-0.574697546273115,-0.164189673797986,-0.0382639442739243,-0.759253601238671,-1.53139249135053,0.981304034653986,0.530153365688954,-1.3031392155474,-0.650039470011399,-0.048236570436645,-0.0330109162638679,-0.639535815693025,0.212360907167038,1.09627321067543,-1.40363381321687,-1.56276425682162,-0.554997921063716,0,-0.0930309953194633,-0.481588184154324,1.17070102465946,0.275870080598593,-1.26160056962335,-1.48080674570224,-0.797595882078731,-0.370065258793156,-0.0692112518235939,-0.410266899197836,1.43048399386859,0.220009185649271,-1.0828566761904,-0.547190670781726,0.270770979820128,-0.202993708003753,-0.0191459895266863,-0.303642030474405,0.227875950681732,0.93422270303842,0.904845870642121,0.730271038391115,1.19265161384234,-0.177318504788345
"113",0,-0.346763866306412,-1.17387929654563,-1.89479226562206,0.773219575117836,0.7752896301379,-0.416428649433891,-0.135962069060475,-0.0247411626405223,-0.640995384823577,-1.93416775881521,-0.667722469547314,1.13345756693153,0.449905794399818,-0.30375884855431,-0.1555961886108,-0.0445734002443183,0.410193187752585,-0.26973131945978,1.56338145586488,1.43333321492626,-0.34087795460418,-0.574697546273115,-0.113860786417039,-0.0382639442739243,4.06582131143199,1.08838378637757,1.1507788827907,1.00657188464015,-0.635224161117807,-0.650039470011399,-0.048236570436645,-0.0330109162638679,0.906545122192,0.212360907167038,-0.835255779562232,0.950766487281889,-0.881997446920094,-0.831486854781667,0,-0.0930309953194633,-0.481588184154324,-0.984477210668762,-0.232548479644583,1.27280760797249,-1.13694573435793,-0.797595882078731,-0.0998707974396848,0.0375812238327072,-0.410266899197836,-1.38433934890509,-1.14105748492343,1.16729496510292,-0.715937291873794,-0.767532904424768,-0.202993708003753,-0.0191459895266863,-0.303642030474405,-1.17332181098952,-2.28206881254411,0.273924767118803,0.386518455422421,-0.527680489439249,-0.177318504788345
"114",0,-0.188912804672033,1.19060935609113,0.798890864564821,-2.54900759641992,-0.992685559626734,-0.416428649433891,-0.135962069060475,-0.0247411626405223,-0.640995384823577,0.266276456865079,0.821415400724128,-2.02816410153879,-1.40155863315559,-0.540830462877054,-0.1555961886108,-0.0445734002443183,-0.741918245459386,0.58016631181262,1.56338145586488,-0.363535965128757,-1.29347794903808,-0.574697546273115,-0.113860786417039,-0.0382639442739243,-0.759253601238671,-0.0305275006987351,1.1507788827907,-0.58148984519718,-1.3031392155474,-0.650039470011399,-0.048236570436645,-0.0330109162638679,-0.639535815693025,-0.906604300011301,0.935312461488958,0.374082524142235,-1.56276425682162,-0.831486854781667,0,-0.0930309953194633,-0.481588184154324,-0.984477210668762,0.431157047935746,0.95600658577301,-1.30887624003008,-0.53151327168998,-0.0998707974396848,-0.0692112518235939,-0.410266899197836,1.43048399386859,1.19219966462977,1.16729496510292,1.14027554013895,1.46138912709568,3.48584559505782,-0.0191459895266863,-0.303642030474405,1.02856038592245,0.93422270303842,0.904845870642121,1.58965249581285,3.40450717520438,9.4491343969976
"115",0,-0.346763866306412,-0.221009043198618,-0.408360630783831,0.551737763681986,-0.0981330258801679,-0.416428649433891,-0.135962069060475,-0.0247411626405223,0.666935053264552,0.999757862091843,0.325036110633647,0.501133233237465,0.519277806254131,-0.540830462877054,-0.1555961886108,-0.0445734002443183,0.411396407354303,0.0702277330491799,-1.12999301782559,0.453222753078071,0.12533589147399,-0.574697546273115,-0.113860786417039,-0.0382639442739243,-0.764999954839136,-1.53139249135053,-0.0189912536238856,1.00657188464015,-0.301266633903012,-0.650039470011399,-0.048236570436645,-0.0330109162638679,-0.761995131913587,-1.2263086449194,-0.436428396819197,0.614423587210637,0.990111280309114,-0.544774434739172,0,-0.0930309953194633,-0.481588184154324,-0.984477210668762,-1.12171262543579,-1.26160056962335,0.410428816691482,0.80234198973908,-0.0998707974396848,-0.0692112518235939,-0.410266899197836,-0.680633513211668,-0.36330510173903,-0.332806129092624,0.971528919046879,0.650872024724607,-0.173802735911031,-0.0191459895266863,-0.489216498960094,-0.172466266938626,0.474752486526631,0.112658392690295,0.214642163938074,-0.527680489439249,-0.177318504788345
"116",0,-0.346763866306412,0.760702328338993,0.290919690251838,-1.66308035067652,-0.992685559626734,-0.416428649433891,-0.135962069060475,-0.0318401196839718,-0.314012775301545,0.999757862091843,-0.667722469547314,0.0795836774414227,-1.40155863315559,-0.540830462877054,-0.1555961886108,-0.0364582152705978,-0.1658625288534,0.24020725930366,-1.12999301782559,0.943277984002168,-1.29347794903808,-0.574697546273115,-0.113860786417039,-0.0382639442739243,-0.759253601238671,-1.20392045663452,-1.05239414298659,0.530153365688954,-1.3031392155474,-0.650039470011399,-0.048236570436645,-0.0330109162638679,-0.639535815693025,-1.2263086449194,0.291469464743071,0.207867848964875,-1.56276425682162,-0.831486854781667,0,-0.0930309953194633,-0.921083275810464,-0.52265330309843,0.46818107608815,-1.10320005852361,-1.48080674570224,-0.291372797584726,-0.0998707974396848,-0.0692112518235939,-0.410266899197836,0.550851699251816,0.803323473037571,0.0422191444562627,-0.209697428597592,0.863520646179447,-0.202993708003753,-0.0191459895266863,-0.303642030474405,1.02856038592245,0.245017378270736,0.112658392690295,0.902147329875462,1.56906451715858,1.57294565917274
"117",0,-0.346763866306412,-0.743972268793493,0.757106570942284,0.330255952246136,-0.455954039378794,-0.416428649433891,-0.135962069060475,-0.0247411626405223,-0.640995384823577,-1.56742705620183,1.06960504576937,1.13345756693153,-0.391668945398093,-0.540830462877054,-0.1555961886108,-0.0445734002443183,-0.741918245459386,-1.11962895073218,1.56338145586488,1.43333321492626,-0.499644620343163,-0.574697546273115,-0.113860786417039,-0.0382639442739243,-0.759253601238671,-0.876448421918504,1.1507788827907,1.00657188464015,-1.3031392155474,-0.650039470011399,-0.048236570436645,-0.0330109162638679,-0.643581003571834,-0.107343437741059,1.09627321067543,0.446252137175011,-1.56276425682162,-0.831486854781667,0,-0.0930309953194633,-0.481588184154324,0.400994512042235,1.36287885195866,-0.152796991925168,-1.48080674570224,-0.797595882078731,-0.0998707974396848,-0.0692112518235939,-0.410266899197836,0.550851699251816,1.19219966462977,-0.145293492318181,-1.55967039733413,-0.767532904424768,0.0146640077859542,-0.0191459895266863,-0.303642030474405,-0.372637375748804,0.245017378270736,0.112658392690295,-0.988491876452356,-0.527680489439249,-0.177318504788345
"118",0,4.11151336243399,0.545748814462924,-0.874547511474277,0.108774140810285,1.86988254836228,1.05015714407974,-0.135962069060475,-0.0247411626405223,1.97486549135268,0.999757862091843,1.06960504576937,1.13345756693153,1.12316558623815,0.198268875224692,-0.1555961886108,-0.0445734002443183,-0.1658625288534,-1.11962895073218,0.0483583144139882,1.43333321492626,-0.109874538236652,-0.574697546273115,-0.113860786417039,-0.0909846830221019,-0.759253601238671,-1.53139249135053,0.472879490243842,0.688959538672687,-1.13616045194,-0.650039470011399,-0.048236570436645,-0.0330109162638679,-0.639535815693025,-0.0967528921114288,1.09627321067543,-0.562776563038745,-1.56276425682162,-0.831486854781667,0,-0.0930309953194633,-0.481588184154324,1.17070102465946,1.36287885195866,-1.26160056962335,-1.48080674570224,-0.797595882078731,-0.0998707974396848,-0.0692112518235939,2.4951782258119,1.43048399386859,0.414447281445371,-1.83290722328817,-1.55967039733413,-0.767532904424768,-0.202993708003753,-0.0191459895266863,3.66916485831461,1.62907371235298,-1.13339327126463,-2.26390404116519,-1.1603681679367,-0.527680489439249,-0.177318504788345
"119",0,1.88237474806379,0.242545569816795,0.990200011287507,-0.112707670625565,-0.85989496083231,-0.416428649433891,-0.135962069060475,-0.0247411626405223,2.62883071039675,0.670772241830363,-1.66048104972828,0.0795836774414227,-0.559983893357675,-0.540830462877054,-0.1555961886108,-0.0445734002443183,2.42638819587353,0.823163915433311,1.05837374204791,1.43333321492626,0.589031694840766,-0.574697546273115,-0.113860786417039,-0.0382639442739243,2.13579134636373,1.08838378637757,1.1507788827907,0.37134719270522,0.867584711348771,-0.10325500830788,-0.048236570436645,-0.0330109162638679,0.576900971127083,1.17147394189133,-0.191412782816345,-1.73997671328813,-0.541614041969328,1.74892492560078,0,-0.0930309953194633,-0.481588184154324,0.862818419612568,-0.34527778875002,-1.26160056962335,-0.621154217341457,1.7165922022064,-0.0998707974396848,-0.142345165779957,-0.410266899197836,0.198998781405106,-0.16886700594293,-0.520318765867068,1.14027554013895,0.853501300317375,-0.202993708003753,-0.0191459895266863,-0.303642030474405,-0.372637375748804,0.474752486526631,0.706799001154165,-0.129110419030621,-0.527680489439249,-0.177318504788345
"120",0,-0.346763866306412,-0.529018754917424,-0.175267190438608,0.330255952246136,1.51206153486365,1.34347430278246,-0.135962069060475,-0.0247411626405223,-0.640995384823577,0.266276456865079,-0.667722469547314,-1.60661454574275,-1.40155863315559,-0.540830462877054,-0.1555961886108,-0.0445734002443183,-0.1658625288534,0.0592698669915243,-1.12999301782559,-1.18029468333559,-0.918639950587929,-0.574697546273115,-0.113860786417039,-0.0382639442739243,1.81411968551902,0.105967682229532,-0.543969598576446,0.37134719270522,0.700605947741373,-0.10325500830788,-0.048236570436645,-0.0330109162638679,1.52497749734601,1.33132611434538,0.613390963116015,-0.73094801307437,0.819919577833732,1.46221250555829,0,-0.0930309953194633,-0.481588184154324,-0.984477210668762,-1.12171262543579,-1.10320005852361,0.926220333707951,-0.569033328961901,-0.0998707974396848,-0.174454491363013,-0.410266899197836,-1.20841288998173,-1.14105748492343,0.229731781230706,-0.547190670781726,-0.767532904424768,-0.202993708003753,-0.0191459895266863,-0.303642030474405,-0.572808484558983,0.245017378270736,-0.283435346285619,-1.1603681679367,-0.527680489439249,-0.177318504788345
"121",0,-0.346763866306412,-1.17387929654563,-2.04001471320039,0.773219575117836,-0.277043532629481,-0.416428649433891,-0.135962069060475,-0.0247411626405223,-0.640995384823577,-1.39984142846764,0.573225755678888,0.501133233237465,-1.233243685196,0.937368213326437,0.822837501932791,-0.0445734002443183,-0.453890387156393,0.58016631181262,1.05837374204791,-1.18029468333559,-0.499644620343163,3.93315386055457,1.29195781321898,-0.0382639442739243,0.849104702984884,1.08838378637757,-1.05239414298659,-1.53432688309958,0.533627184133976,2.90405953106147,-0.048236570436645,-0.0330109162638679,3.07105843523104,1.33132611434538,0.452430213929543,0.446252137175011,1.1603029827845,-0.258062014696678,0,-0.0930309953194633,1.5363212414657,0.862818419612568,0.897017949947205,1.27280760797249,0.926220333707951,-0.569033328961901,-0.0998707974396848,-0.0692112518235939,-0.410266899197836,-1.38433934890509,-1.72437177231173,1.16729496510292,-0.715937291873794,-0.89401070307322,-0.202993708003753,-0.0912709356995593,-0.303642030474405,-1.17332181098952,-1.82259859603232,0.706799001154165,-1.1603681679367,-0.527680489439249,-0.177318504788345
"122",0,0.0654548524533606,0.975655842215063,0.757106570942284,0.551737763681986,-0.634864546128108,-0.416428649433891,-0.135962069060475,-0.0247411626405223,0.263177462827902,-0.100464245748303,-2.15686033981876,0.0795836774414227,0.281590846440236,-0.540830462877054,-0.1555961886108,-0.0445734002443183,-0.453890387156393,-1.45958800324114,-1.12999301782559,0.12651926579534,0.929255371307683,-0.574697546273115,-0.113860786417039,-0.0382639442739243,-0.759253601238671,-1.04018443927651,-0.0355450541663019,0.847765711656421,0.19966965691918,-0.650039470011399,-0.048236570436645,-0.0330109162638679,-0.639535815693025,-0.586899955103205,-0.191412782816345,0.466208692268675,0.990111280309114,-0.258062014696678,0,-0.0930309953194633,-0.481588184154324,-0.984477210668762,-1.12171262543579,-1.26160056962335,0.926220333707951,1.03708185945365,-0.0998707974396848,-0.0692112518235939,-0.410266899197836,-0.328780595364958,-1.72437177231173,-1.83290722328817,0.634035676862745,0.853501300317375,-0.202993708003753,-0.0191459895266863,-0.303642030474405,0.628218168302089,0.93422270303842,0.904845870642121,0.902147329875462,0.209604697681432,-0.177318504788345
"123",0,-0.346763866306412,-1.13451224270963,-1.80692127285517,0.994701386553687,0.617509001117085,-0.416428649433891,-0.135962069060475,-0.0247411626405223,-0.640995384823577,-1.6787803251279,-0.171343179456834,1.13345756693153,0.113275898480654,-0.540830462877054,-0.1555961886108,-0.0445734002443183,-0.741918245459386,-0.60969037196874,1.56338145586488,1.43333321492626,-0.817177951821129,-0.574697546273115,-0.113860786417039,-0.0382639442739243,1.49244802467431,0.924647769019562,1.1507788827907,1.00657188464015,-0.80582964279705,-0.650039470011399,-0.048236570436645,-0.0330109162638679,2.14340987250002,0.605752187594394,0.613390963116015,0.782595037246263,-1.56276425682162,-0.831486854781667,0,-0.0930309953194633,0.102055027833184,-0.984477210668762,0.431157047935746,0.79760607467327,-1.48080674570224,-0.797595882078731,-0.0998707974396848,-0.0692112518235939,-0.410266899197836,-1.38433934890509,0.0255710898531705,0.979782328328481,-0.690199233291695,-0.767532904424768,-0.202993708003753,-0.0191459895266863,-0.303642030474405,-1.17332181098952,-1.43445899059849,0.904845870642121,-0.129110419030621,-0.527680489439249,-0.177318504788345
"124",0,-0.346763866306412,-0.166604483233851,-0.175267190438608,0.108774140810285,0.617509001117085,-0.416428649433891,-0.135962069060475,-0.0247411626405223,-0.640995384823577,0.266276456865079,0.573225755678888,-1.1850649899467,1.29148053419773,-0.540830462877054,-0.1555961886108,-0.0445734002443183,-0.453890387156393,1.09010489057606,0.0200123609599091,-0.200184221487392,0.452955374090734,-0.473891992357089,-0.113860786417039,-0.0382639442739243,-0.759253601238671,1.08838378637757,-0.205019902303017,0.847765711656421,-0.802202924725205,-0.650039470011399,-0.048236570436645,-0.0330109162638679,-0.639535815693025,0.212360907167038,1.09627321067543,-0.226433662967493,-1.56276425682162,-0.831486854781667,0,-0.0930309953194633,-0.145269946550987,0.708877117089123,-0.500564756087173,0.79760607467327,-0.793084723013613,-0.797595882078731,-0.11787214841531,-0.0692112518235939,1.04245566330703,0.902704617098525,-1.52993367651563,-0.222986749127257,0.802782297954812,-0.767532904424768,-0.202993708003753,-0.0191459895266863,-0.303642030474405,-0.172466266938626,-0.903658163008738,-0.0853884767976621,0.730271038391115,-0.527680489439249,-0.177318504788345
"125",0,-0.346763866306412,0.760702328338993,0.379025880150254,-0.438964167518466,-0.992685559626734,-0.416428649433891,-0.135962069060475,-0.0247411626405223,1.64788288183065,0.633017159478461,-1.90867069477352,0.711908011135486,-0.728298841317257,-0.540830462877054,-0.1555961886108,-0.0445734002443183,-0.1658625288534,-1.28960847698666,-0.600276957168624,1.2699814712849,-0.975944617560112,-0.574697546273115,-0.113860786417039,-0.0382639442739243,-0.759253601238671,-1.53139249135053,-0.187816845106424,0.212541019721487,-1.3031392155474,-0.882850899826923,-0.048236570436645,-0.0330109162638679,-0.693643691738672,-1.2263086449194,-0.191412782816345,0.782595037246263,-0.107527536457167,-0.831486854781667,0,-0.252375299989363,-0.481588184154324,-0.690535069643379,-1.12171262543579,-1.26160056962335,0.582359322363638,0.80234198973908,-0.0998707974396848,-0.310396582985433,-0.410266899197836,0.374925240328461,-1.14105748492343,-1.45788194973929,0.127795813586543,0.853501300317375,-0.202993708003753,-0.0191459895266863,-0.303642030474405,0.227875950681732,0.245017378270736,0.904845870642121,1.58965249581285,0.455366426721658,-0.159688652286564
"126",0,-0.346763866306412,-0.958925782669563,-0.603525407585815,0.773219575117836,-0.634864546128108,-0.416428649433891,-0.135962069060475,-0.0247411626405223,1.32090027230862,-0.833945650975067,1.42866162039324,1.13345756693153,0.113275898480654,-0.540830462877054,-0.1555961886108,-0.0445734002443183,1.56230462096456,0.7501458380671,1.05837374204791,-0.690239452411488,0.7704887055687,0.552265305433806,-0.113860786417039,0.127220760069906,1.49244802467431,1.08838378637757,-1.39134383926002,-1.53432688309958,-0.301266633903012,0.990313915099158,-0.048236570436645,-0.0330109162638679,0.28811274703799,0.691917424529183,-1.47909877630812,-1.73997671328813,-0.541614041969328,1.74892492560078,0,-0.0930309953194633,-0.481588184154324,1.17070102465946,-0.34527778875002,-0.944799547423866,0.754289828035795,1.94515475532323,-0.0998707974396848,-0.0692112518235939,-0.410266899197836,-0.856559972135023,1.19219966462977,1.16729496510292,1.14027554013895,0.853501300317375,-0.202993708003753,-0.0191459895266863,-0.303642030474405,-1.17332181098952,-0.673923054752843,0.904845870642121,1.07402362135981,-0.0361570313587953,-0.177318504788345
"127",0,0.767805440878689,0.975655842215063,0.757106570942284,0.773219575117836,0.0807774808691453,-0.416428649433891,-0.135962069060475,-0.0247411626405223,1.97486549135268,0.999757862091843,0.821415400724128,1.19741528586057,1.12316558623815,0.198268875224692,-0.1555961886108,0.00107855268828527,0.122165329449593,-0.60969037196874,-0.624985304008629,1.2699814712849,1.08802203704667,-0.574697546273115,-0.113860786417039,-0.0382639442739243,-0.759253601238671,-1.53139249135053,-0.265643796138547,1.00657188464015,-0.46824539751041,-0.650039470011399,-0.048236570436645,-0.0330109162638679,-0.639535815693025,-1.2263086449194,-0.191412782816345,0.950766487281889,-1.22238085187086,-0.831486854781667,0,-0.0930309953194633,-0.481588184154324,-0.984477210668762,-0.500564756087173,1.27280760797249,-1.01025313381656,-0.797595882078731,-0.0998707974396848,-0.0692112518235939,-0.410266899197836,-0.201907757119704,0.997761568833671,1.16729496510292,-0.884683912965861,-0.767532904424768,-0.202993708003753,-0.0191459895266863,-0.303642030474405,1.62907371235298,0.93422270303842,-1.14845953787443,-1.0267113121896,-0.527680489439249,-0.177318504788345
"128",0,-0.346763866306412,-1.17387929654563,-1.80692127285517,0.330255952246136,-0.813775052877421,-0.524306091351515,-0.135962069060475,-0.0247411626405223,-0.640995384823577,-1.38405670489514,1.06960504576937,0.202977955365512,-1.21604065593314,-0.540830462877054,-0.1555961886108,-0.0445734002443183,-0.741918245459386,0.0322919864088842,1.39504555125922,-0.526887708770123,-1.29347794903808,-0.574697546273115,-0.113860786417039,-0.0382639442739243,-0.759253601238671,0.433439716945544,0.811829186517271,-1.53432688309958,-1.3031392155474,-0.650039470011399,-0.048236570436645,-0.0330109162638679,-0.566119604424858,1.17147394189133,0.248689852267359,-0.73094801307437,-0.541614041969328,-0.831486854781667,0,-0.0930309953194633,-0.481588184154324,1.01675972213601,1.36287885195866,1.27280760797249,1.27008134505226,1.48802964908957,-0.0998707974396848,-0.0692112518235939,-0.410266899197836,0.0230723224817513,1.19219966462977,-0.895344039415955,0.29654243467861,2.47453550505952,2.25623249403729,-0.0191459895266863,-0.303642030474405,-1.17332181098952,-1.36312837952053,0.112658392690295,1.4177762043285,1.92993680096302,-0.177318504788345
"129",0,-0.346763866306412,-1.17387929654563,-0.175267190438608,0.330255952246136,-0.992685559626734,-0.416428649433891,-0.135962069060475,-0.064995348517452,-0.640995384823577,-1.38405670489514,0.821415400724128,-0.34196587835462,-1.40155863315559,-0.540830462877054,-0.1555961886108,-0.111531751188364,-0.741918245459386,0.0702277330491799,1.05837374204791,-1.01694293969422,-0.499644620343163,0.830521161069585,-0.113860786417039,-0.0382639442739243,0.849104702984884,1.08838378637757,-0.882919294849875,-1.05790836414838,1.03456347495617,2.35727506935795,-0.048236570436645,0.0456953395402508,2.45262606007703,1.33132611434538,-0.0304520336298728,-0.023458502805231,0.990111280309114,0.0286504053458163,0,-0.0930309953194633,1.58083916896584,1.47858362970634,0.897017949947205,1.27280760797249,0.0665678053471691,-0.797595882078731,-0.0998707974396848,-0.0118770717302461,-0.410266899197836,-1.38433934890509,-0.75218129333123,1.16729496510292,-1.22217715515,-0.767532904424768,-0.202993708003753,-0.0191459895266863,-0.303642030474405,-1.07244754086391,0.474752486526631,-0.481482215773575,-1.1603681679367,-0.527680489439249,-0.177318504788345
"130",0,-0.123324754030661,0.0582558059611564,0.290919690251838,0.551737763681986,-0.634864546128108,-0.416428649433891,-0.135962069060475,-0.0247411626405223,0.993917662786584,0.266276456865079,-2.90142927495448,-1.39583976784473,-0.223353997438511,-0.540830462877054,-0.0480144689730153,0.188762392482701,1.56230462096456,-0.26973131945978,-1.12999301782559,-1.18029468333559,1.24678870278565,0.270524592507076,-0.113860786417039,-0.0382639442739243,0.849104702984884,0.269703699587538,-1.56081868739673,-1.37552071011585,1.36852100217096,-0.376647239159639,-0.048236570436645,-0.0330109162638679,-0.639535815693025,0.372213079621086,0.613390963116015,0.614423587210637,0.990111280309114,0.602075245430805,0,-0.0930309953194633,-0.481588184154324,-0.265940240333299,-1.12171262543579,-1.26160056962335,0.238498311019326,1.03090454285591,-0.0998707974396848,-0.0692112518235939,-0.410266899197836,-0.423120772604628,-1.91880986810783,-1.83290722328817,0.29654243467861,0.44824274913184,-0.202993708003753,-0.0191459895266863,-0.303642030474405,0.027704841871553,0.245017378270736,0.598288802580743,0.386518455422421,-0.527680489439249,-0.177318504788345
"131",0,-0.346763866306412,2.05042341159541,0.696738717323574,0.994701386553687,1.69097204161296,0.463522826674285,-0.135962069060475,-0.0247411626405223,-0.640995384823577,-0.650575299668376,-0.915912114592555,-0.131191100456599,1.29148053419773,0.937368213326437,-0.1555961886108,-0.0445734002443183,-1.04878558492868,-1.62956752949562,-1.12999301782559,-0.526887708770123,1.24678870278565,0.552265305433806,-0.113860786417039,-0.0382639442739243,-0.759253601238671,-1.53139249135053,-1.56081868739673,0.212541019721487,0.700605947741373,-0.376647239159639,-0.048236570436645,-0.0330109162638679,0.28811274703799,0.851769596983231,1.09627321067543,0.950766487281889,0.819919577833732,1.46221250555829,0,-0.0930309953194633,0.527366528655686,1.01675972213601,1.36287885195866,0.79760607467327,0.0665678053471691,-0.111908222728241,-0.0998707974396848,-0.0692112518235939,-0.410266899197836,-0.328780595364958,0.714491338801868,-1.45788194973929,-1.55967039733413,-0.767532904424768,-0.202993708003753,-0.0191459895266863,-0.303642030474405,1.72716184231235,0.0152822700148413,-2.26390404116519,-1.01604587743444,-0.527680489439249,-0.177318504788345
"132",0,-0.346763866306412,0.330795300586854,0.0578262499066152,0.551737763681986,0.0807774808691453,-0.416428649433891,-0.187666172791618,-0.0247411626405223,1.64788288183065,0.999757862091843,0.573225755678888,0.711908011135486,-0.410021747304518,-0.540830462877054,-0.1555961886108,-0.0445734002443183,0.698221046055578,1.09010489057606,0.553366028230951,-0.690239452411488,-1.29347794903808,-0.574697546273115,-0.113860786417039,-0.0382639442739243,1.17077636382959,1.08838378637757,1.1507788827907,1.00657188464015,-0.301266633903012,-0.650039470011399,-0.049335153206293,-0.0330109162638679,0.28811274703799,-0.386839290924309,-0.835255779562232,-0.0582622129318667,0.819919577833732,-0.495874577766734,0,-0.0930309953194633,-0.481588184154324,-0.984477210668762,-0.347888759686697,0.322404541374051,1.09815083938011,-0.569033328961901,-0.0998707974396848,-0.0692112518235939,-0.410266899197836,-1.03248643105838,0.997761568833671,1.16729496510292,-0.209697428597592,-0.767532904424768,-0.202993708003753,-0.0191459895266863,-0.303642030474405,-0.172466266938626,0.93422270303842,-0.481482215773575,-1.1603681679367,-0.527680489439249,-0.177318504788345
"133",0,-0.346763866306412,-0.314065241041354,0.0578262499066152,-0.106196157416798,-0.813775052877421,-0.416428649433891,-0.135962069060475,-0.0247411626405223,-0.314012775301545,0.816387510785152,-0.667722469547314,0.711908011135486,-0.728298841317257,-0.540830462877054,-0.1555961886108,-0.0445734002443183,-0.741918245459386,-0.43971084571426,-0.624985304008629,0.943277984002168,-0.658411286082146,-0.574697546273115,-0.113860786417039,-0.0382639442739243,-0.759253601238671,-1.53139249135053,1.1507788827907,1.00657188464015,-0.301266633903012,-0.650039470011399,-0.049335153206293,-0.0330109162638679,-0.978233407655528,-1.2263086449194,-1.15717727793518,-0.579807364242258,0.819919577833732,0.315362825388311,0,-0.0930309953194633,-0.481588184154324,-0.52265330309843,-1.12171262543579,-1.26160056962335,-0.105362700324987,1.94515475532323,-0.0998707974396848,-0.0692112518235939,-0.410266899197836,1.25455753494524,-0.36330510173903,-0.542322708117359,0.971528919046879,1.05613057591014,-0.202993708003753,-0.0191459895266863,-0.303642030474405,-0.572808484558983,0.245017378270736,0.904845870642121,0.558394746906768,-0.527680489439249,-0.177318504788345
"134",0,-0.346763866306412,0.330795300586854,0.524013130597061,-2.32752578498407,-0.992685559626734,-0.416428649433891,-0.135962069060475,-0.0247411626405223,-0.640995384823577,-0.0271022579039074,1.06960504576937,-0.34526951441576,-1.47739212303275,-0.540830462877054,-0.1555961886108,-0.0445734002443183,1.56230462096456,1.09010489057606,1.56338145586488,0.453222753078071,-1.29347794903808,-0.574697546273115,-0.113860786417039,-0.0382639442739243,0.624213561461695,0.269703699587538,0.642354338380556,1.00657188464015,-1.13616045194,-0.650039470011399,-0.048236570436645,-0.0330109162638679,-0.639535815693025,-1.2263086449194,-0.996216528748704,0.950766487281889,-0.541614041969328,-0.831486854781667,0,-0.136557523437731,-0.481588184154324,-0.984477210668762,-0.966425658098632,0.79760607467327,0.582359322363638,-0.797595882078731,-0.0998707974396848,-0.0692112518235939,-0.410266899197836,0.374925240328461,1.19219966462977,1.16729496510292,1.14027554013895,1.66401840268845,8.40429799913991,-0.0191459895266863,-0.303642030474405,-0.172466266938626,0.704487594782526,0.904845870642121,1.58965249581285,3.40450717520438,12.9496627249198
"135",0,0.767805440878689,1.4055628699672,0.0578262499066152,-0.112707670625565,-0.0981330258801679,-0.416428649433891,-0.135962069060475,-0.0247411626405223,0.993917662786584,0.816387510785152,-0.711415484592409,0.290358455339444,0.812975213241551,-0.251632068797163,-0.1555961886108,-0.0445734002443183,1.27427676266156,0.41018678555814,-1.12999301782559,0.289871009436705,1.24678870278565,0.270524592507076,-0.113860786417039,-0.0382639442739243,0.205761381295462,0.924647769019562,-0.0355450541663019,0.0537348467377536,1.28314481252585,1.26370614595092,-0.048236570436645,-0.0330109162638679,-0.639535815693025,-0.183570028787919,0.291469464743071,0.950766487281889,1.1603029827845,1.46221250555829,0,-0.0930309953194633,-0.481588184154324,-0.984477210668762,-1.12171262543579,-1.10320005852361,0.926220333707951,1.48802964908957,0.179944594447881,-0.0692112518235939,-0.410266899197836,-0.152854136441604,-0.36330510173903,0.229731781230706,0.778313213951337,-0.362274353239232,-0.202993708003753,-0.0191459895266863,-0.303642030474405,1.22873149473262,0.93422270303842,0.310705262178251,-0.129110419030621,-0.527680489439249,-0.177318504788345
"136",0,-0.346763866306412,-1.17387929654563,-2.50620159389084,0.108774140810285,0.438598494367772,-0.416428649433891,-0.135962069060475,-0.0247411626405223,-0.640995384823577,-1.93416775881521,-0.129666625280049,1.13345756693153,-0.728298841317257,-0.540830462877054,-0.1555961886108,-0.0445734002443183,-0.741918245459386,-1.62956752949562,2.07419246114568,1.43333321492626,-1.13471128329909,-0.574697546273115,-0.113860786417039,-0.0382639442739243,-0.759253601238671,-0.712712404560498,1.1507788827907,-0.263877499229713,-1.13616045194,-0.650039470011399,-0.048236570436645,-0.0330109162638679,-0.639535815693025,0.372213079621086,1.09627321067543,0.109909237103759,0.990111280309114,-0.831486854781667,0,-0.0930309953194633,1.20000300386236,1.47858362970634,0.586444015272899,1.11440709687275,1.09815083938011,-0.0410800947689576,-0.0998707974396848,-0.0692112518235939,5.40062335082163,1.43048399386859,1.19219966462977,1.16729496510292,1.14027554013895,0.245613473539072,-0.0269812907078035,-0.0191459895266863,-0.303642030474405,-1.17332181098952,-2.7415390290559,0.706799001154165,1.24589991284416,-0.527680489439249,-0.177318504788345
"137",0,-0.346763866306412,0.975655842215063,0.757106570942284,-1.22011672780482,-0.992685559626734,-0.416428649433891,-0.135962069060475,-0.0247411626405223,1.64788288183065,0.816387510785152,-0.171343179456834,0.711908011135486,-1.40155863315559,-0.616658745796877,-0.1555961886108,-0.0445734002443183,0.122165329449593,-0.0997517932053001,-0.793321208614283,1.43333321492626,-1.29347794903808,-0.574697546273115,-0.113860786417039,-0.0382639442739243,-0.759253601238671,-1.53139249135053,-0.543969598576446,1.00657188464015,-1.3031392155474,-0.650039470011399,-0.048236570436645,-0.0330109162638679,-0.639535815693025,-1.2263086449194,0.774351712302486,0.950766487281889,0.819919577833732,-0.544774434739172,0,-0.0930309953194633,-0.481588184154324,-0.984477210668762,-0.966425658098632,-0.469598014124647,1.27008134505226,0.34521688350542,-0.0384344413647119,-0.0692112518235939,1.04245566330703,0.550851699251816,-1.52993367651563,-0.520318765867068,1.14027554013895,0.245613473539072,-0.202993708003753,-0.00121340450318254,0.728815661816031,1.03133474115337,0.93422270303842,0.310705262178251,0.0427658724537265,-0.527680489439249,-0.177318504788345
"138",0,-0.346763866306412,-0.958925782669563,0.524013130597061,-1.66308035067652,-0.992685559626734,-0.416428649433891,-0.102206816850121,-0.0247411626405223,-0.640995384823577,-0.833945650975067,0.821415400724128,-0.93419918563202,-1.40155863315559,-0.540830462877054,-0.1555961886108,-0.0445734002443183,-0.807942357367503,0.41018678555814,0.303133816821863,-1.18029468333559,-1.2720123164214,-0.574697546273115,-0.113860786417039,-0.0909846830221019,-0.759253601238671,0.464200646830733,-0.882919294849875,-1.53432688309958,-1.3031392155474,-0.650039470011399,-0.049335153206293,-0.0330109162638679,-0.0211034405390152,1.33132611434538,0.613390963116015,0.278080687139385,-0.0310389345431809,-0.831486854781667,0,-0.0930309953194633,0.137192429848456,1.47858362970634,0.586444015272899,0.00560351917457189,1.09815083938011,1.48802964908957,-0.0998707974396848,-0.0593339865997742,-0.410266899197836,0.902704617098525,-0.16886700594293,-1.0828566761904,-0.0409508075055244,1.46138912709568,-0.202993708003753,-0.115134277125818,-0.303642030474405,-0.572808484558983,-0.214452838241053,0.508752131666208,1.07402362135981,0.455366426721658,-0.177318504788345
"139",0,-0.331990614420167,-0.958925782669563,0.757106570942284,-0.777153104933116,-0.813775052877421,-0.416428649433891,-0.135962069060475,-0.0247411626405223,-0.564483276219365,-1.01731600228176,1.06960504576937,0.990776175907543,-1.233243685196,-0.540830462877054,-0.1555961886108,-0.0445734002443183,-0.741918245459386,-1.28960847698666,1.56338145586488,1.43333321492626,-0.817177951821129,-0.574697546273115,-0.113860786417039,-0.0382639442739243,-0.759253601238671,-0.712712404560498,1.1507788827907,0.82104484058726,-0.802202924725205,-0.650039470011399,-0.048236570436645,-0.0330109162638679,-0.639535815693025,-0.586899955103205,1.09627321067543,0.950766487281889,-0.784051769131866,-0.831486854781667,0,-0.0930309953194633,-0.481588184154324,-0.52265330309843,1.36287885195866,1.27280760797249,-0.621154217341457,-0.797595882078731,-0.0998707974396848,-0.0692112518235939,-0.410266899197836,-1.03248643105838,0.997761568833671,1.16729496510292,-0.0409508075055244,-0.33665824454828,-0.202993708003753,-0.0191459895266863,-0.303642030474405,-0.814925830991951,0.357698526679872,0.904845870642121,1.07402362135981,-0.527680489439249,-0.177318504788345
"140",0,-0.346763866306412,0.330795300586854,0.524013130597061,-0.998634916368966,-0.992685559626734,-0.416428649433891,-0.135962069060475,-0.0247411626405223,1.32090027230862,0.999757862091843,1.06960504576937,-0.552740656252641,-1.40155863315559,-0.540830462877054,-0.1555961886108,-0.0445734002443183,0.122165329449593,-0.00767533074606191,1.05837374204791,0.453222753078071,-1.29347794903808,-0.574697546273115,-0.113860786417039,-0.0382639442739243,-0.759253601238671,-1.53139249135053,0.642354338380556,-0.263877499229713,-1.3031392155474,-0.650039470011399,-0.048236570436645,-0.0330109162638679,-0.639535815693025,-0.267195610195108,0.935312461488958,-1.06729091314562,-1.56276425682162,-0.625349502905026,0,-0.0930309953194633,-0.481588184154324,0.862818419612568,0.586444015272899,-1.26160056962335,-1.48080674570224,-0.797595882078731,-0.0998707974396848,-0.0692112518235939,-0.410266899197836,1.07863107602188,0.997761568833671,0.41724441800515,1.14027554013895,0.44824274913184,0.32018095504141,-0.0191459895266863,-0.303642030474405,0.425527167668475,0.474752486526631,-0.0853884767976621,-0.129110419030621,0.616658331057175,0.246626226721371
"141",0,-0.38905401081041,-1.09881642463802,0.0578262499066152,0.773219575117836,-0.0981330258801679,-0.416428649433891,-0.155035767694984,-0.0247411626405223,-0.640995384823577,0.266276456865079,-0.171343179456834,-1.39583976784473,-0.89661378927684,-0.540830462877054,-0.1555961886108,-0.0445734002443183,-0.453890387156393,0.92012536432158,-0.793321208614283,-1.18029468333559,-1.29347794903808,-0.574697546273115,-0.113860786417039,-0.0382639442739243,0.849104702984884,0.433439716945544,-1.56081868739673,-1.53432688309958,-1.3031392155474,-0.650039470011399,-0.048236570436645,-0.0330109162638679,0.28811274703799,1.15559144204426,1.09627321067543,0.109909237103759,-0.707179475536553,-0.831486854781667,0,-0.0930309953194633,0.19104829105235,1.47858362970634,0.408742053523774,0.00560351917457189,0.582359322363638,-0.797595882078731,-0.0998707974396848,-0.0692112518235939,-0.410266899197836,0.374925240328461,-0.16886700594293,-1.64539458651373,0.971528919046879,0.245613473539072,-0.202993708003753,-0.0191459895266863,-0.303642030474405,-1.17332181098952,0.0152822700148413,0.904845870642121,0.558394746906768,-0.527680489439249,-0.177318504788345
"142",0,-0.346763866306412,0.283776541434521,0.990200011287507,0.994701386553687,1.86988254836228,0.17020566797156,-0.135962069060475,-0.064995348517452,-0.640995384823577,0.633017159478461,0.573225755678888,-0.34196587835462,0.822160038436556,-0.0480975708092236,-0.1555961886108,-0.0445734002443183,-0.1658625288534,0.739912441309068,-0.119977590191666,-1.18029468333559,0.135422042612768,1.397487444214,-0.113860786417039,-0.0382639442739243,0.527433042140173,0.728072100503175,-1.39134383926002,-1.53432688309958,0.032690893311783,1.53709837680268,-0.048236570436645,-0.0330109162638679,1.21576130976901,1.33132611434538,-1.47909877630812,-1.73997671328813,0.479536172882967,1.46221250555829,0,-0.0930309953194633,1.20000300386236,1.47858362970634,-0.436053468288416,-0.944799547423866,1.27008134505226,0.34521688350542,-0.0998707974396848,-0.0692112518235939,-0.410266899197836,1.18678506314671,1.19219966462977,1.16729496510292,0.634035676862745,-0.767532904424768,-0.202993708003753,-0.0912709356995593,-0.257786446627264,0.42804705949191,0.245017378270736,-0.283435346285619,-0.816615584968009,-0.527680489439249,-0.177318504788345
"143",0,-0.325708119187449,-0.743972268793493,-0.408360630783831,0.108774140810285,0.975330014615711,0.0880155362178312,-0.135962069060475,-0.0247411626405223,-0.551025039479256,0.082906105558388,0.573225755678888,-0.34196587835462,1.29148053419773,0.0644772640265561,-0.1555961886108,-0.0445734002443183,-0.1658625288534,0.873012931107531,-0.961657113219938,0.616574496719437,0.452955374090734,-0.574697546273115,-0.113860786417039,-0.0382639442739243,1.17077636382959,1.08838378637757,0.981304034653986,0.688959538672687,-0.802202924725205,-0.650039470011399,-0.048236570436645,-0.0330109162638679,-0.639535815693025,-0.107343437741059,1.09627321067543,0.278080687139385,-1.56276425682162,-0.831486854781667,0,-0.0930309953194633,-0.481588184154324,-0.214770698051542,1.05230491728436,0.0178094432870764,-0.526894632753074,-0.797595882078731,-0.0998707974396848,-0.0692112518235939,-0.410266899197836,-0.152854136441604,0.803323473037571,-0.145293492318181,0.802782297954812,-0.767532904424768,-0.202993708003753,-0.0191459895266863,-0.303642030474405,-0.772979593369162,0.245017378270736,0.904845870642121,0.0427658724537265,-0.527680489439249,-0.250280763399204
"144",0,1.88237474806379,0.975655842215063,0.757106570942284,0.994701386553687,1.69097204161296,-0.416428649433891,-0.135962069060475,-0.0247411626405223,0.666935053264552,0.999757862091843,-0.667722469547314,-1.39583976784473,-0.391668945398093,-0.540830462877054,-0.1555961886108,-0.0445734002443183,0.807521683727845,0.92012536432158,-1.12999301782559,-1.18029468333559,-1.29347794903808,-0.574697546273115,-0.113860786417039,-0.0382639442739243,1.17077636382959,0.760911751661556,-0.71344444671316,-1.53432688309958,-1.3031392155474,-0.650039470011399,-0.048236570436645,-0.0330109162638679,-0.33031962811602,0.691917424529183,1.09627321067543,0.446252137175011,0.343684589869455,-0.831486854781667,0,-0.0930309953194633,-0.481588184154324,-0.984477210668762,-0.811138690761479,0.164004030274312,1.27008134505226,1.25946709597274,-0.0998707974396848,-0.0692112518235939,-0.410266899197836,0.198998781405106,-0.36330510173903,0.0422191444562627,1.14027554013895,1.05613057591014,-0.202993708003753,-0.0191459895266863,-0.303642030474405,0.227875950681732,0.93422270303842,0.112658392690295,0.332918526146809,-0.281918760399022,-0.177318504788345
"145",0,-0.346763866306412,-1.17387929654563,-2.27310815354561,0.108774140810285,-0.455954039378794,-0.416428649433891,-0.135962069060475,-0.0247411626405223,-0.640995384823577,-1.93416775881521,-0.667722469547314,0.0795836774414227,-1.40155863315559,-0.540830462877054,-0.1555961886108,-0.0445734002443183,-0.741918245459386,-1.28960847698666,1.39504555125922,-0.200184221487392,-0.34087795460418,1.397487444214,-0.113860786417039,-0.0909846830221019,-0.759253601238671,-0.0528889159861055,-0.374494750439731,-1.53432688309958,1.36852100217096,0.17013722254388,-0.048236570436645,-0.0330109162638679,1.52497749734601,1.17147394189133,-0.996216528748704,-1.40363381321687,1.1603029827845,-0.258062014696678,0,-0.0930309953194633,3.89054890468905,1.47858362970634,1.36287885195866,1.27280760797249,0.754289828035795,-0.569033328961901,-0.0998707974396848,0.0795103121348986,0.0739739549704533,-0.680633513211668,-0.161302672818552,1.16729496510292,-0.547190670781726,-0.767532904424768,-0.104780737256341,-0.0191459895266863,-0.303642030474405,-1.17332181098952,-1.82259859603232,0.127638797694125,-0.644739293483662,-0.527680489439249,-0.239614752410532
"146",0,-0.346763866306412,-0.314065241041354,0.290919690251838,-1.66308035067652,-0.992685559626734,-0.414002988582123,-0.135962069060475,-0.0247411626405223,-0.640995384823577,0.082906105558388,-0.419532824502074,0.0795836774414227,-0.223353997438511,-0.540830462877054,-0.1555961886108,-0.0445734002443183,-0.741918245459386,0.7501458380671,-0.279295373103614,-0.528247214506623,1.08802203704667,0.193105750538539,-0.0234538800932024,-0.0382639442739243,-0.759253601238671,0.924647769019562,-1.39134383926002,-1.53432688309958,0.700605947741373,0.716921684247398,-0.048236570436645,-0.0330109162638679,-0.33031962811602,0.759163157311862,-1.47909877630812,-1.73997671328813,0.649727875358349,0.602075245430805,0,-0.0930309953194633,-0.481588184154324,1.47858362970634,-1.12171262543579,-0.627998525224387,0.803890054483173,0.116654330388589,-0.0998707974396848,-0.0692112518235939,-0.28434623369566,0.721367924531773,0.0255710898531705,0.979782328328481,0.29654243467861,-0.767532904424768,-0.19376460982441,-0.0191459895266863,-0.303642030474405,-0.572808484558983,0.0152822700148413,0.508752131666208,-0.988491876452356,-0.527680489439249,-0.177318504788345
"147",0,-0.346763866306412,-1.17387929654563,-2.73929503423606,-0.555671293497266,1.69097204161296,-0.416428649433891,-0.135962069060475,-0.0247411626405223,-0.569863538269918,-1.93416775881521,-1.90867069477352,0.548121121020393,0.171077599916893,-0.540830462877054,-0.1555961886108,-0.0445734002443183,-0.741918245459386,-1.62956752949562,1.05837374204791,0.779926240360802,-0.388470880027249,-0.574697546273115,-0.157751688023249,-0.0382639442739243,-0.759253601238671,0.105967682229532,0.811829186517271,-0.563405195408346,0.760335463236455,0.773154123575809,-0.048236570436645,-0.0330109162638679,0.597328934614995,1.33132611434538,-0.513334281189288,-1.73997671328813,1.1603029827845,2.60906218572827,0,-0.0930309953194633,3.89054890468905,1.3246423271829,0.741730982610052,1.27280760797249,1.27008134505226,1.25946709597274,-0.0998707974396848,-0.0692112518235939,5.88486420498992,1.43048399386859,0.997761568833671,0.604757054779594,1.14027554013895,0.245613473539072,-0.202993708003753,-0.0191459895266863,0.728815661816031,-0.372637375748804,-2.7415390290559,-0.481482215773575,0.902147329875462,-0.527680489439249,-0.177318504788345
"148",0,-0.346763866306412,-0.743972268793493,-0.817159179446216,0.994701386553687,-0.277043532629481,-0.416428649433891,-0.135962069060475,-0.0247411626405223,-0.640995384823577,-0.467204948361685,1.06960504576937,1.13345756693153,0.618220742359401,-0.540830462877054,-0.1555961886108,-0.0445734002443183,-0.741918245459386,0.7501458380671,1.56338145586488,1.43333321492626,-1.29347794903808,-0.574697546273115,-0.113860786417039,-0.0382639442739243,-0.115910279549249,1.08838378637757,1.1507788827907,0.688959538672687,-0.635224161117807,-0.387627798196159,-0.048236570436645,-0.0330109162638679,1.83419368492302,1.33132611434538,1.09627321067543,0.585889640226102,-1.22238085187086,-0.831486854781667,0,-0.0930309953194633,2.20895771667237,1.47858362970634,1.36287885195866,0.95600658577301,-1.13694573435793,-0.797595882078731,-0.0998707974396848,0.0155684702591061,-0.410266899197836,1.43048399386859,1.19219966462977,1.16729496510292,0.802782297954812,-0.705299042499926,-0.202993708003753,-0.0191459895266863,-0.303642030474405,-0.772979593369162,-0.903658163008738,0.904845870642121,0.558394746906768,-0.527680489439249,-0.177318504788345
"149",0,-0.346763866306412,0.760702328338993,0.990200011287507,0.994701386553687,0.259687987618459,-0.416428649433891,-0.135962069060475,-0.0247411626405223,-0.640995384823577,0.272971258182975,-0.667722469547314,0.0795836774414227,1.29148053419773,-0.294464016843139,-0.1555961886108,-0.0445734002443183,-0.741918245459386,-1.62956752949562,-0.793321208614283,0.628494720475039,1.24678870278565,-0.292956833346385,-0.113860786417039,-0.0382639442739243,-0.759253601238671,-1.53139249135053,0.642354338380556,1.00657188464015,-0.301266633903012,-0.650039470011399,-0.0885116476043009,-0.0330109162638679,-0.682955336589795,-1.2263086449194,-0.996216528748704,0.446252137175011,0.649727875358349,0.0392220055928816,0,-0.0930309953194633,-0.481588184154324,-0.984477210668762,-1.12171262543579,-0.915113217353282,0.754289828035795,1.25946709597274,-0.0998707974396848,-0.0692112518235939,-0.410266899197836,-0.680633513211668,-1.52993367651563,-1.64539458651373,0.465289055770677,1.02684799033439,-0.202993708003753,-0.0191459895266863,-0.303642030474405,0.612182440569615,0.93422270303842,0.904845870642121,1.58965249581285,0.507887943102509,-0.177318504788345
"150",0,-0.346763866306412,-0.529018754917424,-0.641454071129054,0.420241789316219,0.438598494367772,-0.416428649433891,-0.135962069060475,-0.0247411626405223,-0.314012775301545,0.816387510785152,1.06960504576937,1.13345756693153,-0.223353997438511,-0.540830462877054,-0.1555961886108,-0.0445734002443183,-0.741918245459386,-0.77966989822322,0.257880830822418,1.43333321492626,0.449446158566208,0.552265305433806,-0.113860786417039,-0.0382639442739243,-0.759253601238671,-1.04018443927651,1.1507788827907,1.00657188464015,1.36852100217096,1.81049060765444,-0.048236570436645,-0.0330109162638679,-0.639535815693025,-0.946534821782915,0.935312461488958,0.614423587210637,-0.881997446920094,0.56340726694806,0,-0.0930309953194633,-0.481588184154324,-0.984477210668762,0.897017949947205,-0.469598014124647,-1.25040402781232,-0.797595882078731,-0.0998707974396848,-0.0692112518235939,-0.410266899197836,-1.20841288998173,0.997761568833671,-1.27036931296484,-1.53322277030224,-0.767532904424768,-0.202993708003753,-0.0912709356995593,-0.303642030474405,-0.372637375748804,0.245017378270736,-2.26390404116519,-1.1603681679367,-0.527680489439249,-0.177318504788345
"151",0,-0.346763866306412,-0.314065241041354,0.524013130597061,0.773219575117836,-0.455954039378794,-0.416428649433891,-0.135962069060475,-0.0247411626405223,-0.640995384823577,0.266276456865079,-0.419532824502074,-1.1850649899467,0.786535690318983,-0.294464016843139,-0.1555961886108,-0.0445734002443183,0.122165329449593,0.58016631181262,-1.12999301782559,-1.18029468333559,1.24678870278565,0.552265305433806,-0.113860786417039,-0.0382639442739243,0.527433042140173,0.269703699587538,-1.56081868739673,-1.53432688309958,0.867584711348771,0.990313915099158,-0.048236570436645,-0.0330109162638679,0.906545122192,0.372213079621086,-1.17996933732463,-1.73997671328813,0.479536172882967,1.41214274440571,0,-0.0930309953194633,0.19104829105235,1.01675972213601,-1.12171262543579,-1.26160056962335,0.0665678053471691,0.57377943662225,-0.0998707974396848,-0.0692112518235939,-0.410266899197836,0.35349162624262,-1.33549558071953,-1.0828566761904,0.465289055770677,-0.767532904424768,-0.202993708003753,-0.0191459895266863,-0.422455579862277,-0.572808484558983,0.474752486526631,0.508752131666208,-0.0174528138430987,-0.527680489439249,-0.177318504788345
"152",0,-0.346763866306412,-0.743972268793493,-1.34073439216472,0.108774140810285,1.86988254836228,4.27664588980972,1.71880406707795,-0.0247411626405223,0.0129698342204877,0.816387510785152,0.460048482409567,-0.383979978124019,-0.559983893357675,3.40103267366559,4.73657226410715,-0.0445734002443183,-0.741918245459386,-0.77966989822322,0.136350403965577,-1.41964355057402,-0.975944617560112,3.93315386055457,4.50252433346203,-0.0382639442739243,-0.759253601238671,-1.53139249135053,-1.56081868739673,-1.53432688309958,0.032690893311783,2.0838828385062,-0.048236570436645,-0.0330109162638679,-0.639535815693025,-1.2263086449194,-1.47909877630812,-1.06729091314562,1.1603029827845,1.17550008551579,0,-0.0930309953194633,-0.481588184154324,0.554935814565679,0.897017949947205,1.27280760797249,0.754289828035795,-0.569033328961901,-0.0998707974396848,-0.0692112518235939,-0.410266899197836,0.198998781405106,0.608885377241471,1.16729496510292,-1.39092377624206,-0.767532904424768,-0.202993708003753,-0.0191459895266863,-0.303642030474405,-1.17332181098952,-1.13339327126463,0.112658392690295,-1.1603681679367,-0.527680489439249,-0.177318504788345
"153",0,-0.346763866306412,-0.529018754917424,0.524013130597061,0.108774140810285,1.69097204161296,2.81006009629609,0.272464853626576,-0.0247411626405223,-0.640995384823577,-0.691102611603442,-0.141144970878873,-0.552740656252641,1.12316558623815,2.90829978159776,-0.1555961886108,-0.0445734002443183,-0.741918245459386,-1.1880536804338,-1.12999301782559,-1.18029468333559,1.08802203704667,0.834006018360537,-0.113860786417039,-0.0382639442739243,-0.759253601238671,-1.20392045663452,-0.882919294849875,-0.10507132624598,1.36852100217096,-0.376647239159639,-0.048236570436645,-0.0330109162638679,0.597328934614995,1.17147394189133,1.09627321067543,0.950766487281889,1.1603029827845,0.8887876654733,0,-0.0930309953194633,0.19104829105235,-0.368712000574986,0.586444015272899,0.79760607467327,-0.697296794669774,-0.797595882078731,-0.0998707974396848,-0.0692112518235939,-0.410266899197836,-1.20841288998173,1.19219966462977,-0.520318765867068,-1.51594193962772,-0.767532904424768,-0.202993708003753,-0.0191459895266863,-0.303642030474405,-0.372637375748804,0.474752486526631,-1.86781030218927,-1.17436677414624,-0.527680489439249,-0.177318504788345
"154",0,-0.346763866306412,0.545748814462924,0.290919690251838,-0.777153104933116,-0.535475025487017,-0.416428649433891,-0.135962069060475,-0.0247411626405223,0.666935053264552,0.44964680817177,-1.41229140468304,0.711908011135486,-0.89661378927684,-0.540830462877054,-0.1555961886108,-0.0445734002443183,1.27427676266156,-0.26973131945978,-1.12999301782559,0.779926240360802,-0.896065816593692,-0.574697546273115,-0.113860786417039,-0.0382639442739243,0.205761381295462,0.105967682229532,0.183854110760991,1.00657188464015,-1.13616045194,-0.650039470011399,-0.048236570436645,-0.0330109162638679,-0.639535815693025,-1.2263086449194,-0.320519301334677,0.614423587210637,0.479536172882967,-0.831486854781667,0,-0.0930309953194633,-0.481588184154324,-0.984477210668762,-1.12171262543579,-1.26160056962335,0.754289828035795,1.03090454285591,-0.0998707974396848,-0.0692112518235939,-0.410266899197836,0.374925240328461,0.0255710898531705,-1.83290722328817,-0.547190670781726,1.66401840268845,-0.202993708003753,-0.0191459895266863,-0.303642030474405,-0.372637375748804,0.704487594782526,0.904845870642121,1.58965249581285,0.946889884802112,-0.177318504788345
"155",0,-0.346763866306412,0.760702328338993,0.290919690251838,-0.334189482061415,-0.813775052877421,-0.333075122179247,-0.135962069060475,-0.0247411626405223,1.64788288183065,0.633017159478461,-1.90867069477352,0.922682789033507,-0.0550390494789284,-0.540830462877054,-0.1555961886108,-0.0445734002443183,2.13836033757054,-0.26973131945978,-1.12999301782559,0.453222753078071,0.664166872229711,-0.574697546273115,-0.0810931707903171,0.0337041416019022,0.527433042140173,0.760911751661556,0.472879490243842,0.688959538672687,1.20154223856357,0.443529453395639,-0.048236570436645,-0.0330109162638679,-0.639535815693025,-0.906604300011301,-0.835255779562232,-1.40363381321687,0.479536172882967,0.711629852855965,0,-0.0930309953194633,-0.481588184154324,-0.984477210668762,-1.12171262543579,-1.10320005852361,1.09815083938011,0.34521688350542,-0.0998707974396848,-0.0692112518235939,-0.410266899197836,-1.38433934890509,-1.14105748492343,0.0422191444562627,0.971528919046879,-0.564903628832,-0.202993708003753,-0.0191459895266863,-0.303642030474405,0.628218168302089,0.0152822700148413,-0.481482215773575,-0.816615584968009,-0.527680489439249,-0.177318504788345
"156",0,-0.346763866306412,-0.901538989736741,-0.641454071129054,-0.237561512937849,-0.813775052877421,-0.416428649433891,-0.135962069060475,-0.064995348517452,-0.640995384823577,-0.100464245748303,1.06960504576937,-0.131191100456599,0.618220742359401,-0.294464016843139,-0.1555961886108,-0.0445734002443183,-0.741918245459386,-0.77966989822322,1.22670964665357,-1.01694293969422,0.611722039829717,0.552265305433806,-0.113860786417039,-0.0382639442739243,-0.759253601238671,-1.53139249135053,0.303404642107127,-0.219614202837037,0.13895877022797,-0.10325500830788,-0.048236570436645,-0.0330109162638679,-0.556705557181975,-0.746752127557253,0.452430213929543,0.950766487281889,-0.0310389345431809,-0.831486854781667,0,-0.0930309953194633,-0.145269946550987,0.862818419612568,0.431157047935746,-0.627998525224387,1.27008134505226,0.80234198973908,-0.0998707974396848,-0.0692112518235939,0.558214809138742,0.337993685446383,-0.94661938912733,-1.83290722328817,0.29654243467861,1.10975967337872,-0.202993708003753,-0.0530252164939746,-0.279894393474491,-0.97315070217934,-0.444187946496948,0.78565519686873,1.07402362135981,0.946889884802112,-0.177318504788345
"157",0,2.99694405524889,2.26537692547148,-0.641454071129054,-2.54900759641992,-0.992685559626734,-0.416428649433891,-0.135962069060475,-0.0247411626405223,1.64788288183065,0.816387510785152,1.06960504576937,-1.81738932364077,-1.40155863315559,-0.540830462877054,-0.1555961886108,-0.0445734002443183,1.56230462096456,-0.0997517932053001,1.56338145586488,-0.526887708770123,-1.29347794903808,-0.574697546273115,-0.113860786417039,-0.0382639442739243,-0.115910279549249,-0.876448421918504,0.113228844934312,-0.422683672213447,-1.3031392155474,-0.680169362181165,-0.048236570436645,-0.0330109162638679,-0.932000560478167,-1.2263086449194,0.774351712302486,-0.562776563038745,-1.56276425682162,-0.831486854781667,0,-0.0930309953194633,-0.481588184154324,-0.0236176262010917,1.20759188462151,-0.152796991925168,-1.48080674570224,-0.797595882078731,-0.0998707974396848,-0.0692112518235939,0.0739739549704533,1.07863107602188,1.19219966462977,1.16729496510292,-0.0195177414037129,1.05613057591014,1.02661939301677,-0.0191459895266863,2.52293881857904,2.02941592997334,-0.214452838241053,-0.679529085261532,0.214642163938074,2.17569853000325,1.57294565917274
"158",0,-0.346763866306412,-0.529018754917424,0.290919690251838,0.378727560701231,0.0807774808691453,-0.495815396623832,-0.135962069060475,-0.0247411626405223,0.0129698342204877,0.386128165484711,0.821415400724128,-0.763515434150662,1.29148053419773,0.198268875224692,-0.1555961886108,-0.0445734002443183,3.8665274873885,1.09010489057606,0.385030123625297,0.12651926579534,1.24678870278565,1.11574673128727,-0.113860786417039,-0.0382639442739243,2.13579134636373,1.08838378637757,1.1507788827907,1.00657188464015,1.36852100217096,0.716921684247398,-0.048236570436645,-0.0330109162638679,-0.639535815693025,-1.00219489618176,-0.191412782816345,0.950766487281889,-0.145203773363611,-0.831486854781667,0,-0.0930309953194633,-0.481588184154324,-0.984477210668762,0.290897913610818,1.27280760797249,-0.571709145314961,-0.797595882078731,-0.0998707974396848,-0.0692112518235939,-0.410266899197836,-1.38433934890509,0.803323473037571,0.229731781230706,-1.55967039733413,-0.767532904424768,-0.202993708003753,-0.0191459895266863,-0.303642030474405,-0.97315070217934,0.93422270303842,-0.877575954749489,-1.1603681679367,-0.527680489439249,-0.177318504788345
"159",0,-0.346763866306412,0.330795300586854,0.757106570942284,0.994701386553687,1.15424052136502,-0.416428649433891,-0.135962069060475,-0.0247411626405223,-0.640995384823577,-0.283834597054994,-1.41229140468304,-1.60661454574275,1.12316558623815,-0.240688133765931,-0.1555961886108,-0.0445734002443183,-0.741918245459386,-1.62956752949562,-0.456649399402975,0.943277984002168,0.135422042612768,-0.574697546273115,-0.113860786417039,-0.0382639442739243,-0.759253601238671,-0.057768335128474,0.938295812801583,1.00657188464015,-0.301266633903012,-0.650039470011399,-0.048236570436645,-0.0330109162638679,-0.639535815693025,-0.427047782649156,-0.67429503037576,-0.73094801307437,0.990111280309114,0.315362825388311,0,-0.0930309953194633,-0.122284073077535,0.247053209518791,-1.12171262543579,-1.26160056962335,-0.793084723013613,1.94515475532323,-0.0998707974396848,-0.0692112518235939,0.0739739549704533,0.902704617098525,-1.72437177231173,-1.27036931296484,0.465289055770677,0.806013687183528,-0.202993708003753,-0.0191459895266863,-0.303642030474405,0.42804705949191,0.93422270303842,0.706799001154165,0.558394746906768,-0.527680489439249,-0.177318504788345
"160",0,0.767805440878689,0.975655842215063,0.990200011287507,-0.112707670625565,-0.992685559626734,-0.416428649433891,-0.135962069060475,-0.0247411626405223,0.993917662786584,0.999757862091843,-0.667722469547314,0.711908011135486,-0.391668945398093,-0.540830462877054,-0.1555961886108,-0.0445734002443183,-0.453890387156393,-1.11962895073218,-1.12999301782559,0.616574496719437,-0.0233446231262145,-0.574697546273115,-0.113860786417039,-0.0382639442739243,-0.759253601238671,-1.53139249135053,-1.56081868739673,0.212541019721487,0.032690893311783,-0.650039470011399,-0.048236570436645,-0.0330109162638679,-0.639535815693025,-1.2263086449194,-0.835255779562232,0.782595037246263,-1.56276425682162,-0.831486854781667,0,-0.0930309953194633,-0.481588184154324,-0.603764192891347,0.275870080598593,0.480805052473791,-1.48080674570224,-0.797595882078731,-0.0998707974396848,-0.0692112518235939,-0.410266899197836,0.550851699251816,1.19219966462977,0.0422191444562627,0.465289055770677,0.853501300317375,-0.202993708003753,-0.0191459895266863,-0.303642030474405,1.02856038592245,0.0152822700148413,0.112658392690295,0.902147329875462,2.91298371712393,-0.177318504788345
"161",0,-0.346763866306412,1.4055628699672,0.990200011287507,0.330255952246136,0.975330014615711,0.463522826674285,-0.135962069060475,-0.0247411626405223,0.666935053264552,0.999757862091843,-1.41229140468304,0.356203987932157,1.29148053419773,0.691001767292522,-0.1555961886108,-0.111531751188364,-0.741918245459386,0.92012536432158,0.721701932836606,1.10662972764353,1.24678870278565,1.11574673128727,-0.113860786417039,-0.0382639442739243,-0.770096248535774,-0.548976387202492,-0.205019902303017,-0.263877499229713,0.867584711348771,1.53709837680268,-0.00847562401672425,-0.0330109162638679,-0.639535815693025,-1.2263086449194,-1.47909877630812,-1.73997671328813,-0.201230637018563,1.46221250555829,0,-0.0930309953194633,-0.481588184154324,-0.984477210668762,-1.12171262543579,-1.26160056962335,0.0665678053471691,1.03090454285591,-0.0998707974396848,-0.0692112518235939,2.4951782258119,1.0572627152049,-0.94661938912733,-0.139249166690598,1.14027554013895,-0.159645077646464,-0.202993708003753,-0.0191459895266863,-0.303642030474405,0.628218168302089,0.245017378270736,0.112658392690295,-0.129110419030621,-0.527680489439249,-0.177318504788345
"162",0,2.99694405524889,1.35718999283056,0.990200011287507,0.994701386553687,1.86988254836228,0.756839985377011,-0.135962069060475,-0.0247411626405223,-0.314012775301545,-0.100464245748303,-1.29635082601778,0.290358455339444,1.29148053419773,-0.540830462877054,-0.1555961886108,-0.0445734002443183,-0.741918245459386,-1.62956752949562,-0.361662536651679,1.10662972764353,0.294188708351751,-0.574697546273115,-0.113860786417039,-0.0382639442739243,0.849104702984884,1.08838378637757,0.642354338380556,1.00657188464015,1.03456347495617,1.81049060765444,-0.048236570436645,-0.0330109162638679,0.28811274703799,0.691917424529183,0.872206675935947,-0.0101890156178105,-0.0396037473710523,-0.258062014696678,0,-0.367384358452888,-0.481588184154324,0.400994512042235,1.05230491728436,-1.10320005852361,-1.48080674570224,-0.797595882078731,-0.0998707974396848,-0.196589891608448,0.558214809138742,0.413559777146153,1.10272661809672,-1.35518293068705,-1.55967039733413,-0.767532904424768,-0.202993708003753,-0.0191459895266863,4.85864643097778,1.4289026035428,-0.0041841185725712,-2.26390404116519,-1.1603681679367,-0.527680489439249,-0.177318504788345
"163",0,-0.346763866306412,0.115841786710785,0.290919690251838,0.108774140810285,0.108934720077988,0.17020566797156,0.20161248389361,-0.0247411626405223,-0.640995384823577,0.999757862091843,0.325036110633647,-1.1850649899467,0.786535690318983,1.27225816141868,0.465452618975743,-0.0445734002443183,-0.741918245459386,0.92012536432158,0.721701932836606,0.0225492018436065,1.08802203704667,1.67922815714073,-0.113860786417039,-0.0382639442739243,-0.759253601238671,0.269703699587538,1.1507788827907,1.00657188464015,-0.0166683154192874,-0.650039470011399,-0.362747108390356,-0.0330109162638679,-0.33031962811602,0.372213079621086,1.09627321067543,0.782595037246263,-1.56276425682162,-0.831486854781667,0,-0.156429091517328,-0.102787520765557,1.47858362970634,0.741730982610052,1.27280760797249,-0.4492237116693,-0.797595882078731,-0.245813176508965,-0.0692112518235939,0.0739739549704533,1.25455753494524,0.577889517097413,1.16729496510292,0.465289055770677,-0.767532904424768,-0.202993708003753,-0.0191459895266863,-0.303642030474405,-0.572808484558983,0.245017378270736,1.22578523077867,0.730271038391115,-0.527680489439249,-0.177318504788345
"164",0,-0.346763866306412,-1.17387929654563,-0.874547511474277,-0.334189482061415,-0.992685559626734,-0.416428649433891,-0.135962069060475,-0.0247411626405223,-0.640995384823577,-1.20068635358845,0.821415400724128,-1.81738932364077,-1.40155863315559,-0.540830462877054,-0.1555961886108,-0.0445734002443183,-0.741918245459386,0.24020725930366,0.385030123625297,-1.18029468333559,0.611722039829717,0.270524592507076,-0.113860786417039,-0.0382639442739243,-0.115910279549249,0.924647769019562,-0.678082875217618,-1.05790836414838,1.20154223856357,-0.650039470011399,-0.048236570436645,-0.0330109162638679,1.21576130976901,1.33132611434538,-0.513334281189288,-0.0582622129318667,0.819919577833732,-0.831486854781667,0,-0.0930309953194633,0.19104829105235,1.47858362970634,1.36287885195866,1.27280760797249,0.926220333707951,-0.797595882078731,-0.0998707974396848,-0.0692112518235939,-0.567165118387335,-0.679968376380698,-0.75218129333123,0.979782328328481,-1.39092377624206,-0.767532904424768,-0.202993708003753,-0.0191459895266863,-0.303642030474405,-1.17332181098952,-0.444187946496948,-0.481482215773575,-1.20119716402119,-0.527680489439249,-0.177318504788345
"165",0,-0.346763866306412,0.975655842215063,0.290919690251838,-0.112707670625565,-0.634864546128108,-0.416428649433891,-0.135962069060475,-0.0247411626405223,-0.640995384823577,-0.283834597054994,-0.171343179456834,-0.131191100456599,1.12316558623815,-0.540830462877054,-0.1555961886108,-0.0445734002443183,-0.741918245459386,-1.62956752949562,-0.961657113219938,0.779926240360802,0.929255371307683,-0.0112161204196545,-0.113860786417039,-0.0382639442739243,-0.759253601238671,-1.53139249135053,0.981304034653986,1.00657188464015,-0.46824539751041,-0.650039470011399,-0.048236570436645,-0.0330109162638679,-0.639535815693025,-1.2263086449194,-0.520057322556061,-0.562776563038745,0.819919577833732,0.8887876654733,0,-0.0930309953194633,-0.512072967072962,-0.984477210668762,-1.12171262543579,-1.26160056962335,-0.4492237116693,1.94515475532323,-0.0998707974396848,-0.0692112518235939,-0.410266899197836,0.550851699251816,-1.14105748492343,-0.895344039415955,0.802782297954812,0.902184236674989,-0.202993708003753,-0.0191459895266863,-0.303642030474405,1.4289026035428,0.93422270303842,0.904845870642121,0.558394746906768,-0.527680489439249,-0.177318504788345
"166",0,-0.346763866306412,-0.958925782669563,-0.408360630783831,0.330255952246136,-0.992685559626734,-0.416428649433891,-0.135962069060475,-0.0247411626405223,-0.640995384823577,0.082906105558388,1.06960504576937,-0.267140076440298,-1.40155863315559,-0.540830462877054,-0.1555961886108,-0.0445734002443183,-0.741918245459386,0.92012536432158,0.89003783744226,-1.18029468333559,-1.29347794903808,-0.422754718938519,-0.113860786417039,-0.0382639442739243,0.205761381295462,1.08838378637757,-0.71344444671316,-1.53432688309958,-1.3031392155474,-0.637796016901179,-0.048236570436645,-0.0330109162638679,0.906545122192,1.11090105349287,-0.191412782816345,0.278080687139385,0.139152767932202,-0.544774434739172,0,-0.0930309953194633,0.19104829105235,1.47858362970634,0.654360261076673,0.322404541374051,1.09815083938011,1.25946709597274,-0.0998707974396848,-0.0692112518235939,-0.247839057838281,0.198998781405106,0.803323473037571,-0.332806129092624,0.465289055770677,2.27190622946675,-0.202993708003753,-0.0758585761396516,-0.303642030474405,-1.17332181098952,-0.903658163008738,0.508752131666208,1.4177762043285,1.43841334288257,-0.177318504788345
"167",0,-0.346763866306412,0.330795300586854,0.990200011287507,0.994701386553687,1.74775380406105,2.81006009629609,-0.135962069060475,-0.0247411626405223,-0.640995384823577,0.266276456865079,0.0768464655884069,-0.552740656252641,-0.0550390494789284,0.691001767292522,-0.1555961886108,-0.0445734002443183,0.66010947192978,1.09010489057606,-0.793321208614283,-1.18029468333559,-1.29347794903808,-0.574697546273115,-0.113860786417039,-0.0382639442739243,2.13579134636373,1.08838378637757,1.1507788827907,0.0537348467377536,-1.13616045194,-0.650039470011399,-0.048236570436645,-0.0330109162638679,0.28811274703799,-0.107343437741059,-0.191412782816345,0.614423587210637,0.649727875358349,-0.831486854781667,0,-0.248793396622273,-0.481588184154324,-0.984477210668762,-1.12171262543579,-0.627998525224387,1.07829563337227,-0.111908222728241,-0.0998707974396848,-0.247049063744885,-0.410266899197836,0.198998781405106,-0.55774319753513,0.229731781230706,0.971528919046879,-0.537685855178536,-0.202993708003753,-0.0191459895266863,-0.303642030474405,0.227875950681732,0.93422270303842,0.231079141342226,-0.644739293483662,-0.820379852402236,-0.177318504788345
"168",0,-0.346763866306412,-0.958925782669563,-0.408360630783831,0.330255952246136,0.438598494367772,-0.352170480620119,-0.135962069060475,-0.0247411626405223,-0.314012775301545,0.633017159478461,-0.419532824502074,-0.763515434150662,1.12316558623815,-0.540830462877054,-0.202741494043324,-0.0445734002443183,-0.453890387156393,1.09010489057606,0.0483583144139882,-0.0368324778460259,1.24678870278565,0.270524592507076,-0.113860786417039,-0.0382639442739243,-0.759253601238671,-0.385240369844486,1.1507788827907,0.530153365688954,0.366648420526578,1.53709837680268,-0.048236570436645,-0.0330109162638679,-0.639535815693025,-1.2263086449194,-1.47909877630812,-1.73997671328813,-0.541614041969328,1.46221250555829,0,-0.0930309953194633,-0.481588184154324,-0.623729899153972,-1.12171262543579,-1.26160056962335,-0.270793568303783,0.116654330388589,-0.0998707974396848,-0.0692112518235939,-0.579159561542105,-1.20841288998173,-1.47822359036473,-0.895344039415955,0.634035676862745,-0.159645077646464,-0.202993708003753,-0.0191459895266863,-0.303642030474405,-0.97315070217934,-0.214452838241053,0.904845870642121,0.0427658724537265,-0.527680489439249,-0.177318504788345
"169",0,-0.346763866306412,-0.0991117271652847,0.524013130597061,0.108774140810285,0.438598494367772,1.48383866508437,-0.135962069060475,-0.0247411626405223,-0.640995384823577,-0.538850091656896,-0.419532824502074,1.13345756693153,1.29148053419773,2.41556688952993,-0.1555961886108,-0.0445734002443183,-0.741918245459386,-0.77966989822322,0.326626307025213,1.43333321492626,1.25339921944942,-0.0112161204196545,-0.561469377727257,-0.0382639442739243,-0.759253601238671,0.105967682229532,1.1507788827907,1.00657188464015,0.700605947741373,-0.650039470011399,-0.0984270434410428,-0.0330109162638679,1.21576130976901,1.33132611434538,1.09627321067543,0.614423587210637,-0.881997446920094,-0.831486854781667,0,-0.0930309953194633,2.54527595427571,1.47858362970634,1.36287885195866,0.552179126597998,-1.17459448398001,-0.797595882078731,-0.0998707974396848,0.854445212672949,4.43214164248506,1.43048399386859,1.19219966462977,-0.707831402641512,-1.55967039733413,-0.767532904424768,-0.202993708003753,-0.0191459895266863,0.728815661816031,0.828389277112268,0.474752486526631,0.112658392690295,-0.472863001999315,-0.527680489439249,-0.177318504788345
"170",0,0.767805440878689,0.975655842215063,0.990200011287507,-0.555671293497266,-0.992685559626734,-0.416428649433891,-0.135962069060475,-0.0247411626405223,2.30184810087471,0.816387510785152,0.325036110633647,1.13345756693153,-1.40155863315559,-0.540830462877054,-0.1555961886108,-0.0445734002443183,1.06093350058788,-1.28960847698666,-1.12999301782559,1.10662972764353,-0.63514999544381,-0.574697546273115,-0.150938795082012,-0.0382639442739243,-0.759253601238671,-1.53139249135053,-1.56081868739673,0.37134719270522,-0.635224161117807,-0.650039470011399,-0.048236570436645,-0.0330109162638679,-0.639535815693025,-1.2263086449194,-1.31813802712165,0.614423587210637,-1.39257255434624,-0.831486854781667,0,-0.0930309953194633,-0.481588184154324,-0.984477210668762,0.275870080598593,-0.152796991925168,-0.388330655449274,-0.797595882078731,-0.0998707974396848,-0.0692112518235939,-0.410266899197836,1.07863107602188,1.19219966462977,1.16729496510292,1.14027554013895,1.46138912709568,-0.202993708003753,-0.0191459895266863,-0.303642030474405,0.42804705949191,-0.444187946496948,0.636883173098361,1.24589991284416,1.92993680096302,-0.177318504788345
"171",0,-0.346763866306412,-0.743972268793493,0.0578262499066152,-1.22011672780482,-0.992685559626734,-0.416428649433891,-0.135962069060475,-0.0247411626405223,-0.314012775301545,0.266276456865079,0.205743260857864,0.0795836774414227,-0.89661378927684,-0.540830462877054,-0.1555961886108,-0.0445734002443183,-0.453890387156393,1.09010489057606,0.0483583144139882,-0.690239452411488,0.7704887055687,-0.292956833346385,-0.113860786417039,-0.0382639442739243,-0.115910279549249,1.08838378637757,-1.39134383926002,-1.53432688309958,0.19966965691918,0.716921684247398,0.0839374121317091,-0.0330109162638679,-0.0211034405390152,1.33132611434538,-1.15717727793518,-1.55226746774592,-1.22238085187086,2.03563734564328,0,-0.0930309953194633,-0.481588184154324,1.50706901645175,0.12058311326144,-1.12621204403733,-0.00651339629997115,2.17371730844006,-0.0998707974396848,-0.0692112518235939,-0.410266899197836,0.729496368451138,-0.55774319753513,-0.520318765867068,1.14027554013895,0.245613473539072,-0.00600947830261889,-0.0191459895266863,-0.303642030474405,-0.772979593369162,0.245017378270736,0.112658392690295,-0.129110419030621,-0.527680489439249,-0.177318504788345
"172",0,0.767805440878689,0.760702328338993,0.0578262499066152,0.108774140810285,-0.634864546128108,-0.416428649433891,-0.135962069060475,-0.0247411626405223,1.64788288183065,0.266276456865079,-1.90867069477352,0.0795836774414227,0.281590846440236,-0.540830462877054,-0.1555961886108,-0.111531751188364,-0.741918245459386,-1.45958800324114,-1.12999301782559,0.616574496719437,-0.131636516908821,-0.574697546273115,-0.113860786417039,-0.0382639442739243,-0.759253601238671,-1.20392045663452,0.981304034653986,1.00657188464015,-0.969181688332602,-0.650039470011399,-0.048236570436645,-0.0330109162638679,-0.639535815693025,-0.906604300011301,-0.10382582734894,0.278080687139385,0.479536172882967,-0.23103586002208,0,-0.0930309953194633,-0.481588184154324,-0.871774165153826,-1.12171262543579,-1.10320005852361,1.27008134505226,0.57377943662225,-0.0998707974396848,-0.275577085237565,0.0739739549704533,-0.0288064851609648,-1.33549558071953,-0.707831402641512,1.14027554013895,0.44824274913184,-0.202993708003753,-0.0191459895266863,0.728815661816031,1.02856038592245,0.704487594782526,0.112658392690295,-0.472863001999315,-0.527680489439249,-0.177318504788345
"173",0,-0.346763866306412,0.975655842215063,0.524013130597061,0.773219575117836,1.15424052136502,1.05015714407974,-0.135962069060475,-0.0247411626405223,-0.640995384823577,0.633017159478461,-1.90867069477352,-1.81738932364077,-0.397462306953256,-0.540830462877054,-0.273595201643977,-0.0445734002443183,0.122165329449593,0.7501458380671,0.553366028230951,0.453222753078071,-0.499644620343163,-0.574697546273115,-0.113860786417039,-0.0382639442739243,1.17077636382959,0.924647769019562,0.133929793970413,-0.58148984519718,1.20154223856357,-0.10325500830788,-0.048236570436645,-0.0330109162638679,-0.33031962811602,-1.2263086449194,-1.47909877630812,-1.73997671328813,-0.201230637018563,1.46221250555829,0,-0.0930309953194633,-0.481588184154324,-0.984477210668762,-1.12171262543579,-1.26160056962335,-0.4492237116693,1.03090454285591,-0.0998707974396848,-0.0692112518235939,-0.410266899197836,0.550851699251816,-1.52993367651563,-1.27036931296484,-0.0915678771952542,-0.159645077646464,-0.202993708003753,-0.0191459895266863,-0.303642030474405,0.828389277112268,0.93422270303842,0.706799001154165,-0.300986710514968,-0.527680489439249,-0.177318504788345
"174",0,-0.346763866306412,0.115841786710785,-0.641454071129054,0.108774140810285,1.15424052136502,1.93010862018791,-0.135962069060475,-0.0247411626405223,0.0129698342204877,0.999757862091843,0.0768464655884069,-0.552740656252641,-0.0550390494789284,0.937368213326437,-0.1555961886108,-0.0445734002443183,-0.741918245459386,0.92012536432158,0.216694219019643,-0.526887708770123,-0.11057440576437,-0.574697546273115,-0.113860786417039,-0.0382639442739243,-0.759253601238671,0.760911751661556,1.1507788827907,1.00657188464015,0.867584711348771,-0.376647239159639,-0.048236570436645,-0.0330109162638679,-0.639535815693025,0.212360907167038,-0.352373532002817,-0.899119463109996,1.1603029827845,1.17550008551579,0,0.0903748769010021,-0.481588184154324,-0.984477210668762,-1.12171262543579,-0.944799547423866,1.27008134505226,0.34521688350542,-0.0998707974396848,-0.0692112518235939,-0.410266899197836,-1.38433934890509,-0.75218129333123,0.979782328328481,-0.0409508075055244,-0.767532904424768,-0.202993708003753,-0.0191459895266863,-0.303642030474405,1.82924482116316,0.704487594782526,-0.877575954749489,-1.1603681679367,-1.0659453610367,-0.177318504788345
"175",0,-0.346763866306412,-0.743972268793493,0.757106570942284,0.108774140810285,-0.992685559626734,-0.416428649433891,-0.0896001208349964,-0.0247411626405223,-0.640995384823577,-0.100464245748303,0.821415400724128,-1.60661454574275,-1.40155863315559,-0.540830462877054,-0.1555961886108,-0.0445734002443183,1.56230462096456,1.09010489057606,-0.456649399402975,-1.18029468333559,0.7704887055687,0.971170511750966,-0.113860786417039,-0.0382639442739243,2.45746300720844,1.08838378637757,-1.39134383926002,-1.21671453713211,1.33103376885205,2.0838828385062,-0.048236570436645,-0.0330109162638679,2.14340987250002,1.33132611434538,0.452430213929543,0.495933203165404,0.819919577833732,-0.544774434739172,0,-0.0930309953194633,-0.481588184154324,-0.0608293955280974,0.741730982610052,1.27280760797249,-0.277293205997144,-0.797595882078731,-0.0998707974396848,-0.0692112518235939,-0.410266899197836,-1.38433934890509,0.803323473037571,0.604757054779594,-1.55967039733413,-0.767532904424768,-0.202993708003753,-0.0191459895266863,-0.303642030474405,-0.772979593369162,0.93422270303842,-0.679529085261532,-1.1603681679367,-0.290167679142861,-0.177318504788345
"176",0,-0.346763866306412,-0.0991117271652847,0.429840577627307,0.994701386553687,1.15424052136502,-0.416428649433891,-0.135962069060475,-0.0247411626405223,-0.314012775301545,0.999757862091843,-0.667722469547314,-1.1850649899467,1.29148053419773,-0.0480975708092236,-0.1555961886108,-0.0445734002443183,-0.1658625288534,1.09010489057606,0.0118158435266686,0.616574496719437,0.7704887055687,-0.574697546273115,-0.113860786417039,-0.0382639442739243,-0.759253601238671,0.59717573430355,0.981304034653986,0.847765711656421,-0.969181688332602,-0.650039470011399,-0.048236570436645,-0.0330109162638679,-0.639535815693025,0.691917424529183,1.09627321067543,-0.73094801307437,-1.56276425682162,-0.831486854781667,0,-0.0930309953194633,0.19104829105235,1.47858362970634,0.12058311326144,0.79760607467327,-1.48080674570224,-0.907341620412009,-0.0998707974396848,-0.0692112518235939,0.558214809138742,1.43048399386859,0.0209567879890184,0.41724441800515,-0.547190670781726,-0.767532904424768,-0.202993708003753,-0.0191459895266863,-0.303642030474405,0.027704841871553,0.704487594782526,0.508752131666208,0.214642163938074,-0.465482970829154,-0.177318504788345
"177",0,-0.346763866306412,-1.07130047227719,-0.175267190438608,-0.777153104933116,-0.992685559626734,-0.416428649433891,-0.135962069060475,-0.0247411626405223,-0.640995384823577,-1.93416775881521,0.325036110633647,-0.763515434150662,-1.40155863315559,-0.540830462877054,-0.1555961886108,-0.0445734002443183,-0.741918245459386,-1.11962895073218,1.56338145586488,-0.200184221487392,1.08802203704667,-0.574697546273115,-0.113860786417039,-0.0382639442739243,-0.759253601238671,-0.057768335128474,0.303404642107127,-0.422683672213447,1.03456347495617,-0.26650058813825,-0.048236570436645,-0.0330109162638679,-0.33031962811602,1.17147394189133,-0.513334281189288,0.278080687139385,0.649727875358349,-0.544774434739172,0,-0.0930309953194633,1.87263947906903,1.47858362970634,1.36287885195866,1.27280760797249,1.27008134505226,1.7165922022064,-0.0998707974396848,-0.0692112518235939,2.01093737164361,0.726778158175171,1.09983342273192,1.16729496510292,-0.209697428597592,-0.159645077646464,-0.202993708003753,-0.0191459895266863,-0.303642030474405,-1.17332181098952,0.0152822700148413,0.112658392690295,-1.1603681679367,-0.527680489439249,-0.177318504788345
"178",0,0.767805440878689,1.3740290826805,0.990200011287507,-0.334189482061415,-0.992685559626734,-0.416428649433891,-0.135962069060475,-0.0247411626405223,0.0129698342204877,0.633017159478461,0.296125697577348,1.13345756693153,-1.06492873723642,-0.540830462877054,-0.1555961886108,-0.0445734002443183,-0.741918245459386,-1.62956752949562,0.216694219019643,1.43333321492626,-0.658411286082146,-0.574697546273115,-0.113860786417039,-0.0382639442739243,-0.759253601238671,-1.53139249135053,0.642354338380556,1.00657188464015,-0.965832700019787,-0.650039470011399,-0.048236570436645,-0.0330109162638679,-0.639535815693025,-1.06645647246535,1.09627321067543,0.109909237103759,-1.56276425682162,-0.831486854781667,0,-0.176482813172339,-0.481588184154324,0.708877117089123,1.36287885195866,-0.786399036324126,-0.621154217341457,-0.569033328961901,-0.0998707974396848,-0.0692112518235939,0.0739739549704533,1.25455753494524,1.12454832390918,0.792269691554037,1.14027554013895,0.0429841979463036,-0.202993708003753,-0.0721480760967669,0.728815661816031,1.4289026035428,0.848091729849315,0.706799001154165,-0.300986710514968,-0.527680489439249,-0.177318504788345
"179",0,-0.346763866306412,-1.17387929654563,-0.175267190438608,0.108774140810285,-0.992685559626734,-0.416428649433891,-0.135962069060475,-0.0247411626405223,-0.640995384823577,-0.467204948361685,1.06960504576937,0.290358455339444,-1.40155863315559,-0.801424783448802,-0.1555961886108,-0.0445734002443183,-0.741918245459386,0.92012536432158,1.22670964665357,-1.01694293969422,-1.29347794903808,-0.574697546273115,-0.113860786417039,-0.0382639442739243,-0.43758194039396,0.924647769019562,-0.205019902303017,-1.53432688309958,-1.3031392155474,-0.650039470011399,-0.048236570436645,-0.0330109162638679,0.28811274703799,1.33132611434538,-0.513334281189288,-1.5718052632525,-1.56276425682162,-0.831486854781667,0,-0.0930309953194633,-0.145269946550987,1.3246423271829,1.36287885195866,1.27280760797249,1.27008134505226,1.48802964908957,-0.0998707974396848,-0.0692112518235939,-0.410266899197836,0.0230723224817513,1.19219966462977,1.16729496510292,1.14027554013895,2.47453550505952,3.48584559505782,-0.0912709356995593,-0.303642030474405,-1.17332181098952,-1.13339327126463,0.706799001154165,1.58965249581285,1.68417507192279,-0.177318504788345
"180",0,-0.346763866306412,1.19060935609113,0.990200011287507,-1.22011672780482,-0.992685559626734,-0.416428649433891,-0.135962069060475,-0.0247411626405223,0.00211258817455934,0.999757862091843,0.821415400724128,1.13345756693153,-0.89661378927684,-0.540830462877054,-0.1555961886108,-0.0445734002443183,-0.741918245459386,-0.26973131945978,-0.456649399402975,1.43333321492626,-0.658411286082146,-0.691818679269042,-0.113860786417039,-0.0382639442739243,-0.759253601238671,-1.53139249135053,-0.374494750439731,0.688959538672687,-1.13616045194,-0.650039470011399,-0.048236570436645,-0.0539306280597664,-0.639535815693025,-1.2263086449194,0.774351712302486,-0.126114067727229,-1.56276425682162,-0.831486854781667,0,-0.0930309953194633,-0.481588184154324,0.708877117089123,0.586444015272899,-1.26160056962335,-1.48080674570224,-0.797595882078731,-0.0998707974396848,-0.0692112518235939,0.0739739549704533,1.43048399386859,-0.16886700594293,-1.45788194973929,-0.715937291873794,-0.564903628832,-0.501194477010884,-0.0191459895266863,-0.303642030474405,0.999996678143419,0.492981537493847,0.112658392690295,0.386518455422421,-0.527680489439249,-0.177318504788345
"181",0,-0.346763866306412,-1.17387929654563,-1.35038241880916,0.773219575117836,-0.813775052877421,-0.416428649433891,-0.135962069060475,-0.0247411626405223,-0.640995384823577,-1.75079740750852,0.573225755678888,0.290358455339444,-1.40155863315559,0.424857929282745,-0.1555961886108,-0.0445734002443183,-0.453890387156393,0.41018678555814,1.39504555125922,-0.827886343550159,-0.817177951821129,3.08793172177438,2.19433177352249,-0.0382639442739243,1.49244802467431,1.08838378637757,-0.882919294849875,-1.53432688309958,0.533627184133976,3.45084399276499,-0.048236570436645,-0.0330109162638679,3.68949081038505,0.851769596983231,-1.47909877630812,-1.06729091314562,1.1603029827845,0.602075245430805,0,-0.0930309953194633,4.22686714229239,1.47858362970634,1.36287885195866,1.27280760797249,0.410428816691482,-0.797595882078731,-0.0998707974396848,-0.0692112518235939,0.558214809138742,0.0230723224817513,0.608885377241471,1.16729496510292,-1.05343053405793,-0.767532904424768,-0.109085695411509,-0.0191459895266863,-0.303642030474405,-1.28279474829991,-1.13339327126463,0.904845870642121,-0.816615584968009,-0.527680489439249,-0.177318504788345
"182",0,-0.346763866306412,0.115841786710785,0.524013130597061,0.551737763681986,-0.277043532629481,-0.416428649433891,-0.183549485108845,-0.0247411626405223,-0.640995384823577,0.999757862091843,0.821415400724128,0.0740733390207477,1.29148053419773,-0.0480975708092236,-0.1555961886108,-0.0445734002443183,0.698221046055578,0.41018678555814,-0.679538209467211,-1.18029468333559,1.08802203704667,0.834006018360537,-0.113860786417039,-0.0382639442739243,1.81411968551902,0.433439716945544,-1.56081868739673,-1.53432688309958,0.032690893311783,1.53709837680268,-0.048236570436645,-0.0631779869705976,0.906545122192,0.691917424529183,-1.47909877630812,-1.73997671328813,-0.201230637018563,1.46221250555829,0,-0.0930309953194633,0.863684766259023,1.01675972213601,-1.12171262543579,-1.26160056962335,0.238498311019326,0.80234198973908,-0.0998707974396848,-0.0692112518235939,0.552325081054352,1.43048399386859,-0.75218129333123,-0.520318765867068,1.14027554013895,-0.159645077646464,-0.202993708003753,-0.0191459895266863,-0.303642030474405,-0.172466266938626,0.704487594782526,0.904845870642121,0.730271038391115,-0.196977368825414,-0.177318504788345
"183",0,1.88237474806379,1.4055628699672,0.290919690251838,-2.32752578498407,-0.992685559626734,-0.416428649433891,-0.135962069060475,-0.0247411626405223,2.26472808713416,0.816387510785152,0.573225755678888,0.0795836774414227,-1.40155863315559,-0.540830462877054,-0.1555961886108,-0.0445734002443183,2.71441605417653,-0.0997517932053001,-0.28831349479732,0.779926240360802,-1.29347794903808,-0.574697546273115,-0.113860786417039,-0.0382639442739243,0.527433042140173,-0.712712404560498,-0.882919294849875,1.00657188464015,-1.3031392155474,-0.650039470011399,-0.048236570436645,-0.0330109162638679,-0.416071531238486,-1.2263086449194,-0.0304520336298728,-0.226433662967493,-1.56276425682162,-0.953751270486173,0,-0.0930309953194633,-0.481588184154324,-0.830535908145318,0.676541245306513,-0.113477987854579,-1.48080674570224,-0.569033328961901,-0.0998707974396848,-0.0692112518235939,0.0739739549704533,1.43048399386859,1.19219966462977,0.792269691554037,0.802782297954812,0.493997014958349,-0.202993708003753,-0.0191459895266863,1.76127335410647,1.4289026035428,0.0152822700148413,0.112658392690295,0.902147329875462,0.946889884802112,-0.177318504788345
"184",0,-0.316033850572153,-1.17387929654563,-2.73929503423606,-0.777153104933116,1.86988254836228,2.81006009629609,-0.135962069060475,-0.0247411626405223,-0.640995384823577,-1.93416775881521,0.325036110633647,-0.34196587835462,-0.32264633580978,2.90829978159776,0.822837501932791,-0.0445734002443183,-0.741918245459386,0.00516304035092252,0.216694219019643,-1.18029468333559,-0.499644620343163,3.93315386055457,9.1189094533411,-0.0382639442739243,-0.115910279549249,0.424532371626271,-0.205019902303017,0.688959538672687,1.03456347495617,2.63066730020971,-0.048236570436645,-0.0330109162638679,-0.0211034405390152,0.691917424529183,-0.408428550983871,-1.40363381321687,0.139152767932202,0.8887876654733,0,0.871938012700255,-0.481588184154324,-0.458647511594596,-1.12171262543579,-0.320499988726711,-0.367913929779969,-0.797595882078731,-0.0998707974396848,-0.0692112518235939,-0.410266899197836,-1.38433934890509,-1.91880986810783,-0.145293492318181,-0.378444049689659,-0.767532904424768,-0.202993708003753,-0.0191459895266863,-0.303642030474405,-1.17332181098952,-2.7415390290559,0.310705262178251,-0.988491876452356,-0.527680489439249,-0.177318504788345
"185",0,0.767805440878689,0.545748814462924,0.990200011287507,0.994701386553687,0.0807774808691453,-0.416428649433891,-0.135962069060475,-0.0247411626405223,3.28279592944081,0.999757862091843,0.821415400724128,0.290358455339444,-0.391668945398093,-0.540830462877054,-0.1555961886108,7.16320761573411,3.8665274873885,0.58016631181262,-0.793321208614283,-1.18029468333559,-1.29347794903808,-0.574697546273115,-0.113860786417039,-0.0382639442739243,1.49244802467431,1.08838378637757,-1.2218689911233,-1.53432688309958,-1.3031392155474,-0.505917490406838,-0.048236570436645,-0.0539306280597664,-0.639535815693025,-0.107343437741059,0.935312461488958,-0.562776563038745,-1.56276425682162,-0.831486854781667,0,-0.0930309953194633,-0.481588184154324,-0.984477210668762,-0.500564756087173,0.95600658577301,0.410428816691482,-0.669293678565482,-0.0998707974396848,-0.0692112518235939,-0.410266899197836,-1.20841288998173,-0.36330510173903,0.792269691554037,1.14027554013895,-0.362274353239232,-0.353608195791121,-0.0912709356995593,-0.303642030474405,-0.172466266938626,0.93422270303842,0.904845870642121,0.386518455422421,-0.527680489439249,-0.177318504788345
"186",0,-0.346763866306412,-1.17387929654563,-0.175267190438608,0.551737763681986,-0.634864546128108,-0.416428649433891,-0.135962069060475,-0.0247411626405223,-0.942549314954583,-1.01731600228176,1.06960504576937,1.13345756693153,0.449905794399818,-0.540830462877054,-0.1555961886108,-0.0445734002443183,-0.466189782460449,1.09010489057606,0.553366028230951,-0.200184221487392,0.929255371307683,-0.574697546273115,-0.113860786417039,-0.0286402707100998,-0.115910279549249,1.08838378637757,0.133929793970413,-1.21671453713211,1.03456347495617,-0.10325500830788,-0.048236570436645,-0.0330109162638679,0.366226512462759,1.33132611434538,0.130508715556599,-1.73997671328813,0.715603640590365,1.46221250555829,0,-0.0930309953194633,0.527366528655686,1.47858362970634,-0.500564756087173,-1.26160056962335,0.410428816691482,1.33703042408259,0.233177291301203,-0.0692112518235939,-0.410266899197836,0.726778158175171,0.608885377241471,-0.145293492318181,1.14027554013895,0.853501300317375,0.370585163131124,-0.0191459895266863,-0.303642030474405,-0.97315070217934,-0.214452838241053,0.706799001154165,0.386518455422421,-0.0361570313587953,-0.177318504788345
"187",0,-0.346763866306412,-0.314065241041354,-0.874547511474277,0.330255952246136,0.0807774808691453,-0.416428649433891,-0.135962069060475,-0.0247411626405223,0.993917662786584,0.999757862091843,-0.171343179456834,-0.34196587835462,0.618220742359401,-0.294464016843139,-0.1555961886108,-0.0445734002443183,1.03084417609731,0.58016631181262,-1.12999301782559,0.779926240360802,1.24678870278565,0.552265305433806,-0.113860786417039,-0.0382639442739243,0.682123178642057,0.760911751661556,-0.0355450541663019,0.847765711656421,1.04963115471865,0.17013722254388,-0.048236570436645,-0.0330109162638679,-0.639535815693025,0.0525087347129891,0.291469464743071,0.825213295424497,0.353207839949538,-0.286266699967685,0,-0.0930309953194633,-0.481588184154324,-0.984477210668762,-1.12171262543579,1.27280760797249,-0.4492237116693,-0.797595882078731,-0.0998707974396848,-0.0692112518235939,-0.410266899197836,-1.38433934890509,-0.36330510173903,0.41724441800515,-1.55967039733413,-0.767532904424768,-0.202993708003753,-0.0191459895266863,-0.415384837138321,0.027704841871553,-0.243075657589327,-2.26390404116519,-1.53699263407677,-0.527680489439249,-0.177318504788345
"188",0,-0.346763866306412,-0.529018754917424,0.0578262499066152,0.773219575117836,0.403995680116265,-0.147597278585359,-0.135962069060475,-0.0247411626405223,-0.640995384823577,-0.283834597054994,0.821415400724128,0.922682789033507,-0.223353997438511,-0.540830462877054,-0.1555961886108,-0.0445734002443183,-0.741918245459386,0.41018678555814,1.22670964665357,0.779926240360802,-1.13471128329909,-0.574697546273115,-0.113860786417039,-0.0382639442739243,-0.614407867801272,-0.22150435248648,1.1507788827907,1.00657188464015,1.03456347495617,-0.650039470011399,-0.048236570436645,-0.0330109162638679,-0.639535815693025,-1.2263086449194,-1.47909877630812,-1.73997671328813,0.649727875358349,1.17550008551579,0,-0.0930309953194633,-0.481588184154324,-0.984477210668762,-1.12171262543579,-1.26160056962335,0.515611961330905,1.94515475532323,-0.0998707974396848,-0.0692112518235939,0.558214809138742,0.0812332014382109,0.0255710898531705,-0.332806129092624,1.16313254714184,1.25875985150291,-0.202993708003753,-0.0191459895266863,-0.303642030474405,0.027704841871553,-0.214452838241053,0.904845870642121,1.24589991284416,0.209604697681432,-0.177318504788345
"189",0,0.767805440878689,0.941669662026022,0.990200011287507,0.773219575117836,-0.0981330258801679,-0.416428649433891,-0.274618717990276,-0.0318401196839718,-0.314012775301545,0.999757862091843,0.325036110633647,-0.34196587835462,1.12316558623815,0.198268875224692,-0.1555961886108,-0.0445734002443183,0.122165329449593,1.09010489057606,-1.12999301782559,-0.363535965128757,1.24678870278565,0.834006018360537,-0.113860786417039,-0.0382639442739243,-0.759253601238671,0.433439716945544,1.1507788827907,1.00657188464015,1.36852100217096,0.990313915099158,-0.048236570436645,-0.0539306280597664,-0.639535815693025,-1.06645647246535,-0.835255779562232,-1.06729091314562,0.479536172882967,0.602075245430805,0,-0.0930309953194633,-0.481588184154324,-0.984477210668762,-1.12171262543579,-1.26160056962335,0.582359322363638,1.25946709597274,-0.0998707974396848,-0.0692112518235939,-0.736877996035815,-1.20841288998173,-1.91880986810783,-1.45788194973929,0.802782297954812,0.650872024724607,-0.202993708003753,-0.0191459895266863,-0.303642030474405,1.22873149473262,0.93422270303842,0.904845870642121,1.4177762043285,0.218179029036451,-0.177318504788345
"190",0,-0.346763866306412,-0.314065241041354,-0.408360630783831,-0.19863697724613,-0.0981330258801679,-0.416428649433891,-0.135962069060475,-0.0247411626405223,-0.129248884396822,0.44964680817177,-0.419532824502074,-2.23893887943681,0.954850638278565,0.444635321258607,-0.1555961886108,-0.0445734002443183,0.857127138779002,0.92012536432158,-1.12999301782559,0.289871009436705,1.08802203704667,-0.0112161204196545,-0.113860786417039,-0.0382639442739243,1.17077636382959,1.08838378637757,0.720037670530119,1.00657188464015,0.867584711348771,-0.650039470011399,-0.048236570436645,-0.0330109162638679,-0.639535815693025,0.297219440038599,0.935312461488958,-0.562776563038745,0.479536172882967,0.315362825388311,0,-0.0930309953194633,-0.481588184154324,0.393723234848875,0.275870080598593,-1.26160056962335,0.238498311019326,0.80234198973908,-0.0998707974396848,-0.0692112518235939,-0.410266899197836,0.550851699251816,-0.16886700594293,-0.520318765867068,0.971528919046879,-0.159645077646464,-0.202993708003753,-0.0191459895266863,-0.303642030474405,-0.172466266938626,0.704487594782526,0.112658392690295,-0.644739293483662,-0.527680489439249,-0.177318504788345
"191",0,-0.346763866306412,-1.17387929654563,-1.57382783250995,0.108774140810285,1.22275208702971,3.10337725499881,-0.135962069060475,-0.0247411626405223,-0.885699101810856,-0.357987557559489,-0.171343179456834,-0.697115693914364,-0.728298841317257,2.90829978159776,0.822837501932791,-0.0445734002443183,-0.1658625288534,0.598938114406843,-0.793321208614283,-0.526887708770123,1.24678870278565,3.08793172177438,-0.113860786417039,-0.0382639442739243,-0.43758194039396,0.924647769019562,0.472879490243842,0.37134719270522,0.700605947741373,2.0838828385062,-0.048236570436645,-0.0677629935268027,-0.639535815693025,-1.06645647246535,-1.15717727793518,-1.73997671328813,0.649727875358349,1.17550008551579,0,-0.0930309953194633,-0.226899862096815,-0.984477210668762,-1.12171262543579,-0.944799547423866,0.926220333707951,-0.569033328961901,-0.0998707974396848,-0.0692112518235939,-0.28873810474363,-1.38433934890509,-1.91880986810783,-0.231003158727281,-0.378444049689659,-0.767532904424768,-0.202993708003753,-0.0191459895266863,-0.303642030474405,-1.18587297067606,-0.940329509188751,-0.45924011967256,-1.1603681679367,-0.527680489439249,-0.177318504788345
"192",0,-0.346763866306412,0.760702328338993,0.757106570942284,0.108774140810285,-0.0109848066868864,-0.416428649433891,-0.135962069060475,-0.0247411626405223,0.666935053264552,0.816387510785152,-1.66048104972828,-0.552740656252641,1.12316558623815,-0.540830462877054,-0.1555961886108,-0.0445734002443183,1.27427676266156,0.58016631181262,-1.12999301782559,-0.526887708770123,1.24678870278565,-0.292956833346385,-0.113860786417039,-0.0382639442739243,-0.115910279549249,1.08838378637757,-0.374494750439731,-0.263877499229713,1.36852100217096,0.443529453395639,-0.048236570436645,-0.0330109162638679,-0.639535815693025,-0.427047782649156,-0.215557851869668,0.109909237103759,0.751746985526997,0.8887876654733,0,-0.0930309953194633,-0.481588184154324,-0.984477210668762,-1.12171262543579,-1.26160056962335,0.582359322363638,1.03090454285591,-0.0998707974396848,-0.0692112518235939,-0.410266899197836,-0.856559972135023,-1.52993367651563,-1.64539458651373,0.634035676862745,0.0429841979463036,-0.202993708003753,-0.0191459895266863,-0.303642030474405,1.02856038592245,0.93422270303842,0.904845870642121,0.558394746906768,-0.527680489439249,-0.429625951572386
"193",0,-0.346763866306412,-0.22299365078738,-0.641454071129054,-0.777153104933116,-0.992685559626734,-0.416428649433891,-0.135962069060475,-0.0247411626405223,-0.0661751230197194,0.249782070284959,-0.667722469547314,-2.02816410153879,-1.40155863315559,-0.540830462877054,-0.1555961886108,-0.0445734002443183,0.410193187752585,1.09010489057606,0.216694219019643,-0.264162186189955,0.0378811226380271,-0.574697546273115,-0.113860786417039,-0.0382639442739243,0.849104702984884,1.17071069126981,0.22367363221694,0.37134719270522,0.533627184133976,-0.376647239159639,-0.048236570436645,0.0326884438534547,0.597328934614995,0.691917424529183,-1.47909877630812,-1.73997671328813,-0.711805744444711,2.03563734564328,0,-0.0930309953194633,-0.145269946550987,0.46396065589404,-0.655851723424326,-1.26160056962335,-1.30887624003008,2.40227986155689,0.103978104620846,-0.0692112518235939,-0.410266899197836,0.374925240328461,-0.75218129333123,-0.895344039415955,0.802782297954812,1.86664767828122,-0.202993708003753,-0.0191459895266863,-0.303642030474405,-0.372637375748804,0.245017378270736,0.508752131666208,0.214642163938074,-0.527680489439249,-0.177318504788345
"194",0,-0.346763866306412,0.330795300586854,0.757106570942284,0.551737763681986,-0.277043532629481,-0.416428649433891,-0.135962069060475,-0.0247411626405223,-0.640995384823577,0.44964680817177,0.325036110633647,-0.131191100456599,0.449905794399818,-0.540830462877054,-0.1555961886108,-0.0445734002443183,-0.741918245459386,-1.62956752949562,-0.961657113219938,-1.18029468333559,1.08802203704667,-0.292956833346385,-0.113860786417039,-0.0382639442739243,-0.759253601238671,-1.53139249135053,-1.56081868739673,-1.37552071011585,1.36852100217096,-0.650039470011399,-0.048236570436645,-0.0330109162638679,-0.639535815693025,-1.2263086449194,-1.47909877630812,-0.73094801307437,0.819919577833732,-0.831486854781667,0,-0.0930309953194633,-0.481588184154324,-0.984477210668762,-0.500564756087173,1.11440709687275,-0.105362700324987,-0.797595882078731,0.272280686600848,-0.0692112518235939,-0.410266899197836,-0.504707054288313,0.803323473037571,1.16729496510292,1.14027554013895,1.05613057591014,1.07612585302238,-0.0191459895266863,-0.303642030474405,-0.172466266938626,0.907386218009509,-0.877575954749489,-0.472863001999315,1.68417507192279,1.57294565917274
"195",0,-0.346763866306412,-1.07355523010836,-1.34073439216472,0.330255952246136,0.0807774808691453,-0.416428649433891,-0.374905641032047,-0.0247411626405223,-0.640995384823577,-1.16704695178492,0.0768464655884069,1.13345756693153,0.786535690318983,-0.2679672868834,-0.245555322026846,-0.0445734002443183,-0.741918245459386,0.0702277330491799,1.56338145586488,1.43333321492626,0.179136943131819,-0.574697546273115,-0.113860786417039,-0.0382639442739243,0.849104702984884,1.08838378637757,1.46660917233838,1.00657188464015,-0.134287870295615,-0.650039470011399,-0.048236570436645,-0.0330109162638679,-0.0211034405390152,-0.427047782649156,0.613390963116015,0.950766487281889,-0.881997446920094,-0.81882969489194,0,-0.0930309953194633,-0.481588184154324,-0.984477210668762,0.275870080598593,1.27280760797249,-0.896956091776905,-0.797595882078731,-0.29466464780251,-0.0692112518235939,-0.410266899197836,-1.38433934890509,0.414447281445371,1.16729496510292,-1.39092377624206,-0.767532904424768,-0.23013196553313,-0.0191459895266863,-0.303642030474405,-1.17332181098952,-0.903658163008738,0.508752131666208,-0.816615584968009,-0.527680489439249,-0.177318504788345
"196",0,-0.346763866306412,0.545748814462924,0.290919690251838,-0.112707670625565,-0.510795545916921,-0.416428649433891,-0.135962069060475,-0.0247411626405223,1.64788288183065,0.816387510785152,-0.267300816524833,0.501133233237465,0.449905794399818,-0.540830462877054,-0.1555961886108,0.439650509251788,2.71441605417653,0.935086801255019,-1.12999301782559,-0.521093219902379,1.08802203704667,0.552265305433806,-0.113860786417039,0.0680888758334768,0.527433042140173,0.52031305863767,-1.59668798940636,-1.53432688309958,0.867584711348771,0.990313915099158,-0.048236570436645,-0.0330109162638679,0.906545122192,0.851769596983231,-1.47909877630812,-1.73997671328813,0.309344470407584,1.17550008551579,0,-0.0930309953194633,0.863684766259023,1.47858362970634,-1.12171262543579,-1.26160056962335,0.843353264547848,0.80234198973908,-0.0998707974396848,-0.0692112518235939,0.0739739549704533,1.25455753494524,-0.36330510173903,0.0422191444562627,1.14027554013895,0.0221838660296743,-0.202993708003753,-0.0191459895266863,-0.303642030474405,0.027704841871553,0.704487594782526,0.904845870642121,0.558394746906768,-0.527680489439249,-0.432630800579869
"197",0,-0.346763866306412,0.330795300586854,0.990200011287507,0.330255952246136,-0.277043532629481,-0.416428649433891,-0.135962069060475,-0.0247411626405223,-0.314012775301545,0.082906105558388,-2.90142927495448,-0.974290212048683,1.12316558623815,0.198268875224692,-0.1555961886108,-0.0445734002443183,0.986248904358571,-0.178808672566996,-1.12999301782559,-1.18029468333559,0.7704887055687,0.552265305433806,-0.113860786417039,-0.0382639442739243,-0.115910279549249,0.760911751661556,0.0474981569140661,-0.263877499229713,1.36852100217096,0.716921684247398,-0.048236570436645,-0.0330109162638679,-0.639535815693025,-0.586899955103205,0.452430213929543,-0.0582622129318667,-0.541614041969328,1.46221250555829,0,-0.0930309953194633,-0.481588184154324,-0.984477210668762,-0.825743398626045,-1.26160056962335,-0.793084723013613,1.13736469694814,-0.0998707974396848,-0.0692112518235939,-0.410266899197836,-1.03248643105838,-1.14105748492343,-1.83290722328817,-0.209697428597592,0.650872024724607,-0.202993708003753,-0.0191459895266863,-0.303642030474405,0.828389277112268,0.93422270303842,0.904845870642121,0.558394746906768,-0.281918760399022,-0.385746226169544
"198",0,-0.346763866306412,0.760702328338993,0.990200011287507,-1.14499935002783,-0.992685559626734,-0.416428649433891,-0.135962069060475,-0.0247411626405223,-0.314012775301545,0.816387510785152,0.821415400724128,1.13345756693153,-0.89661378927684,-0.540830462877054,-0.1555961886108,-0.0445734002443183,-0.453890387156393,1.09010489057606,-0.119977590191666,0.943277984002168,-0.0233446231262145,-0.505632785459406,-0.113860786417039,-0.0382639442739243,-0.759253601238671,0.105967682229532,-0.71344444671316,0.212541019721487,0.19966965691918,-0.650039470011399,-0.048236570436645,-0.0330109162638679,-0.639535815693025,-1.2263086449194,-1.47909877630812,0.614423587210637,-0.201230637018563,-0.831486854781667,0,-0.164390003210755,-0.481588184154324,-0.984477210668762,-0.655851723424326,1.27280760797249,-0.621154217341457,-0.797595882078731,-0.0998707974396848,-0.0692112518235939,-0.410266899197836,0.198998781405106,1.19219966462977,1.16729496510292,1.14027554013895,2.06927695387398,4.71545869607834,-0.0191459895266863,-0.303642030474405,0.628218168302089,0.93422270303842,0.508752131666208,1.52641336739888,3.40450717520438,6.82373815105598
"199",0,0.767805440878689,1.4055628699672,0.990200011287507,-0.334189482061415,-0.813775052877421,-0.416428649433891,-0.135962069060475,-0.0247411626405223,2.95581331991878,0.816387510785152,0.377225508206708,1.05547154261207,-0.0550390494789284,-0.540830462877054,-0.1555961886108,-0.0445734002443183,1.85033247926755,1.09010489057606,1.56338145586488,1.43333321492626,0.929255371307683,-0.574697546273115,-0.113860786417039,-0.0382639442739243,-0.759253601238671,0.269703699587538,-0.374494750439731,-0.58148984519718,1.36852100217096,0.176105536699274,-0.048236570436645,-0.0330109162638679,-0.639535815693025,-1.2263086449194,-1.47909877630812,-0.394605113003119,0.649727875358349,-0.258062014696678,0,-0.0930309953194633,-0.481588184154324,-0.894713068240266,0.12058311326144,1.11440709687275,0.582359322363638,-0.64777323295715,-0.0998707974396848,-0.0692112518235939,-0.410266899197836,-0.152854136441604,0.91104053087443,0.979782328328481,-1.05343053405793,-0.767532904424768,-0.202993708003753,-0.0191459895266863,-0.303642030474405,0.628218168302089,-0.903658163008738,-2.06585717167723,-1.1603681679367,-0.527680489439249,-0.177318504788345
"200",0,-0.495044288855005,-0.958925782669563,-0.175267190438608,0.108774140810285,-0.992685559626734,-0.111225592677649,-0.135962069060475,-0.0247411626405223,-0.640995384823577,-0.467204948361685,1.06960504576937,-1.60661454574275,-0.89661378927684,1.10707730035988,-0.1555961886108,-0.073994983229481,-0.453890387156393,1.09010489057606,-0.204199316263502,-1.18029468333559,1.08802203704667,1.67922815714073,-0.113860786417039,-0.0382639442739243,2.77913466805315,0.924647769019562,-0.71344444671316,0.0537348467377536,1.36852100217096,-0.376647239159639,-0.048236570436645,-0.0330109162638679,1.21576130976901,1.33132611434538,1.09627321067543,0.950766487281889,1.1603029827845,1.46221250555829,0,-0.0930309953194633,-0.481588184154324,-0.52265330309843,0.741730982610052,1.11440709687275,0.582359322363638,0.116654330388589,-0.0998707974396848,-0.0692112518235939,-0.410266899197836,-1.38433934890509,0.608885377241471,0.229731781230706,-1.55967039733413,-0.767532904424768,-0.202993708003753,-0.0191459895266863,-0.303642030474405,-1.17332181098952,0.474752486526631,-1.2736696937254,-1.1603681679367,-0.527680489439249,-0.177318504788345
"201",0,-0.346763866306412,-0.958925782669563,0.290919690251838,-0.555671293497266,-0.992685559626734,-0.43489497638379,-0.135962069060475,-0.0247411626405223,-0.640995384823577,-0.650575299668376,1.38213089398018,-0.131191100456599,-1.40155863315559,-0.540830462877054,-0.1555961886108,-0.0445734002443183,-0.741918245459386,0.7501458380671,1.39504555125922,-1.01694293969422,-1.5906443377079,-0.574697546273115,-0.113860786417039,-0.0382639442739243,-0.179338631599783,1.08838378637757,0.811829186517271,-0.899102191164647,-1.3031392155474,-0.576090315025902,-0.0111937918009328,-0.0330109162638679,0.28811274703799,1.33132611434538,1.09627321067543,0.950766487281889,0.23724889553419,-0.544774434739172,0,-0.0930309953194633,-0.481588184154324,1.01675972213601,0.996102024414227,0.313946450854907,1.09815083938011,1.25946709597274,-0.0998707974396848,-0.0692112518235939,-0.410266899197836,0.0230723224817513,1.19219966462977,-0.520318765867068,0.29654243467861,1.86664767828122,-0.202993708003753,-0.0191459895266863,-0.303642030474405,-1.17332181098952,-0.903658163008738,0.509740185093905,1.58965249581285,2.6672219880837,0.697813577192196
"202",0,-0.346763866306412,0.330795300586854,0.990200011287507,0.330255952246136,0.0807774808691453,-0.416428649433891,-0.135962069060475,-0.0247411626405223,0.0129698342204877,0.633017159478461,-1.66048104972828,-0.763515434150662,1.12316558623815,-0.0480975708092236,-0.1555961886108,-0.0445734002443183,0.122165329449593,-0.43971084571426,-0.433488460242268,0.453222753078071,0.929255371307683,-0.574697546273115,-0.271855731162983,-0.0382639442739243,0.849104702984884,-0.254721746768975,0.811829186517271,1.03978857839812,-0.508925640950088,-0.650039470011399,-0.048236570436645,-0.0330109162638679,-0.639535815693025,-0.267195610195108,1.09627321067543,0.60954526948711,-1.56276425682162,-0.831486854781667,0,-0.0930309953194633,-0.44790650302658,0.554935814565679,-0.0347038540757136,0.79760607467327,-1.13694573435793,-0.797595882078731,-0.0998707974396848,-0.0692112518235939,-0.410266899197836,1.07863107602188,-1.14105748492343,-0.29656312734701,-0.884683912965861,-0.767532904424768,-0.202993708003753,-0.0191459895266863,-0.303642030474405,0.628218168302089,0.474752486526631,-0.0853884767976621,-0.988491876452356,-0.527680489439249,-0.177318504788345
"203",0,-0.346763866306412,-0.0991117271652847,0.109854752689397,0.330255952246136,0.617509001117085,1.05015714407974,-0.135962069060475,-0.0247411626405223,-0.314012775301545,0.633017159478461,-0.915912114592555,-0.974290212048683,0.954850638278565,2.90829978159776,-0.1555961886108,-0.0445734002443183,-0.452307380040974,-0.60969037196874,-1.12999301782559,-0.690239452411488,1.08802203704667,1.96096887006746,-0.113860786417039,-0.0382639442739243,-0.759253601238671,-1.04018443927651,-0.102555048122386,0.0152224063406842,-0.635224161117807,-0.650039470011399,-0.048236570436645,-0.0330109162638679,-0.639535815693025,0.691917424529183,1.09627321067543,0.614423587210637,-0.541614041969328,-0.831486854781667,0,-0.0930309953194633,-0.481588184154324,-0.984477210668762,-0.966425658098632,0.322404541374051,1.27008134505226,-0.111908222728241,-0.0998707974396848,-0.0692112518235939,-0.242646962920124,-0.856559972135023,-0.898200209632486,0.229731781230706,0.971528919046879,-0.315624554398778,-0.202993708003753,-0.0191459895266863,-0.303642030474405,0.027704841871553,0.474752486526631,-0.283435346285619,-0.816615584968009,-0.890690903052447,-0.177318504788345
"204",0,-0.346763866306412,0.115841786710785,0.757106570942284,-0.334189482061415,-0.805619428349345,-0.416428649433891,-0.135962069060475,-0.0247411626405223,-0.640995384823577,0.816387510785152,1.06960504576937,-0.34196587835462,-1.40155863315559,-0.540830462877054,-0.1555961886108,-0.0445734002443183,0.698221046055578,1.35213277628473,1.56338145586488,-0.690239452411488,-1.29347794903808,-0.574697546273115,-0.149318443998835,-0.0382639442739243,1.81411968551902,1.08838378637757,1.1507788827907,1.00657188464015,0.19966965691918,-0.17224603132796,-0.048236570436645,-0.0330109162638679,-0.639535815693025,-0.586899955103205,-0.191412782816345,0.446252137175011,1.1603029827845,0.315362825388311,0,-0.0930309953194633,-0.481588184154324,-0.984477210668762,-0.330716592256178,-0.627998525224387,0.92205370945001,0.57377943662225,-0.0998707974396848,-0.0692112518235939,-0.410266899197836,0.374925240328461,0.997761568833671,0.792269691554037,0.802782297954812,0.112026464786515,-0.202993708003753,-0.0191459895266863,-0.303642030474405,0.42804705949191,0.93422270303842,0.508752131666208,-0.816615584968009,-0.527680489439249,-0.177318504788345
"205",0,0.767805440878689,1.19060935609113,0.645716140662091,0.773219575117836,0.0807774808691453,-0.416428649433891,-0.135962069060475,-0.0247411626405223,0.750261265413281,0.999757862091843,-0.731956399543182,-0.974290212048683,0.786535690318983,-0.0480975708092236,-0.1555961886108,-0.0445734002443183,-0.741918245459386,0.0702277330491799,1.05837374204791,1.10662972764353,1.24678870278565,0.270524592507076,-0.113860786417039,-0.0382639442739243,-0.911759870114654,-1.20392045663452,-0.0355450541663019,-0.10507132624598,0.861794818235062,0.17013722254388,-0.048236570436645,-0.0330109162638679,-0.639535815693025,-1.2263086449194,-1.47909877630812,-1.73997671328813,0.479536172882967,0.315362825388311,0,-0.0930309953194633,-0.481588184154324,-0.984477210668762,-1.86834527391491,-1.26160056962335,0.0665678053471691,0.80234198973908,-0.0998707974396848,-0.0692112518235939,-0.410266899197836,-1.38433934890509,-1.91880986810783,-1.27036931296484,0.802782297954812,-0.159645077646464,-0.202993708003753,-0.0191459895266863,-0.303642030474405,0.804914126787926,1.00484112253757,0.904845870642121,0.730271038391115,-0.0361570313587953,-0.177318504788345
"206",0,2.99694405524889,1.62051638384327,0.990200011287507,0.994701386553687,1.15424052136502,-0.416428649433891,-0.135962069060475,0.366022626317791,3.60977853896284,0.999757862091843,0.821415400724128,-0.552740656252641,0.179477945155162,0.198268875224692,-0.1555961886108,-0.0445734002443183,2.71441605417653,1.09010489057606,-0.793321208614283,-1.18029468333559,-1.29347794903808,-0.574697546273115,-0.113860786417039,-0.0382639442739243,0.205761381295462,0.924647769019562,-0.0355450541663019,-1.53432688309958,-1.3031392155474,-0.650039470011399,-0.048236570436645,-0.0330109162638679,-0.639535815693025,-0.107343437741059,1.09627321067543,-1.40363381321687,-1.56276425682162,-0.831486854781667,0,-0.0930309953194633,-0.481588184154324,-0.830535908145318,1.36287885195866,0.00560351917457189,-1.48080674570224,-0.797595882078731,-0.0998707974396848,-0.0692112518235939,-0.410266899197836,0.374925240328461,1.19219966462977,-0.895344039415955,-1.55967039733413,-0.767532904424768,-0.202993708003753,-0.0191459895266863,2.7937310463969,2.02941592997334,0.245017378270736,-2.26390404116519,-1.1603681679367,-0.527680489439249,-0.177318504788345
"207",0,-0.346763866306412,0.545748814462924,0.990200011287507,0.108774140810285,-0.813775052877421,-0.416428649433891,-0.101577368797146,-0.0247411626405223,0.33995244374252,0.816387510785152,-1.66048104972828,-0.537173444521111,0.786535690318983,-0.540830462877054,-0.1555961886108,0.346347498914244,2.13836033757054,0.41018678555814,-1.12999301782559,-1.01694293969422,1.08802203704667,1.11574673128727,-0.113860786417039,0.40029804779632,3.10080632889786,-0.057768335128474,-1.56081868739673,-1.53432688309958,-0.134287870295615,2.63066730020971,-0.048236570436645,-0.0330109162638679,3.07105843523104,0.372213079621086,-1.47909877630812,-1.82955119363055,-0.711805744444711,2.29252755327212,0,-0.0930309953194633,2.20895771667237,1.13876020773199,-1.12171262543579,-1.26160056962335,-0.277293205997144,1.94515475532323,0.285655114640556,-0.0692112518235939,1.04245566330703,1.43048399386859,-0.16886700594293,-0.895344039415955,0.971528919046879,0.245613473539072,-0.202993708003753,-0.0191459895266863,-0.12601106287541,0.628218168302089,0.93422270303842,0.904845870642121,0.730271038391115,-0.527680489439249,-0.177318504788345
"208",0,-0.346763866306412,0.330795300586854,0.990200011287507,-0.334189482061415,-0.992685559626734,-0.416428649433891,-0.135962069060475,-0.0247411626405223,-0.640995384823577,0.633017159478461,-0.171343179456834,0.501133233237465,0.281590846440236,-0.540830462877054,-0.1555961886108,-0.0445734002443183,-0.453890387156393,1.09010489057606,-0.456649399402975,-0.200184221487392,0.7704887055687,-0.328637522125796,-0.113860786417039,-0.0909846830221019,-0.759253601238671,-0.551074803133146,-1.56081868739673,-0.263877499229713,0.366648420526578,-0.650039470011399,-0.048236570436645,-0.0330109162638679,-0.639535815693025,-1.2263086449194,-1.15717727793518,0.782595037246263,-0.881997446920094,-0.831486854781667,0,-0.0930309953194633,-0.481588184154324,-0.984477210668762,0.275870080598593,0.79760607467327,-1.48080674570224,-0.797595882078731,-0.560173722717497,-0.0692112518235939,-0.410266899197836,0.198998781405106,1.19219966462977,1.16729496510292,1.14027554013895,1.02591732552456,-0.202993708003753,-0.0191459895266863,-0.303642030474405,1.02856038592245,0.474752486526631,0.112658392690295,0.902147329875462,3.15874544616415,1.57294565917274
"209",0,-0.346763866306412,-0.314065241041354,-0.874547511474277,-0.334189482061415,1.33315102811434,1.93010862018791,-0.135962069060475,-0.0247411626405223,-0.640995384823577,-0.100464245748303,0.0768464655884069,0.290358455339444,0.88135417632448,2.41556688952993,-0.1555961886108,-0.111531751188364,-0.741918245459386,-1.62956752949562,-1.12999301782559,-1.18029468333559,0.7704887055687,1.67922815714073,-0.113860786417039,-0.0382639442739243,-0.632002205281319,-0.712712404560498,0.472879490243842,0.530153365688954,1.36852100217096,0.990313915099158,-0.048236570436645,-0.0330109162638679,-0.639535815693025,-0.107343437741059,0.613390963116015,0.950766487281889,0.479536172882967,0.0286504053458163,0,-0.0930309953194633,-0.481588184154324,-0.984477210668762,0.12058311326144,0.95600658577301,-1.30887624003008,-0.797595882078731,-0.0998707974396848,-0.0692112518235939,-0.410266899197836,-0.856559972135023,1.19219966462977,-0.145293492318181,-1.55967039733413,-0.767532904424768,-0.202993708003753,-0.0191459895266863,-0.303642030474405,-0.172466266938626,0.474752486526631,-1.86781030218927,-1.1603681679367,-0.527680489439249,-0.177318504788345
"210",0,-0.208574161345793,-1.17387929654563,-1.13388997115637,0.994701386553687,-0.634864546128108,-0.0283130807657635,-0.135962069060475,-0.0247411626405223,-0.640995384823577,-1.93416775881521,0.573225755678888,0.0795836774414227,-0.605007226741894,0.691001767292522,-0.1555961886108,-0.0445734002443183,-0.741918245459386,0.0702277330491799,1.05837374204791,-1.01694293969422,0.215763069543768,0.989366974702702,-0.113860786417039,-0.0382639442739243,1.17077636382959,1.08838378637757,-1.39134383926002,-1.53432688309958,1.03456347495617,0.990313915099158,-0.048236570436645,0.141249561031949,2.45262606007703,1.01162176943728,0.405735298079671,0.446252137175011,1.1603029827845,2.32234976568577,0,-0.0930309953194633,0.527366528655686,0.708877117089123,0.741730982610052,0.79760607467327,0.926220333707951,-0.340470775845071,-0.0998707974396848,-0.0692112518235939,-0.410266899197836,-1.38433934890509,-1.72437177231173,0.792269691554037,-0.547190670781726,-0.767532904424768,-0.202993708003753,-0.0191459895266863,-0.303642030474405,-1.17332181098952,-0.903658163008738,0.310705262178251,-0.988491876452356,-0.527680489439249,-0.177318504788345
"211",0,0.767805440878689,0.975655842215063,-0.408360630783831,-1.22011672780482,-0.992685559626734,-0.416428649433891,-0.135962069060475,-0.0247411626405223,0.666935053264552,0.816387510785152,-0.171343179456834,0.922682789033507,-0.223353997438511,-0.463692268786183,-0.1555961886108,-0.0445734002443183,-0.1658625288534,0.7501458380671,-0.961657113219938,0.818133365225118,0.929255371307683,-0.423532201964836,-0.113860786417039,-0.0382639442739243,-0.759253601238671,0.269703699587538,1.1507788827907,1.37233900594697,0.877184421323957,-0.650039470011399,-0.0762276538598208,-0.0330109162638679,-0.639535815693025,-1.2263086449194,-1.47909877630812,-0.90442160315474,1.1603029827845,0.0286504053458163,0,-0.0930309953194633,-0.481588184154324,-0.984477210668762,-1.12171262543579,-1.26160056962335,0.410428816691482,1.03090454285591,-0.0998707974396848,-0.0692112518235939,0.558214809138742,0.0230723224817513,-0.36330510173903,-0.332806129092624,0.465289055770677,1.66401840268845,-0.202993708003753,-0.0191459895266863,0.743613128775478,1.22873149473262,0.0152822700148413,0.904845870642121,1.07402362135981,0.701128155761885,-0.177318504788345
"212",0,-0.346763866306412,0.975655842215063,0.290919690251838,0.994701386553687,-0.0981330258801679,-0.416428649433891,-0.135962069060475,-0.064995348517452,-0.640995384823577,0.816387510785152,0.821415400724128,-0.131191100456599,0.618220742359401,-0.540830462877054,-0.266144530578921,-0.0445734002443183,0.122165329449593,0.7501458380671,-0.961657113219938,-1.18029468333559,0.929255371307683,-0.0112161204196545,-0.113860786417039,-0.0382639442739243,1.17077636382959,0.433439716945544,-1.56081868739673,-1.53432688309958,0.19966965691918,1.26370614595092,-0.048236570436645,-0.0330109162638679,0.839803491243958,0.691917424529183,-1.47909877630812,-1.73997671328813,-0.881997446920094,1.46221250555829,0,-0.0930309953194633,-0.481588184154324,0.862818419612568,-0.95715981263343,-1.26160056962335,0.410428816691482,0.57377943662225,-0.0998707974396848,-0.0692112518235939,-0.410266899197836,1.43048399386859,0.0255710898531705,0.792269691554037,1.14027554013895,-0.362274353239232,-0.202993708003753,-0.0912709356995593,-0.303642030474405,0.42804705949191,0.354644928208541,-0.283435346285619,-0.988491876452356,-0.527680489439249,-0.177318504788345
"213",0,-0.346763866306412,0.545748814462924,0.757106570942284,-0.112707670625565,-0.599046038328311,-0.416428649433891,-0.135962069060475,-0.0247411626405223,1.64788288183065,0.999757862091843,0.821415400724128,0.537672665988554,0.113275898480654,-0.540830462877054,-0.1555961886108,-0.0445734002443183,2.13836033757054,0.7501458380671,-1.12999301782559,-0.690239452411488,0.611722039829717,-0.0112161204196545,-0.0347568557372895,-0.0382639442739243,0.849104702984884,0.433439716945544,-1.56081868739673,-1.53432688309958,-0.46824539751041,1.26370614595092,-0.048236570436645,-0.0330109162638679,0.597328934614995,0.532065252075134,-1.47909877630812,-1.73997671328813,-0.130339714503482,0.937216659279171,0,-0.0930309953194633,0.527366528655686,0.666051427432464,-1.12171262543579,-0.311197503024907,1.27008134505226,0.57377943662225,-0.0998707974396848,-0.0692112518235939,-0.410266899197836,1.07863107602188,0.608885377241471,1.16729496510292,0.802782297954812,-0.564903628832,-0.202993708003753,-0.0191459895266863,-0.303642030474405,0.42804705949191,0.825721364312942,-0.0853884767976621,-0.816615584968009,-0.527680489439249,-0.177318504788345
"214",0,-0.346763866306412,-1.17387929654563,-1.1076409518195,0.773219575117836,-0.718459591080835,-0.416428649433891,-0.135962069060475,-0.0247411626405223,-0.640995384823577,-0.76479136813236,1.06960504576937,-0.131191100456599,-1.40155863315559,0.405449567464653,-0.1555961886108,-0.073994983229481,-0.453890387156393,1.09010489057606,0.385030123625297,-1.18029468333559,0.611722039829717,1.67922815714073,-0.113860786417039,-0.0382639442739243,2.13579134636373,0.760911751661556,-1.14448719847143,-0.740296018180913,1.36852100217096,1.26370614595092,-0.048236570436645,0.142601990191489,1.83419368492302,1.17147394189133,-0.191412782816345,0.278080687139385,0.757366378517303,1.74892492560078,0,-0.0409761359371256,0.527366528655686,1.3246423271829,1.36287885195866,1.27280760797249,0.410428816691482,-0.569033328961901,-0.0998707974396848,-0.0692112518235939,-0.410266899197836,-1.38433934890509,-0.55774319753513,1.16729496510292,-1.39092377624206,-0.767532904424768,-0.202993708003753,-0.0191459895266863,-0.303642030474405,-1.34507341428393,-1.13339327126463,-0.119999863128183,-1.1603681679367,-0.527680489439249,-0.177318504788345
"215",0,-0.346763866306412,-0.529018754917424,-0.175267190438608,0.108774140810285,-0.161686847483689,-0.416428649433891,-0.135962069060475,-0.0247411626405223,1.32090027230862,0.816387510785152,-1.41229140468304,-1.1850649899467,0.786535690318983,-0.540830462877054,-0.1555961886108,-0.0445734002443183,1.27427676266156,0.92175281945776,-1.24994656430984,-0.853591196052854,1.24678870278565,-0.292956833346385,-0.113860786417039,-0.0382639442739243,0.510533161421455,1.08838378637757,0.555620067394079,1.00657188464015,1.03456347495617,-0.650039470011399,-0.048236570436645,-0.0539306280597664,-0.639535815693025,0.729938250978757,0.613390963116015,-0.394605113003119,0.649727875358349,0.8887876654733,0,-0.0930309953194633,-0.481588184154324,0.862818419612568,-0.966425658098632,-1.26160056962335,-0.96501522868577,1.25946709597274,-0.127280737739013,-0.0692112518235939,-0.410266899197836,0.198998781405106,0.414447281445371,-0.332806129092624,0.802782297954812,1.46138912709568,-0.202993708003753,-0.0191459895266863,-0.303642030474405,-0.172466266938626,0.245017378270736,0.112658392690295,0.386518455422421,0.318708943474168,-0.177318504788345
"216",0,1.88237474806379,1.83546989771934,0.990200011287507,0.551737763681986,-0.634864546128108,-0.416428649433891,-0.135962069060475,-0.0247411626405223,0.611274703812114,0.704938847446609,-0.667722469547314,1.13345756693153,-0.0550390494789284,-0.540830462877054,-0.1555961886108,-0.073994983229481,-0.453890387156393,-1.11962895073218,-0.961657113219938,1.43333321492626,-0.0364643091801622,-0.574697546273115,-0.113860786417039,-0.0382639442739243,-0.759253601238671,-1.53139249135053,-0.71344444671316,1.00657188464015,-0.802202924725205,-0.650039470011399,-0.048236570436645,-0.0330109162638679,-0.639535815693025,-1.2263086449194,0.613390963116015,0.446252137175011,-1.56269171811348,-0.831486854781667,0,-0.0930309953194633,-0.481588184154324,0.0931119069953467,1.36287885195866,-0.786399036324126,-1.48080674570224,-0.797595882078731,-0.0998707974396848,-0.0692112518235939,0.558214809138742,1.25455753494524,1.19219966462977,0.0422191444562627,0.3783425824656,0.44824274913184,-0.202993708003753,-0.0191459895266863,3.82618873868734,2.02941592997334,0.93422270303842,0.904845870642121,1.58965249581285,2.17569853000325,-0.177318504788345
"217",0,-0.346763866306412,0.115841786710785,0.990200011287507,0.108774140810285,1.15424052136502,3.55488146933572,5.4283363393548,-0.0247411626405223,-0.640995384823577,-1.01731600228176,-0.294889556877753,-0.552740656252641,0.449905794399818,3.15466622763167,3.68785333385979,-0.0445734002443183,-0.741918245459386,-1.62956752949562,-1.12999301782559,-1.01694293969422,0.929255371307683,0.834006018360537,-0.113860786417039,-0.0382639442739243,-0.759253601238671,-1.71208184395395,-1.39134383926002,0.37134719270522,0.700605947741373,-0.650039470011399,-0.048236570436645,-0.0330109162638679,-0.639535815693025,-1.2263086449194,0.291469464743071,0.950766487281889,0.990111280309114,-0.544774434739172,0,-0.0930309953194633,-0.481588184154324,-0.984477210668762,0.431157047935746,0.480805052473791,-1.30887624003008,-0.797595882078731,-0.297345448618586,-0.0692112518235939,-0.410266899197836,-1.20841288998173,0.803323473037571,-1.0828566761904,-1.55967039733413,-0.767532904424768,-0.0935572010885948,-0.0191459895266863,-0.303642030474405,-0.172466266938626,0.0152822700148413,-1.86781030218927,-1.1603681679367,-0.527680489439249,-0.177318504788345
"218",0,-0.346763866306412,0.760702328338993,0.524013130597061,-2.10604397354822,-0.992685559626734,-0.416428649433891,-0.135962069060475,-0.0247411626405223,-0.640995384823577,-1.01731600228176,1.06960504576937,-0.763515434150662,-1.40155863315559,-0.540830462877054,-0.1555961886108,-0.0445734002443183,-0.741918245459386,-0.60969037196874,1.56338145586488,0.453222753078071,-1.29347794903808,-0.574697546273115,-0.134586520744979,-0.0382639442739243,-0.115910279549249,0.924647769019562,1.1507788827907,0.0467270264272261,-1.3031392155474,-0.650039470011399,-0.048236570436645,-0.0330109162638679,1.21576130976901,1.33132611434538,0.935312461488958,0.614423587210637,-1.56276425682162,-0.831486854781667,0,-0.0930309953194633,-0.481588184154324,-0.984477210668762,0.431157047935746,1.08582230112797,-1.13694573435793,-0.797595882078731,-0.0998707974396848,-0.0692112518235939,-0.410266899197836,0.198998781405106,0.997761568833671,1.16729496510292,0.802782297954812,1.66401840268845,1.54340335887957,-0.0191459895266863,-0.303642030474405,0.027704841871553,0.704487594782526,0.904845870642121,1.58965249581285,2.42146025904347,2.44807774115328
"219",0,-0.346763866306412,0.115841786710785,0.524013130597061,-0.112707670625565,-0.455954039378794,-0.416428649433891,-0.135962069060475,-0.0247411626405223,-0.314012775301545,0.816387510785152,-0.419532824502074,-0.142880881610802,0.954850638278565,-0.540830462877054,-0.1555961886108,-0.0445734002443183,0.698221046055578,0.7501458380671,-1.12999301782559,-1.18029468333559,0.452955374090734,0.281606483354027,-0.113860786417039,0.127220760069906,1.49244802467431,0.269703699587538,-1.71517332244316,-1.53432688309958,0.032690893311783,1.53709837680268,0.0345890997477648,-0.0330109162638679,1.83419368492302,0.0525087347129891,-1.47909877630812,-1.73997671328813,0.479536172882967,1.46221250555829,0,0.323575048998967,1.87263947906903,0.400994512042235,-1.12171262543579,-0.627998525224387,1.27008134505226,-0.340470775845071,-0.0998707974396848,-0.0692112518235939,-0.410266899197836,1.43048399386859,0.414447281445371,0.979782328328481,0.465289055770677,-0.767532904424768,-0.202993708003753,-0.0191459895266863,-0.303642030474405,0.202127586299388,0.93422270303842,-0.0853884767976621,-0.918313531235118,-0.527680489439249,-0.177318504788345
"220",0,0.767805440878689,0.330795300586854,0.990200011287507,0.934313555824081,1.86988254836228,0.570945250733262,-0.0719386013790479,-0.0247411626405223,2.62883071039675,0.999757862091843,0.573225755678888,-0.188219335828125,0.339985339844692,0.0659441503109463,-0.1555961886108,-0.0445734002443183,2.71441605417653,0.7501458380671,-0.961657113219938,-1.18029468333559,-1.29347794903808,-0.574697546273115,-0.113860786417039,-0.0382639442739243,-0.115910279549249,0.924647769019562,0.642354338380556,-1.37552071011585,-1.3031392155474,-0.650039470011399,-0.048236570436645,-0.0330109162638679,-0.639535815693025,-0.906604300011301,1.09627321067543,0.109909237103759,-1.56276425682162,-0.831486854781667,0,-0.0930309953194633,-0.481588184154324,-0.830535908145318,-0.34527778875002,1.11440709687275,-0.277293205997144,-0.797595882078731,-0.0998707974396848,0.00255845483897917,-0.410266899197836,0.550851699251816,0.0255710898531705,0.604757054779594,1.14027554013895,-0.564903628832,-0.202993708003753,-0.0191459895266863,-0.303642030474405,0.42804705949191,0.93422270303842,0.904845870642121,0.558394746906768,0.0531668386995211,-0.177318504788345
"221",0,-0.370083850873793,-0.743972268793493,0.524013130597061,-0.998634916368966,-0.992685559626734,-0.416428649433891,-0.135962069060475,-0.0247411626405223,-0.314012775301545,-0.283834597054994,0.0768464655884069,0.501133233237465,-0.391668945398093,-0.540830462877054,-0.1555961886108,-0.0445734002443183,0.698221046055578,1.09010489057606,0.216694219019643,-0.853591196052854,0.929255371307683,-0.574697546273115,-0.113860786417039,-0.0382639442739243,1.17077636382959,1.0516251729446,-1.2218689911233,-1.53432688309958,0.586636901525792,0.990313915099158,-0.048236570436645,-0.0330109162638679,0.906545122192,1.17147394189133,-1.31813802712165,-1.73997671328813,-0.0310389345431809,1.74892492560078,0,-0.0930309953194633,-0.481588184154324,1.47858362970634,-0.966425658098632,-1.26160056962335,0.582359322363638,0.736772274709729,-0.0998707974396848,-0.0692112518235939,-0.410266899197836,0.550851699251816,0.414447281445371,-0.332806129092624,0.971528919046879,-0.564903628832,-0.202993708003753,-0.0191459895266863,-0.303642030474405,-0.572808484558983,0.245017378270736,0.706799001154165,0.0427658724537265,-0.527680489439249,-0.177318504788345
"222",0,-0.346763866306412,-1.17387929654563,0.290919690251838,0.551737763681986,-0.634864546128108,-0.416428649433891,-0.135962069060475,-0.0247411626405223,-0.640995384823577,-0.650575299668376,1.06960504576937,0.290358455339444,-1.06492873723642,-0.540830462877054,-0.1555961886108,-0.0445734002443183,-0.741918245459386,0.7501458380671,1.22670964665357,-1.01694293969422,-1.29347794903808,-0.574697546273115,-0.113860786417039,-0.0382639442739243,-0.759253601238671,0.924647769019562,0.00341554267628537,-1.53432688309958,-1.3031392155474,-0.650039470011399,-0.048236570436645,-0.0330109162638679,0.597328934614995,1.33132611434538,1.09627321067543,0.614423587210637,0.819919577833732,0.462435871714605,0,-0.0930309953194633,0.19104829105235,1.46287664421011,1.36287885195866,0.79760607467327,0.238498311019326,2.40227986155689,-0.0998707974396848,-0.0692112518235939,-0.410266899197836,0.198998781405106,0.608885377241471,-0.332806129092624,0.465289055770677,2.47453550505952,1.02661939301677,-0.0191459895266863,-0.303642030474405,-0.97315070217934,-0.214452838241053,0.904845870642121,1.58965249581285,1.92993680096302,-0.177318504788345
"223",0,-0.346763866306412,-1.17387929654563,-1.80692127285517,0.330255952246136,1.86988254836228,4.27664588980972,2.64618713514716,-0.0247411626405223,-0.635872438418857,-0.467204948361685,-0.402443120698511,-0.34196587835462,0.618220742359401,4.00557126091599,3.75813857356356,-0.0445734002443183,0.474329162824151,0.871848658353786,-0.624985304008629,-0.690239452411488,0.781079300207108,3.08793172177438,-0.113860786417039,-0.0382639442739243,2.13579134636373,0.924647769019562,0.811829186517271,0.682717231263435,1.36852100217096,0.990313915099158,-0.048236570436645,-0.0330109162638679,-0.33031962811602,0.0525087347129891,-0.352373532002817,0.278080687139385,0.990111280309114,-0.831486854781667,0,-0.0930309953194633,-0.481588184154324,-0.984477210668762,-1.12171262543579,0.79760607467327,0.238498311019326,-0.797595882078731,-0.0998707974396848,-0.0692112518235939,-0.410266899197836,-1.38433934890509,-1.33549558071953,0.979782328328481,-0.547190670781726,-0.767532904424768,-0.202993708003753,-0.0191459895266863,-0.303642030474405,-1.17332181098952,-1.59286348777642,0.706799001154165,-0.472863001999315,-0.527680489439249,-0.177318504788345
"224",0,-0.346763866306412,-0.529018754917424,-0.175267190438608,0.994701386553687,1.86988254836228,3.39669441370154,-0.135962069060475,-0.0247411626405223,-0.640995384823577,0.816387510785152,1.06960504576937,0.18714448424047,0.449905794399818,0.691001767292522,-0.1555961886108,-0.0445734002443183,0.122165329449593,1.09010489057606,0.216694219019643,-1.01694293969422,-1.29347794903808,-0.574697546273115,-0.113860786417039,-0.0382639442739243,0.849104702984884,1.08838378637757,0.303404642107127,-0.899102191164647,-1.3031392155474,-0.650039470011399,-0.048236570436645,-0.0330109162638679,-0.33031962811602,0.0525087347129891,0.935312461488958,0.950766487281889,-0.394503103119175,-0.831486854781667,0,-0.0930309953194633,-0.481588184154324,-0.984477210668762,-0.34527778875002,1.27280760797249,-0.621154217341457,-0.797595882078731,-0.0998707974396848,-0.0692112518235939,-0.410266899197836,-1.20841288998173,0.0255710898531705,1.16729496510292,-1.22217715515,-0.767532904424768,-0.202993708003753,-0.0191459895266863,-0.303642030474405,-0.172466266938626,-0.214452838241053,-0.877575954749489,-1.35864707775847,-0.527680489439249,-0.177318504788345
"225",0,-0.346763866306412,-0.529018754917424,0.713906894420538,0.551737763681986,1.86988254836228,0.17020566797156,-0.135962069060475,-0.0247411626405223,-0.640995384823577,-0.467204948361685,0.0768464655884069,0.922682789033507,1.29148053419773,-0.294464016843139,-0.1555961886108,-0.0445734002443183,-0.741918245459386,-1.62956752949562,-0.961657113219938,1.43333321492626,-0.0233446231262145,-0.574697546273115,-0.113860786417039,-0.0382639442739243,-0.115910279549249,-0.22150435248648,0.642354338380556,1.00657188464015,0.032690893311783,0.17013722254388,0.0541342826353131,-0.0330109162638679,2.14340987250002,1.369445368117,1.09627321067543,0.950766487281889,1.1603029827845,2.03563734564328,0,-0.0930309953194633,-0.145269946550987,0.400994512042235,1.36287885195866,-0.469598014124647,-0.793084723013613,0.494786898719323,-0.0998707974396848,-0.0692112518235939,-0.410266899197836,0.0230723224817513,0.793417244312171,-1.64539458651373,-1.55967039733413,-0.767532904424768,-0.202993708003753,-0.0191459895266863,-0.303642030474405,-0.206709251146005,0.93422270303842,-1.66976343270132,-1.1603681679367,-1.05603374812715,-0.177318504788345
"226",0,-0.346763866306412,0.330795300586854,0.524013130597061,0.994701386553687,1.86988254836228,1.63679146148519,0.159997876254474,-0.0247411626405223,-0.640995384823577,0.266276456865079,0.573225755678888,-0.34196587835462,0.148209448028272,-0.0480975708092236,-0.1555961886108,-0.0445734002443183,-0.741918245459386,0.7501458380671,-0.456649399402975,-1.18029468333559,-1.29347794903808,-0.574697546273115,-0.113860786417039,-0.0382639442739243,0.205761381295462,1.08838378637757,0.272013951638676,-0.10507132624598,-1.3031392155474,-0.120889243502069,-0.0111937918009328,-0.0330109162638679,1.83419368492302,1.33132611434538,0.774351712302486,0.950766487281889,-1.05218914939548,-0.831486854781667,0,-0.0930309953194633,0.19104829105235,-0.676594605621874,-1.12171262543579,0.63920556357353,-0.105362700324987,-0.797595882078731,-0.12551604804724,-0.0692112518235939,-0.410266899197836,-0.328780595364958,0.997761568833671,0.979782328328481,-1.22217715515,-0.767532904424768,-0.202993708003753,-0.0191459895266863,-0.303642030474405,1.02856038592245,0.751552433889129,-0.784622828510515,-1.1603681679367,-0.527680489439249,-0.0671059804312697
"227",0,-0.346763866306412,-1.17387929654563,-1.34073439216472,0.551737763681986,-0.634864546128108,-0.416428649433891,-0.135962069060475,-0.0247411626405223,-0.640995384823577,-1.20068635358845,1.06960504576937,-0.34196587835462,-0.835422598058242,-0.540830462877054,-0.1555961886108,-0.0445734002443183,-0.741918245459386,0.58016631181262,0.216694219019643,-1.18029468333559,-1.29347794903808,-0.574697546273115,-0.12296944598937,-0.0382639442739243,-0.759253601238671,0.924647769019562,0.133929793970413,-1.21671453713211,-1.05541297187959,-0.688957225057707,-0.048236570436645,-0.0330109162638679,0.597328934614995,1.33132611434538,0.291469464743071,0.446252137175011,-0.0310389345431809,-0.831486854781667,0,-0.0930309953194633,-0.481588184154324,0.554935814565679,0.12058311326144,-0.471439975395609,0.0665678053471691,1.03090454285591,-0.0998707974396848,-0.0692112518235939,-0.410266899197836,0.0284046050834109,0.608885377241471,-1.27036931296484,0.138207424911634,0.853501300317375,-0.202993708003753,-0.0191459895266863,-0.303642030474405,-1.17332181098952,-1.82259859603232,0.508752131666208,1.58965249581285,-0.0361570313587953,-0.177318504788345
"228",0,1.88237474806379,1.62051638384327,0.990200011287507,0.994701386553687,1.86988254836228,0.17020566797156,-0.135962069060475,-0.0247411626405223,-0.314012775301545,-0.100464245748303,-1.18919367873097,-0.131191100456599,1.29148053419773,-0.540830462877054,-0.1555961886108,-0.0445734002443183,-0.741918245459386,-0.43971084571426,-0.119238536662161,0.779926240360802,1.08802203704667,1.397487444214,-0.113860786417039,-0.0382639442739243,0.205761381295462,1.08838378637757,1.1507788827907,1.00657188464015,0.700605947741373,0.716921684247398,-0.048236570436645,-0.0330109162638679,-0.639535815693025,-0.906604300011301,0.291469464743071,0.614423587210637,-1.56276425682162,-0.481637139458829,0,-0.0930309953194633,-0.481588184154324,-0.52265330309843,1.20759188462151,-0.122133468199481,-1.48080674570224,-0.797595882078731,-0.0998707974396848,-0.0692112518235939,-0.410266899197836,0.374925240328461,0.414447281445371,-1.83290722328817,-1.55967039733413,-0.767532904424768,-0.202993708003753,-0.0191459895266863,-0.303642030474405,1.82924482116316,-1.82259859603232,-2.26390404116519,-1.1603681679367,-0.527680489439249,-0.177318504788345
"229",0,-0.346763866306412,-0.743972268793493,0.757106570942284,0.108774140810285,-0.992685559626734,-0.416428649433891,-0.135962069060475,-0.0247411626405223,-0.572955965115306,-1.38405670489514,1.06960504576937,0.711908011135486,0.281590846440236,-0.540830462877054,-0.1555961886108,-0.0445734002443183,-0.741918245459386,-1.62956752949562,-0.28831349479732,0.943277984002168,1.24678870278565,-0.0112161204196545,-0.113860786417039,-0.0382639442739243,-0.759253601238671,-1.53139249135053,-1.56081868739673,-1.53432688309958,0.700605947741373,1.53709837680268,-0.048236570436645,-0.0330109162638679,-0.639535815693025,-1.2263086449194,-1.47909877630812,-1.73997671328813,-0.371422339493946,2.32234976568577,0,-0.0930309953194633,-0.481588184154324,-0.984477210668762,-1.12171262543579,-1.26160056962335,-0.277293205997144,1.57630836090398,-0.0998707974396848,-0.0692112518235939,-0.410266899197836,-1.03248643105838,-1.91880986810783,-1.45788194973929,0.29654243467861,1.46138912709568,-0.202993708003753,-0.0191459895266863,-0.303642030474405,-0.572808484558983,0.245017378270736,0.706799001154165,1.58965249581285,0.946889884802112,0.0875378754387455
"230",0,-0.257711020038136,0.545748814462924,0.757106570942284,0.994701386553687,1.86988254836228,3.10337725499881,-0.135962069060475,-0.0247411626405223,-0.640995384823577,-1.20068635358845,0.0768464655884069,0.613394877872553,1.29148053419773,1.43010110539427,-0.391031817471945,-0.0445734002443183,-0.741918245459386,-1.62956752949562,-1.12999301782559,0.453222753078071,0.929255371307683,-0.574697546273115,-0.412342085990436,-0.0382639442739243,-0.43758194039396,-0.057768335128474,0.472879490243842,1.00657188464015,0.867584711348771,0.443529453395639,-0.048236570436645,-0.0330109162638679,-0.123947660466158,1.33132611434538,1.09627321067543,0.950766487281889,0.819919577833732,0.602075245430805,0,-0.0930309953194633,-0.580951403026811,-0.676594605621874,1.36287885195866,-0.469598014124647,-1.48080674570224,-0.390177817501197,-0.0998707974396848,-0.0692112518235939,-0.410266899197836,0.374925240328461,0.803323473037571,-1.13350556012515,-1.55967039733413,-0.767532904424768,-0.202993708003753,-0.0191459895266863,-0.303642030474405,1.02856038592245,-0.475293624273903,-2.26390404116519,-1.1603681679367,-0.527680489439249,-0.177318504788345
"231",0,-0.346763866306412,0.545748814462924,0.990200011287507,-0.555671293497266,-0.992685559626734,-0.416428649433891,-0.135962069060475,-0.0247411626405223,0.569898547693548,0.816387510785152,-0.667722469547314,-0.405931002527594,-0.89661378927684,-0.540830462877054,-0.1555961886108,-0.0445734002443183,0.986248904358571,0.7501458380671,-1.12999301782559,0.616574496719437,0.452955374090734,-0.574697546273115,-0.113860786417039,-0.0382639442739243,1.49244802467431,0.924647769019562,0.133929793970413,1.00657188464015,1.03456347495617,-0.650039470011399,-0.048236570436645,-0.0330109162638679,-0.0211034405390152,0.851769596983231,0.291469464743071,-0.899119463109996,1.1603029827845,0.0286504053458163,0,-0.0930309953194633,-0.481588184154324,-0.984477210668762,-1.12171262543579,-1.26160056962335,0.754289828035795,0.57377943662225,-0.0998707974396848,-0.0692112518235939,-0.410266899197836,-1.38433934890509,-1.72437177231173,-1.0828566761904,0.802782297954812,0.0429841979463036,-0.202993708003753,-0.0191459895266863,-0.303642030474405,0.828389277112268,0.93422270303842,0.310705262178251,-0.300986710514968,-0.527680489439249,-0.177318504788345
"232",0,0.767805440878689,0.975655842215063,0.990200011287507,0.0926301336940457,1.51206153486365,1.34347430278246,-0.135962069060475,-0.0247411626405223,2.95581331991878,0.999757862091843,-1.1641017596378,-1.39583976784473,1.29148053419773,1.9228339974621,-0.1555961886108,-0.0445734002443183,1.85033247926755,1.09010489057606,0.553366028230951,0.453222753078071,1.24678870278565,0.545068546298207,-0.113860786417039,-0.0382639442739243,-0.759253601238671,-0.712712404560498,0.472879490243842,0.922674880536635,-0.802202924725205,-0.650039470011399,-0.048236570436645,-0.0330109162638679,-0.639535815693025,-1.2263086449194,-0.352373532002817,0.950766487281889,-1.56276425682162,-0.831486854781667,0,-0.0930309953194633,-0.481588184154324,-0.984477210668762,0.897017949947205,1.11440709687275,-1.48080674570224,-0.797595882078731,-0.0998707974396848,-0.0692112518235939,-0.410266899197836,-0.328780595364958,1.19219966462977,-0.520318765867068,-1.7307230605808,-0.767532904424768,-0.202993708003753,-0.0191459895266863,1.76127335410647,1.82924482116316,-0.444187946496948,-2.26390404116519,-1.1603681679367,-0.527680489439249,-0.177318504788345
"233",0,-0.418321640345319,0.545748814462924,0.771573890597247,0.551737763681986,-0.813775052877421,-0.416428649433891,-0.135962069060475,-0.0247411626405223,-0.640995384823577,0.816387510785152,0.821415400724128,-0.763515434150662,-1.40155863315559,-0.540830462877054,-0.1555961886108,-0.0445734002443183,-0.741918245459386,0.7501458380671,1.39504555125922,0.289871009436705,-0.424287914875732,-0.574697546273115,-0.113860786417039,-0.0382639442739243,-0.759253601238671,0.105967682229532,0.981304034653986,0.688959538672687,1.03456347495617,0.17013722254388,-0.048236570436645,-0.0330109162638679,-0.639535815693025,-1.06645647246535,-1.31813802712165,-1.73997671328813,0.84563816913244,2.60906218572827,0,-0.0930309953194633,-0.481588184154324,-0.984477210668762,-1.12171262543579,-1.26160056962335,-0.96501522868577,2.85940496779055,4.95470122853544,-0.0692112518235939,0.558214809138742,0.12387882459742,-0.75218129333123,-1.0828566761904,-0.378444049689659,2.47453550505952,3.48584559505782,2.50813255393245,-0.303642030474405,0.628218168302089,0.93422270303842,1.27886243663299,1.79869538390797,2.6672219880837,0.697813577192196
"234",0,-0.346763866306412,-0.529018754917424,0.0578262499066152,-0.334189482061415,-0.813775052877421,-0.416428649433891,-0.135962069060475,-0.0247411626405223,-0.640995384823577,0.266276456865079,1.06960504576937,1.13345756693153,0.281590846440236,-0.540830462877054,-0.1555961886108,-0.0445734002443183,-0.511848302542768,-0.43971084571426,1.56338145586488,1.15726266102115,-0.0233446231262145,-0.579479584493471,-0.113860786417039,-0.0382639442739243,-0.759253601238671,-1.04018443927651,1.1507788827907,1.00657188464015,0.700605947741373,-0.650039470011399,-0.048236570436645,-0.0330109162638679,-0.639535815693025,-0.906604300011301,0.935312461488958,0.950766487281889,0.860847535794572,-0.831486854781667,0,-0.0930309953194633,-0.481588184154324,-0.984477210668762,1.36287885195866,0.800054809815604,1.09815083938011,-0.797595882078731,-0.0998707974396848,-0.0692112518235939,-0.410266899197836,-1.03248643105838,1.19219966462977,1.16729496510292,0.802782297954812,-0.767532904424768,-0.202993708003753,-0.0191459895266863,-0.303642030474405,-0.372637375748804,-0.903658163008738,0.112658392690295,-0.644739293483662,-0.527680489439249,-0.177318504788345
"235",0,-0.346763866306412,-0.314065241041354,0.757106570942284,-1.22011672780482,-0.992685559626734,-0.416428649433891,-0.135962069060475,-0.0247411626405223,-0.640995384823577,0.44964680817177,0.325036110633647,1.13345756693153,-1.40155863315559,-0.540830462877054,-0.1555961886108,-0.0445734002443183,0.410193187752585,0.92012536432158,-0.961657113219938,1.43333321492626,-0.975944617560112,-0.574697546273115,-0.113860786417039,-0.0382639442739243,-0.759253601238671,-1.53139249135053,-1.2218689911233,1.00657188464015,-1.3031392155474,-0.650039470011399,-0.048236570436645,-0.0330109162638679,-0.639535815693025,-1.2263086449194,-0.191412782816345,0.278080687139385,-1.56276425682162,-0.831486854781667,0,-0.100551616935548,-0.145269946550987,0.862818419612568,1.36287885195866,-0.311197503024907,-0.793084723013613,-0.797595882078731,-0.0998707974396848,-0.0692112518235939,0.0940482913805167,1.43048399386859,1.19219966462977,1.16729496510292,1.14027554013895,0.0555030933652281,-0.202993708003753,-0.0191459895266863,-0.303642030474405,-0.772979593369162,-2.7415390290559,-1.47171656321336,0.214642163938074,0.209604697681432,-0.177318504788345
"236",0,-0.346763866306412,1.19060935609113,-1.1076409518195,-2.54900759641992,-0.992685559626734,-0.416428649433891,-0.135962069060475,-0.0247411626405223,0.33995244374252,0.999757862091843,0.255878080397167,-2.23893887943681,-1.40155863315559,-0.540830462877054,-0.1555961886108,-0.0445734002443183,-0.1658625288534,0.92012536432158,-0.240975671819629,-1.18029468333559,-1.29347794903808,-0.574697546273115,-0.113860786417039,-0.0382639442739243,0.205761381295462,1.08838378637757,-0.882919294849875,-1.53432688309958,-1.20184791602739,-0.650039470011399,-0.048236570436645,-0.0330109162638679,1.83419368492302,1.33132611434538,1.09627321067543,0.950766487281889,0.139152767932202,0.0314239259754281,0,0.148113901500291,1.20000300386236,1.47858362970634,-0.0347038540757136,-0.786399036324126,1.27008134505226,1.03090454285591,0.0880198292364342,-0.0692112518235939,-0.410266899197836,0.902704617098525,0.803323473037571,0.229731781230706,1.14027554013895,0.44824274913184,-0.202993708003753,-0.0191459895266863,-0.303642030474405,0.628218168302089,0.93422270303842,-0.0853884767976621,-0.816615584968009,-0.527680489439249,-0.177318504788345
"237",0,-0.346763866306412,0.545748814462924,0.524013130597061,0.108774140810285,-0.634864546128108,-0.416428649433891,-0.135962069060475,-0.0247411626405223,2.62883071039675,0.633017159478461,0.0768464655884069,0.711908011135486,-1.40155863315559,-0.540830462877054,-0.1555961886108,-0.0445734002443183,0.986248904358571,-1.28960847698666,0.721701932836606,-0.0368324778460259,-1.29347794903808,-0.574697546273115,-0.113860786417039,-0.0382639442739243,-0.759253601238671,-1.53139249135053,0.472879490243842,-0.740296018180913,-1.3031392155474,-0.708975638732364,-0.0111937918009328,-0.0330109162638679,-0.639535815693025,-1.2263086449194,-0.191412782816345,0.782595037246263,-0.00527387364268296,-0.831486854781667,0,-0.0930309953194633,-0.481588184154324,-0.984477210668762,-1.12171262543579,0.164004030274312,0.926220333707951,-0.111908222728241,-0.0998707974396848,-0.0692112518235939,-0.410266899197836,-0.328780595364958,-1.52993367651563,-0.520318765867068,0.373908097229458,0.853501300317375,-0.202993708003753,-0.0191459895266863,-0.303642030474405,1.62907371235298,0.704487594782526,-0.0853884767976621,-0.472863001999315,-0.527680489439249,-0.177318504788345
"238",0,-0.346763866306412,-1.17387929654563,-0.175267190438608,-1.66308035067652,-0.992685559626734,-0.416428649433891,-0.0118650110014553,-0.0247411626405223,-0.640995384823577,-1.93416775881521,-0.456292571728051,-2.02816410153879,-1.25390727459757,-0.540830462877054,-0.1555961886108,-0.0445734002443183,-0.741918245459386,-0.77966989822322,0.385030123625297,-0.690239452411488,-0.182111288865197,-0.574697546273115,-0.0991375954017603,-0.0382639442739243,-0.759253601238671,0.59717573430355,-0.71344444671316,-0.840705466549467,0.366648420526578,-0.650039470011399,-0.048236570436645,-0.0330109162638679,1.52497749734601,1.17147394189133,-1.15717727793518,0.109909237103759,0.990111280309114,-0.544774434739172,0,-0.0930309953194633,2.54527595427571,1.47858362970634,1.36287885195866,1.27280760797249,0.926220333707951,-0.340470775845071,-0.0998707974396848,-0.0692112518235939,-0.410266899197836,-0.680633513211668,-0.36330510173903,1.16729496510292,-1.39092377624206,-0.767532904424768,-0.202993708003753,-0.0191459895266863,-0.303642030474405,-1.17332181098952,-0.488473198325253,0.112658392690295,-0.934510279645694,-0.527680489439249,-0.177318504788345
"239",0,4.11151336243399,1.83546989771934,0.757106570942284,-0.998634916368966,-0.813775052877421,-0.416428649433891,-0.135962069060475,-0.0247411626405223,1.21451285074668,0.633017159478461,0.0768464655884069,1.13345756693153,-0.728298841317257,-0.540830462877054,-0.1555961886108,-0.111531751188364,-0.741918245459386,-1.62956752949562,-1.12999301782559,0.954838199237675,-0.0233446231262145,-0.574697546273115,-0.169518593544523,-0.0382639442739243,-0.759253601238671,-1.20392045663452,-0.0355450541663019,1.00657188464015,-0.134287870295615,-0.650039470011399,-0.048236570436645,-0.0539306280597664,-0.639535815693025,-0.746752127557253,0.613390963116015,0.446252137175011,1.1603029827845,0.602075245430805,0,-0.0930309953194633,-0.481588184154324,-0.984477210668762,-1.12171262543579,-1.26160056962335,0.946209005727539,1.03090454285591,-0.0170446976136536,-0.0692112518235939,1.04245566330703,0.550851699251816,-0.55774319753513,0.41724441800515,1.14027554013895,0.0429841979463036,-0.202993708003753,-0.0191459895266863,3.82618873868734,1.62907371235298,0.93422270303842,-0.0853884767976621,-0.472863001999315,-0.527680489439249,-0.177318504788345
"240",0,-0.346763866306412,-1.17387929654563,-2.50620159389084,-0.334189482061415,-0.992685559626734,-0.416428649433891,-0.135962069060475,-0.0247411626405223,-0.640995384823577,-1.93416775881521,-0.171343179456834,-0.552740656252641,-1.06492873723642,-0.294464016843139,-0.1555961886108,-0.0445734002443183,-0.741918245459386,-1.11962895073218,1.05837374204791,-1.18029468333559,-0.0233446231262145,1.67922815714073,-0.113860786417039,-0.0382639442739243,-0.759253601238671,0.210257996539214,-0.205019902303017,-1.21671453713211,1.20154223856357,0.17013722254388,-0.048236570436645,-0.0330109162638679,1.21576130976901,1.33132611434538,0.935312461488958,0.950766487281889,1.1603029827845,0.602075245430805,0,-0.0930309953194633,3.55423066708572,1.3683654149529,0.741730982610052,1.11440709687275,0.926220333707951,-0.111908222728241,-0.0998707974396848,-0.0692112518235939,-0.410266899197836,-1.38433934890509,-1.91880986810783,0.979782328328481,-1.39092377624206,-0.767532904424768,-0.202993708003753,-0.0191459895266863,-0.303642030474405,-1.28760453259313,-2.7415390290559,0.112658392690295,-1.1603681679367,-0.527680489439249,-0.177318504788345
"241",0,-0.346763866306412,0.975655842215063,0.290919690251838,-2.10604397354822,-0.992685559626734,-0.416428649433891,-0.135962069060475,-0.0247411626405223,1.32090027230862,1.13521844736403,0.573225755678888,-0.34196587835462,-1.40155863315559,-0.540830462877054,-0.1555961886108,0.00107855268828527,0.122165329449593,0.41018678555814,-0.793321208614283,0.943277984002168,-0.891702045431526,-0.574697546273115,-0.113860786417039,-0.0382639442739243,-0.759253601238671,-1.53139249135053,-0.882919294849875,0.688959538672687,-1.3031392155474,-0.650039470011399,-0.048236570436645,-0.0330109162638679,-0.770725341186875,-1.2263086449194,-0.191412782816345,0.614423587210637,-1.56276425682162,-1.29224909542953,0,-0.0930309953194633,-0.481588184154324,-0.830535908145318,1.20759188462151,-0.311197503024907,-1.48080674570224,-0.797595882078731,-0.0998707974396848,-0.0692112518235939,-0.410266899197836,0.374925240328461,1.19219966462977,-0.145293492318181,-0.209697428597592,1.25875985150291,2.25623249403729,-0.0191459895266863,-0.303642030474405,0.842238129814723,0.0152822700148413,0.310705262178251,0.902147329875462,2.17569853000325,1.57294565917274
"242",0,0.767805440878689,0.975655842215063,0.0578262499066152,0.551737763681986,1.86988254836228,1.05015714407974,0.0569079263138268,-0.0247411626405223,-0.640995384823577,0.438786432390144,-0.419532824502074,-0.210349404088359,-0.0550390494789284,-0.294464016843139,-0.1555961886108,-0.0445734002443183,-0.741918245459386,1.09010489057606,-0.456649399402975,-0.690239452411488,-0.188008496262851,-0.574697546273115,-0.113860786417039,-0.0382639442739243,-0.115910279549249,1.08838378637757,1.1507788827907,1.00657188464015,1.20154223856357,0.17013722254388,-0.048236570436645,-0.0330109162638679,-0.639535815693025,-0.906604300011301,-1.47909877630812,-1.73997671328813,0.309344470407584,1.46221250555829,0,-0.0930309953194633,-0.481588184154324,-0.984477210668762,-0.547965157149136,-0.786399036324126,-0.249808757914281,-0.111908222728241,-0.0998707974396848,-0.168849010561166,-0.410266899197836,-0.856559972135023,0.220009185649271,0.979782328328481,-0.0409508075055244,-0.767532904424768,-0.202993708003753,-0.0191459895266863,0.728815661816031,0.859451513720873,-1.13339327126463,-1.66976343270132,-1.1603681679367,-0.527680489439249,-0.177318504788345
"243",0,-0.153780190500987,-1.17387929654563,-1.57382783250995,0.994701386553687,-0.277043532629481,-0.416428649433891,-0.135962069060475,-0.0247411626405223,-0.640995384823577,-1.93416775881521,0.325036110633647,0.922682789033507,-1.233243685196,-0.540830462877054,-0.1555961886108,-0.0445734002443183,-0.741918245459386,0.0702277330491799,1.56338145586488,-0.690239452411488,-0.975944617560112,-0.574697546273115,-0.113860786417039,-0.0382639442739243,0.849104702984884,1.08838378637757,-0.0355450541663019,-1.53432688309958,0.867584711348771,0.65796223892231,-0.048236570436645,-0.0330109162638679,3.07105843523104,1.33132611434538,-0.513334281189288,-0.73094801307437,0.908681956173788,0.8887876654733,0,-0.0930309953194633,-0.145269946550987,1.3246423271829,1.36287885195866,1.27280760797249,1.27008134505226,-0.569033328961901,-0.0998707974396848,-0.0692112518235939,-0.410266899197836,-1.38433934890509,-1.14105748492343,1.16729496510292,0.29654243467861,-0.767532904424768,-0.202993708003753,-0.0191459895266863,-0.303642030474405,-1.17332181098952,-1.82259859603232,0.904845870642121,0.730271038391115,-0.527680489439249,-0.177318504788345
"244",0,-0.346763866306412,1.83546989771934,0.860768961444033,0.773219575117836,0.796419507866398,-0.416428649433891,-0.135962069060475,-0.0247411626405223,-0.640995384823577,-0.467204948361685,0.0768464655884069,0.711908011135486,0.950890197949647,-0.540830462877054,-0.1555961886108,-0.0445734002443183,-0.741918245459386,-1.62956752949562,-1.12999301782559,0.779926240360802,0.611722039829717,-0.858423613775973,-0.132806100179666,-0.0382639442739243,-0.85450575222427,-0.385240369844486,0.472879490243842,1.00657188464015,0.19966965691918,-0.650039470011399,-0.048236570436645,-0.0330109162638679,-0.639535815693025,1.33132611434538,1.09627321067543,0.950766487281889,1.1603029827845,1.17550008551579,0,-0.0930309953194633,-0.481588184154324,-0.676594605621874,1.36287885195866,0.63920556357353,-0.979475646947978,-0.275599257969022,-0.0998707974396848,-0.0692112518235939,-0.410266899197836,0.0230723224817513,1.19219966462977,-1.64539458651373,-1.55967039733413,-0.767532904424768,-0.183360285695692,-0.0191459895266863,0.728815661816031,2.02941592997334,-0.214452838241053,-2.26390404116519,-1.1603681679367,-0.527680489439249,-0.177318504788345
"245",0,0.767805440878689,1.4055628699672,0.990200011287507,0.994701386553687,0.438598494367772,-0.416428649433891,-0.135962069060475,-0.0247411626405223,0.666935053264552,-0.100464245748303,-0.0951409942498465,-0.552740656252641,-0.728298841317257,-0.540830462877054,-0.1555961886108,-0.0445734002443183,1.85033247926755,0.24020725930366,-0.119977590191666,-0.0368324778460259,-1.29347794903808,-0.574697546273115,-0.113860786417039,-0.0382639442739243,0.527433042140173,0.505049121327654,0.888040626102107,1.00657188464015,0.533627184133976,-0.650039470011399,-0.048236570436645,-0.0330109162638679,-0.581726184127774,-1.2263086449194,-1.47909877630812,-1.5718052632525,1.1603029827845,0.315362825388311,0,-0.0930309953194633,-0.481588184154324,-0.984477210668762,-1.12171262543579,-1.01215793375368,1.27008134505226,0.57377943662225,-0.0998707974396848,-0.0692112518235939,-0.410266899197836,-0.504707054288313,-0.36330510173903,0.229731781230706,0.802782297954812,-0.362274353239232,-0.202993708003753,-0.0191459895266863,-0.303642030474405,1.82924482116316,0.245017378270736,-0.283435346285619,-0.988491876452356,-0.527680489439249,-0.177318504788345
"246",0,-0.346763866306412,-1.17387929654563,-1.91454266474114,0.994701386553687,0.975330014615711,-0.251461010309762,-0.135962069060475,-0.0247411626405223,-0.640995384823577,-1.93416775881521,0.325036110633647,1.13345756693153,0.612907133387323,-0.540830462877054,-0.1555961886108,-0.0445734002443183,-0.741918245459386,0.41018678555814,1.56338145586488,1.43333321492626,-0.182111288865197,-0.574697546273115,-0.113860786417039,-0.0382639442739243,0.849104702984884,0.760911751661556,0.642354338380556,1.00657188464015,-0.46824539751041,-0.650039470011399,-0.048236570436645,-0.0330109162638679,-0.639535815693025,-1.2263086449194,-0.191412782816345,0.950766487281889,-0.881997446920094,-0.831486854781667,0,-0.0930309953194633,-0.481588184154324,-0.984477210668762,-0.500564756087173,1.16038037325412,-0.277293205997144,-0.797595882078731,-0.0998707974396848,-0.0692112518235939,-0.410266899197836,-1.40842436230471,-1.14105748492343,1.16729496510292,-0.209697428597592,-0.767532904424768,-0.202993708003753,-0.0191459895266863,-0.303642030474405,-1.23168808575572,-2.05233370428821,0.508752131666208,0.214642163938074,-0.527680489439249,-0.177318504788345
"247",0,-0.346763866306412,0.115841786710785,0.990200011287507,-1.22011672780482,-0.992685559626734,-0.416428649433891,-0.135962069060475,-0.0247411626405223,0.0129698342204877,0.816387510785152,0.573225755678888,1.13345756693153,-0.559983893357675,-0.540830462877054,-0.1555961886108,-0.0445734002443183,0.986248904358571,0.92012536432158,-0.961657113219938,0.289871009436705,0.929255371307683,-0.574697546273115,-0.113860786417039,-0.0382639442739243,0.527433042140173,1.08838378637757,-1.56081868739673,-1.37552071011585,1.36852100217096,0.716921684247398,-0.048236570436645,-0.0330109162638679,1.52497749734601,0.851769596983231,-1.47909877630812,-1.5718052632525,1.1603029827845,0.315362825388311,0,0.0537106350989399,1.20000300386236,1.3246423271829,-0.574544722192882,-1.26160056962335,0.926220333707951,0.34521688350542,-0.0998707974396848,-0.0692112518235939,-0.410266899197836,1.07863107602188,0.0255710898531705,0.41724441800515,0.634035676862745,-0.564903628832,-0.202993708003753,-0.0191459895266863,-0.303642030474405,-0.372637375748804,0.474752486526631,0.508752131666208,-0.644739293483662,-0.527680489439249,-0.177318504788345
"248",0,-0.346763866306412,0.115841786710785,0.757106570942284,0.994701386553687,1.86988254836228,4.27664588980972,10.0652516797009,-0.0247411626405223,-0.640995384823577,-0.100464245748303,0.821415400724128,1.13345756693153,0.954850638278565,1.9228339974621,1.80127119247638,-0.0445734002443183,-0.741918245459386,-1.14697200602218,0.373598237579034,0.12651926579534,-1.29347794903808,-0.574697546273115,-0.113860786417039,-0.0382639442739243,-0.759253601238671,-1.04018443927651,1.1507788827907,0.530153365688954,-1.13616045194,-0.650039470011399,-0.048236570436645,-0.0330109162638679,-0.639535815693025,-1.2263086449194,-0.0304520336298728,0.950766487281889,-0.0310389345431809,-0.831486854781667,0,-0.0930309953194633,-0.552966814075182,-0.984477210668762,-0.209309050113736,1.11440709687275,1.09815083938011,-0.569033328961901,-0.0998707974396848,-0.0692112518235939,-0.540603850768833,-1.38433934890509,0.0255710898531705,0.979782328328481,-0.378444049689659,-0.767532904424768,-0.202993708003753,-0.0191459895266863,-0.303642030474405,-0.172466266938626,0.704487594782526,-1.66976343270132,-1.1603681679367,-0.527680489439249,-0.177318504788345
"249",0,-0.452056023994415,-1.17387929654563,-2.50620159389084,0.330255952246136,1.15424052136502,0.463522826674285,-0.135962069060475,-0.0247411626405223,-0.640995384823577,-0.833945650975067,0.325036110633647,0.0795836774414227,0.618220742359401,1.9228339974621,-0.1555961886108,-0.0445734002443183,0.986248904358571,1.09010489057606,0.721701932836606,-0.526887708770123,0.444399703243828,1.397487444214,-0.113860786417039,-0.0382639442739243,1.81411968551902,1.08838378637757,1.1507788827907,1.00657188464015,1.36852100217096,2.0838828385062,-0.048236570436645,-0.0330109162638679,-0.639535815693025,-0.586899955103205,-0.835255779562232,-0.562776563038745,1.1603029827845,0.602075245430805,0,-0.0930309953194633,-0.372720703700017,-0.88685703078748,-1.12171262543579,0.63920556357353,-0.105362700324987,-0.797595882078731,-0.0998707974396848,-0.0692112518235939,-0.410266899197836,-1.353830167295,-1.66548244796072,0.604757054779594,-0.378444049689659,-0.767532904424768,-0.202993708003753,-0.0912709356995593,-0.303642030474405,-1.17332181098952,-2.7415390290559,0.706799001154165,-0.472863001999315,-0.527680489439249,-0.177318504788345
"250",0,-0.230252716995236,-0.314065241041354,0.290919690251838,0.773219575117836,0.0807774808691453,-0.416428649433891,-0.135962069060475,-0.0247411626405223,0.666935053264552,0.816387510785152,-1.41229140468304,-0.763515434150662,1.12316558623815,-0.0480975708092236,-0.1555961886108,-0.0445734002443183,1.56230462096456,0.7501458380671,-0.777170938465771,-0.526887708770123,1.24678870278565,0.834006018360537,-0.113860786417039,-0.0382639442739243,-0.115910279549249,0.924647769019562,0.133929793970413,0.239637971499374,-0.134287870295615,-0.650039470011399,-0.048236570436645,-0.0330109162638679,-0.639535815693025,-0.107343437741059,0.822656337789873,0.614423587210637,-1.56276425682162,-0.831486854781667,0,-0.0930309953194633,-0.481588184154324,0.862818419612568,0.275870080598593,1.11440709687275,-0.4492237116693,-0.797595882078731,-0.0998707974396848,-0.0692112518235939,-0.410266899197836,0.726778158175171,-0.36330510173903,0.229731781230706,-0.209697428597592,-0.767532904424768,-0.202993708003753,-0.0191459895266863,-0.303642030474405,-0.572808484558983,0.704487594782526,0.706799001154165,-0.107940572237356,-0.527680489439249,-0.177318504788345
"251",0,-0.346763866306412,-0.57942220514373,-0.175267190438608,-2.54900759641992,-0.992685559626734,-0.416428649433891,-0.135962069060475,-0.0247411626405223,-0.640995384823577,-0.467204948361685,-0.419532824502074,-2.23893887943681,-1.40155863315559,-0.540830462877054,-0.1555961886108,-0.0445734002443183,-0.741918245459386,0.7501458380671,-0.119977590191666,-1.18029468333559,-1.29347794903808,-0.574697546273115,-0.113860786417039,-0.0177637689065176,0.133198925302316,0.924647769019562,-0.649595166038964,-1.05790836414838,-1.3031392155474,-0.650039470011399,-0.049335153206293,-0.0330109162638679,0.899191009518333,1.33132611434538,1.09627321067543,0.950766487281889,1.1603029827845,0.602075245430805,0,-0.0930309953194633,0.19104829105235,1.08077250052504,-0.34527778875002,-1.26160056962335,-0.621154217341457,2.17371730844006,-0.0998707974396848,-0.0692112518235939,-0.410266899197836,0.726778158175171,0.608885377241471,-0.332806129092624,0.127795813586543,1.78535084003248,-0.202993708003753,-0.0191459895266863,-0.303642030474405,-0.97315070217934,-0.444187946496948,0.904845870642121,1.07402362135981,0.946889884802112,-0.177318504788345
"252",0,-0.346763866306412,-0.314065241041354,0.757106570942284,-2.10604397354822,-0.992685559626734,-0.416428649433891,-0.141920262212277,-0.0247411626405223,-0.640995384823577,0.266276456865079,0.821415400724128,-2.02816410153879,-1.40155863315559,-0.540830462877054,-0.1555961886108,-0.0445734002443183,-0.1658625288534,1.09010489057606,0.71198991709519,-1.18029468333559,-1.29347794903808,-0.574697546273115,-0.113860786417039,-0.0382639442739243,0.205761381295462,1.08838378637757,-0.205019902303017,-1.37552071011585,-1.3031392155474,-0.650039470011399,-0.049335153206293,-0.0330109162638679,1.21576130976901,1.1954905371369,0.76139204238595,0.782595037246263,-0.0310389345431809,-0.258062014696678,0,-0.0930309953194633,0.527366528655686,1.47858362970634,1.05230491728436,0.00560351917457189,1.09815083938011,1.48802964908957,-0.0998707974396848,-0.0692112518235939,-0.410266899197836,1.10816014480287,0.997761568833671,-0.673981419537386,0.634035676862745,2.27190622946675,-0.202993708003753,-0.0191459895266863,-0.303642030474405,-0.372637375748804,-0.903658163008738,0.310705262178251,1.07402362135981,0.946889884802112,-0.177318504788345
"253",0,-0.346763866306412,-0.314065241041354,0.524013130597061,-0.334189482061415,-0.992685559626734,-0.416428649433891,-0.135962069060475,-0.0247411626405223,0.33995244374252,0.999757862091843,-0.667722469547314,-0.552740656252641,-0.223353997438511,-0.540830462877054,-0.1555961886108,-0.0445734002443183,1.56230462096456,1.09010489057606,-1.12999301782559,-0.853591196052854,0.452955374090734,-0.574697546273115,-0.113860786417039,-0.0382639442739243,1.17077636382959,0.760911751661556,-1.56081868739673,-1.53432688309958,-0.301266633903012,0.990313915099158,-0.048236570436645,-0.0330109162638679,0.906545122192,1.01162176943728,-1.47909877630812,-1.73997671328813,-1.05218914939548,1.74892492560078,0,-0.147169113086519,0.505865397947437,1.3246423271829,-0.966425658098632,-1.26160056962335,-0.621154217341457,2.17371730844006,-0.0998707974396848,-0.0692112518235939,-0.410266899197836,0.726778158175171,-0.16886700594293,-1.45788194973929,0.634035676862745,1.25875985150291,0.00289597822536497,-0.0191459895266863,-0.303642030474405,-0.772979593369162,0.474752486526631,0.706799001154165,0.558394746906768,-0.281918760399022,-0.177318504788345
"254",0,-0.346763866306412,-1.17387929654563,-1.80692127285517,0.773219575117836,0.0807774808691453,-0.416428649433891,-0.135962069060475,-0.0247411626405223,-0.640995384823577,-1.38405670489514,0.821415400724128,-0.34196587835462,-0.728298841317257,2.90829978159776,0.162011744971724,-0.0445734002443183,-0.1658625288534,0.92012536432158,0.385030123625297,-1.18029468333559,0.452955374090734,2.24270958299419,-0.113860786417039,0.127220760069906,1.49244802467431,1.9315010328101,0.133929793970413,-0.545703349795417,1.61275665192223,3.17745176191323,-0.048236570436645,-0.0330109162638679,0.28811274703799,1.01162176943728,0.613390963116015,0.434426572882549,0.819919577833732,-0.258062014696678,0,-0.0930309953194633,-0.481588184154324,-0.984477210668762,-1.12171262543579,0.63920556357353,0.238498311019326,-0.797595882078731,-0.0998707974396848,-0.0692112518235939,-0.410266899197836,-1.38433934890509,-1.52993367651563,1.16729496510292,-0.547190670781726,-0.767532904424768,-0.221055146217646,-0.0191459895266863,-0.303642030474405,-1.17332181098952,-1.36312837952053,0.310705262178251,-0.988491876452356,-0.527680489439249,-0.177318504788345
"255",0,-0.346763866306412,0.41321886691735,0.990200011287507,-1.44159853924067,-0.992685559626734,-0.416428649433891,-0.135962069060475,-0.0247411626405223,-0.640995384823577,0.999757862091843,-0.667722469547314,-2.23893887943681,-1.40155863315559,-0.540830462877054,-0.1555961886108,-0.0445734002443183,0.22653955273158,1.09010489057606,-0.79515404603401,-1.18029468333559,-1.29347794903808,-0.574697546273115,-0.113860786417039,-0.0382639442739243,1.02543438294152,1.08838378637757,-1.56081868739673,-1.37552071011585,-1.3031392155474,-0.650039470011399,-0.048236570436645,-0.0330109162638679,2.45262606007703,0.851769596983231,0.109226649268042,0.950766487281889,0.819919577833732,0.0286504053458163,0,-0.0930309953194633,2.20895771667237,1.66097498587289,1.36287885195866,0.164004030274312,0.0665678053471691,2.63084241467372,0.829912345902913,-0.0692112518235939,1.52669651747532,1.43048399386859,0.608885377241471,-1.83290722328817,-0.0409508075055244,2.47453550505952,1.02661939301677,-0.0191459895266863,-0.303642030474405,0.027704841871553,0.93422270303842,0.904845870642121,1.58965249581285,1.92993680096302,-0.177318504788345
"256",0,-0.346763866306412,0.760702328338993,0.0578262499066152,0.551737763681986,1.86988254836228,4.27664588980972,1.71880406707795,-0.0247411626405223,-0.640995384823577,-1.20068635358845,0.0768464655884069,-0.34196587835462,0.433395206498466,3.08902812093172,0.822837501932791,-0.0445734002443183,-0.741918245459386,-1.62956752949562,-1.12999301782559,-1.01694293969422,0.671719746196442,1.67922815714073,-0.113860786417039,-0.0382639442739243,-0.759253601238671,-1.53139249135053,-1.56081868739673,-0.263877499229713,1.03456347495617,0.678781780426968,-0.048236570436645,-0.0330109162638679,-0.639535815693025,-1.2263086449194,-0.741770802768558,0.950766487281889,0.479536172882967,0.255443241604675,0,-0.0930309953194633,-0.481588184154324,-0.984477210668762,-1.12171262543579,0.79760607467327,1.27008134505226,0.34521688350542,-0.0998707974396848,-0.0692112518235939,-0.410266899197836,-1.38433934890509,-1.72437177231173,0.604757054779594,-0.0392214034950561,-0.564903628832,-0.0317889935791593,-0.0191459895266863,-0.303642030474405,0.828389277112268,0.93422270303842,0.310705262178251,-0.988491876452356,-0.527680489439249,-0.177318504788345
"257",0,-0.346763866306412,-0.0991117271652847,0.990200011287507,0.994701386553687,0.438598494367772,-0.416428649433891,-0.135962069060475,-0.0247411626405223,-0.640995384823577,-0.100464245748303,1.06960504576937,1.13345756693153,0.449905794399818,-0.540830462877054,-0.1555961886108,-0.0445734002443183,-0.741918245459386,0.41018678555814,1.05837374204791,-1.01694293969422,-1.29347794903808,-0.574697546273115,-0.113860786417039,-0.0382639442739243,-0.759253601238671,-0.576127953307293,0.383727540997958,-1.37552071011585,-1.3031392155474,-0.650039470011399,-0.048236570436645,-0.0330109162638679,-1.1315251382147,-1.2263086449194,0.774351712302486,-0.73094801307437,-1.56276425682162,-0.831486854781667,0,-0.0930309953194633,-0.481588184154324,0.384561772504731,0.431157047935746,0.480805052473791,-1.48080674570224,-0.797595882078731,-0.0998707974396848,-0.0692112518235939,-0.410266899197836,1.25455753494524,1.19219966462977,1.16729496510292,-1.55967039733413,-0.767532904424768,-0.202993708003753,-0.0191459895266863,-0.303642030474405,-0.172466266938626,0.704487594782526,0.508752131666208,-1.03321532596849,-0.527680489439249,-0.177318504788345
"258",0,-0.346763866306412,0.115841786710785,0.0578262499066152,0.551737763681986,0.796419507866398,0.937028274266595,-0.135962069060475,-0.0247411626405223,0.0129698342204877,0.44964680817177,-1.90867069477352,-1.05899238984402,0.281590846440236,1.67646755142818,-0.1555961886108,-0.0364582152705978,-0.1658625288534,0.7501458380671,-1.12999301782559,-0.690239452411488,0.929255371307683,1.11574673128727,-0.113860786417039,-0.0382639442739243,-0.43758194039396,0.760911751661556,0.303404642107127,0.688959538672687,-0.46824539751041,-0.650039470011399,-0.048236570436645,-0.0330109162638679,-0.639535815693025,0.212360907167038,1.09627321067543,-0.73094801307437,-1.56276425682162,-0.831486854781667,0,-0.0930309953194633,0.19104829105235,1.17070102465946,0.431157047935746,0.63920556357353,-1.48080674570224,-0.797595882078731,-0.0998707974396848,0.0886557547260578,0.558214809138742,0.550851699251816,-1.72437177231173,0.792269691554037,-1.02382562133621,-0.767532904424768,-0.202993708003753,0.0368492179888227,-0.303642030474405,1.02856038592245,0.114530182620111,-0.481482215773575,-1.1603681679367,-0.527680489439249,-0.177318504788345
"259",0,-0.346763866306412,0.545748814462924,0.757106570942284,0.108774140810285,-0.455954039378794,-0.416428649433891,-0.175479963569857,-0.0247411626405223,0.993917662786584,0.999757862091843,-1.1939053080097,-0.131191100456599,0.954850638278565,-0.540830462877054,-0.1555961886108,-0.0445734002443183,1.27427676266156,0.7501458380671,0.0483583144139882,1.10662972764353,1.24678870278565,-0.0112161204196545,-0.113860786417039,-0.0382639442739243,-0.759253601238671,0.269703699587538,1.1507788827907,0.530153365688954,-0.301266633903012,-0.437335201818039,-0.048236570436645,-0.0330109162638679,-0.44898521481534,0.532065252075134,1.09627321067543,0.278080687139385,-1.56276425682162,-0.831486854781667,0,-0.0930309953194633,-0.481588184154324,1.47858362970634,-0.0347038540757136,0.322404541374051,0.582359322363638,0.187531449451731,-0.0998707974396848,-0.0692112518235939,1.52669651747532,1.43048399386859,-1.91880986810783,-0.613443967380894,1.14027554013895,0.44824274913184,-0.202993708003753,-0.0191459895266863,0.728815661816031,0.44155330073755,0.93422270303842,0.904845870642121,1.4177762043285,-0.0361570313587953,-0.413899342933526
"260",0,-0.346763866306412,-0.0991117271652847,0.290919690251838,0.108774140810285,-0.691687064156533,-0.416428649433891,-0.18476807901592,-0.0247411626405223,0.615491872305796,0.816387510785152,-1.66048104972828,-0.974290212048683,-0.223353997438511,-0.540830462877054,-0.1555961886108,-0.0445734002443183,0.986248904358571,-0.0997517932053001,-1.12999301782559,-1.18029468333559,1.24678870278565,0.552265305433806,-0.113860786417039,-0.0382639442739243,1.17077636382959,0.105967682229532,-1.56081868739673,-1.53432688309958,1.03456347495617,0.990313915099158,-0.048236570436645,-0.0330109162638679,-0.639535815693025,0.212360907167038,0.613390963116015,0.614423587210637,0.479536172882967,1.74892492560078,0,-0.0930309953194633,-0.481588184154324,-0.249513710507345,-1.12171262543579,-1.26160056962335,-1.48080674570224,1.94515475532323,-0.0830394432336374,-0.178836287670834,-0.410266899197836,-0.856559972135023,-1.91880986810783,-1.83290722328817,-1.05343053405793,2.06927695387398,-0.202993708003753,-0.0191459895266863,-0.303642030474405,-0.172466266938626,0.0152822700148413,0.310705262178251,1.24589991284416,0.701128155761885,-0.177318504788345
"261",0,-0.346763866306412,-0.0991117271652847,0.290919690251838,-0.777153104933116,-0.455954039378794,-0.416428649433891,-0.135962069060475,-0.0247411626405223,-0.640995384823577,0.633017159478461,1.06960504576937,1.13345756693153,0.618220742359401,-0.540830462877054,-0.1555961886108,-0.0445734002443183,0.122165329449593,0.92012536432158,-0.961657113219938,-0.690239452411488,0.611722039829717,0.834006018360537,-0.113860786417039,-0.0382639442739243,0.62443102156573,0.105967682229532,-1.56081868739673,-1.53432688309958,0.492201735390378,1.53709837680268,-0.048236570436645,-0.0330109162638679,0.74501887660416,0.0525087347129891,-1.47909877630812,-1.73997671328813,-0.0310389345431809,1.46221250555829,0,-0.0930309953194633,0.542222337002296,0.708877117089123,-0.966425658098632,-1.10320005852361,1.09815083938011,0.57377943662225,-0.0998707974396848,-0.0692112518235939,-0.410266899197836,1.25455753494524,0.414447281445371,0.229731781230706,0.634035676862745,-0.767532904424768,-0.202993708003753,-0.0191459895266863,-0.303642030474405,-0.572808484558983,0.245017378270736,0.310705262178251,-0.644739293483662,-0.527680489439249,-0.177318504788345
"262",0,0.767805440878689,0.45113938691854,-0.641454071129054,0.551737763681986,0.975330014615711,-0.123111490731166,-0.135962069060475,-0.0247411626405223,1.97486549135268,0.999757862091843,0.573225755678888,0.39416691213111,1.29148053419773,0.163998664919068,-0.1555961886108,-0.0445734002443183,1.31672645915665,1.09010489057606,-1.12999301782559,0.616574496719437,0.611722039829717,-0.574697546273115,-0.113860786417039,-0.0382639442739243,-0.43758194039396,-1.36765647399252,-1.39134383926002,0.847765711656421,-0.46824539751041,-0.650039470011399,-0.048236570436645,-0.0330109162638679,-0.639535815693025,-1.01115202588173,0.130508715556599,0.614423587210637,-1.26064425271336,-0.43020651281052,0,-0.0930309953194633,-0.481588184154324,-0.676594605621874,1.20759188462151,-0.469598014124647,-1.48080674570224,-0.797595882078731,-0.0998707974396848,-0.0692112518235939,-0.410266899197836,0.726778158175171,1.25817536885699,-1.0828566761904,-1.55967039733413,-0.767532904424768,-0.202993708003753,-0.0191459895266863,-0.303642030474405,0.675748293584946,-0.214452838241053,-2.06585717167723,-1.1603681679367,-0.527680489439249,-0.177318504788345
"263",0,-0.346763866306412,-0.958925782669563,0.524013130597061,-1.22011672780482,-0.992685559626734,-0.461805974736361,-0.135962069060475,-0.0247411626405223,-0.640995384823577,-0.833945650975067,0.821415400724128,-1.60661454574275,-1.40155863315559,-0.540830462877054,-0.1555961886108,-0.0445734002443183,-0.453890387156393,0.7501458380671,0.0483583144139882,-1.18029468333559,-1.29347794903808,-0.574697546273115,-0.113860786417039,-0.0382639442739243,0.325313454597499,1.08838378637757,-0.0355450541663019,-0.263877499229713,-0.802202924725205,-0.650039470011399,-0.048236570436645,-0.0330109162638679,0.987524999094172,1.33132611434538,1.09627321067543,0.278080687139385,0.990111280309114,0.0286504053458163,0,-0.0930309953194633,1.20000300386236,1.17070102465946,-0.0347038540757136,-1.26160056962335,-0.793084723013613,1.15420150139367,-0.0998707974396848,-0.0692112518235939,1.04245566330703,1.25455753494524,-0.75218129333123,-1.64539458651373,0.465289055770677,1.05613057591014,-0.202993708003753,-0.0191459895266863,-0.303642030474405,-0.372637375748804,0.245017378270736,0.904845870642121,1.24589991284416,0.209604697681432,-0.177318504788345
"264",0,-0.346763866306412,-0.743972268793493,0.290919690251838,-1.44159853924067,-0.992685559626734,-0.416428649433891,-0.135962069060475,-0.0247411626405223,-0.640995384823577,0.082906105558388,0.821415400724128,-2.23893887943681,-1.40155863315559,-0.540830462877054,-0.1555961886108,-0.0445734002443183,-0.453890387156393,1.09010489057606,-0.793321208614283,-1.18029468333559,-1.29347794903808,-0.574697546273115,-0.157994938661804,-0.0382639442739243,0.54831196103446,1.08838378637757,-0.668103804355879,-0.58148984519718,-0.664290666472061,-0.382419689862102,-0.048236570436645,-0.0330109162638679,0.906545122192,1.33132611434538,-0.0304520336298728,-0.0582622129318667,0.990111280309114,-0.258062014696678,0,-0.0930309953194633,-0.481588184154324,1.47858362970634,-0.144779894431889,-1.26160056962335,0.0665678053471691,1.03090454285591,-0.0998707974396848,-0.0692112518235939,-0.410266899197836,0.550851699251816,0.0255710898531705,-1.27036931296484,1.14027554013895,0.44824274913184,-0.202993708003753,-0.0191459895266863,-0.303642030474405,-0.705413978116937,0.704487594782526,0.112658392690295,0.386518455422421,-0.281918760399022,-0.177318504788345
"265",0,-0.346763866306412,0.545748814462924,0.990200011287507,-0.329630515396403,-0.992685559626734,-1.09571573166325,-0.358876365130693,-0.0247411626405223,-0.314012775301545,0.816387510785152,0.821415400724128,0.0103899062693976,0.113275898480654,-0.540830462877054,-0.107376201472053,-0.0445734002443183,-0.453890387156393,1.16189842798485,0.89003783744226,-1.18029468333559,0.611722039829717,1.11574673128727,-0.113860786417039,-0.0382639442739243,-0.759253601238671,1.08838378637757,-0.374494750439731,-1.53432688309958,0.366648420526578,0.443529453395639,-0.048236570436645,-0.0330109162638679,-0.639535815693025,1.33132611434538,-0.513334281189288,-1.73997671328813,0.139152767932202,0.417336179357211,0,-0.0930309953194633,0.527366528655686,1.47858362970634,-0.655851723424326,-1.26160056962335,0.984881732081543,-0.111908222728241,-0.0998707974396848,-0.0692112518235939,0.0739739549704533,1.07863107602188,0.803323473037571,0.41724441800515,1.14027554013895,-0.767532904424768,-0.202993708003753,-0.0191459895266863,-0.303642030474405,0.227875950681732,0.86736609393228,0.466511858146687,-0.0889189552035789,-0.527680489439249,-0.177318504788345
"266",0,0.767805440878689,2.05042341159541,0.757106570942284,-2.32752578498407,-0.992685559626734,-0.381895155034405,-0.135962069060475,-0.0247411626405223,1.64788288183065,0.999757862091843,1.06960504576937,0.37351427217043,-1.33790431039443,-0.540830462877054,-0.1555961886108,-0.0445734002443183,0.122165329449593,-0.417824001774247,0.216694219019643,0.943277984002168,-0.887867319397489,-0.739347781999546,-0.113860786417039,-0.0382639442739243,-0.759253601238671,-1.53139249135053,-0.374494750439731,1.00657188464015,-0.969181688332602,-0.650039470011399,-0.048236570436645,-0.0330109162638679,-0.639535815693025,-0.906604300011301,0.935312461488958,-0.226433662967493,-1.56276425682162,-0.831486854781667,0,-0.0930309953194633,-0.481588184154324,0.247053209518791,1.36287885195866,-0.469598014124647,-1.48080674570224,-0.111908222728241,-0.530402038428285,-0.0692112518235939,1.04245566330703,1.25455753494524,1.64831750165731,1.16729496510292,1.14027554013895,2.47453550505952,-0.202993708003753,-0.0191459895266863,1.76127335410647,2.02941592997334,0.93422270303842,0.904845870642121,1.58965249581285,1.92993680096302,-0.177318504788345
"267",0,-0.346763866306412,0.115841786710785,0.0578262499066152,0.551737763681986,0.975330014615711,-0.416428649433891,-0.135962069060475,-0.0247411626405223,-0.314012775301545,0.082906105558388,-1.54933238550034,-0.131191100456599,0.954850638278565,-0.540830462877054,-0.192481088778088,-0.0445734002443183,-0.741918245459386,-1.62956752949562,-1.12999301782559,0.779926240360802,0.192780516588521,-0.574697546273115,-0.113860786417039,-0.0382639442739243,-0.759253601238671,-1.53139249135053,0.303404642107127,0.0537348467377536,-0.193792892657025,-0.650039470011399,-0.048236570436645,-0.0330109162638679,-0.639535815693025,-1.2263086449194,0.130508715556599,0.426611873194851,0.649727875358349,-0.544774434739172,0,-0.0930309953194633,-0.481588184154324,-0.984477210668762,-1.12171262543579,-0.152796991925168,1.09815083938011,0.34521688350542,-0.0998707974396848,-0.0692112518235939,-0.410266899197836,-0.680633513211668,-1.06907986518079,-0.895344039415955,0.802782297954812,-0.159645077646464,-0.218613467016927,-0.0191459895266863,-0.303642030474405,0.828389277112268,0.704487594782526,0.112658392690295,0.214642163938074,-0.527680489439249,-0.177318504788345
"268",0,-0.346763866306412,-0.0991117271652847,0.757106570942284,0.572250135120626,0.975330014615711,-0.416428649433891,-0.135962069060475,-0.064995348517452,-0.640995384823577,0.999757862091843,-1.66048104972828,-2.23893887943681,0.449905794399818,0.691001767292522,-0.1555961886108,-0.111531751188364,-0.741918245459386,0.92012536432158,-0.624985304008629,-1.18029468333559,0.611722039829717,2.24270958299419,-0.113860786417039,-0.0382639442739243,-0.759253601238671,-0.712712404560498,0.642354338380556,-1.53432688309958,0.700605947741373,0.990313915099158,-0.048236570436645,-0.0330109162638679,-0.639535815693025,-1.2263086449194,0.130508715556599,0.950766487281889,-0.0310389345431809,-0.831486854781667,0,-0.0930309953194633,-0.481588184154324,-0.984477210668762,0.431157047935746,1.27280760797249,-0.793084723013613,-0.797595882078731,-0.0998707974396848,-0.0692112518235939,-0.192906696081786,-0.328780595364958,0.414447281445371,-0.332806129092624,-0.0409508075055244,-0.767532904424768,-0.202993708003753,-0.0191459895266863,-0.313412624730325,0.027704841871553,0.93422270303842,0.112658392690295,-0.472863001999315,-0.527680489439249,-0.177318504788345
"269",0,-0.346763866306412,0.760702328338993,0.757106570942284,0.130704166732751,0.796419507866398,1.63679146148519,-0.135962069060475,-0.0247411626405223,-0.640995384823577,-1.01731600228176,-0.132613806994364,0.290358455339444,1.29148053419773,2.41556688952993,-0.1555961886108,-0.0445734002443183,-0.741918245459386,-1.62956752949562,-1.12999301782559,-0.526887708770123,1.24678870278565,1.11574673128727,-0.113860786417039,-0.0909846830221019,-0.759253601238671,-1.36765647399252,-0.71344444671316,0.688959538672687,0.366648420526578,-0.650039470011399,-0.048236570436645,-0.0330109162638679,-0.639535815693025,0.0110144845945375,1.09627321067543,0.950766487281889,0.479536172882967,-0.831486854781667,0,-0.0930309953194633,-0.145269946550987,0.247053209518791,1.36287885195866,0.322404541374051,-0.867153252426924,-0.797595882078731,-0.0998707974396848,-0.0692112518235939,-0.410266899197836,0.198998781405106,1.19219966462977,-1.27036931296484,-1.55967039733413,-0.767532904424768,-0.202993708003753,-0.0191459895266863,-0.303642030474405,0.628218168302089,0.245017378270736,-2.26390404116519,-1.1603681679367,-0.527680489439249,-0.177318504788345
"270",0,-0.346763866306412,-1.17387929654563,-1.80692127285517,0.773219575117836,0.0223330853908434,-0.416428649433891,-0.135962069060475,-0.0247411626405223,-0.640995384823577,-1.44045722343618,0.0768464655884069,-0.931164684912382,-1.40155863315559,1.9228339974621,0.822837501932791,-0.0445734002443183,-0.741918245459386,-0.26973131945978,0.721701932836606,-1.18029468333559,-0.34087795460418,3.3671840049077,-0.113860786417039,-0.0382639442739243,0.849104702984884,0.924647769019562,0.642354338380556,-0.680560089522859,1.36852100217096,3.45084399276499,-0.048236570436645,-0.0330109162638679,1.52497749734601,1.17147394189133,0.452430213929543,-0.0582622129318667,1.1603029827845,0.0286504053458163,0,-0.0930309953194633,-0.481588184154324,-0.473526207035498,-1.12171262543579,0.164004030274312,0.0665678053471691,-0.797595882078731,-0.0998707974396848,-0.0692112518235939,-0.410266899197836,-1.38433934890509,-1.91880986810783,0.979782328328481,-0.651723572806552,-0.767532904424768,-0.202993708003753,-0.0912709356995593,-0.303642030474405,-1.17332181098952,-1.36312837952053,0.112658392690295,-1.1603681679367,-0.527680489439249,-0.177318504788345
"271",0,-0.346763866306412,0.58830354645048,-0.175267190438608,-2.54900759641992,-0.992685559626734,-0.358386007435361,-0.135962069060475,-0.0247411626405223,1.64788288183065,0.999757862091843,1.06960504576937,-0.552740656252641,-1.40155863315559,-0.540830462877054,-0.1555961886108,0.188762392482701,1.56230462096456,0.24020725930366,0.0483583144139882,0.616574496719437,-1.29347794903808,-0.574697546273115,-0.113860786417039,-0.0382639442739243,-0.115910279549249,-0.876448421918504,-0.205019902303017,0.212541019721487,-1.3031392155474,-0.650039470011399,-0.048236570436645,-0.0330109162638679,-0.639535815693025,-1.06645647246535,0.774351712302486,-1.23546236318125,-1.56276425682162,-0.885959895189944,0,-0.0930309953194633,-0.481588184154324,0.400994512042235,0.741730982610052,-1.26160056962335,-1.48080674570224,-0.797595882078731,-0.0998707974396848,-0.0692112518235939,-0.410266899197836,1.07863107602188,1.19219966462977,-0.396847197038737,0.802782297954812,0.650872024724607,-0.202993708003753,-0.0191459895266863,-0.390366387075562,0.42804705949191,0.0152822700148413,0.112658392690295,1.4177762043285,1.92993680096302,-0.177318504788345
"272",0,-0.346763866306412,2.05042341159541,0.990200011287507,0.994701386553687,0.975330014615711,0.463522826674285,-0.262479519871634,-0.0247411626405223,-0.640995384823577,0.082906105558388,-1.1641017596378,-0.763515434150662,0.786535690318983,2.66193333556384,-0.1555961886108,-0.0445734002443183,-0.741918245459386,-1.62956752949562,-1.12999301782559,-0.363535965128757,1.08802203704667,1.11574673128727,-0.113860786417039,-0.0382639442739243,-0.759253601238671,-1.20392045663452,0.303404642107127,1.00657188464015,-0.134287870295615,-0.650039470011399,-0.048236570436645,-0.0330109162638679,-0.639535815693025,-0.746752127557253,1.09627321067543,0.950766487281889,0.649727875358349,-0.544774434739172,0,-0.0930309953194633,-0.481588184154324,-0.984477210668762,-1.12171262543579,0.00560351917457189,1.27008134505226,-0.340470775845071,-0.0998707974396848,-0.0692112518235939,-0.410266899197836,1.07863107602188,0.414447281445371,0.979782328328481,0.29654243467861,-0.767532904424768,-0.202993708003753,-0.0191459895266863,-0.19484475303183,1.02856038592245,-0.673923054752843,-1.07562282423745,-1.1603681679367,-0.82295370231614,-0.177318504788345
"273",0,-0.298557783769627,0.545748814462924,0.0578262499066152,0.994701386553687,1.86988254836228,0.17020566797156,-0.135962069060475,-0.0247411626405223,-0.314012775301545,0.999757862091843,0.573225755678888,0.501133233237465,1.43813192316293,-0.294464016843139,-0.1555961886108,-0.0445734002443183,-0.741918245459386,-1.11962895073218,-1.12999301782559,0.12651926579534,0.929255371307683,-0.574697546273115,-0.113860786417039,-0.0382639442739243,-0.759253601238671,-0.712712404560498,1.1507788827907,1.00657188464015,1.36852100217096,0.404416150879642,-0.048236570436645,-0.0330109162638679,-0.639535815693025,-0.107343437741059,1.09627321067543,0.782595037246263,0.819919577833732,1.46221250555829,0,-0.0930309953194633,-0.481588184154324,-0.830535908145318,1.05230491728436,-0.23408298696501,-1.48080674570224,-0.797595882078731,-0.0998707974396848,-0.239592176467944,-0.410266899197836,-0.504707054288313,1.19219966462977,-1.45788194973929,-1.55967039733413,-0.932513309181987,-0.202993708003753,-0.0191459895266863,-0.303642030474405,1.02856038592245,-0.214452838241053,-2.26390404116519,-1.10889442396636,-0.527680489439249,-0.177318504788345
"274",0,-0.346763866306412,0.760702328338993,0.0578262499066152,0.108774140810285,-0.813775052877421,-0.416428649433891,-0.135962069060475,-0.0247411626405223,1.32090027230862,0.633017159478461,-1.66048104972828,-0.34196587835462,0.449905794399818,0.198268875224692,-0.1555961886108,-0.0445734002443183,1.00099070851464,0.731598318421017,0.385030123625297,1.2699814712849,0.135422042612768,-0.292956833346385,-0.113860786417039,-0.0382639442739243,0.0918139234841851,1.08838378637757,0.811829186517271,-1.21671453713211,-1.3031392155474,-0.650039470011399,-0.048236570436645,-0.0330109162638679,-0.639535815693025,1.01162176943728,0.452430213929543,0.614423587210637,-1.22238085187086,-0.831486854781667,0,-0.0930309953194633,0.19104829105235,0.862818419612568,-1.12171262543579,0.164004030274312,0.601930781243557,-0.567885100129907,-0.0998707974396848,-0.104037403466484,-0.410266899197836,1.25455753494524,-1.72437177231173,-0.707831402641512,0.802782297954812,-0.767532904424768,-0.202993708003753,-0.0191459895266863,-0.303642030474405,0.027704841871553,0.474752486526631,0.706799001154165,-0.644739293483662,-0.527680489439249,-0.177318504788345
"275",0,-0.346763866306412,0.518237901872751,0.990200011287507,-0.334189482061415,-0.619345469602215,-0.416428649433891,-0.135962069060475,-0.0247411626405223,2.30184810087471,0.999757862091843,-0.667722469547314,1.13345756693153,-0.527706152994133,-0.540830462877054,-0.1555961886108,0.489056536153766,3.8665274873885,-0.0997517932053001,-0.624985304008629,1.43333321492626,-0.499644620343163,-0.574697546273115,-0.113860786417039,-0.0382639442739243,0.205761381295462,-0.548976387202492,0.0214171776789757,0.939726713793776,0.366648420526578,-0.650039470011399,-0.048236570436645,-0.0330109162638679,-0.639535815693025,-1.06645647246535,0.130508715556599,-0.226433662967493,0.990111280309114,1.46221250555829,0,-0.0930309953194633,-0.481588184154324,-0.984477210668762,-1.12171262543579,-1.26160056962335,0.0665678053471691,2.63084241467372,-0.0998707974396848,-0.0692112518235939,-0.410266899197836,-0.856559972135023,-0.16886700594293,-1.45788194973929,0.634035676862745,1.66401840268845,0.0535592882773912,-0.0191459895266863,-0.303642030474405,0.244677052650285,0.93422270303842,0.904845870642121,1.4177762043285,0.455366426721658,-0.177318504788345
"276",0,-0.0485840963696789,-0.314065241041354,-0.408360630783831,0.551737763681986,-0.455954039378794,-0.416428649433891,-0.135962069060475,-0.0247411626405223,1.32090027230862,0.633017159478461,-0.915912114592555,-0.191537458872528,1.12316558623815,-0.540830462877054,-0.1555961886108,-0.0445734002443183,1.56230462096456,-0.26973131945978,-1.12999301782559,-0.0368324778460259,0.929255371307683,-0.574697546273115,-0.113860786417039,-0.0382639442739243,0.205761381295462,0.760911751661556,0.376092113739035,-0.561602499593229,-0.969181688332602,-0.650039470011399,-0.048236570436645,-0.0330109162638679,-0.33031962811602,1.17147394189133,0.935312461488958,-0.394605113003119,-1.56276425682162,-0.831486854781667,0,-0.0930309953194633,0.527366528655686,1.01675972213601,-0.0645421626349834,0.322404541374051,0.238498311019326,-0.797595882078731,-0.0998707974396848,-0.0222853638645278,-0.410266899197836,0.550851699251816,-1.33549558071953,-1.64539458651373,0.302719336769457,-0.159645077646464,-0.202993708003753,-0.0191459895266863,-0.303642030474405,-0.572808484558983,0.0152822700148413,0.310705262178251,1.24589991284416,0.286299356644453,-0.488288892401124
"277",0,-0.346763866306412,1.4055628699672,0.290919690251838,-0.555671293497266,-0.634864546128108,-0.416428649433891,-0.135962069060475,-0.0247411626405223,0.33995244374252,0.999757862091843,1.06960504576937,-0.563980403386084,-0.223353997438511,-0.540830462877054,-0.1555961886108,-0.0445734002443183,-0.1658625288534,1.09010489057606,-0.28831349479732,-1.18029468333559,-1.29347794903808,-0.574697546273115,-0.113860786417039,-0.0382639442739243,-0.759253601238671,0.760911751661556,1.1507788827907,0.688959538672687,-0.534820672879334,-0.650039470011399,-0.048236570436645,-0.0330109162638679,-1.02294988336752,-1.06645647246535,-0.835255779562232,-0.0582622129318667,0.990111280309114,0.0286504053458163,0,-0.0930309953194633,-0.481588184154324,-0.984477210668762,-1.12171262543579,-1.26160056962335,0.0665678053471691,1.94515475532323,-0.0998707974396848,-0.137347011463939,0.384491937722088,0.902704617098525,0.414447281445371,0.41724441800515,0.634035676862745,1.86664767828122,-0.202993708003753,-0.0191459895266863,-0.303642030474405,0.027704841871553,0.0152822700148413,0.508752131666208,1.24589991284416,0.701128155761885,-0.177318504788345
"278",0,-0.346763866306412,0.330795300586854,0.224698916471468,-0.777153104933116,-0.992685559626734,-0.416428649433891,-0.135962069060475,-0.0247411626405223,-0.640995384823577,0.44964680817177,1.06960504576937,1.13345756693153,-0.012680803747741,-0.869127284287,-0.1555961886108,-0.0445734002443183,0.410193187752585,1.09010489057606,0.0483583144139882,0.616574496719437,0.815199000746352,-0.574697546273115,-0.113860786417039,0.0960485539139038,1.17077636382959,0.433439716945544,-1.56081868739673,-0.920567169923663,1.03456347495617,0.990313915099158,-0.048236570436645,-0.0330109162638679,1.83419368492302,0.778582248022825,-1.47909877630812,-1.73997671328813,0.819919577833732,1.46221250555829,0,-0.0930309953194633,1.87263947906903,1.01675972213601,-1.12171262543579,-0.311197503024907,1.09815083938011,0.80234198973908,-0.0998707974396848,-0.0692112518235939,1.52669651747532,1.05083376555224,0.56195319670975,1.16729496510292,1.14027554013895,-0.564903628832,-0.202993708003753,-0.0191459895266863,-0.303642030474405,0.227875950681732,0.474752486526631,-0.877575954749489,-1.1603681679367,-0.527680489439249,-0.177318504788345
"279",0,1.88237474806379,1.19060935609113,0.524013130597061,-1.66308035067652,-0.992685559626734,-0.330954052064537,-0.135962069060475,-0.0247411626405223,-0.640995384823577,-0.0434884518172377,0.325036110633647,1.13345756693153,-0.728298841317257,-0.540830462877054,-0.1555961886108,-0.0445734002443183,-0.741918245459386,-1.62956752949562,0.53910987215069,1.43333321492626,-0.817177951821129,-0.574697546273115,-0.113860786417039,-0.0382639442739243,-0.759253601238671,-1.53139249135053,0.303404642107127,0.37134719270522,-1.3031392155474,-0.650039470011399,-0.049335153206293,-0.0330109162638679,-0.639535815693025,-0.586899955103205,1.09627321067543,-0.391207956834272,-1.54480698999815,-0.831486854781667,0,-0.0930309953194633,-0.145269946550987,1.3246423271829,0.741730982610052,-1.26160056962335,-1.48080674570224,-0.797595882078731,-0.0998707974396848,-0.0692112518235939,2.01093737164361,1.43048399386859,0.0255710898531705,-0.332806129092624,0.29654243467861,0.0951690693647606,-0.202993708003753,-0.0191459895266863,1.76127335410647,1.62907371235298,0.294073420537011,0.310705262178251,0.386518455422421,0.701128155761885,-0.177318504788345
"280",0,-0.346763866306412,0.115841786710785,0.0578262499066152,0.108774140810285,-0.813775052877421,-0.416428649433891,-0.135962069060475,-0.0247411626405223,0.666935053264552,0.999757862091843,-0.915912114592555,0.501133233237465,-0.223353997438511,-0.540830462877054,-0.1555961886108,-0.0445734002443183,0.698221046055578,0.0702277330491799,-1.12999301782559,0.616574496719437,-0.0233446231262145,-0.574697546273115,-0.113860786417039,-0.0909846830221019,-0.759253601238671,-1.53139249135053,-1.56081868739673,0.688959538672687,-0.802202924725205,-0.650039470011399,-0.048236570436645,-0.0330109162638679,-0.639535815693025,-1.2263086449194,-1.47909877630812,0.0877408704372742,-0.201230637018563,-0.831486854781667,0,-0.062598980572105,-0.481588184154324,-0.984477210668762,-1.12171262543579,-0.786399036324126,0.926220333707951,-0.340470775845071,-0.0998707974396848,-0.0692112518235939,-0.410266899197836,-0.16342135494487,-0.16886700594293,-1.0828566761904,0.29654243467861,0.650872024724607,-0.202993708003753,-0.0191459895266863,-0.303642030474405,0.227875950681732,0.0152822700148413,0.112658392690295,1.07402362135981,0.953419331634153,-0.177318504788345
"281",0,-0.346763866306412,0.115841786710785,0.524013130597061,-0.612591326141015,-0.813775052877421,-0.455908847286193,-0.135962069060475,-0.0247411626405223,-0.640995384823577,0.082906105558388,-0.284156226888312,-1.39583976784473,-1.40155863315559,-0.679642366386343,-0.1555961886108,-0.0445734002443183,-0.741918245459386,0.92012536432158,0.127005735161154,-0.526887708770123,-1.13471128329909,-0.574697546273115,-0.113860786417039,-0.0382639442739243,-0.759253601238671,0.59717573430355,0.642354338380556,0.688959538672687,0.700605947741373,-0.376647239159639,-0.048236570436645,-0.0330109162638679,-0.639535815693025,-1.2263086449194,-1.47909877630812,-1.73997671328813,0.139152767932202,2.03563734564328,0,-0.0930309953194633,-0.481588184154324,-0.984477210668762,-1.12171262543579,-1.26160056962335,-0.793084723013613,2.40227986155689,0.0575511348335956,-0.0692112518235939,-0.423418707184467,-1.38433934890509,-1.52993367651563,-1.52088086613109,-0.0409508075055244,2.06927695387398,-0.202993708003753,-0.0191459895266863,-0.303642030474405,0.027704841871553,0.669936950455712,0.904845870642121,1.58965249581285,0.946889884802112,-0.177318504788345
"282",0,-0.346763866306412,-1.17387929654563,0.524013130597061,0.773219575117836,-0.455954039378794,-0.416428649433891,-0.135962069060475,-0.0247411626405223,-0.930346165693964,-0.60637368934316,1.06960504576937,-0.34196587835462,-1.06492873723642,-0.540830462877054,-0.1555961886108,-0.0445734002443183,-0.741918245459386,0.539110725832303,0.89003783744226,-1.18029468333559,-1.29347794903808,-0.574697546273115,-0.113860786417039,-0.0382639442739243,-0.115910279549249,1.08838378637757,-0.374494750439731,-1.53432688309958,-1.3031392155474,-0.650039470011399,-0.049335153206293,-0.0330109162638679,1.52497749734601,1.33132611434538,1.09627321067543,0.278080687139385,-1.22238085187086,-0.831486854781667,0,-0.0930309953194633,0.349960287188258,1.3246423271829,0.12058311326144,0.164004030274312,1.09815083938011,-0.128413412997093,-0.0998707974396848,-0.0692112518235939,-0.410266899197836,0.198998781405106,-0.301328616839448,-0.520318765867068,1.14027554013895,-0.159645077646464,-0.202993708003753,-0.0191459895266863,-0.303642030474405,-1.17332181098952,0.0152822700148413,0.904845870642121,1.24589991284416,-0.281918760399022,-0.177318504788345
"283",0,-0.346763866306412,-0.314065241041354,0.524013130597061,0.108774140810285,0.259687987618459,-0.123111490731166,-0.135962069060475,-0.0247411626405223,0.892507531920354,0.44964680817177,-0.667722469547314,-0.763515434150662,1.29148053419773,0.0748785682959413,-0.1555961886108,-0.0445734002443183,2.71441605417653,0.41018678555814,-1.12999301782559,0.289871009436705,1.08802203704667,-0.292956833346385,-0.113860786417039,-0.0382639442739243,0.205761381295462,1.08838378637757,0.133929793970413,0.847765711656421,-0.301266633903012,-0.650039470011399,-0.0885116476043009,-0.0330109162638679,-0.639535815693025,-0.257588710590691,1.09627321067543,0.950766487281889,-1.05218914939548,-0.831486854781667,0,-0.0930309953194633,-0.481588184154324,-0.214770698051542,0.897017949947205,-0.469598014124647,1.09815083938011,0.209861258420798,-0.0998707974396848,-0.0692112518235939,-0.410266899197836,0.0230723224817513,-0.36330510173903,-0.520318765867068,0.740819082470995,0.0429841979463036,-0.202993708003753,-0.0191459895266863,-0.303642030474405,-0.572808484558983,0.704487594782526,0.904845870642121,0.386518455422421,-0.527680489439249,-0.177318504788345
"284",0,0.767805440878689,1.19060935609113,0.990200011287507,0.994701386553687,1.69097204161296,-0.123111490731166,-0.135962069060475,-0.0247411626405223,0.457781981276742,0.816387510785152,-1.80264730763702,-0.131191100456599,1.29148053419773,0.198268875224692,-0.120929748552712,-0.0445734002443183,-0.741918245459386,-1.62956752949562,-0.456649399402975,1.43333321492626,0.809024791683856,-0.574697546273115,-0.113860786417039,-0.0382639442739243,-0.759253601238671,-1.53139249135053,-0.71344444671316,0.847765711656421,0.366648420526578,-0.650039470011399,-0.048236570436645,-0.0330109162638679,-0.920541778560188,-1.2263086449194,-1.47909877630812,-1.23546236318125,1.1603029827845,1.46221250555829,0,-0.0930309953194633,-0.481588184154324,-0.732071657728419,-1.12171262543579,-1.26160056962335,0.410428816691482,2.17371730844006,-0.0998707974396848,-0.0692112518235939,1.52669651747532,0.550851699251816,-0.646855444463784,-1.64539458651373,0.29654243467861,2.06927695387398,0.19140180181714,-0.0191459895266863,0.728815661816031,1.4289026035428,0.93422270303842,0.904845870642121,1.74993206686972,0.946889884802112,-0.177318504788345
"285",0,4.11151336243399,2.26537692547148,0.990200011287507,0.994701386553687,1.86988254836228,1.34347430278246,-0.135962069060475,-0.0247411626405223,0.33995244374252,0.082906105558388,-0.915912114592555,0.711908011135486,1.12316558623815,-0.0480975708092236,-0.1555961886108,-0.0152492710856271,-1.0724003815515,-1.62956752949562,-1.12999301782559,1.2699814712849,-0.182111288865197,-0.574697546273115,-0.113860786417039,-0.0382639442739243,-0.759253601238671,-1.20392045663452,-0.374494750439731,1.03670254972579,0.032690893311783,0.17013722254388,-0.048236570436645,-0.0330109162638679,1.52497749734601,1.33132611434538,1.09627321067543,0.950766487281889,1.1603029827845,2.32234976568577,0,-0.0930309953194633,-0.145269946550987,0.400994512042235,1.36287885195866,-0.786399036324126,-1.48080674570224,-0.797595882078731,-0.0998707974396848,-0.0692112518235939,-0.410266899197836,0.902704617098525,0.526011856403628,-1.83290722328817,-1.55967039733413,-0.767532904424768,-0.202993708003753,-0.0191459895266863,5.89110412326821,1.82924482116316,-1.82259859603232,-2.26390404116519,-1.1603681679367,-0.527680489439249,-0.177318504788345
"286",0,1.88237474806379,1.4055628699672,0.990200011287507,0.773219575117836,0.438598494367772,-0.416428649433891,-0.135962069060475,-0.0247411626405223,3.60977853896284,0.999757862091843,0.325036110633647,-0.552740656252641,-0.125351941810372,-0.0480975708092236,-0.1555961886108,-0.0445734002443183,3.8665274873885,0.58016631181262,-0.961657113219938,-1.18029468333559,-1.29347794903808,-0.180108588064649,-0.113860786417039,-0.0382639442739243,2.13579134636373,1.4099077051272,0.642354338380556,-0.0995715723799331,-1.3031392155474,-0.650039470011399,-0.048236570436645,-0.0330109162638679,-0.33031962811602,0.532065252075134,0.613390963116015,0.614423587210637,-1.22238085187086,-0.831486854781667,0,-0.0930309953194633,-0.481588184154324,-0.984477210668762,-1.12171262543579,1.27280760797249,-0.105362700324987,-0.797595882078731,-0.118201927799397,-0.0692112518235939,-0.410266899197836,-0.856559972135023,0.220009185649271,1.16729496510292,-0.715937291873794,-0.767532904424768,-0.202993708003753,-0.0191459895266863,-0.303642030474405,1.62907371235298,0.93422270303842,-0.283435346285619,-0.988491876452356,-0.527680489439249,-0.0613763968797046
"287",0,4.11151336243399,2.05042341159541,0.990200011287507,0.994701386553687,1.15424052136502,-0.123111490731166,-0.135962069060475,0.240850768220063,2.26482087429167,0.44964680817177,-1.66048104972828,-1.1850649899467,1.29148053419773,1.43010110539427,-0.1555961886108,0.151225624523817,1.27427676266156,-1.11962895073218,-1.12999301782559,0.453222753078071,1.24678870278565,0.552265305433806,-0.113860786417039,-0.0382639442739243,-0.759253601238671,-1.36765647399252,0.327720498068916,1.00657188464015,0.366648420526578,-0.650039470011399,-0.048236570436645,-0.0330109162638679,-0.639535815693025,-0.107343437741059,1.09627321067543,-0.0582622129318667,-1.56276425682162,-0.831486854781667,0,-0.0930309953194633,-0.481588184154324,-0.830535908145318,0.280581140564867,1.27280760797249,-0.4492237116693,-0.797595882078731,-0.0998707974396848,-0.0692112518235939,1.04245566330703,0.0230723224817513,-0.180305364328885,1.16729496510292,-0.254823768749937,-0.767532904424768,-0.202993708003753,-0.0191459895266863,4.85864643097778,2.02941592997334,1.13181580275509,0.112658392690295,-0.236902387563267,-0.241562788899184,-0.177318504788345
"288",0,-0.346763866306412,0.330795300586854,0.757106570942284,-1.22011672780482,-0.992685559626734,-0.416428649433891,-0.135962069060475,-0.0247411626405223,-0.640995384823577,-1.01731600228176,-0.915912114592555,0.711908011135486,-0.223353997438511,-0.540830462877054,-0.1555961886108,-0.0445734002443183,-1.06148848199614,-0.43971084571426,-0.793321208614283,-0.526887708770123,0.506803814640189,-0.0112161204196545,-0.113860786417039,-0.0382639442739243,-0.759253601238671,0.295498322434149,-1.05239414298659,-1.53432688309958,0.700605947741373,0.443529453395639,-0.048236570436645,-0.0330109162638679,-0.0211034405390152,1.33132611434538,-1.47909877630812,-1.5718052632525,0.819919577833732,0.602075245430805,0,-0.0930309953194633,1.20000300386236,1.01675972213601,-1.12171262543579,-0.152796991925168,1.27008134505226,-0.111908222728241,-0.0998707974396848,-0.0692112518235939,0.0739739549704533,1.43048399386859,-0.16886700594293,0.979782328328481,0.634035676862745,-0.767532904424768,-0.202993708003753,-0.0721480760967669,-0.303642030474405,0.628218168302089,0.704487594782526,-0.283435346285619,-0.988491876452356,-0.527680489439249,-0.177318504788345
"289",0,-0.346763866306412,-0.529018754917424,0.990200011287507,0.551737763681986,-0.455954039378794,-0.416428649433891,-0.135962069060475,-0.0247411626405223,-0.640995384823577,-0.833945650975067,1.06960504576937,1.13345756693153,-0.559983893357675,-0.540830462877054,-0.1555961886108,-0.0445734002443183,-0.741918245459386,0.41018678555814,1.56338145586488,0.403411833884838,-0.907808120299151,-0.574697546273115,-0.113860786417039,-0.0382639442739243,-0.759253601238671,1.08838378637757,1.1507788827907,-0.740296018180913,-1.3031392155474,-0.650039470011399,-0.048236570436645,-0.0330109162638679,-0.0211034405390152,1.33132611434538,1.09627321067543,-1.5718052632525,-1.56276425682162,-0.831486854781667,0,-0.0930309953194633,-0.145269946550987,1.47858362970634,1.36287885195866,-1.10320005852361,-1.48080674570224,-0.813843291868849,-0.0998707974396848,-0.0692112518235939,-0.410266899197836,0.902704617098525,1.19219966462977,-1.64539458651373,-1.55967039733413,-0.767532904424768,-0.202993708003753,-0.0191459895266863,-0.303642030474405,-0.109096188096742,0.704487594782526,-2.26390404116519,-1.1603681679367,-0.527680489439249,-0.177318504788345
"290",0,-0.346763866306412,-1.17387929654563,-1.34073439216472,0.330255952246136,-0.455954039378794,-0.416428649433891,-0.135962069060475,-0.0247411626405223,-0.640995384823577,-1.20068635358845,1.06960504576937,0.501133233237465,-1.233243685196,-0.540830462877054,-0.160598840872727,-0.0445734002443183,-0.741918245459386,0.58016631181262,0.721701932836606,-1.01694293969422,-1.29347794903808,-0.574697546273115,-0.113860786417039,0.0648763477579032,0.849104702984884,0.924647769019562,-1.39134383926002,-1.53432688309958,-1.3031392155474,-0.650039470011399,-0.048236570436645,-0.0330109162638679,0.906545122192,0.851769596983231,-1.47909877630812,-1.73997671328813,-1.56276425682162,-0.831486854781667,0,-0.0930309953194633,0.19104829105235,1.47858362970634,0.431157047935746,1.27280760797249,0.754289828035795,-0.111908222728241,-0.0998707974396848,-0.0692112518235939,-0.410266899197836,0.550851699251816,1.19219966462977,0.759013047458305,1.14027554013895,2.27190622946675,-0.202993708003753,-0.0191459895266863,-0.303642030474405,-0.97315070217934,-0.903658163008738,0.310705262178251,1.07402362135981,1.68417507192279,-0.177318504788345
"291",0,-0.346763866306412,-0.529018754917424,0.757106570942284,0.994701386553687,1.86988254836228,1.34347430278246,-0.135962069060475,-0.064995348517452,-0.640995384823577,0.082906105558388,0.821415400724128,0.290358455339444,1.29148053419773,-0.0480975708092236,-0.1555961886108,-0.0445734002443183,-0.757654926067468,-0.88075091324577,-1.12999301782559,0.616574496719437,0.7704887055687,-0.574697546273115,-0.113860786417039,-0.0382639442739243,-1.0660019693238,-0.876448421918504,-0.0800232833093989,1.00657188464015,0.032690893311783,-0.10325500830788,-0.048236570436645,-0.0330109162638679,-0.639535815693025,1.01162176943728,1.09627321067543,0.950766487281889,1.1603029827845,2.03563734564328,0,-0.0930309953194633,-0.481588184154324,-0.52265330309843,0.897017949947205,0.63920556357353,-0.4492237116693,-0.569033328961901,-0.0998707974396848,-0.0692112518235939,-0.410266899197836,-1.20841288998173,1.19219966462977,-0.707831402641512,-1.55967039733413,-0.861506230789001,-0.202993708003753,-0.0191459895266863,-0.303642030474405,0.227875950681732,0.472792043942818,-1.86781030218927,-1.1603681679367,-0.674284184219561,-0.177318504788345
"292",0,-0.282506928850213,0.330795300586854,0.863776180620856,-0.334189482061415,-0.992685559626734,-0.416428649433891,-0.135962069060475,-0.0247411626405223,0.0129698342204877,0.999757862091843,-0.667722469547314,0.711908011135486,-0.523947647660033,-0.540830462877054,-0.1555961886108,-0.0445734002443183,0.698221046055578,-0.0997517932053001,-1.12999301782559,0.12651926579534,-0.658411286082146,-0.574697546273115,-0.113860786417039,-0.0382639442739243,-0.115910279549249,0.105967682229532,-1.56081868739673,0.530153365688954,-1.13616045194,-0.650039470011399,-0.048236570436645,-0.0330109162638679,-0.639535815693025,-1.2263086449194,-0.0304520336298728,0.278080687139385,-1.56276425682162,-0.831486854781667,0,-0.0930309953194633,-0.481588184154324,0.230913235589931,1.20759188462151,-1.10320005852361,-1.48080674570224,-0.797595882078731,-0.0998707974396848,-0.0692112518235939,-0.410266899197836,1.43048399386859,-0.55774319753513,-1.0828566761904,-0.884683912965861,-0.362274353239232,-0.202993708003753,-0.0191459895266863,-0.303642030474405,0.628218168302089,0.93422270303842,0.508752131666208,0.902147329875462,0.946889884802112,-0.177318504788345
"293",0,-0.346763866306412,-1.17387929654563,-2.04001471320039,-0.334189482061415,1.69097204161296,2.22342577889064,3.57357020321637,-0.0247411626405223,-1.13298571145217,-1.56742705620183,0.821415400724128,-0.763515434150662,0.113275898480654,3.2930366786087,5.71500595465075,-0.0445734002443183,-0.725565220694938,0.24020725930366,0.526570344933786,-1.18029468333559,0.294188708351751,3.93315386055457,2.19433177352249,-0.0382639442739243,-0.43758194039396,0.924647769019562,0.811829186517271,1.00657188464015,1.36852100217096,1.26370614595092,-0.048236570436645,-0.0330109162638679,-0.639535815693025,-0.427047782649156,-0.352373532002817,-1.40363381321687,0.819919577833732,-0.258062014696678,0,-0.0930309953194633,-0.481588184154324,-0.984477210668762,-0.667064332658498,0.322404541374051,-0.4492237116693,-0.797595882078731,-0.0998707974396848,-0.0692112518235939,-0.410266899197836,-1.38433934890509,-1.72437177231173,0.979782328328481,-1.55967039733413,-0.767532904424768,-0.202993708003753,-0.0191459895266863,-0.303642030474405,-1.17332181098952,-1.13339327126463,-0.481482215773575,-1.1603681679367,-0.527680489439249,-0.177318504788345
"294",0,-0.346763866306412,-0.314065241041354,0.524013130597061,0.994701386553687,0.796419507866398,-0.416428649433891,-0.135962069060475,-0.0247411626405223,-0.640995384823577,0.44964680817177,-0.915912114592555,0.0795836774414227,1.12316558623815,-0.540830462877054,-0.1555961886108,-0.0445734002443183,-0.741918245459386,-1.45958800324114,-1.12999301782559,0.12651926579534,0.452955374090734,-0.574697546273115,-0.113860786417039,-0.0382639442739243,-0.759253601238671,-1.53139249135053,-1.56081868739673,0.530153365688954,-0.134287870295615,-0.650039470011399,-0.048236570436645,-0.0745226606826991,-0.509993794070621,-0.586899955103205,-0.191412782816345,0.950766487281889,-0.0310389345431809,-0.544774434739172,0,-0.235993707475431,-0.481588184154324,-0.355671103849499,1.36287885195866,1.11440709687275,0.238498311019326,-0.569033328961901,-0.0975713215803073,-0.0692112518235939,-0.410266899197836,-0.476383999755138,0.997761568833671,-1.64539458651373,-1.55967039733413,-0.767532904424768,-0.202993708003753,-0.0191459895266863,-0.303642030474405,0.027704841871553,0.474752486526631,-2.26390404116519,-1.1603681679367,-0.527680489439249,-0.177318504788345
"295",0,0.767805440878689,1.19060935609113,0.0578262499066152,0.108774140810285,1.33315102811434,0.17020566797156,-0.135962069060475,-0.0247411626405223,1.64788288183065,0.999757862091843,-0.667722469547314,-0.552740656252641,-0.0550390494789284,-0.0480975708092236,-0.1555961886108,-0.0445734002443183,1.27427676266156,0.7501458380671,0.216694219019643,0.12651926579534,-0.119880975411202,-0.574697546273115,-0.113860786417039,-0.0382639442739243,0.205761381295462,0.924647769019562,0.303404642107127,0.212541019721487,0.867584711348771,-0.650039470011399,-0.048236570436645,-0.0330109162638679,-0.871088754212219,-1.2263086449194,-1.56837723376175,-1.06729091314562,1.1603029827845,-0.831486854781667,0,-0.0930309953194633,-0.481588184154324,-0.984477210668762,-1.12171262543579,0.164004030274312,0.754289828035795,-0.797595882078731,-0.0998707974396848,-0.0692112518235939,-0.410266899197836,-1.03248643105838,0.220009185649271,-0.0849278063845898,-0.884683912965861,-0.767532904424768,-0.202993708003753,-0.0191459895266863,-0.303642030474405,1.22873149473262,-0.673923054752843,-2.06585717167723,-1.1603681679367,-0.527680489439249,-0.177318504788345
"296",0,-0.346763866306412,-0.529018754917424,0.524013130597061,0.994701386553687,0.975330014615711,-0.416428649433891,-0.135962069060475,-0.0247411626405223,0.0129698342204877,0.816387510785152,0.325036110633647,0.711908011135486,0.786535690318983,-0.540830462877054,-0.1555961886108,-0.0445734002443183,-0.741918245459386,-0.9496494244777,-1.12999301782559,0.12651926579534,0.929255371307683,0.834006018360537,-0.113860786417039,-0.0382639442739243,-0.759253601238671,-0.712712404560498,0.642354338380556,1.00657188464015,1.36852100217096,3.17745176191323,-0.048236570436645,-0.0330109162638679,-0.639535815693025,0.691917424529183,0.935312461488958,0.950766487281889,-0.0310389345431809,1.0823350338082,0,-0.21581449827063,-0.481588184154324,-0.830535908145318,0.275870080598593,0.79760607467327,-1.48080674570224,-0.797595882078731,-0.0998707974396848,-0.0692112518235939,-0.410266899197836,-1.38433934890509,1.19219966462977,-0.707831402641512,-1.55967039733413,-0.767532904424768,-0.202993708003753,-0.0191459895266863,-0.303642030474405,-0.372637375748804,0.245017378270736,-2.26390404116519,-1.1603681679367,-0.527680489439249,-0.177318504788345
"297",0,-0.346763866306412,1.19060935609113,0.377131203568719,0.994701386553687,0.796419507866398,0.988576092482542,-0.135962069060475,-0.0247411626405223,1.97486549135268,0.999757862091843,-0.419532824502074,-0.552740656252641,0.281590846440236,0.937368213326437,-0.1555961886108,-0.0445734002443183,3.29047177078251,-0.43971084571426,-1.12999301782559,-1.18029468333559,-1.29347794903808,-0.574697546273115,-0.113860786417039,-0.0382639442739243,2.13579134636373,0.760911751661556,-1.56081868739673,-1.53432688309958,-1.3031392155474,-0.650039470011399,-0.048236570436645,-0.0330109162638679,-0.0211034405390152,1.17147394189133,0.130508715556599,-1.73997671328813,-1.33380047940154,-0.831486854781667,0,-0.0930309953194633,-0.481588184154324,-0.676594605621874,1.20759188462151,0.63920556357353,-1.48080674570224,-0.797595882078731,-0.0998707974396848,-0.0692112518235939,1.04245566330703,0.550851699251816,0.0255710898531705,1.16729496510292,-1.39092377624206,-0.767532904424768,-0.202993708003753,-0.0191459895266863,0.728815661816031,1.02856038592245,0.93422270303842,0.904845870642121,-0.816615584968009,-0.527680489439249,-0.177318504788345
"298",0,-0.346763866306412,-0.743972268793493,0.290919690251838,0.137882891114142,-0.455954039378794,-0.416428649433891,-0.181026740961271,-0.0247411626405223,-0.640995384823577,0.082906105558388,0.0768464655884069,0.290358455339444,0.618220742359401,-0.540830462877054,-0.1555961886108,-0.0445734002443183,-0.1658625288534,0.92012536432158,-1.12999301782559,-1.01694293969422,1.08802203704667,0.552265305433806,-0.113860786417039,-0.0382639442739243,1.49244802467431,-0.057768335128474,-1.56081868739673,-1.53432688309958,0.867584711348771,0.716921684247398,-0.048236570436645,-0.0330109162638679,1.21576130976901,0.532065252075134,-1.47909877630812,-1.73997671328813,0.309344470407584,1.46221250555829,0,-0.0930309953194633,0.979380027359139,0.862818419612568,-1.12171262543579,-1.26160056962335,0.728163223324831,0.116654330388589,-0.0415342875267795,-0.0692112518235939,0.362104820160122,1.25455753494524,-0.364797001588766,-0.332806129092624,0.971528919046879,-0.449397439539861,-0.202993708003753,-0.0191459895266863,-0.303642030474405,-0.172466266938626,0.704487594782526,-0.00135275085706424,-0.816615584968009,-0.527680489439249,-0.177318504788345
"299",0,-0.346763866306412,-0.958925782669563,0.290919690251838,0.773219575117836,-0.0981330258801679,-0.416428649433891,-0.135962069060475,-0.0247411626405223,-0.640995384823577,-0.100464245748303,0.821415400724128,-0.552740656252641,-0.391668945398093,-0.540830462877054,-0.1555961886108,-0.0445734002443183,-0.1658625288534,0.75205399400494,-0.119977590191666,-1.18029468333559,-1.29347794903808,-0.536928163166557,-0.113860786417039,-0.0382639442739243,0.527433042140173,0.421782458372783,-1.39134383926002,-0.899102191164647,-1.3031392155474,-0.650039470011399,-0.048236570436645,-0.0330109162638679,0.906545122192,0.851769596983231,-0.996216528748704,0.950766487281889,0.309344470407584,-0.544774434739172,0,-0.0930309953194633,-0.481588184154324,1.3246423271829,-0.966425658098632,-0.469598014124647,1.09815083938011,0.34521688350542,-0.0998707974396848,-0.0692112518235939,-0.354211520456755,0.550851699251816,0.414447281445371,-0.332806129092624,1.14027554013895,0.44824274913184,-0.202993708003753,-0.0191459895266863,-0.303642030474405,-1.17332181098952,-0.444187946496948,0.904845870642121,0.341055235165675,-0.527680489439249,-0.177318504788345
"300",0,-0.346763866306412,-1.0663315167862,-2.73929503423606,-1.44159853924067,1.33315102811434,0.463522826674285,-0.135962069060475,-0.064995348517452,-0.640995384823577,-1.93416775881521,-2.65323962990924,0.0795836774414227,1.29148053419773,0.444635321258607,-0.1555961886108,-0.0445734002443183,-0.1658625288534,-0.26973131945978,1.22670964665357,1.43333321492626,1.24678870278565,0.834006018360537,-0.113860786417039,-0.0382639442739243,-0.115910279549249,-0.385240369844486,-0.882919294849875,0.37134719270522,1.36852100217096,0.17013722254388,-0.048236570436645,-0.0330109162638679,-0.639535815693025,-1.2263086449194,-1.47909877630812,-0.394605113003119,1.1603029827845,0.315362825388311,0,-0.0930309953194633,-0.481588184154324,-0.984477210668762,-1.12171262543579,0.00560351917457189,1.27008134505226,0.34521688350542,-0.0998707974396848,-0.0692112518235939,-0.410266899197836,-1.43019839632562,-1.91880986810783,-0.332806129092624,1.14027554013895,0.674124093407404,-0.202993708003753,-0.0191459895266863,-0.303642030474405,-1.17332181098952,-2.7415390290559,-0.679529085261532,1.58965249581285,0.946889884802112,-0.177318504788345
"301",0,-0.191720602710394,-1.17387929654563,-2.50620159389084,-0.555671293497266,0.827743974459842,1.05015714407974,-0.135962069060475,-0.0247411626405223,-0.640995384823577,-1.38405670489514,0.325036110633647,-0.131191100456599,0.618220742359401,0.906512145272137,-0.1555961886108,-0.0445734002443183,-0.741918245459386,0.24020725930366,0.216694219019643,-1.18029468333559,0.7704887055687,0.270524592507076,-0.119656230362455,-0.0382639442739243,-0.43758194039396,0.924647769019562,0.811829186517271,0.212541019721487,1.36852100217096,-0.10325500830788,-0.048236570436645,-0.0330109162638679,-0.639535815693025,-1.06645647246535,-0.534855865029609,-0.0582622129318667,0.819919577833732,-0.408100214229376,0,-0.0930309953194633,-0.481588184154324,-0.984477210668762,-1.12171262543579,-0.152796991925168,0.754289828035795,-0.797595882078731,-0.0998707974396848,-0.0692112518235939,-0.410266899197836,-1.38433934890509,-1.91880986810783,0.0422191444562627,-0.0409508075055244,-0.767532904424768,-0.202993708003753,-0.0191459895266863,-0.303642030474405,-1.17332181098952,-2.7415390290559,0.310705262178251,-0.300986710514968,-0.527680489439249,-0.177318504788345
"302",0,-0.346763866306412,-1.17387929654563,-0.641454071129054,0.773219575117836,1.33315102811434,0.17020566797156,-0.135962069060475,-0.0247411626405223,-0.640995384823577,-0.100464245748303,0.0768464655884069,-1.39583976784473,0.449905794399818,1.43010110539427,-0.1555961886108,-0.0445734002443183,0.122165329449593,0.92012536432158,-0.624985304008629,-0.200184221487392,1.08802203704667,1.11574673128727,-0.113860786417039,-0.0382639442739243,0.849104702984884,1.08838378637757,0.811829186517271,0.37134719270522,1.20154223856357,1.26370614595092,-0.048236570436645,-0.0330109162638679,-0.639535815693025,-1.2263086449194,-1.47909877630812,-0.891785641198537,0.819919577833732,0.602075245430805,0,-0.0930309953194633,-0.481588184154324,-0.984477210668762,-1.12171262543579,0.164004030274312,0.582359322363638,-0.797595882078731,-0.0998707974396848,-0.0692112518235939,-0.410266899197836,-1.38433934890509,-0.36330510173903,0.41724441800515,-1.55967039733413,-0.767532904424768,-0.202993708003753,-0.0191459895266863,-0.303642030474405,-1.17332181098952,0.0152822700148413,-1.2736696937254,-1.1603681679367,-0.527680489439249,-0.177318504788345
"303",0,-0.346763866306412,-1.17387929654563,-2.27310815354561,0.773219575117836,-0.0981330258801679,-0.416428649433891,-0.135962069060475,-0.0247411626405223,-0.640995384823577,-1.93416775881521,-0.0534112934993803,0.922682789033507,-1.06492873723642,-0.0480975708092236,-0.1555961886108,-0.0445734002443183,-0.741918245459386,-1.11962895073218,1.56338145586488,-0.0368324778460259,-0.499644620343163,1.76352785856966,4.50252433346203,-0.0382639442739243,-0.43758194039396,0.433439716945544,1.1507788827907,-0.263877499229713,1.03456347495617,2.90405953106147,1.85907719382595,-0.0330109162638679,2.76184224765403,1.33132611434538,1.09627321067543,0.950766487281889,1.1603029827845,2.03563734564328,0,-0.0930309953194633,2.88159419187904,0.554935814565679,-0.500564756087173,0.95600658577301,0.759478288128492,-0.569033328961901,-0.0998707974396848,-0.0382055300255064,-0.410266899197836,-1.38433934890509,-1.91880986810783,0.792269691554037,-0.209697428597592,-0.767532904424768,-0.202993708003753,-0.0191459895266863,-0.303642030474405,-1.17332181098952,-2.5118039208,0.706799001154165,-0.644739293483662,-0.527680489439249,-0.177318504788345
"304",0,-0.346763866306412,-0.743972268793493,0.0578262499066152,-0.998634916368966,-0.992685559626734,-0.416428649433891,-0.135962069060475,-0.0247411626405223,-0.640995384823577,0.082906105558388,1.06960504576937,-1.1850649899467,-1.40155863315559,-0.540830462877054,-0.1555961886108,-0.0445734002443183,-0.741918245459386,1.09010489057606,0.385030123625297,-1.18029468333559,-1.29347794903808,-0.574697546273115,-0.113860786417039,-0.0909846830221019,-0.759253601238671,0.924647769019562,0.303404642107127,-0.899102191164647,-0.802202924725205,-0.650039470011399,-0.048236570436645,-0.0330109162638679,-0.639535815693025,1.33132611434538,1.26227081040514,0.950766487281889,1.1603029827845,0.5105387436385,0,-0.0930309953194633,-0.481588184154324,1.3246423271829,0.636268655815661,-1.26160056962335,0.238498311019326,2.40227986155689,0.239349915352612,-0.0692112518235939,-0.410266899197836,0.550851699251816,0.997761568833671,-0.332806129092624,1.14027554013895,1.46138912709568,-0.202993708003753,-0.0191459895266863,-0.303642030474405,-0.97315070217934,-0.214452838241053,0.508752131666208,0.730271038391115,-0.281918760399022,-0.177318504788345
"305",0,-0.346763866306412,-1.17387929654563,-0.408360630783831,0.330255952246136,-0.992685559626734,-0.74548061002317,-0.135962069060475,-0.0247411626405223,-0.704162171559379,-1.20068635358845,1.06960504576937,-0.763515434150662,-1.40155863315559,-0.914550815415252,-0.1555961886108,-0.0445734002443183,-0.741918245459386,0.41018678555814,1.05837374204791,-1.18029468333559,-1.29347794903808,-0.574697546273115,-0.113860786417039,-0.0382639442739243,-0.759253601238671,0.59717573430355,-0.205019902303017,-1.53432688309958,-1.3031392155474,-0.650039470011399,-0.049335153206293,-0.0677629935268027,-0.639535815693025,0.851769596983231,-0.54487842077232,-1.23546236318125,-0.201230637018563,-0.544774434739172,0,-0.0930309953194633,-0.0113730903263006,0.862818419612568,1.05230491728436,1.27280760797249,-0.0743470013504786,2.40227986155689,10.0092732545106,-0.0692112518235939,-0.410266899197836,-0.152854136441604,1.19219966462977,0.604757054779594,-0.547190670781726,1.46138912709568,9.63391110016043,-0.0191459895266863,-0.363448274772451,-1.17332181098952,-0.444187946496948,0.706799001154165,1.58965249581285,2.39801000533645,1.57294565917274
"306",0,-0.346763866306412,-0.958925782669563,0.757106570942284,-2.32752578498407,-0.992685559626734,-0.416428649433891,-0.135962069060475,-0.0247411626405223,-0.640995384823577,-0.833945650975067,1.06960504576937,-2.23893887943681,-1.06492873723642,-0.540830462877054,-0.1555961886108,-0.111531751188364,-0.741918245459386,0.24020725930366,1.05837374204791,-0.853591196052854,1.24678870278565,-0.0112161204196545,-0.113860786417039,-0.0382639442739243,0.799191135465826,1.08838378637757,-0.205019902303017,-0.10507132624598,1.03456347495617,-0.650039470011399,-0.127688142002309,0.204777478532027,1.83419368492302,1.33132611434538,1.09627321067543,0.950766487281889,0.819919577833732,0.415344426143908,0,-0.0930309953194633,-0.481588184154324,0.247053209518791,1.20759188462151,1.27280760797249,1.27008134505226,1.03090454285591,-0.0998707974396848,-0.0692112518235939,-0.410266899197836,-1.38433934890509,0.414447281445371,0.792269691554037,-1.05343053405793,-0.767532904424768,-0.202993708003753,-0.0191459895266863,-0.327573095388639,-0.97315070217934,0.93422270303842,-0.481482215773575,-1.1603681679367,-0.527680489439249,-0.177318504788345
"307",0,-0.346763866306412,0.975655842215063,0.757106570942284,0.994701386553687,1.69097204161296,-0.123111490731166,-0.135962069060475,0.0644569913860217,0.695753904650229,0.999757862091843,-0.419532824502074,-1.39583976784473,-0.89661378927684,-0.294464016843139,-0.1555961886108,-0.0445734002443183,1.56230462096456,0.58016631181262,0.216694219019643,-1.18029468333559,-1.29347794903808,-0.574697546273115,-0.113860786417039,-0.0382639442739243,1.49244802467431,1.08838378637757,1.1507788827907,-0.422683672213447,-1.3031392155474,-0.650039470011399,-0.048236570436645,-0.0330109162638679,-0.33031962811602,0.0525087347129891,0.130508715556599,-0.394605113003119,-1.56276425682162,-0.831486854781667,0,-0.0930309953194633,-0.481588184154324,-0.984477210668762,-0.34527778875002,1.11440709687275,-1.48080674570224,-0.797595882078731,-0.0998707974396848,-0.0692112518235939,-0.582687735306961,-1.20841288998173,-0.36330510173903,0.461184214865281,-1.55967039733413,-0.767532904424768,-0.202993708003753,-0.0191459895266863,-0.303642030474405,0.027704841871553,0.93422270303842,-0.283435346285619,-1.1603681679367,-0.527680489439249,-0.177318504788345
"308",0,-0.346763866306412,0.545748814462924,0.290919690251838,-0.112707670625565,-0.813775052877421,-0.416428649433891,-0.135962069060475,-0.0247411626405223,-0.640995384823577,0.999757862091843,0.0768464655884069,0.922682789033507,-0.0550390494789284,-0.540830462877054,-0.1555961886108,-0.0445734002443183,0.276532754837432,0.496024706242824,-1.12999301782559,-0.363535965128757,1.08802203704667,0.182435416742211,-0.113860786417039,-0.0382639442739243,1.17077636382959,-0.057768335128474,-1.56081868739673,-1.37552071011585,1.20154223856357,0.716921684247398,-0.048236570436645,-0.0330109162638679,1.83419368492302,0.0525087347129891,-1.47909877630812,-1.73997671328813,0.479536172882967,0.8887876654733,0,-0.0930309953194633,1.20000300386236,0.642408029766251,-1.12171262543579,-1.10320005852361,0.926220333707951,-0.111908222728241,-0.0998707974396848,-0.0692112518235939,0.558214809138742,1.43048399386859,-0.36330510173903,0.41724441800515,0.634035676862745,-0.767532904424768,-0.202993708003753,-0.0191459895266863,-0.303642030474405,0.42804705949191,0.93422270303842,-0.679529085261532,-0.988491876452356,-0.527680489439249,-0.177318504788345
"309",0,-0.346763866306412,-1.17387929654563,-0.174139809619354,-1.22011672780482,-0.992685559626734,-0.416428649433891,-0.115055541322238,-0.0247411626405223,-0.640995384823577,-1.01731600228176,1.06960504576937,-1.60661454574275,-1.40155863315559,-0.540830462877054,-0.103989771032595,-0.0445734002443183,-0.741918245459386,0.0702277330491799,1.22670964665357,-1.18029468333559,-1.29347794903808,-0.574697546273115,-0.113860786417039,-0.0382639442739243,-0.759253601238671,0.760911751661556,-0.205019902303017,-1.53432688309958,-1.3031392155474,-0.650039470011399,-0.048236570436645,-0.0330109162638679,0.0501161862763937,1.33132611434538,0.935312461488958,0.950766487281889,0.819919577833732,0.602075245430805,0,-0.0930309953194633,-0.481588184154324,0.922867609396024,0.275870080598593,-1.26160056962335,-0.793084723013613,2.40227986155689,-0.0998707974396848,-0.0692112518235939,-0.410266899197836,0.198998781405106,0.997761568833671,-1.83290722328817,-1.05343053405793,2.47453550505952,2.25623249403729,-0.0912709356995593,-0.303642030474405,-1.17332181098952,-0.673923054752843,0.508752131666208,0.902147329875462,1.19265161384234,-0.177318504788345
"310",0,-0.329050636326531,-0.0991117271652847,0.990200011287507,0.994701386553687,1.33315102811434,2.1098462332012,-0.135962069060475,-0.0247411626405223,-0.640995384823577,-1.20068635358845,-0.915912114592555,-0.552740656252641,0.954850638278565,3.15466622763167,0.250368357914087,-0.0445734002443183,-0.741918245459386,-2.02864113890525,-1.12999301782559,-0.678812330375286,1.24678870278565,1.32689530346221,-0.113860786417039,-0.0382639442739243,-0.759253601238671,-1.53139249135053,-1.11824766967157,-0.422683672213447,1.20154223856357,-0.650039470011399,-0.048236570436645,-0.0330109162638679,0.155530141029689,1.17147394189133,1.09627321067543,0.950766487281889,1.1603029827845,0.315362825388311,0,-0.0930309953194633,-0.145269946550987,-0.368712000574986,0.741730982610052,0.63920556357353,-0.425671301480468,-0.797595882078731,-0.191035864716984,-0.0646271990145853,-0.410266899197836,-1.38433934890509,0.997761568833671,-0.895344039415955,-1.55967039733413,-0.721514925093071,-0.202993708003753,-0.0191459895266863,-0.303642030474405,-0.172466266938626,0.704487594782526,-2.26390404116519,-1.1603681679367,-0.527680489439249,-0.177318504788345
"311",0,-0.346763866306412,-0.696635064321587,-0.874547511474277,0.108774140810285,0.259687987618459,-0.416428649433891,-0.135962069060475,-0.0247411626405223,-0.640995384823577,-0.650575299668376,1.06960504576937,1.13345756693153,1.29148053419773,1.9228339974621,-0.1555961886108,-0.0445734002443183,-0.741918245459386,-0.77966989822322,1.56338145586488,1.43333321492626,1.24678870278565,1.28650493293783,-0.113860786417039,-0.0382639442739243,-0.759253601238671,-0.717380683645872,1.1507788827907,1.00657188464015,1.20154223856357,-0.376647239159639,-0.048236570436645,-0.0330109162638679,-0.639535815693025,-0.586899955103205,1.09627321067543,0.950766487281889,1.1603029827845,0.315362825388311,0,-0.0930309953194633,-0.481588184154324,0.400994512042235,1.36287885195866,1.27280760797249,1.27008134505226,-0.797595882078731,-0.0998707974396848,-0.0692112518235939,-0.287158508902706,0.198998781405106,1.19219966462977,1.16729496510292,0.802782297954812,-0.767532904424768,-0.202993708003753,-0.0758585761396516,-0.303642030474405,-0.772979593369162,-0.816449379382623,0.112658392690295,0.386518455422421,-0.527680489439249,-0.177318504788345
"312",0,-0.267195886190742,-0.41185515445594,0.0578262499066152,-0.555671293497266,-0.813775052877421,-0.416428649433891,-0.135962069060475,-0.0247411626405223,-0.640995384823577,-0.650575299668376,1.06960504576937,1.13345756693153,-0.223353997438511,-0.540830462877054,-0.1555961886108,-0.0445734002443183,-0.741918245459386,0.41018678555814,1.56338145586488,1.43333321492626,-0.975944617560112,-0.574697546273115,-0.113860786417039,-0.0382639442739243,-0.43758194039396,1.08838378637757,1.1507788827907,1.00657188464015,-1.13616045194,-0.650039470011399,-0.048236570436645,-0.0330109162638679,-0.639535815693025,0.367163272536134,1.09627321067543,0.782595037246263,-1.39257255434624,-0.831486854781667,0,-0.0930309953194633,-0.481588184154324,0.247053209518791,1.20199559682632,1.27280760797249,-0.96501522868577,-0.797595882078731,-0.0998707974396848,-0.0692112518235939,-0.410266899197836,0.0230723224817513,1.19219966462977,0.567753647207159,-0.378444049689659,-0.767532904424768,-0.202993708003753,-0.0191459895266863,-0.303642030474405,-0.572808484558983,0.0152822700148413,0.904845870642121,1.58965249581285,0.701128155761885,-0.177318504788345
"313",0,-0.346763866306412,-1.09912195774614,-0.175267190438608,0.108774140810285,-0.992685559626734,-0.416428649433891,-0.135962069060475,-0.0247411626405223,-0.635153205808224,-0.650575299668376,1.06960504576937,0.0795836774414227,-1.233243685196,-0.540830462877054,-0.1555961886108,-0.0445734002443183,-0.148578291179621,1.09010489057606,0.89003783744226,-1.18029468333559,-1.29347794903808,-0.574697546273115,-0.113860786417039,-0.0382639442739243,-0.115910279549249,1.08838378637757,-0.374494750439731,-1.53432688309958,-1.3031392155474,-0.650039470011399,-0.048236570436645,-0.0330109162638679,1.83419368492302,1.33132611434538,1.09627321067543,-0.394605113003119,-1.39257255434624,-0.831486854781667,0,-0.0930309953194633,0.863684766259023,1.47858362970634,0.897017949947205,0.79760607467327,0.926220333707951,-0.111908222728241,-0.0998707974396848,-0.0692112518235939,-0.410266899197836,0.902704617098525,0.803323473037571,-0.520318765867068,1.14027554013895,1.66401840268845,-0.202993708003753,-0.0191459895266863,-0.303642030474405,-1.17332181098952,-0.444187946496948,0.904845870642121,0.902147329875462,0.930372476489147,-0.317628991994518
"314",0,-0.346763866306412,-1.17387929654563,-0.641454071129054,-0.252451047859327,-0.277043532629481,-0.416428649433891,-0.135962069060475,-0.0247411626405223,-0.640995384823577,-0.100464245748303,0.573225755678888,-0.691436359832114,-1.233243685196,-0.540830462877054,-0.1555961886108,-0.0445734002443183,-0.741918245459386,0.7501458380671,-0.456649399402975,-1.18029468333559,-1.29347794903808,-0.574697546273115,-0.113860786417039,-0.0382639442739243,1.17077636382959,1.08838378637757,-1.19252584068057,-1.40715593968992,-0.632108297034482,-0.650039470011399,-0.048236570436645,-0.0330109162638679,0.640004331100059,1.33132611434538,-1.15717727793518,-0.899119463109996,0.819919577833732,0.315362825388311,0,-0.0930309953194633,-0.481588184154324,1.17070102465946,-0.811138690761479,-1.26160056962335,0.582359322363638,1.48802964908957,-0.0998707974396848,-0.0692112518235939,-0.578895239391365,-0.152854136441604,0.414447281445371,-1.83290722328817,0.634035676862745,1.05613057591014,-0.202993708003753,-0.0191459895266863,-0.388717209825408,-1.17332181098952,-0.903658163008738,0.182217323688806,1.24589991284416,-0.0361570313587953,-0.177318504788345
"315",0,-0.414957428210244,-1.17387929654563,-1.34073439216472,0.773219575117836,0.0807774808691453,-0.416428649433891,-0.135962069060475,-0.0247411626405223,-0.640995384823577,-1.93416775881521,0.0768464655884069,-0.131191100456599,0.786535690318983,-0.540830462877054,-0.1555961886108,-0.0445734002443183,-0.741918245459386,-1.62956752949562,0.721701932836606,1.2699814712849,0.929255371307683,-0.574697546273115,-0.113860786417039,-0.0382639442739243,-0.759253601238671,-0.58980754297826,0.303404642107127,0.688959538672687,-1.3031392155474,-0.650039470011399,-0.048236570436645,-0.0330109162638679,0.597328934614995,0.532065252075134,-1.47909877630812,-0.0582622129318667,-0.541614041969328,-0.831486854781667,0,-0.0930309953194633,0.527366528655686,0.400994512042235,-0.694084082118822,-1.10320005852361,0.926220333707951,-0.569033328961901,-0.0998707974396848,-0.0692112518235939,-0.410266899197836,0.550851699251816,-0.36330510173903,-1.45788194973929,-0.0409508075055244,0.650872024724607,-0.202993708003753,-0.0191459895266863,-0.301289294546967,-1.17332181098952,-1.36312837952053,0.21178861203232,1.07402362135981,1.19265161384234,-0.177318504788345
"316",0,0.767805440878689,0.975655842215063,0.757106570942284,-0.777153104933116,-0.992685559626734,-0.416428649433891,-0.135962069060475,-0.0247411626405223,0.666935053264552,1.20893056437476,-0.419532824502074,0.248928200959461,0.954850638278565,-0.294464016843139,-0.1555961886108,-0.0445734002443183,1.56230462096456,1.09010489057606,-1.12999301782559,0.453222753078071,1.24678870278565,0.0320317401999937,-0.113860786417039,-0.0382639442739243,-0.43758194039396,1.08838378637757,0.472879490243842,0.847765711656421,0.78482180833281,0.443529453395639,-0.048236570436645,-0.0330109162638679,-0.639535815693025,-0.906604300011301,0.291469464743071,-0.0582622129318667,0.859602311165271,0.8887876654733,0,-0.0930309953194633,-0.481588184154324,-0.984477210668762,-0.948221370787618,-0.859215078772274,1.27008134505226,0.57377943662225,-0.0998707974396848,-0.0692112518235939,-0.410266899197836,0.726778158175171,-0.250765249947243,0.229731781230706,1.14027554013895,0.0429841979463036,-0.202993708003753,-0.0191459895266863,-0.303642030474405,0.702021291335319,0.0152822700148413,0.253920554981216,0.0427658724537265,-0.527680489439249,-0.177318504788345
"317",0,-0.370948819852995,0.115841786710785,0.410913824461398,0.994701386553687,0.796419507866398,-0.123111490731166,-0.135962069060475,-0.0247411626405223,0.0129698342204877,0.816387510785152,0.821415400724128,-0.34196587835462,1.12316558623815,1.43010110539427,-0.1555961886108,-0.0445734002443183,0.986248904358571,1.09010489057606,-0.248941193144774,-1.18029468333559,0.611722039829717,1.32320912512016,-0.113860786417039,-0.0382639442739243,-0.759253601238671,0.760911751661556,0.642354338380556,0.688959538672687,0.700605947741373,-0.10325500830788,-0.048236570436645,-0.0330109162638679,-0.639535815693025,-0.586899955103205,1.09627321067543,0.782595037246263,-1.39257255434624,-0.831486854781667,0,-0.0930309953194633,-0.481588184154324,0.708877117089123,0.586444015272899,1.27280760797249,-0.96501522868577,-0.797595882078731,-0.0998707974396848,0.169625754353592,0.558214809138742,1.43048399386859,-0.36330510173903,0.22129444687606,0.802782297954812,-0.767532904424768,-0.202993708003753,-0.0191459895266863,-0.303642030474405,0.100235954658981,0.93422270303842,0.112658392690295,0.558394746906768,-0.527680489439249,-0.333039026810094
"318",0,-0.346763866306412,0.545748814462924,0.990200011287507,0.551737763681986,0.0807774808691453,-0.416428649433891,-0.135962069060475,-0.0247411626405223,0.993917662786584,0.999757862091843,0.325036110633647,0.290358455339444,0.954850638278565,-0.540830462877054,-0.1555961886108,-0.0445734002443183,0.986248904358571,1.09010489057606,0.89003783744226,-0.526887708770123,-0.281760132897655,-0.574697546273115,-0.113860786417039,-0.0382639442739243,2.13579134636373,1.1405550460913,1.1507788827907,0.128531619505582,-0.802202924725205,-0.650039470011399,-0.048236570436645,-0.0330109162638679,-0.639535815693025,-0.267195610195108,-0.67429503037576,0.614423587210637,0.139152767932202,-0.831486854781667,0,-0.191922674497064,-0.481588184154324,-0.984477210668762,-1.12171262543579,0.63920556357353,0.926220333707951,-0.797595882078731,-0.0998707974396848,-0.0692112518235939,-0.410266899197836,1.25455753494524,-0.16886700594293,1.16729496510292,0.802782297954812,-0.767532904424768,-0.383238163036751,-0.0191459895266863,-0.303642030474405,0.027704841871553,0.704487594782526,0.706799001154165,-0.251661336761055,-0.69981851610835,-0.177318504788345
"319",0,-0.346763866306412,-1.17387929654563,-1.1076409518195,0.773219575117836,-0.813775052877421,-0.416428649433891,-0.135962069060475,-0.0247411626405223,-0.640995384823577,-1.56742705620183,0.573225755678888,-0.131191100456599,-1.40155863315559,-0.0480975708092236,-0.1555961886108,-0.0445734002443183,-0.741918245459386,0.0702277330491799,1.13399255028571,-1.01694293969422,-0.975944617560112,3.65141314762784,6.81071689340156,-0.0382639442739243,0.849104702984884,1.08838378637757,-1.05239414298659,-1.53432688309958,0.19966965691918,3.17745176191323,2.71895237794983,-0.0330109162638679,3.68949081038505,0.691917424529183,-1.15717727793518,-1.40363381321687,1.1603029827845,0.602075245430805,0,-0.0930309953194633,3.09082692230257,1.47858362970634,1.36287885195866,1.27280760797249,1.27008134505226,-0.569033328961901,-0.0998707974396848,-0.0692112518235939,2.01093737164361,0.0230723224817513,0.414447281445371,1.16729496510292,-0.884683912965861,-0.767532904424768,-0.202993708003753,-0.0191459895266863,-0.303642030474405,-1.17332181098952,-0.673923054752843,0.904845870642121,-0.129110419030621,-0.527680489439249,-0.177318504788345
"320",0,-0.346763866306412,-0.127752435963807,0.290919690251838,-0.777153104933116,-0.992685559626734,-0.25703196794481,-0.135962069060475,-0.0247411626405223,-0.640995384823577,0.633017159478461,1.06960504576937,1.13345756693153,-0.559983893357675,-0.697100729065627,-0.1555961886108,-0.0445734002443183,-0.319751858300681,1.09010489057606,0.0483583144139882,0.12651926579534,1.08802203704667,-0.574697546273115,-0.113860786417039,-0.0382639442739243,-0.759253601238671,0.924647769019562,0.472879490243842,0.847765711656421,1.36852100217096,0.443529453395639,-0.048236570436645,-0.0330109162638679,-0.639535815693025,-0.427047782649156,0.774351712302486,0.286203123294236,1.1603029827845,0.8887876654733,0,-0.0880702801470231,-0.481588184154324,-0.984477210668762,-1.12171262543579,-1.26160056962335,0.754289828035795,1.03090454285591,-0.0998707974396848,-0.0692112518235939,-0.410266899197836,-1.38433934890509,-1.91880986810783,-1.83290722328817,0.127795813586543,1.86664767828122,-0.202993708003753,-0.0191459895266863,-0.303642030474405,-0.172466266938626,0.474752486526631,0.904845870642121,1.4177762043285,1.43841334288257,-0.177318504788345
"321",0,1.88237474806379,1.4055628699672,0.990200011287507,0.773219575117836,0.438598494367772,-0.416428649433891,-0.135962069060475,-0.0247411626405223,0.0129698342204877,-0.650575299668376,-1.90867069477352,-0.131191100456599,1.29148053419773,-0.0480975708092236,-0.1555961886108,-0.0445734002443183,-0.741918245459386,-1.62956752949562,-0.624985304008629,1.19358987581266,0.7704887055687,-0.574697546273115,-0.113860786417039,-0.0382639442739243,-0.759253601238671,-1.53139249135053,0.981304034653986,1.16759628861936,-1.13616045194,-0.650039470011399,-0.048236570436645,-0.0330109162638679,-0.639535815693025,-1.2263086449194,0.130508715556599,0.446252137175011,-1.56276425682162,-0.831486854781667,0,-0.0930309953194633,-0.481588184154324,-0.984477210668762,-1.12171262543579,0.95600658577301,0.238498311019326,-0.453832491921449,-0.0998707974396848,-0.0692112518235939,-0.410266899197836,-1.20841288998173,-0.94661938912733,0.243701322841555,1.14027554013895,0.0429841979463036,-0.202993708003753,-0.0191459895266863,0.728815661816031,1.4289026035428,0.245017378270736,0.112658392690295,0.214642163938074,-0.527680489439249,-0.177318504788345
"322",0,-0.346763866306412,-0.529018754917424,-0.408360630783831,0.551737763681986,0.259687987618459,-0.173059329872651,-0.0546655985679476,-0.0247411626405223,0.666935053264552,0.999757862091843,0.0768464655884069,0.711908011135486,0.618220742359401,-0.540830462877054,-0.1555961886108,-0.0445734002443183,-0.741918245459386,-0.671375513205028,-1.12999301782559,0.616574496719437,0.135422042612768,-0.574697546273115,-0.113860786417039,-0.0382639442739243,-0.759253601238671,-1.53139249135053,0.303404642107127,1.00657188464015,-0.802202924725205,-0.497810267413134,-0.048236570436645,-0.0330109162638679,-0.639535815693025,-1.2263086449194,0.452430213929543,0.950766487281889,1.1603029827845,0.602075245430805,0,-0.0930309953194633,-0.617557951682045,-0.984477210668762,-1.12171262543579,-1.26160056962335,0.926220333707951,1.03090454285591,-0.0998707974396848,-0.0692112518235939,-0.410266899197836,-1.20841288998173,-0.36330510173903,0.229731781230706,0.971528919046879,-0.159645077646464,-0.202993708003753,-0.0191459895266863,-0.303642030474405,-0.172466266938626,0.245017378270736,-0.283435346285619,-0.816615584968009,-0.527680489439249,-0.177318504788345
"323",0,-0.346763866306412,-1.17387929654563,-2.27310815354561,-0.112707670625565,1.86988254836228,1.93010862018791,-0.135962069060475,-0.0247411626405223,0.185869927610493,-0.283834597054994,0.821415400724128,1.13345756693153,1.29148053419773,2.41556688952993,-0.1555961886108,-0.0445734002443183,0.122165329449593,0.92012536432158,1.56338145586488,0.943277984002168,1.24678870278565,2.24270958299419,-0.113860786417039,-0.0382639442739243,-0.759253601238671,-1.53139249135053,-1.05239414298659,1.00657188464015,1.36852100217096,0.990313915099158,-0.048236570436645,-0.0330109162638679,-0.639535815693025,-1.2263086449194,-1.47909877630812,0.950766487281889,1.1603029827845,0.315362825388311,0,-0.0930309953194633,-0.481588184154324,-0.984477210668762,-0.500564756087173,1.25333437541156,1.27008134505226,-0.111908222728241,-0.0998707974396848,-0.0692112518235939,-0.410266899197836,-1.38433934890509,-1.14105748492343,1.16729496510292,1.14027554013895,-0.127089011866292,-0.202993708003753,-0.0191459895266863,-0.303642030474405,-1.17332181098952,-2.5118039208,0.310705262178251,1.58965249581285,-0.281918760399022,-0.0874858349825212
"324",0,-0.346763866306412,0.115841786710785,0.524013130597061,-0.555671293497266,-0.992685559626734,-0.416428649433891,-0.135962069060475,-0.0247411626405223,0.33995244374252,0.999757862091843,0.70162171314098,1.13345756693153,-0.391668945398093,-0.540830462877054,-0.1555961886108,0.113688856564934,0.986248904358571,0.7501458380671,-1.12999301782559,0.12651926579534,0.294188708351751,-0.574697546273115,-0.113860786417039,-0.0382639442739243,-0.759253601238671,-1.20392045663452,-1.56081868739673,0.212541019721487,0.366648420526578,-0.650039470011399,-0.048236570436645,-0.0330109162638679,-0.639535815693025,-1.2263086449194,-0.67429503037576,0.950766487281889,-0.881997446920094,-0.831486854781667,0,-0.0930309953194633,-0.481588184154324,-0.676594605621874,1.05230491728436,0.63920556357353,-0.23891430638984,-0.797595882078731,-0.0998707974396848,-0.0692112518235939,-0.410266899197836,0.374925240328461,1.19219966462977,1.16729496510292,1.14027554013895,2.47453550505952,-0.202993708003753,-0.0191459895266863,-0.303642030474405,0.828389277112268,0.245017378270736,0.112658392690295,0.214642163938074,1.92993680096302,0.697813577192196
"325",0,-0.346763866306412,1.62051638384327,0.990200011287507,0.330255952246136,-0.813775052877421,-0.489089268077711,-0.135962069060475,-0.0247411626405223,0.33995244374252,0.999757862091843,0.325036110633647,1.13345756693153,-0.0550390494789284,-0.540830462877054,-0.1555961886108,-0.0445734002443183,-0.741918245459386,-0.0997517932053001,0.721701932836606,0.878666369436117,-0.182111288865197,-0.574697546273115,-0.147718120744866,-0.0382639442739243,-0.759253601238671,-0.741887950850255,0.811829186517271,0.688959538672687,-0.252738906252164,-0.650039470011399,-0.048236570436645,-0.0330109162638679,-0.639535815693025,-1.2263086449194,0.291469464743071,0.782595037246263,0.479536172882967,-0.544774434739172,0,-0.114690780101192,-0.481588184154324,-0.984477210668762,-1.12171262543579,-1.10320005852361,0.926220333707951,1.48802964908957,-0.0998707974396848,-0.0692112518235939,0.0739739549704533,0.550851699251816,-0.0764008949110617,-1.0828566761904,-0.209697428597592,2.60997098094344,3.48584559505782,-0.0191459895266863,-0.303642030474405,1.4289026035428,0.93422270303842,0.904845870642121,1.58965249581285,3.40450717520438,1.57294565917274
"326",0,-0.346763866306412,-1.17387929654563,0.0578262499066152,-0.452295530850807,-0.813775052877421,-0.416428649433891,-0.135962069060475,-0.0525224841811277,-0.740884285262211,-0.833945650975067,0.782857337638536,-0.552740656252641,-1.15258800903637,-0.540830462877054,-0.1555961886108,-0.0445734002443183,-0.741918245459386,0.24020725930366,0.417452367545948,-1.18029468333559,-1.44738396146213,-0.630930149198895,-0.135078922689226,-0.0382639442739243,-0.759253601238671,0.59717573430355,-0.543969598576446,-1.53432688309958,-1.3031392155474,-0.650039470011399,-0.048236570436645,-0.0330109162638679,-0.639535815693025,1.17147394189133,1.09627321067543,0.950766487281889,0.990111280309114,0.602075245430805,0,-0.0930309953194633,-0.254234564565934,1.17070102465946,1.05230491728436,-0.627998525224387,0.494193849688986,2.63084241467372,4.95470122853544,-0.0692112518235939,-0.410266899197836,0.0230723224817513,0.803323473037571,-1.45788194973929,0.199546520211825,2.47453550505952,3.48584559505782,-0.0191459895266863,-0.303642030474405,-1.17332181098952,-0.903658163008738,0.497315883612479,1.4177762043285,1.68417507192279,-0.177318504788345
"327",0,-0.346763866306412,-1.17387929654563,-2.50620159389084,0.994701386553687,0.617509001117085,-0.416428649433891,-0.135962069060475,-0.0247411626405223,-0.640995384823577,-1.70228408322285,-1.41229140468304,1.13345756693153,0.449905794399818,-0.540830462877054,-0.1555961886108,-0.0445734002443183,-0.741918245459386,-1.62956752949562,0.721701932836606,1.43333321492626,-0.34087795460418,-0.574697546273115,-0.113860786417039,-0.0382639442739243,-0.43758194039396,-0.385240369844486,0.981304034653986,0.688959538672687,-1.13616045194,-0.650039470011399,-0.048236570436645,-0.0330109162638679,1.21576130976901,0.176438715158254,1.09627321067543,0.782595037246263,-1.56276425682162,-0.831486854781667,0,-0.0930309953194633,-0.481588184154324,-0.830535908145318,0.897017949947205,1.11440709687275,-1.48080674570224,-0.797595882078731,-0.0998707974396848,-0.0692112518235939,-0.410266899197836,-1.38433934890509,0.803323473037571,1.16729496510292,-0.343751593977158,-0.767532904424768,-0.202993708003753,-0.0191459895266863,-0.303642030474405,-1.17332181098952,-1.81776969977884,0.112658392690295,1.4177762043285,0.946889884802112,-0.177318504788345
"328",0,-0.346763866306412,0.115841786710785,0.290919690251838,0.994701386553687,0.796419507866398,-0.123111490731166,-0.135962069060475,-0.0247411626405223,0.403822844709636,0.816387510785152,-1.1641017596378,-1.1850649899467,0.786535690318983,1.18373465936035,-0.1555961886108,-0.0445734002443183,1.27427676266156,0.92012536432158,-0.961657113219938,-1.01694293969422,0.567801961229644,1.11574673128727,-0.113860786417039,-0.0382639442739243,-0.43758194039396,0.433439716945544,0.642354338380556,0.688959538672687,0.19966965691918,-0.650039470011399,-0.048236570436645,-0.0330109162638679,-0.639535815693025,-1.2263086449194,0.935312461488958,0.950766487281889,-1.05218914939548,-0.831486854781667,0,-0.0930309953194633,-0.481588184154324,0.0931119069953467,0.897017949947205,0.00560351917457189,1.09815083938011,-0.797595882078731,-0.0998707974396848,-0.0692112518235939,-0.410266899197836,0.378809825185212,-0.22788315687814,-0.520318765867068,1.14027554013895,-0.564903628832,-0.202993708003753,-0.0191459895266863,-0.303642030474405,-0.172466266938626,0.93422270303842,0.904845870642121,-0.300986710514968,-0.527680489439249,-0.177318504788345
"329",0,-0.346763866306412,-0.0991117271652847,0.290919690251838,0.108774140810285,-0.455954039378794,-0.416428649433891,-0.135962069060475,-0.0247411626405223,-0.640995384823577,0.633017159478461,-0.667722469547314,-0.552740656252641,0.786535690318983,0.110266818699518,-0.1555961886108,-0.0445734002443183,-0.098921787236028,1.09010489057606,-0.881588131849498,-1.18029468333559,0.7704887055687,1.11574673128727,-0.113860786417039,-0.0382639442739243,0.527433042140173,0.760911751661556,-1.39134383926002,-1.53432688309958,0.032690893311783,1.81049060765444,0.0260141879304778,-0.0330109162638679,1.1089023364451,1.17147394189133,-1.47909877630812,-1.73997671328813,-0.881997446920094,1.46221250555829,0,-0.0930309953194633,0.19104829105235,1.01675972213601,-0.966425658098632,-0.944799547423866,0.754289828035795,0.116654330388589,-0.0998707974396848,-0.250311514833512,-0.410266899197836,0.763734817383659,0.608885377241471,1.16729496510292,0.29654243467861,-0.767532904424768,-0.202993708003753,-0.0191459895266863,-0.303642030474405,0.42804705949191,0.416998101105065,-1.2736696937254,-1.1603681679367,-0.527680489439249,-0.177318504788345
"330",0,-0.346763866306412,0.115841786710785,0.0578262499066152,-0.134005701681946,-0.0981330258801679,-0.416428649433891,-0.135962069060475,-0.0247411626405223,-0.163892041708861,0.999757862091843,-0.171343179456834,-0.999630504787736,0.316181433492762,0.937368213326437,-0.1555961886108,-0.0445734002443183,0.410193187752585,1.09010489057606,0.0483583144139882,-0.853591196052854,0.611722039829717,1.11574673128727,-0.113860786417039,-0.0382639442739243,-0.759253601238671,0.59717573430355,0.981304034653986,0.847765711656421,0.867584711348771,-0.10325500830788,-0.048236570436645,-0.0330109162638679,-0.639535815693025,-1.06645647246535,1.09627321067543,0.950766487281889,-0.541614041969328,-0.831486854781667,0,-0.0930309953194633,-0.481588184154324,0.247053209518791,1.20759188462151,0.325321847330117,1.09815083938011,-0.569033328961901,-0.0998707974396848,-0.0692112518235939,1.04245566330703,1.43048399386859,0.0255710898531705,0.0422191444562627,1.14027554013895,-0.564903628832,-0.202993708003753,-0.0191459895266863,0.728815661816031,0.250184938669506,0.93422270303842,0.508752131666208,-0.300986710514968,-0.527680489439249,-0.177318504788345
"331",0,-0.346763866306412,-0.743972268793493,0.990200011287507,0.551737763681986,-0.634864546128108,-0.416428649433891,-0.135962069060475,-0.0247411626405223,-0.549214858863114,-0.650575299668376,0.821415400724128,0.922682789033507,0.449905794399818,-0.540830462877054,-0.1555961886108,-0.0445734002443183,-0.741918245459386,-0.77966989822322,1.56338145586488,1.2699814712849,1.24678870278565,-0.0112161204196545,-0.113860786417039,-0.0382639442739243,-0.759253601238671,-1.53139249135053,-0.543969598576446,0.847765711656421,1.36852100217096,0.820872358556397,-0.048236570436645,-0.0330109162638679,-0.639535815693025,-1.2263086449194,-1.47909877630812,-1.40363381321687,0.479536172882967,2.32234976568577,0,-0.0930309953194633,-0.481588184154324,-0.984477210668762,-1.12171262543579,-1.26160056962335,0.0665678053471691,2.40227986155689,-0.0998707974396848,-0.0976222583046765,-0.410266899197836,-1.38433934890509,-1.91880986810783,-0.520318765867068,0.971528919046879,1.86664767828122,-0.202993708003753,-0.0191459895266863,-0.303642030474405,-0.97315070217934,0.0152822700148413,0.904845870642121,1.24589991284416,1.19265161384234,-0.177318504788345
"332",0,-0.134545945759735,-0.328978816099311,-0.641454071129054,0.330255952246136,-0.112895131064786,-0.416428649433891,-0.135962069060475,-0.0247411626405223,1.32090027230862,0.999757862091843,1.06960504576937,1.13345756693153,-0.0550390494789284,-0.540830462877054,-0.1555961886108,-0.0445734002443183,1.85033247926755,-0.77966989822322,-0.624985304008629,1.43333321492626,-0.34087795460418,-0.574697546273115,-0.113860786417039,-0.0382639442739243,-0.759253601238671,-1.53139249135053,-0.374494750439731,0.847765711656421,-1.13616045194,-0.650039470011399,-0.048236570436645,-0.0330109162638679,-0.639535815693025,-1.2263086449194,0.613390963116015,-0.0582622129318667,-1.56276425682162,-0.831486854781667,0,-0.0930309953194633,-0.481588184154324,-0.0608293955280974,1.36287885195866,-0.786399036324126,-1.48080674570224,-0.372069772694351,-0.0998707974396848,-0.136989240683854,-0.410266899197836,0.0230723224817513,1.19219966462977,0.792269691554037,0.465289055770677,0.650872024724607,-0.202993708003753,-0.0191459895266863,-0.303642030474405,-0.572808484558983,0.245017378270736,0.904845870642121,1.24589991284416,1.43841334288257,-0.177318504788345
"333",0,-0.346763866306412,0.760702328338993,-2.73929503423606,-2.54900759641992,-0.992685559626734,-0.416428649433891,-0.135962069060475,-0.0247411626405223,0.0129698342204877,0.999757862091843,-1.41229140468304,-0.552740656252641,-0.559983893357675,-0.540830462877054,-0.1555961886108,-0.0445734002443183,0.410193187752585,1.09010489057606,1.56338145586488,1.43333321492626,1.08802203704667,0.270524592507076,-0.113860786417039,0.0960485539139038,1.17077636382959,1.08838378637757,0.420072600137022,0.37134719270522,1.20154223856357,1.53709837680268,-0.048236570436645,-0.0330109162638679,0.597328934614995,0.532065252075134,-1.47909877630812,-1.73997671328813,-0.371422339493946,1.46221250555829,0,-0.0930309953194633,0.863684766259023,1.47858362970634,0.275870080598593,0.322404541374051,1.09815083938011,1.03090454285591,-0.0998707974396848,-0.0692112518235939,0.558214809138742,1.25455753494524,0.163949416411696,1.16729496510292,1.14027554013895,-0.159645077646464,-0.202993708003753,-0.0191459895266863,-0.303642030474405,0.42804705949191,0.93422270303842,0.706799001154165,0.0427658724537265,-0.527680489439249,-0.177318504788345
"334",0,-0.346763866306412,-0.743972268793493,0.990200011287507,0.108774140810285,-0.992685559626734,-0.416428649433891,-0.135962069060475,-0.0247411626405223,-0.640995384823577,-1.56742705620183,1.06960504576937,1.13345756693153,-0.89661378927684,-0.540830462877054,-0.1555961886108,-0.0445734002443183,-0.741918245459386,-1.28960847698666,1.56338145586488,1.43333321492626,-0.817177951821129,-0.765147482352237,-0.113860786417039,-0.0382639442739243,-0.759253601238671,-1.36765647399252,1.1507788827907,1.00657188464015,-0.969181688332602,-0.650039470011399,-0.048236570436645,-0.0330109162638679,-0.641497695750216,-0.427047782649156,1.09627321067543,0.446252137175011,-1.56276425682162,-0.831486854781667,0,-0.0894832556246732,-0.481588184154324,-0.830535908145318,1.36287885195866,0.95600658577301,-1.48080674570224,-0.797595882078731,-0.224402310031017,0.0320380599868803,-0.410266899197836,-0.680633513211668,1.19219966462977,0.41724441800515,-1.41500799647535,-0.767532904424768,0.0502030130172366,-0.0576990833337516,-0.303642030474405,-0.772979593369162,0.474752486526631,-0.283435346285619,-1.1603681679367,-0.506391440236923,-0.177318504788345
"335",0,-0.346763866306412,1.83546989771934,-1.57382783250995,-2.54900759641992,-0.98557573645297,-0.416428649433891,-0.135962069060475,-0.0247411626405223,-0.640995384823577,0.44964680817177,0.0857621201867708,-2.23893887943681,-1.40155863315559,-0.540830462877054,-0.1555961886108,-0.111531751188364,-0.741918245459386,1.09010489057606,0.0483583144139882,-1.69448153458948,-1.29347794903808,-0.574697546273115,-0.113860786417039,-0.0382639442739243,-0.759253601238671,0.924647769019562,-0.205019902303017,-1.53432688309958,-1.3031392155474,-0.650039470011399,-0.049335153206293,-0.0330109162638679,-0.0211034405390152,1.33132611434538,-0.67429503037576,0.782595037246263,-1.05218914939548,-0.831486854781667,0,-0.0930309953194633,0.19104829105235,1.47858362970634,0.95203506635112,0.95600658577301,0.410428816691482,0.710024002371709,-0.0998707974396848,-0.0692112518235939,2.4951782258119,1.43048399386859,1.19219966462977,-0.165326356393448,1.14027554013895,2.27190622946675,-0.202993708003753,-0.0191459895266863,0.728815661816031,1.41112711270197,-1.59286348777642,-0.877575954749489,1.58965249581285,1.64544649435608,-0.177318504788345
"336",0,-0.346763866306412,-0.314065241041354,0.990200011287507,0.330255952246136,1.15424052136502,2.81006009629609,-0.135962069060475,-0.0247411626405223,-0.640995384823577,0.201571324591363,-0.371016653727206,-1.39583976784473,-0.223353997438511,2.16920044349601,-0.1555961886108,-0.0445734002443183,-0.741918245459386,0.41018678555814,-0.961657113219938,-1.18029468333559,-1.29347794903808,-0.574697546273115,-0.113860786417039,-0.0382639442739243,0.849104702984884,0.924647769019562,0.472879490243842,-0.263877499229713,-1.13616045194,-0.650039470011399,-0.048236570436645,-0.0330109162638679,-0.0211034405390152,0.0525087347129891,-0.191412782816345,-0.180788513098962,0.479536172882967,-0.0977291970689675,0,-0.0930309953194633,-0.481588184154324,-0.420356468270278,-1.12171262543579,-1.10320005852361,0.754289828035795,-0.0735344821955789,-0.0463113718649348,-0.0692112518235939,-0.410266899197836,-0.152854136441604,-0.55774319753513,-0.520318765867068,0.29654243467861,-0.767532904424768,-0.202993708003753,-0.0191459895266863,-0.303642030474405,-0.372637375748804,0.941137412702696,0.508752131666208,-0.816615584968009,-0.527680489439249,-0.177318504788345
"337",0,-0.346763866306412,-0.0991117271652847,-0.175267190438608,0.773219575117836,1.86988254836228,1.05015714407974,-0.135962069060475,-0.0247411626405223,1.32090027230862,0.999757862091843,-0.419532824502074,-1.1850649899467,1.29148053419773,1.43010110539427,-0.1555961886108,-0.0445734002443183,-0.741918245459386,0.171889690481939,-0.961657113219938,0.779926240360802,1.24678870278565,-0.292956833346385,-0.113860786417039,-0.0382639442739243,-0.759253601238671,-0.734262530519842,0.811829186517271,0.847765711656421,-0.969181688332602,-0.650039470011399,-0.048236570436645,-0.0330109162638679,-0.639535815693025,-0.906604300011301,-0.0304520336298728,0.950766487281889,-0.430420151648704,-0.831486854781667,0,-0.0930309953194633,-0.481588184154324,-0.676594605621874,-1.12171262543579,-0.152796991925168,1.27008134505226,-0.111908222728241,-0.0998707974396848,-0.0692112518235939,-0.410266899197836,0.902704617098525,0.0255710898531705,-0.895344039415955,1.23412360438533,0.650872024724607,-0.202993708003753,-0.0191459895266863,-0.303642030474405,0.227875950681732,0.245017378270736,0.508752131666208,1.4177762043285,-0.0361570313587953,-0.177318504788345
"338",0,2.99694405524889,1.83546989771934,0.990200011287507,-0.998634916368966,-0.813775052877421,-0.416428649433891,-0.135962069060475,-0.0247411626405223,3.28279592944081,1.39152522427301,-0.667722469547314,1.13345756693153,0.449905794399818,-0.540830462877054,-0.1555961886108,-0.0445734002443183,1.6170619113525,1.09010489057606,0.721701932836606,1.43333321492626,0.611722039829717,-0.574697546273115,-0.113860786417039,-0.0382639442739243,-0.43758194039396,0.105967682229532,0.472879490243842,0.847765711656421,1.36852100217096,-0.650039470011399,-0.049335153206293,-0.0330109162638679,-0.639535815693025,-1.2263086449194,-1.47909877630812,-1.06729091314562,1.1603029827845,0.315362825388311,0,-0.0930309953194633,-0.481588184154324,-0.984477210668762,-1.12171262543579,-1.12771274463318,0.754289828035795,1.7165922022064,-0.0998707974396848,-0.0637147593490772,0.0739739549704533,-0.328780595364958,-1.14105748492343,-0.332806129092624,1.14027554013895,0.790026546968165,-0.202993708003753,-0.0391425295684976,1.76127335410647,0.628218168302089,0.93422270303842,0.904845870642121,0.558394746906768,-0.281918760399022,-0.177318504788345
"339",0,-0.346763866306412,-0.529018754917424,0.757106570942284,-0.112707670625565,-0.277043532629481,-0.416428649433891,-0.108169588680761,-0.064995348517452,-0.640995384823577,0.082906105558388,-0.665443231865958,-0.974290212048683,0.786535690318983,-0.540830462877054,-0.1555961886108,-0.0445734002443183,-0.741918245459386,0.41018678555814,-0.793321208614283,-1.18029468333559,1.08802203704667,-0.292956833346385,-0.113860786417039,-0.0382639442739243,-0.0664573495251068,0.269703699587538,-1.39134383926002,-0.899102191164647,1.36852100217096,0.359219948740423,-0.048236570436645,-0.0539306280597664,-0.639535815693025,-0.746752127557253,-0.500184377391374,0.446252137175011,0.479536172882967,0.8887876654733,0,-0.0930309953194633,-0.481588184154324,-0.984477210668762,-1.12171262543579,-1.26160056962335,-0.105362700324987,1.03090454285591,-0.0998707974396848,-0.0692112518235939,-0.410266899197836,-0.328780595364958,-1.52993367651563,-1.27036931296484,0.634035676862745,0.245613473539072,-0.202993708003753,-0.0191459895266863,-0.303642030474405,-0.372637375748804,0.245017378270736,0.904845870642121,0.730271038391115,-0.527680489439249,-0.382630460856344
"340",0,-0.346763866306412,0.967864861283972,0.757106570942284,-1.44159853924067,-0.992685559626734,-0.416428649433891,-0.135962069060475,-0.0247411626405223,1.64788288183065,0.999757862091843,0.325036110633647,0.711908011135486,-1.40155863315559,-0.540830462877054,-0.1555961886108,-0.0445734002443183,3.29047177078251,0.916208140335321,-0.456649399402975,1.43333321492626,-1.29347794903808,-0.574697546273115,-0.113860786417039,-0.0382639442739243,1.49244802467431,-0.423805474512766,-1.2218689911233,1.00657188464015,-1.13616045194,-0.650039470011399,-0.048236570436645,-0.0330109162638679,-0.639535815693025,-1.2263086449194,-0.513334281189288,0.446252137175011,-1.56276425682162,-0.831486854781667,0,-0.0930309953194633,-0.481588184154324,-0.984477210668762,0.275870080598593,0.480805052473791,-1.48080674570224,-0.797595882078731,-0.0998707974396848,-0.0692112518235939,-0.410266899197836,-0.504707054288313,1.19219966462977,0.979782328328481,-0.0409508075055244,0.0429841979463036,-0.202993708003753,-0.0191459895266863,-0.303642030474405,0.828389277112268,0.474752486526631,-0.0853884767976621,1.4177762043285,3.40450717520438,1.57294565917274
"341",0,-0.346763866306412,-0.314065241041354,0.990200011287507,0.330255952246136,-0.634864546128108,-0.416428649433891,-0.135962069060475,-0.0247411626405223,-0.640995384823577,0.082906105558388,-0.194589817813661,-1.81738932364077,0.786535690318983,-0.540830462877054,-0.1555961886108,-0.0445734002443183,0.283589186080425,1.09010489057606,-0.456649399402975,-1.18029468333559,0.135422042612768,-0.292956833346385,-0.113860786417039,-0.0382639442739243,0.849104702984884,0.59717573430355,-1.2218689911233,-1.53432688309958,-0.46824539751041,1.26370614595092,-0.048236570436645,-0.0330109162638679,0.597328934614995,0.0525087347129891,-1.47909877630812,-1.73997671328813,-0.881997446920094,1.46221250555829,0,-0.0930309953194633,0.863684766259023,1.17070102465946,-1.12171262543579,-1.90472941210347,-0.4492237116693,1.03090454285591,-0.0998707974396848,-0.0692112518235939,-0.410266899197836,0.902704617098525,0.0255710898531705,-1.64539458651373,-0.0214931657839618,-0.159645077646464,-0.245115546183608,-0.0191459895266863,-0.376122117689642,-0.372637375748804,0.0152822700148413,0.904845870642121,0.319450391573746,-0.527680489439249,-0.542276647827759
"342",0,1.88237474806379,1.83546989771934,0.990200011287507,-0.555671293497266,-0.992685559626734,-0.416428649433891,-0.135962069060475,-0.0247411626405223,1.60699436676916,0.999757862091843,0.573225755678888,0.711908011135486,-1.19486701324127,-0.540830462877054,-0.1555961886108,-0.0445734002443183,0.698221046055578,0.41018678555814,-0.333384260030081,1.43333321492626,-1.13471128329909,-0.574697546273115,-0.113860786417039,-0.0382639442739243,-0.759253601238671,-1.36765647399252,-1.05239414298659,1.00657188464015,-0.987923769844017,-0.650039470011399,-0.048236570436645,-0.0539306280597664,-0.639535815693025,-1.2263086449194,-0.191412782816345,0.278080687139385,-1.56276425682162,-0.831486854781667,0,-0.0930309953194633,-0.481588184154324,-0.830535908145318,0.897017949947205,0.164004030274312,-1.48080674570224,-0.797595882078731,-0.0998707974396848,-0.0692112518235939,0.0739739549704533,1.25455753494524,1.19219966462977,1.16729496510292,0.634035676862745,0.853501300317375,1.02661939301677,-0.0191459895266863,1.76127335410647,2.02941592997334,0.93422270303842,0.904845870642121,1.58965249581285,2.38509440954013,2.44807774115328
"343",0,-0.346763866306412,-1.17387929654563,-0.874547511474277,-0.334189482061415,-0.992685559626734,-0.416428649433891,-0.0357684846101422,-0.0247411626405223,-0.640995384823577,-1.93416775881521,-0.182643202031012,-0.763515434150662,-1.33144043675017,-0.540830462877054,-0.1555961886108,-0.0445734002443183,-0.741918245459386,-0.60969037196874,1.39504555125922,-0.423337436990988,-1.29347794903808,-0.574697546273115,-0.113860786417039,-0.0382639442739243,-0.43758194039396,-0.00825521168039746,-0.374494750439731,-0.899102191164647,-0.969181688332602,-0.650039470011399,-0.048236570436645,-0.0330109162638679,1.21576130976901,1.01162176943728,-0.835255779562232,0.782595037246263,-1.22238085187086,-0.831486854781667,0,-0.0930309953194633,4.22686714229239,1.66226876622954,0.897017949947205,1.27280760797249,0.582359322363638,-0.111908222728241,-0.0998707974396848,-0.0692112518235939,6.8533459133265,0.726778158175171,0.997761568833671,0.979782328328481,0.29654243467861,-0.564903628832,-0.202993708003753,-0.0191459895266863,-0.303642030474405,-1.17332181098952,0.245017378270736,-0.679529085261532,-1.1603681679367,-0.527680489439249,-0.177318504788345
"344",0,-0.411976915268654,-0.958925782669563,0.524013130597061,-0.998634916368966,-0.992685559626734,-0.416428649433891,-0.135962069060475,-0.0247411626405223,-0.640995384823577,-0.100464245748303,1.06960504576937,-0.742184034944087,-1.40155863315559,-0.540830462877054,-0.1555961886108,-0.0445734002443183,-0.453890387156393,0.92012536432158,0.0483583144139882,-1.18029468333559,-1.29347794903808,-0.574697546273115,-0.113860786417039,-0.0382639442739243,-0.115910279549249,1.08838378637757,-1.05239414298659,-1.53432688309958,-1.3031392155474,-0.650039470011399,-0.048236570436645,-0.0330109162638679,0.28811274703799,1.33132611434538,1.09627321067543,0.950766487281889,0.819919577833732,0.0286504053458163,0,-0.0930309953194633,-0.145269946550987,1.3246423271829,1.36287885195866,-1.26160056962335,-0.793084723013613,2.17371730844006,3.66104144818987,-0.0692112518235939,-0.410266899197836,0.374925240328461,1.12069144427437,-1.27036931296484,-0.378444049689659,2.42743487191296,5.94507179709886,-0.0191459895266863,-0.303642030474405,-0.97315070217934,-0.214452838241053,0.706799001154165,1.4177762043285,1.68417507192279,-0.177318504788345
"345",0,-0.346763866306412,-0.743972268793493,-1.34073439216472,1.10594817687397,1.86988254836228,1.93010862018791,-0.135962069060475,-0.0247411626405223,-0.640995384823577,0.816387510785152,1.06960504576937,-0.131191100456599,-0.0550390494789284,3.40103267366559,-0.1555961886108,-0.0445734002443183,0.410193187752585,1.09010489057606,-0.28831349479732,-1.18029468333559,-0.182111288865197,2.80619100884765,-0.0937804402009216,-0.0382639442739243,2.13579134636373,1.08838378637757,0.133929793970413,0.0537348467377536,1.36852100217096,1.53709837680268,-0.048236570436645,-0.0330109162638679,-0.33031962811602,0.212360907167038,1.09627321067543,0.782595037246263,1.1603029827845,0.315362825388311,0,-0.0930309953194633,-0.481588184154324,-0.984477210668762,-1.12171262543579,0.164004030274312,0.754289828035795,-0.797595882078731,-0.0998707974396848,-0.0692112518235939,-0.659540344191753,-1.38433934890509,-1.33549558071953,1.16729496510292,-0.884683912965861,-0.767532904424768,-0.202993708003753,-0.0191459895266863,-0.303642030474405,-1.17332181098952,-1.13339327126463,0.310705262178251,-1.1603681679367,-0.527680489439249,-0.177318504788345
"346",0,-0.346763866306412,-0.529018754917424,0.757106570942284,-2.32752578498407,-0.992685559626734,-0.355565692340311,-0.135962069060475,-0.0247411626405223,-0.640995384823577,0.44964680817177,0.668933099936992,-2.23893887943681,-1.40155863315559,-0.540830462877054,-0.191709104685274,-0.0445734002443183,-0.1658625288534,1.09010489057606,-0.056654385061555,-1.18029468333559,-1.29347794903808,-0.68880500488023,-0.113860786417039,-0.0382639442739243,1.49244802467431,0.105967682229532,-1.56081868739673,-1.37552071011585,-0.802202924725205,-0.650039470011399,-0.048236570436645,-0.0330109162638679,1.83419368492302,0.212360907167038,-0.835255779562232,0.782595037246263,0.990111280309114,-0.258062014696678,0,-0.0930309953194633,0.527366528655686,1.47858362970634,-0.189990821412867,-1.26160056962335,0.0665678053471691,1.03090454285591,-0.0998707974396848,-0.0692112518235939,-0.410266899197836,1.43048399386859,0.803323473037571,-0.145293492318181,0.971528919046879,0.650872024724607,-0.202993708003753,-0.0191459895266863,-0.303642030474405,-0.572808484558983,0.245017378270736,0.904845870642121,0.386518455422421,0.216930699850751,-0.177318504788345
"347",0,4.11151336243399,2.26537692547148,0.990200011287507,0.994701386553687,1.86988254836228,3.39669441370154,-0.135962069060475,-0.0247411626405223,0.993917662786584,0.401934583851482,0.0768464655884069,0.501133233237465,1.29148053419773,2.90829978159776,-0.1555961886108,-0.0445734002443183,-0.741918245459386,-1.27348129316316,-1.12999301782559,0.453222753078071,1.08802203704667,0.552265305433806,-0.113860786417039,-0.0382639442739243,-0.759253601238671,-1.53139249135053,-1.05239414298659,1.00657188464015,0.318230094103698,-0.460850211681148,-0.0831484975298767,-0.0330109162638679,-0.639535815693025,-1.2263086449194,-0.352373532002817,0.950766487281889,-1.22238085187086,-0.56760236829185,0,-0.0930309953194633,-0.481588184154324,-0.52265330309843,1.20759188462151,0.164004030274312,-1.64578251067809,-0.797595882078731,-0.0998707974396848,-0.0692112518235939,-0.410266899197836,0.902704617098525,1.19219966462977,-0.501748363737248,-1.55967039733413,-0.762458432851567,-0.202993708003753,-0.0191459895266863,1.76127335410647,2.02941592997334,0.0152822700148413,-2.26390404116519,-1.1603681679367,-0.527680489439249,-0.177318504788345
"348",0,-0.346763866306412,-0.314065241041354,0.0528146631937612,0.994701386553687,1.15424052136502,-0.416428649433891,-0.135962069060475,-0.0247411626405223,-0.640995384823577,-0.650575299668376,-0.667722469547314,0.501133233237465,1.12316558623815,-0.540830462877054,-0.1555961886108,-0.0445734002443183,-0.741918245459386,-1.62956752949562,-0.624985304008629,0.616574496719437,0.452955374090734,-0.574697546273115,-0.113860786417039,-0.0382639442739243,-0.759253601238671,-0.385240369844486,1.1507788827907,1.00657188464015,1.03456347495617,0.990313915099158,-0.048236570436645,-0.0330109162638679,-0.639535815693025,-0.427047782649156,0.613390963116015,0.950766487281889,0.220074745436131,0.602075245430805,0,-0.0930309953194633,-0.481588184154324,-0.830535908145318,0.586444015272899,-0.627998525224387,-1.48080674570224,-0.797595882078731,-0.0998707974396848,-0.0692112518235939,-0.410266899197836,-0.328780595364958,0.803323473037571,-1.83290722328817,-1.55967039733413,-0.767532904424768,-0.235160223935253,-0.0191459895266863,-0.303642030474405,0.027704841871553,-0.673923054752843,-2.26390404116519,-1.1603681679367,-0.527680489439249,-0.177318504788345
"349",0,1.88237474806379,2.05042341159541,0.990200011287507,0.773219575117836,0.259687987618459,-0.416428649433891,-0.135962069060475,-0.0247411626405223,1.97486549135268,0.999757862091843,0.573225755678888,0.290358455339444,0.0520916130399472,0.198268875224692,-0.1555961886108,-0.0445734002443183,0.986248904358571,1.09010489057606,-0.28831349479732,-1.18029468333559,-0.994282309319606,-0.574697546273115,-0.296661739118359,-0.0382639442739243,-0.115910279549249,0.924647769019562,0.303404642107127,-1.53432688309958,-1.3031392155474,-0.650039470011399,-0.048236570436645,-0.0539306280597664,-0.639535815693025,-0.427047782649156,0.127961418982718,-0.73094801307437,-1.56276425682162,-0.831486854781667,0,-0.0930309953194633,-0.481588184154324,-0.984477210668762,0.741730982610052,0.490134923255927,-1.48080674570224,-0.797595882078731,-0.137845548485466,-0.0692112518235939,-0.0317164083192834,-0.328780595364958,0.803323473037571,0.792269691554037,-1.55967039733413,-0.767532904424768,-0.202993708003753,-0.0191459895266863,1.76127335410647,1.4289026035428,0.93422270303842,-1.47171656321336,-1.1603681679367,-0.527680489439249,-0.177318504788345
"350",0,-0.346763866306412,2.05042341159541,0.757106570942284,-0.222689108172403,-0.813775052877421,-0.416428649433891,-0.135962069060475,-0.0247411626405223,-0.640995384823577,-1.20068635358845,-1.41229140468304,0.0795836774414227,1.12316558623815,-0.0480975708092236,-0.1555961886108,-0.0445734002443183,-0.741918245459386,-1.62956752949562,-1.12999301782559,-1.18029468333559,1.26606162562024,0.552265305433806,-0.113860786417039,-0.0909846830221019,-0.759253601238671,-0.876448421918504,0.254343413970823,0.847765711656421,0.867584711348771,-0.376647239159639,-0.048236570436645,-0.0330109162638679,-0.540923678520738,-0.586899955103205,0.452430213929543,0.950766487281889,0.649727875358349,-0.544774434739172,0,-0.222744857272127,-0.481588184154324,-0.830535908145318,-1.12171262543579,-0.535020441348126,0.238498311019326,0.827497531074566,-0.0998707974396848,-0.0692112518235939,0.499426267010819,0.550851699251816,-1.33549558071953,-0.895344039415955,0.465289055770677,0.853501300317375,-0.202993708003753,-0.0191459895266863,0.728815661816031,0.628218168302089,0.704487594782526,0.464108248492859,0.0605382858017848,-0.527680489439249,-0.177318504788345
"351",0,-0.346763866306412,0.115841786710785,0.0578262499066152,0.108774140810285,-0.634864546128108,-0.416428649433891,-0.135962069060475,-0.0247411626405223,0.666935053264552,0.633017159478461,-2.90142927495448,-0.34196587835462,-0.391668945398093,-0.540830462877054,-0.1555961886108,-0.0445734002443183,0.698221046055578,0.58016631181262,-1.12999301782559,0.779926240360802,-0.817177951821129,-0.574697546273115,-0.113860786417039,-0.0382639442739243,-0.759253601238671,-0.385240369844486,0.811829186517271,0.37134719270522,-1.3031392155474,-0.650039470011399,-0.048236570436645,-0.0539306280597664,-0.639535815693025,-1.06645647246535,0.452430213929543,0.446252137175011,0.139152767932202,-0.831486854781667,0,-0.0930309953194633,-0.481588184154324,0.554935814565679,-0.655851723424326,-0.696057090521545,0.582359322363638,0.57377943662225,-0.0998707974396848,-0.0692112518235939,2.97941907998019,0.374925240328461,-1.91880986810783,-1.23945740941233,0.29654243467861,0.853501300317375,-0.202993708003753,-0.0191459895266863,0.728815661816031,0.828389277112268,0.245017378270736,0.112658392690295,0.386518455422421,-0.281918760399022,-0.512558585434151
"352",0,-0.346763866306412,-0.314065241041354,0.0578262499066152,0.551737763681986,-0.634864546128108,-0.631603873650187,-0.135962069060475,-0.0247411626405223,0.666935053264552,0.816387510785152,-0.419532824502074,-0.131191100456599,0.281590846440236,-0.776050715492512,-0.1555961886108,-0.0445734002443183,1.85033247926755,1.06026682463861,-1.12999301782559,-0.363535965128757,0.611722039829717,-0.574697546273115,-0.113860786417039,-0.0382639442739243,0.849104702984884,1.08838378637757,-0.0355450541663019,0.688959538672687,0.704385648485259,0.443529453395639,-0.048236570436645,-0.0330109162638679,-0.639535815693025,-0.107343437741059,-0.191412782816345,-0.0835664861430558,0.990111280309114,0.8887876654733,0,-0.0930309953194633,-0.869009032907906,-0.984477210668762,-1.12171262543579,-1.26160056962335,0.238498311019326,1.94515475532323,-0.0998707974396848,-0.0692112518235939,-0.410266899197836,-1.20841288998173,-1.14105748492343,-1.0828566761904,0.802782297954812,1.66401840268845,-0.202993708003753,-0.0912709356995593,-0.303642030474405,-0.572808484558983,0.245017378270736,0.904845870642121,1.0767346603653,0.455366426721658,-0.243619290299261
"353",0,-0.346763866306412,1.19060935609113,0.990200011287507,0.994701386553687,-0.277043532629481,-0.416428649433891,-0.135962069060475,-0.064995348517452,-0.640995384823577,0.266276456865079,1.06960504576937,0.290358455339444,-0.89661378927684,-0.540830462877054,-0.1555961886108,-0.0445734002443183,-0.579820206260315,1.09010489057606,1.56338145586488,1.2699814712849,-0.658411286082146,-0.574697546273115,-0.113860786417039,-0.0382639442739243,-0.759253601238671,-0.712712404560498,-0.205019902303017,0.212541019721487,1.20154223856357,0.766508108726977,-0.048236570436645,-0.0330109162638679,-0.639535815693025,-1.2263086449194,-1.47909877630812,-1.73997671328813,0.139152767932202,2.60906218572827,0,-0.0930309953194633,-0.481588184154324,-0.52265330309843,-0.966425658098632,-1.26160056962335,-0.96501522868577,1.96478426763467,-0.0998707974396848,-0.0692112518235939,-0.410266899197836,1.43048399386859,0.414447281445371,-0.332806129092624,0.29654243467861,2.47453550505952,0.359538419681751,-0.0191459895266863,-0.303642030474405,0.42804705949191,0.474752486526631,0.904845870642121,1.58965249581285,2.17569853000325,-0.177318504788345
"354",0,0.767805440878689,1.19060935609113,0.990200011287507,0.773219575117836,-0.634864546128108,-0.416428649433891,-0.135962069060475,-0.0247411626405223,0.666935053264552,0.266276456865079,-0.915912114592555,0.783800512944596,-0.0550390494789284,-0.540830462877054,-0.1555961886108,-0.0445734002443183,-0.453890387156393,-1.45958800324114,-0.793321208614283,1.2699814712849,-0.00396787742066602,-0.574697546273115,-0.113860786417039,-0.0382639442739243,-0.759253601238671,-1.53139249135053,-0.501120495422341,0.658349879688268,-0.635224161117807,-0.650039470011399,-0.048236570436645,-0.0539306280597664,-0.639535815693025,-1.2263086449194,-1.31813802712165,0.446252137175011,0.649727875358349,-0.130788018682001,0,-0.0930309953194633,-0.481588184154324,-0.698869068073257,-0.890554455013129,-0.944799547423866,1.27008134505226,0.80234198973908,-0.0998707974396848,-0.0692112518235939,-0.410266899197836,0.374925240328461,0.220009185649271,-0.332806129092624,1.33668079440958,0.853501300317375,-0.202993708003753,-0.0191459895266863,-0.303642030474405,0.42804705949191,0.474752486526631,0.904845870642121,0.902147329875462,-0.281918760399022,-0.177318504788345
"355",0,-0.346763866306412,1.4055628699672,0.990200011287507,-1.22011672780482,-0.992685559626734,-0.416428649433891,-0.135962069060475,-0.0247411626405223,1.64788288183065,0.266276456865079,-1.90867069477352,0.711908011135486,-1.40155863315559,-0.540830462877054,-0.1555961886108,-0.0445734002443183,2.42638819587353,-0.0465583182831658,-1.12999301782559,-0.200184221487392,-0.658411286082146,-0.574697546273115,-0.113860786417039,-0.0382639442739243,1.17077636382959,-0.22150435248648,-1.56081868739673,-0.422683672213447,-0.635224161117807,-0.650039470011399,-0.048236570436645,-0.0330109162638679,-0.639535815693025,-1.05156158855135,-1.47909877630812,-0.285801498299624,-1.05218914939548,-0.831486854781667,0,-0.0930309953194633,-0.260112297219205,-0.984477210668762,-0.34527778875002,0.79760607467327,-1.48080674570224,-0.797595882078731,-0.0998707974396848,-0.199841444967887,-0.410266899197836,-0.856559972135023,0.803323473037571,0.0422191444562627,-1.55967039733413,-0.767532904424768,-0.202993708003753,-0.0191459895266863,-0.303642030474405,1.62907371235298,0.245017378270736,0.112658392690295,1.4177762043285,2.6672219880837,0.697813577192196
"356",0,-0.346763866306412,-0.529018754917424,0.757106570942284,1.39564226690129,1.86988254836228,0.463522826674285,-0.135962069060475,-0.0247411626405223,-0.640995384823577,-1.38405670489514,-0.508466822061935,0.501133233237465,1.29148053419773,-0.0480975708092236,-0.1555961886108,-0.0445734002443183,-0.741918245459386,-1.62956752949562,-1.12999301782559,0.453222753078071,1.24678870278565,-0.574697546273115,-0.113860786417039,-0.0382639442739243,-0.759253601238671,-0.548976387202492,0.472879490243842,1.00657188464015,1.36852100217096,1.81049060765444,-0.048236570436645,-0.0330109162638679,-0.639535815693025,1.17147394189133,1.09627321067543,0.950766487281889,0.819919577833732,1.17550008551579,0,-0.0930309953194633,-0.581799202523463,-0.984477210668762,0.588452561874119,1.11440709687275,-1.30887624003008,-0.797595882078731,-0.0998707974396848,-0.0692112518235939,-0.410266899197836,-1.03248643105838,1.19219966462977,0.0422191444562627,-1.68427400370227,-0.767532904424768,-0.202993708003753,-0.0191459895266863,-0.303642030474405,0.227875950681732,0.704487594782526,-1.47171656321336,-1.1603681679367,-0.527680489439249,-0.177318504788345
"357",0,-0.346763866306412,0.545748814462924,0.757106570942284,0.994701386553687,0.259687987618459,-0.416428649433891,-0.135962069060475,-0.0247411626405223,0.993917662786584,0.999757862091843,-0.594290737722762,-2.02816410153879,0.618220742359401,-0.540830462877054,-0.1555961886108,-0.0445734002443183,-0.741918245459386,0.7501458380671,0.522979771454453,0.779926240360802,-0.182111288865197,-0.574697546273115,-0.113860786417039,-0.0382639442739243,-1.01421532214425,-1.04018443927651,0.811829186517271,0.830018663497554,-1.13616045194,-0.650039470011399,-0.048236570436645,-0.0330109162638679,-0.639535815693025,-0.906604300011301,0.935312461488958,-0.562776563038745,-1.56276425682162,-0.831486854781667,0,-0.296329233229205,-0.481588184154324,0.708877117089123,0.431157047935746,0.63920556357353,-1.48080674570224,-0.797595882078731,-0.0998707974396848,-0.0644653786942084,-0.410266899197836,0.155864297461736,-1.33549558071953,1.16729496510292,-1.55967039733413,-0.97187971565943,-0.202993708003753,-0.0191459895266863,-0.303642030474405,0.227875950681732,0.474752486526631,0.112658392690295,-1.1603681679367,-0.527680489439249,-0.0213620170286569
"358",0,-0.346763866306412,0.760702328338993,0.290919690251838,0.994701386553687,1.15424052136502,-0.123111490731166,-0.135962069060475,-0.0247411626405223,0.168286421710568,0.999757862091843,0.573225755678888,1.13345756693153,1.29148053419773,0.444635321258607,-0.1555961886108,-0.0445734002443183,0.410193187752585,1.09010489057606,0.0749710543986972,0.943277984002168,0.7704887055687,-0.292956833346385,-0.113860786417039,-0.0382639442739243,-0.115910279549249,0.760911751661556,0.811829186517271,0.847765711656421,-0.802202924725205,-0.650039470011399,-0.048236570436645,-0.0330109162638679,-0.639535815693025,0.0525087347129891,1.09627321067543,-1.06729091314562,-1.56276425682162,-0.831486854781667,0,-0.0930309953194633,-0.481588184154324,1.3246423271829,1.36287885195866,-0.469598014124647,-1.86006283356892,-0.902879617430836,-0.0998707974396848,-0.178374883112061,0.0739739549704533,1.51489507619951,1.19219966462977,-0.520318765867068,-1.55967039733413,-0.767532904424768,-0.202993708003753,-0.0191459895266863,-0.303642030474405,1.22873149473262,-0.0740727686608249,-1.07562282423745,-1.1603681679367,-0.527680489439249,-0.177318504788345
"359",0,-0.346763866306412,1.19060935609113,0.990200011287507,0.994701386553687,1.86988254836228,1.63679146148519,-0.119130471945647,-0.0247411626405223,-0.640995384823577,-0.283834597054994,-0.915912114592555,-0.552740656252641,1.29148053419773,2.66193333556384,-0.1555961886108,-0.0445734002443183,-0.741918245459386,-1.62956752949562,-1.12999301782559,-0.853591196052854,1.24678870278565,2.24270958299419,-0.113860786417039,-0.0382639442739243,-0.759253601238671,-1.20392045663452,-0.882919294849875,0.37134719270522,1.36852100217096,0.443529453395639,-0.048236570436645,-0.0330109162638679,-0.639535815693025,1.17147394189133,1.09627321067543,0.950766487281889,1.1603029827845,2.03563734564328,0,-0.0930309953194633,-0.481588184154324,-0.214770698051542,1.05230491728436,0.322404541374051,-0.793084723013613,-0.797595882078731,-0.0998707974396848,-0.0692112518235939,-0.410266899197836,-0.328780595364958,1.19219966462977,-0.688872438535839,-1.55967039733413,-0.767532904424768,-0.202993708003753,-0.0191459895266863,-0.303642030474405,1.22873149473262,0.30529996103259,-2.26390404116519,-1.1603681679367,-0.527680489439249,-0.177318504788345
"360",0,0.767805440878689,0.330795300586854,-0.175267190438608,0.994701386553687,0.975330014615711,-0.416428649433891,-0.219701540493681,-0.0247411626405223,1.97486549135268,0.633017159478461,-0.915912114592555,-0.131191100456599,0.883362703462085,0.198268875224692,-0.1555961886108,-0.0445734002443183,0.410193187752585,-0.9496494244777,-0.624985304008629,1.2699814712849,-0.0502459139423801,-0.574697546273115,-0.113860786417039,-0.0382639442739243,-0.759253601238671,-1.53139249135053,-0.337250778120663,0.530153365688954,-1.3031392155474,-0.650039470011399,-0.048236570436645,-0.0330109162638679,-0.639535815693025,-1.23128574921351,-0.67429503037576,0.950766487281889,-0.881997446920094,-0.831486854781667,0,-0.0930309953194633,-0.481588184154324,-1.72730774758669,-1.12171262543579,0.322404541374051,0.410428816691482,-0.797595882078731,-0.0998707974396848,-0.0692112518235939,-0.410266899197836,-1.38433934890509,-0.94661938912733,0.604757054779594,0.634035676862745,-0.663513312436693,-0.202993708003753,-0.0191459895266863,-0.303642030474405,1.4289026035428,0.245017378270736,-0.679529085261532,-1.1603681679367,-0.527680489439249,-0.177318504788345
"361",0,0.767805440878689,1.57396822346007,0.990200011287507,-0.0195806632309419,2.04265782576743,3.98332873110699,1.71880406707795,-0.0247411626405223,-0.640995384823577,0.266276456865079,-0.419532824502074,-0.34196587835462,1.29148053419773,2.90829978159776,1.80127119247638,-0.0445734002443183,-0.741918245459386,-1.62956752949562,-1.12999301782559,0.289871009436705,1.24678870278565,0.552265305433806,-0.113860786417039,-0.0382639442739243,-0.759253601238671,-1.53139249135053,-0.230498986006441,0.847765711656421,-0.301266633903012,-0.650039470011399,-0.048236570436645,-0.0330109162638679,-0.639535815693025,-0.417085971486806,0.613390963116015,0.278080687139385,-1.56276425682162,-0.607362147337677,0,-0.0930309953194633,-0.481588184154324,0.400994512042235,1.20759188462151,-0.944799547423866,-1.48080674570224,-0.797595882078731,-0.0998707974396848,-0.0692112518235939,0.0739739549704533,1.43048399386859,0.0255710898531705,-1.83290722328817,-1.55967039733413,-0.767532904424768,-0.202993708003753,-0.0191459895266863,2.7937310463969,2.02941592997334,0.045717572239709,-2.26390404116519,-1.09483349718856,-0.527680489439249,-0.177318504788345
"362",0,2.99694405524889,1.4055628699672,0.705586062292885,-0.267545086682797,0.36255595112792,0.17020566797156,-0.135962069060475,-0.0247411626405223,1.64788288183065,0.999757862091843,-0.171343179456834,-1.39583976784473,-0.223353997438511,-0.294464016843139,-0.1555961886108,-0.0445734002443183,1.85033247926755,1.09010489057606,-0.119977590191666,-1.18029468333559,-1.29347794903808,-0.574697546273115,-0.113860786417039,-0.0382639442739243,0.527433042140173,0.924647769019562,1.1507788827907,0.212541019721487,-1.03311879666586,-0.53329691816351,-0.048236570436645,-0.0330109162638679,-0.639535815693025,-1.2263086449194,-0.513334281189288,0.950766487281889,-0.541614041969328,-0.831486854781667,0,-0.0930309953194633,-0.481588184154324,-0.984477210668762,-0.245154240187623,0.164004030274312,0.582359322363638,-0.797595882078731,-0.0998707974396848,-0.0692112518235939,0.0739739549704533,0.726778158175171,0.414447281445371,1.16729496510292,-0.547190670781726,-0.767532904424768,-0.288824700742417,-0.0191459895266863,2.7937310463969,2.02941592997334,0.93422270303842,-0.877575954749489,-1.1603681679367,-0.634025949658398,-0.177318504788345
"363",0,0.00755547162873032,0.545748814462924,0.524013130597061,-1.44159853924067,-0.992685559626734,-0.416428649433891,-0.135962069060475,-0.0247411626405223,0.738744759280465,0.44964680817177,-1.66048104972828,0.711908011135486,-0.559983893357675,-0.211644273688461,-0.1555961886108,-0.0445734002443183,1.56230462096456,0.58016631181262,-0.793321208614283,-0.363535965128757,0.929255371307683,0.645751092447322,-0.113860786417039,-0.0382639442739243,0.527433042140173,1.08838378637757,0.811829186517271,0.847765711656421,1.36852100217096,1.53709837680268,-0.048236570436645,-0.0330109162638679,-0.639535815693025,-0.906604300011301,-0.67429503037576,-0.562776563038745,0.139152767932202,1.17550008551579,0,-0.0930309953194633,-0.481588184154324,-0.984477210668762,-1.06685338194777,-0.786399036324126,1.09815083938011,-0.111908222728241,-0.0998707974396848,-0.0692112518235939,-0.410266899197836,-1.38433934890509,-1.14105748492343,0.792269691554037,0.127795813586543,-0.767532904424768,-0.202993708003753,-0.0191459895266863,-0.303642030474405,0.828389277112268,0.245017378270736,-1.07562282423745,-1.1603681679367,-0.527680489439249,-0.177318504788345
"364",0,-0.346763866306412,-1.17387929654563,-1.57382783250995,-0.157443619825597,-0.277043532629481,3.39669441370154,4.50095327128558,-0.0247411626405223,-0.640995384823577,-0.833945650975067,1.06960504576937,1.13345756693153,1.29148053419773,2.90829978159776,0.822837501932791,-0.0445734002443183,-0.741918245459386,-1.28960847698666,-0.119977590191666,0.12651926579534,1.24678870278565,-0.0112161204196545,-0.113860786417039,-0.0382639442739243,-0.759253601238671,-1.20392045663452,-0.882919294849875,0.37134719270522,1.03456347495617,-0.650039470011399,-0.048236570436645,-0.0330109162638679,0.906545122192,1.17147394189133,1.09627321067543,0.950766487281889,1.1603029827845,0.315362825388311,0,-0.0930309953194633,1.5363212414657,0.400994512042235,0.586444015272899,1.11440709687275,-0.793084723013613,-0.797595882078731,-0.0998707974396848,-0.0692112518235939,-0.410266899197836,-1.38433934890509,0.997761568833671,0.659375926310382,-1.55967039733413,-0.767532904424768,-0.202993708003753,-0.0191459895266863,-0.337157421263737,-1.17332181098952,0.245017378270736,-1.07562282423745,-1.1603681679367,-0.527680489439249,-0.177318504788345
"365",0,-0.525100981063659,-0.650187615983443,-0.175267190438608,-1.88456216211237,-0.992685559626734,-0.0869505205699095,-0.135962069060475,-0.064995348517452,-0.640995384823577,0.44964680817177,0.821415400724128,0.501133233237465,-1.40155863315559,-0.540830462877054,-0.1555961886108,-0.0445734002443183,0.122165329449593,1.09010489057606,-0.793321208614283,0.12651926579534,-0.499644620343163,-0.574697546273115,-0.111687558225883,-0.0382639442739243,1.17077636382959,1.08838378637757,0.811829186517271,0.847765711656421,1.03456347495617,-0.10325500830788,-0.0234163125072431,-0.0330109162638679,-0.0211034405390152,1.01162176943728,1.09627321067543,0.950766487281889,1.1603029827845,0.602075245430805,0,-0.0930309953194633,-0.481588184154324,-0.830535908145318,-0.500564756087173,-0.786399036324126,0.0665678053471691,0.57377943662225,-0.0998707974396848,-0.0692112518235939,-0.410266899197836,-0.680633513211668,-0.75218129333123,0.0422191444562627,1.14027554013895,0.245613473539072,-0.202993708003753,-0.0912709356995593,-0.303642030474405,-0.97315070217934,-0.214452838241053,-0.283435346285619,-0.472863001999315,-0.527680489439249,-0.24568656702783
"366",0,-0.346763866306412,-0.314065241041354,0.757106570942284,0.773219575117836,1.86988254836228,4.27664588980972,13.7747839519777,-0.064995348517452,-0.640995384823577,-1.01731600228176,0.0768464655884069,0.290358455339444,0.449905794399818,3.40103267366559,10.6071744073687,-0.0445734002443183,-1.22708718462991,-1.62956752949562,-1.12999301782559,-1.18029468333559,-0.182111288865197,3.93315386055457,6.81071689340156,-0.0382639442739243,-0.759253601238671,-1.20392045663452,0.303404642107127,1.00657188464015,1.36852100217096,3.17745176191323,-0.048236570436645,-0.0330109162638679,-0.639535815693025,1.01162176943728,0.452430213929543,0.950766487281889,0.649727875358349,-0.831486854781667,0,-0.0930309953194633,-0.481588184154324,-0.0608293955280974,-0.500564756087173,1.11440709687275,-1.30887624003008,-0.797595882078731,-0.0998707974396848,-0.0692112518235939,-0.410266899197836,-1.20841288998173,0.132927673064124,0.0422191444562627,-1.55967039733413,-0.767532904424768,-0.202993708003753,-0.0191459895266863,-0.303642030474405,0.42804705949191,0.474752486526631,-2.06585717167723,-1.1603681679367,-0.527680489439249,-0.177318504788345
"367",0,-0.346763866306412,-1.17387929654563,-0.874547511474277,0.330255952246136,-0.634864546128108,-0.416428649433891,-0.135962069060475,-0.0247411626405223,-0.640995384823577,0.266276456865079,0.573225755678888,-0.34196587835462,-1.40155863315559,-0.540830462877054,-0.1555961886108,-0.0445734002443183,-0.453890387156393,0.827581879652212,-0.28831349479732,-1.18029468333559,-1.29347794903808,-0.574697546273115,-0.113860786417039,-0.0382639442739243,0.849104702984884,0.924647769019562,-1.56081868739673,-1.53432688309958,-1.3031392155474,-0.504882526933879,-0.048236570436645,-0.0330109162638679,0.28811274703799,1.17147394189133,0.613390963116015,0.950766487281889,0.990111280309114,0.315362825388311,0,-0.0930309953194633,0.217885728580913,1.47858362970634,0.586444015272899,-0.627998525224387,-0.105362700324987,2.17371730844006,-0.0998707974396848,-0.0692112518235939,-0.410266899197836,0.198998781405106,0.414447281445371,-0.539361350674463,0.29654243467861,1.66401840268845,-0.202993708003753,-0.0191459895266863,-0.303642030474405,-1.17332181098952,-0.673923054752843,0.508752131666208,0.688339833728798,0.455366426721658,-0.177318504788345
"368",0,1.88237474806379,0.760702328338993,0.0578262499066152,0.330255952246136,-0.277043532629481,-0.592112221344663,-0.0951605463008692,-0.0247411626405223,3.93676114848487,0.999757862091843,0.325036110633647,1.13345756693153,0.0627270984005499,-0.540830462877054,-0.1555961886108,-0.0445734002443183,0.698221046055578,0.419553764097267,0.0483583144139882,1.06337267109931,-0.658411286082146,-0.574697546273115,-0.113860786417039,-0.0382639442739243,0.249283026433363,-1.09609682047811,0.133929793970413,1.00657188464015,-0.969181688332602,-0.650039470011399,-0.048236570436645,-0.0330109162638679,-0.639535815693025,-1.2263086449194,-0.513334281189288,0.950766487281889,-0.541614041969328,-0.831486854781667,0,-0.0930309953194633,-0.481588184154324,-0.984477210668762,-1.12171262543579,0.95600658577301,1.27008134505226,-0.569033328961901,-0.0998707974396848,-0.0692112518235939,-0.410266899197836,-0.152854136441604,0.220009185649271,1.16729496510292,0.634035676862745,-0.564903628832,-0.202993708003753,-0.0912709356995593,-0.303642030474405,0.42804705949191,0.0152822700148413,-0.877575954749489,-0.816615584968009,-0.527680489439249,-0.00460727005144029
"369",0,1.88237474806379,0.115841786710785,-0.175267190438608,-0.777153104933116,-0.992685559626734,-0.546282720338837,-0.154143133139509,0.23340171098387,2.30184810087471,0.999757862091843,0.573225755678888,-1.1850649899467,-1.40155863315559,-0.540830462877054,-0.1555961886108,-0.0445734002443183,1.85033247926755,1.09010489057606,0.89003783744226,0.12651926579534,-0.975944617560112,-0.574697546273115,-0.113860786417039,-0.0382639442739243,1.81411968551902,0.924647769019562,-0.205019902303017,0.212541019721487,0.867584711348771,0.68308211970824,-0.048236570436645,-0.0330109162638679,-0.639535815693025,-1.2263086449194,-1.47909877630812,-1.73997671328813,-0.201230637018563,2.03563734564328,0,-0.0930309953194633,-0.481588184154324,-0.984477210668762,-1.12171262543579,-1.26160056962335,-0.621154217341457,1.98769616404877,-0.0998707974396848,-0.0692112518235939,-0.410266899197836,-0.328780595364958,-0.75218129333123,-1.0828566761904,-0.209697428597592,2.06927695387398,-0.202993708003753,-0.0191459895266863,1.13921187988437,0.127672381632379,0.704487594782526,0.904845870642121,1.4177762043285,1.19265161384234,-0.177318504788345
"370",0,-0.346763866306412,2.05042341159541,0.990200011287507,0.994701386553687,1.86988254836228,3.10337725499881,-0.135962069060475,-0.0247411626405223,-0.708179255835315,-1.20068635358845,-0.915912114592555,0.0795836774414227,1.19466879577471,1.67646755142818,-0.1555961886108,-0.0445734002443183,-0.969908220138446,-1.62956752949562,-1.12999301782559,0.616574496719437,0.7704887055687,-0.574697546273115,-0.113860786417039,-0.0382639442739243,-0.115910279549249,-0.876448421918504,-1.05239414298659,1.00657188464015,-0.635224161117807,-0.650039470011399,-0.049335153206293,-0.0330109162638679,2.45262606007703,1.33132611434538,0.656038941369119,0.950766487281889,1.1603029827845,0.315362825388311,0,-0.0930309953194633,-0.145269946550987,0.247053209518791,0.53956246437746,0.164004030274312,-0.78012292838183,-0.797595882078731,-0.0998707974396848,-0.304299568550682,-0.410266899197836,0.0230723224817513,0.189143154209878,-0.68041263990517,-1.55967039733413,-0.767532904424768,-0.202993708003753,-0.0191459895266863,-0.303642030474405,1.82924482116316,-1.36312837952053,-2.26390404116519,-1.1603681679367,-0.527680489439249,-0.177318504788345
"371",0,-0.346763866306412,0.545748814462924,-2.73929503423606,-0.777153104933116,0.259687987618459,-0.416428649433891,-0.135962069060475,-0.0247411626405223,-0.640995384823577,0.999757862091843,-1.90867069477352,-0.0132123031821523,1.29148053419773,-0.0480975708092236,-0.1555961886108,-0.0445734002443183,-0.1658625288534,0.7501458380671,-0.793321208614283,-0.0368324778460259,1.24678870278565,1.11574673128727,-0.113860786417039,-0.0382639442739243,0.24603194439705,0.433439716945544,-1.18135239932554,-0.861906217859278,0.867584711348771,1.28416507497015,-0.048236570436645,-0.0330109162638679,0.982024354306051,0.851769596983231,-1.47909877630812,-1.73997671328813,0.479536172882967,1.46221250555829,0,-0.0930309953194633,1.20000300386236,1.47858362970634,0.12058311326144,-0.627998525224387,1.09815083938011,0.80234198973908,-0.0998707974396848,-0.0692112518235939,1.04245566330703,1.43048399386859,1.19219966462977,1.16729496510292,1.14027554013895,-0.564903628832,-0.202993708003753,-0.0191459895266863,-0.0259583592785766,0.227875950681732,0.474752486526631,-0.283435346285619,-0.644739293483662,-0.527680489439249,-0.177318504788345
"372",0,-0.346763866306412,-0.958925782669563,-0.641454071129054,0.773219575117836,1.69097204161296,0.17020566797156,-0.135962069060475,-0.0247411626405223,-0.314012775301545,0.816387510785152,-0.667722469547314,0.570620127445908,1.29148053419773,-0.0480975708092236,-0.1555961886108,-0.0445734002443183,1.56230462096456,0.0702277330491799,-0.961657113219938,0.779926240360802,-0.0233446231262145,-0.574697546273115,-0.113860786417039,-0.0382639442739243,1.49244802467431,0.924647769019562,0.472879490243842,0.212541019721487,-1.13616045194,-0.650039470011399,-0.048236570436645,-0.0330109162638679,-0.639535815693025,-0.107343437741059,1.09627321067543,0.554313966447401,-1.05218914939548,-0.831486854781667,0,-0.0930309953194633,-0.75707482459269,-0.0608293955280974,0.12058311326144,0.00560351917457189,1.09815083938011,-0.111908222728241,-0.0998707974396848,-0.128830438681343,-0.410266899197836,-1.03248643105838,0.997761568833671,-1.45788194973929,0.465289055770677,0.853501300317375,-0.202993708003753,-0.0191459895266863,-0.303642030474405,-0.958446662872736,0.322964539213234,0.904845870642121,1.61582022033477,0.455366426721658,-0.177318504788345
"373",0,-0.346763866306412,-0.743972268793493,-0.408360630783831,0.330255952246136,-0.455954039378794,-0.416428649433891,-0.135962069060475,-0.0247411626405223,-0.314012775301545,0.44964680817177,-1.1641017596378,-0.763515434150662,0.786535690318983,-0.540830462877054,-0.175544110561914,-0.0445734002443183,1.27427676266156,-0.43971084571426,-1.12999301782559,-0.853591196052854,1.24678870278565,-0.292956833346385,-0.113860786417039,-0.0382639442739243,-0.115910279549249,0.269703699587538,-1.2218689911233,-1.53432688309958,0.867584711348771,0.443529453395639,-0.048236570436645,-0.0330109162638679,-0.639535815693025,-0.267195610195108,0.935312461488958,0.446252137175011,1.1603029827845,1.46221250555829,0,-0.0930309953194633,-0.481588184154324,-0.984477210668762,-1.12171262543579,-1.26160056962335,-0.105362700324987,1.03090454285591,-0.0998707974396848,-0.0692112518235939,-0.410266899197836,-1.38433934890509,0.0255710898531705,-1.0828566761904,-0.0409508075055244,0.645020131779759,-0.202993708003753,-0.0191459895266863,-0.303642030474405,-1.17332181098952,0.421056906084145,0.904845870642121,1.24589991284416,-0.0361570313587953,-0.177318504788345
"374",0,2.99694405524889,2.26537692547148,1.11697669247654,-0.998634916368966,-0.992685559626734,-0.416428649433891,-0.135962069060475,0.0676255668164689,0.666935053264552,0.999757862091843,-0.171343179456834,1.13345756693153,-0.559983893357675,-0.540830462877054,-0.1555961886108,-0.0445734002443183,-0.741918245459386,-1.11962895073218,-0.961657113219938,0.779926240360802,0.611722039829717,-0.574697546273115,-0.113860786417039,-0.0382639442739243,-0.759253601238671,-1.68545564084355,-1.56081868739673,0.0537348467377536,0.627882188912011,-0.650039470011399,-0.048236570436645,-0.0330109162638679,-0.639535815693025,-1.2263086449194,-1.47909877630812,-0.0582622129318667,0.309344470407584,-0.831486854781667,0,-0.0930309953194633,-0.481588184154324,-1.32177667893267,-0.655851723424326,1.11440709687275,-0.105362700324987,-0.797595882078731,-0.0998707974396848,-0.0692112518235939,-0.410266899197836,-0.680633513211668,0.235617968363351,1.16729496510292,0.29654243467861,0.44824274913184,-0.202993708003753,-0.0191459895266863,0.728815661816031,2.02941592997334,0.93422270303842,0.904845870642121,1.24589991284416,3.40450717520438,4.19834190511436
"375",0,0.767805440878689,1.83546989771934,0.757106570942284,-2.10604397354822,-1.36486407317479,-0.416428649433891,-0.135962069060475,-0.0247411626405223,0.0129698342204877,0.44964680817177,0.0768464655884069,0.290358455339444,-1.40155863315559,-0.540830462877054,-0.1555961886108,-0.0445734002443183,-0.741918245459386,-1.62956752949562,-0.456649399402975,1.43333321492626,-0.817177951821129,-0.574697546273115,-0.113860786417039,-0.0382639442739243,-0.759253601238671,-1.53139249135053,-1.39134383926002,1.00657188464015,-0.633590825276368,-0.650039470011399,-0.048236570436645,-0.0330109162638679,-0.639535815693025,-1.2263086449194,-0.67429503037576,0.806469404389654,-1.56276425682162,-0.831486854781667,0,-0.0930309953194633,-0.481588184154324,-0.984477210668762,0.12058311326144,0.63920556357353,-1.55029570566344,-0.797595882078731,-0.0998707974396848,-0.0692112518235939,-0.410266899197836,-0.504707054288313,1.19219966462977,0.0422191444562627,-0.209697428597592,0.650872024724607,0.79047730113817,-0.0191459895266863,0.728815661816031,1.82924482116316,0.93422270303842,0.904845870642121,1.24589991284416,2.42146025904347,1.57294565917274
"376",0,0.767805440878689,0.975655842215063,0.990200011287507,0.551737763681986,-0.455954039378794,-0.416428649433891,-0.135962069060475,-0.0247411626405223,0.666935053264552,0.999757862091843,0.325036110633647,0.922682789033507,0.954850638278565,-0.540830462877054,-0.0724955176305748,-0.0445734002443183,-0.453890387156393,-1.45958800324114,-1.12999301782559,0.289871009436705,1.24678870278565,-0.0112161204196545,-0.113860786417039,-0.0382639442739243,-0.759253601238671,-0.712712404560498,0.811829186517271,1.00657188464015,0.867584711348771,-0.650039470011399,-0.048236570436645,-0.0330109162638679,-0.639535815693025,-0.107343437741059,1.09627321067543,1.29402144615588,0.990111280309114,-0.258062014696678,0,-0.0930309953194633,-0.481588184154324,-0.984477210668762,-1.12171262543579,-0.627998525224387,1.09815083938011,1.25946709597274,-0.0998707974396848,-0.0692112518235939,0.483882050419019,0.902704617098525,-0.36330510173903,0.604757054779594,1.14027554013895,0.245613473539072,-0.202993708003753,-0.0191459895266863,0.744924532721588,1.62907371235298,0.93422270303842,0.508752131666208,0.0427658724537265,-0.527680489439249,-0.177318504788345
"377",0,-0.412473293496361,0.115841786710785,0.990200011287507,0.108774140810285,-0.20530263538403,-0.416428649433891,-0.133299278684284,-0.0247411626405223,-0.640995384823577,0.816387510785152,0.573225755678888,0.711908011135486,0.786535690318983,-0.540830462877054,-0.1555961886108,-0.0445734002443183,-0.1658625288534,1.09010489057606,-0.119977590191666,-0.363535965128757,1.24678870278565,-0.0112161204196545,-0.113860786417039,-0.0382639442739243,-0.759253601238671,0.924647769019562,-0.882919294849875,-1.21671453713211,1.36852100217096,0.815738099953607,-0.048236570436645,-0.0330109162638679,-0.33031962811602,1.33132611434538,-0.67429503037576,-1.5718052632525,1.1603029827845,0.8887876654733,0,-0.0930309953194633,0.19104829105235,1.47858362970634,-0.811138690761479,0.480805052473791,0.926220333707951,-0.569033328961901,-0.0998707974396848,-0.0463100613930246,-0.410266899197836,1.43048399386859,-0.94661938912733,0.979782328328481,-0.715937291873794,-0.767532904424768,-0.202993708003753,-0.0191459895266863,-0.303642030474405,0.227875950681732,0.93422270303842,-0.877575954749489,-1.1603681679367,-0.527680489439249,-0.177318504788345
"378",0,-0.378906606258819,-1.17387929654563,-1.80692127285517,0.330255952246136,1.15424052136502,-0.123111490731166,-0.135962069060475,-0.0247411626405223,-0.640995384823577,-1.38405670489514,-0.198646638726529,-0.34196587835462,1.12316558623815,2.90829978159776,1.80127119247638,-0.0445734002443183,-0.741918245459386,0.7501458380671,0.216694219019643,-0.853591196052854,1.17606051920052,3.36967243470111,-0.113860786417039,-0.0382639442739243,0.205761381295462,1.08838378637757,1.04176957793837,0.530153365688954,1.36852100217096,1.26370614595092,-0.048236570436645,-0.0330109162638679,-0.639535815693025,0.0525087347129891,-0.583768978514161,-1.40363381321687,0.640031361735506,-0.258062014696678,0,-0.027078578756864,-0.481588184154324,-0.984477210668762,-1.24821815841131,0.495619203803615,-0.103446597088679,-0.797595882078731,-0.0998707974396848,-0.0692112518235939,-0.410266899197836,-1.38433934890509,-1.91880986810783,0.792269691554037,-0.547190670781726,-0.767532904424768,-0.202993708003753,-0.0191459895266863,-0.348528787749809,-1.17332181098952,-2.05233370428821,0.508752131666208,-0.816615584968009,-0.527680489439249,-0.177318504788345
"379",0,-0.275274095727418,0.975655842215063,0.990200011287507,0.994701386553687,1.86988254836228,3.69001157240427,-0.135962069060475,-0.0247411626405223,0.666935053264552,0.843559356520161,-0.171343179456834,-0.416832289163874,-0.89661378927684,-0.0480975708092236,-0.1555961886108,-0.0445734002443183,2.13836033757054,0.24020725930366,-1.12999301782559,-1.28435002960431,-1.29347794903808,-0.574697546273115,-0.113860786417039,-0.0382639442739243,1.49244802467431,0.924647769019562,-0.0355450541663019,-0.263877499229713,-0.969181688332602,-0.650039470011399,-0.048236570436645,-0.0330109162638679,0.128812619945102,0.532065252075134,0.452430213929543,0.782595037246263,0.819919577833732,-0.544774434739172,0,-0.142962746896001,-0.481588184154324,-0.984477210668762,-1.12171262543579,-1.10320005852361,1.09815083938011,0.57377943662225,-0.00459594445551268,-0.0692112518235939,0.558214809138742,0.726778158175171,-0.75218129333123,-1.83290722328817,0.971528919046879,0.44824274913184,-0.202993708003753,-0.0191459895266863,-0.303642030474405,0.628218168302089,0.83114847932146,0.904845870642121,0.833699485876713,-0.0361570313587953,-0.177318504788345
"380",0,-0.346763866306412,1.83546989771934,0.757106570942284,0.994701386553687,0.259687987618459,-0.416428649433891,-0.135962069060475,-0.0247411626405223,0.666935053264552,0.765013243071355,-0.915912114592555,0.290358455339444,0.954850638278565,-0.540830462877054,-0.1555961886108,-0.0445734002443183,-0.741918245459386,-1.28960847698666,-0.797267267590469,1.2699814712849,0.135422042612768,-0.574697546273115,-0.113860786417039,-0.0382639442739243,-0.759253601238671,-1.53139249135053,-0.205019902303017,1.00657188464015,0.032690893311783,-0.650039470011399,-0.048236570436645,-0.0330109162638679,-0.810915411278482,-1.2263086449194,-1.31813802712165,0.109909237103759,1.1603029827845,0.658557364887071,0,-0.0930309953194633,-0.481588184154324,-0.984477210668762,-0.943808197136097,-1.26160056962335,0.238498311019326,1.48802964908957,-0.0998707974396848,-0.0692112518235939,0.0739739549704533,0.550851699251816,0.220009185649271,-0.937876062479843,0.802782297954812,1.46138912709568,-0.202993708003753,-0.0191459895266863,0.728815661816031,0.828389277112268,0.57565724825793,0.315532843282768,1.07402362135981,0.455366426721658,-0.177318504788345
"381",0,-0.346763866306412,-1.17387929654563,-0.175267190438608,0.108774140810285,0.0807774808691453,-0.416428649433891,-0.135962069060475,-0.0247411626405223,-0.640995384823577,-1.19394709611061,1.06960504576937,1.13345756693153,1.29148053419773,-0.540830462877054,-0.1555961886108,-0.0445734002443183,-0.741918245459386,-0.0997517932053001,1.56338145586488,1.43333321492626,1.24678870278565,-0.574697546273115,-0.113860786417039,-0.0382639442739243,-0.312539356924977,0.59717573430355,1.1507788827907,1.00657188464015,1.36852100217096,0.443529453395639,-0.048236570436645,-0.0330109162638679,-0.639535815693025,-0.427047782649156,1.09627321067543,0.950766487281889,1.1603029827845,0.315362825388311,0,-0.0930309953194633,-0.481588184154324,-0.40098665211376,1.36287885195866,1.27280760797249,1.27008134505226,-0.340470775845071,-0.0998707974396848,-0.0692112518235939,-0.410266899197836,-1.03248643105838,1.19219966462977,1.16729496510292,1.14027554013895,0.245613473539072,-0.202993708003753,-0.0912709356995593,-0.479584705090847,-1.17332181098952,-1.59286348777642,-0.0853884767976621,0.386518455422421,-0.0361570313587953,-0.177318504788345
"382",0,-0.346763866306412,-1.17387929654563,0.0578262499066152,-0.555671293497266,-0.992685559626734,-0.561076758754652,-0.135962069060475,-0.064995348517452,-0.640995384823577,-1.20068635358845,1.06960504576937,0.594972854055076,-1.06492873723642,-0.540830462877054,-0.1555961886108,-0.0445734002443183,0.698221046055578,0.92012536432158,1.56338145586488,1.43333321492626,-0.817177951821129,-0.574697546273115,-0.113860786417039,-0.0382639442739243,1.17077636382959,0.760911751661556,1.00158176684758,0.847765711656421,0.700605947741373,-0.650039470011399,-0.048236570436645,-0.0330109162638679,-0.639535815693025,-1.2263086449194,-1.47909877630812,-0.394605113003119,1.1603029827845,-0.258062014696678,0,-0.0930309953194633,-0.481588184154324,-0.984477210668762,-0.880957990061687,-0.162678271898038,1.26634000700078,1.48802964908957,-0.0998707974396848,-0.0692112518235939,-0.410266899197836,-1.38433934890509,-0.55774319753513,-0.145293492318181,0.971528919046879,2.27190622946675,-0.202993708003753,-0.0191459895266863,-0.303642030474405,-1.17332181098952,-0.444187946496948,0.904845870642121,1.24589991284416,0.701128155761885,-0.177318504788345
"383",0,1.88237474806379,1.64380442101952,-0.408360630783831,-0.555671293497266,0.438598494367772,-0.416428649433891,-0.135962069060475,-0.0247411626405223,-0.640995384823577,-0.100464245748303,1.06960504576937,1.13345756693153,0.163950935598955,-0.540830462877054,-0.1555961886108,-0.0445734002443183,-0.453890387156393,-0.77966989822322,0.553366028230951,1.43333321492626,0.294188708351751,1.11574673128727,-0.113860786417039,-0.0382639442739243,2.77913466805315,1.08838378637757,1.1507788827907,1.00657188464015,1.20154223856357,1.26370614595092,-0.048236570436645,-0.0330109162638679,0.28811274703799,-0.427047782649156,0.399783605180144,-0.226433662967493,-1.22238085187086,-0.831486854781667,0,-0.0930309953194633,-0.481588184154324,-0.0608293955280974,1.36287885195866,-1.26160056962335,-1.48080674570224,-0.797595882078731,-0.216881510102496,-0.0692112518235939,-0.410266899197836,0.374925240328461,0.0255710898531705,-1.83290722328817,-1.55967039733413,-0.767532904424768,-0.202993708003753,-0.0191459895266863,2.7937310463969,2.02941592997334,-2.5118039208,-2.26390404116519,-1.1603681679367,-0.527680489439249,-0.177318504788345
"384",0,-0.346763866306412,-1.17387929654563,-2.73929503423606,-0.777153104933116,1.33315102811434,-0.123111490731166,-0.135962069060475,-0.0247411626405223,-0.640995384823577,-1.08350943260795,-0.667722469547314,0.922682789033507,0.954850638278565,-0.294464016843139,-0.1555961886108,-0.0445734002443183,0.986248904358571,-0.0216962206635047,1.56338145586488,1.43333321492626,0.294188708351751,-0.574697546273115,-0.113860786417039,-0.0382639442739243,0.849104702984884,0.269703699587538,-0.882919294849875,1.00657188464015,0.19966965691918,-0.650039470011399,-0.048236570436645,-0.0330109162638679,0.213077095962894,-1.2263086449194,-0.996216528748704,0.950766487281889,-0.711805744444711,-0.831486854781667,0,0.0385641867492301,-0.481588184154324,-0.984477210668762,-0.655851723424326,1.27280760797249,-0.277293205997144,-0.797595882078731,-0.0998707974396848,-0.0692112518235939,-0.410266899197836,-1.38433934890509,-1.91880986810783,1.16729496510292,0.127795813586543,-0.767532904424768,-0.202993708003753,-0.0191459895266863,-0.303642030474405,-1.17332181098952,-2.7415390290559,0.0198790083797744,-0.111633921479195,-0.527680489439249,-0.177318504788345
"385",0,-0.346763866306412,0.760702328338993,0.990200011287507,0.108774140810285,-0.813775052877421,-0.416428649433891,-0.135962069060475,-0.0247411626405223,1.64788288183065,0.991940853633577,0.325036110633647,1.13345756693153,0.113275898480654,-0.540830462877054,-0.24960646465264,-0.0445734002443183,1.85033247926755,-0.60969037196874,-1.12999301782559,0.779926240360802,0.611722039829717,-0.574697546273115,-0.113860786417039,-0.0382639442739243,-0.759253601238671,-1.53139249135053,-1.56081868739673,0.212541019721487,0.366648420526578,-0.602734287143568,-0.048236570436645,-0.0330109162638679,-0.639535815693025,-1.2263086449194,-1.15717727793518,-0.0079512007578482,-0.541614041969328,-0.831486854781667,0,-0.0930309953194633,-0.481588184154324,-0.984477210668762,0.318062343338752,0.63920556357353,-1.48080674570224,-0.797595882078731,-0.0998707974396848,-0.0762422572063191,0.130051617285605,0.726778158175171,1.19219966462977,0.604757054779594,-0.0409508075055244,-0.362274353239232,-0.202993708003753,-0.0191459895266863,-0.303642030474405,1.02856038592245,0.80065730880097,0.521627353749869,1.58965249581285,2.17569853000325,-0.177318504788345
"386",0,1.88237474806379,1.4055628699672,0.290919690251838,-0.377029079582966,-0.813775052877421,-0.416428649433891,-0.135962069060475,-0.0247411626405223,0.666935053264552,0.279673059439908,0.0768464655884069,1.13345756693153,-0.223353997438511,-0.540830462877054,-0.1555961886108,-0.0445734002443183,-0.741918245459386,-1.62956752949562,-0.28831349479732,1.43333321492626,-0.499644620343163,-0.574697546273115,-0.113860786417039,-0.0909846830221019,-0.759253601238671,-1.53139249135053,1.1507788827907,1.28083639296718,-1.13616045194,-0.650039470011399,-0.048236570436645,-0.0330109162638679,-0.639535815693025,-1.42893706395385,-0.835255779562232,0.782595037246263,0.990111280309114,-0.831486854781667,0,-0.0930309953194633,-0.481588184154324,-0.984477210668762,-1.12171262543579,-1.10320005852361,1.27008134505226,0.34521688350542,-0.0998707974396848,-0.0692112518235939,0.558214809138742,0.0230723224817513,-0.94661938912733,-0.332806129092624,1.14027554013895,-0.159645077646464,-0.202993708003753,-0.0191459895266863,1.76127335410647,0.828389277112268,0.93422270303842,0.508752131666208,0.214642163938074,-0.527680489439249,-0.177318504788345
"387",0,-0.346763866306412,0.115841786710785,0.524013130597061,0.994701386553687,0.617509001117085,-0.416428649433891,-0.135962069060475,-0.0247411626405223,0.993917662786584,0.816387510785152,-1.66048104972828,-0.552740656252641,1.29148053419773,-0.294464016843139,-0.1555961886108,-0.0445734002443183,0.410193187752585,0.7501458380671,-0.961657113219938,-0.690239452411488,1.24678870278565,1.11574673128727,-0.113860786417039,-0.0382639442739243,-0.759253601238671,-0.385240369844486,1.1507788827907,0.847765711656421,1.03456347495617,1.53709837680268,-0.048236570436645,-0.0330109162638679,-0.639535815693025,-1.36851621591427,-1.47909877630812,-1.73997671328813,-0.201230637018563,1.46221250555829,0,-0.0930309953194633,-0.481588184154324,-0.984477210668762,-1.12171262543579,-1.26160056962335,-0.105362700324987,0.99019135210522,-0.0998707974396848,-0.260785422791562,-0.410266899197836,0.726778158175171,-1.33549558071953,-1.83290722328817,0.29654243467861,0.283842700141089,-0.202993708003753,-0.0191459895266863,-0.303642030474405,0.42804705949191,0.474752486526631,0.615250110257374,1.07402362135981,-0.281918760399022,-0.177318504788345
"388",0,1.88237474806379,0.330795300586854,0.0578262499066152,0.773219575117836,1.33315102811434,-0.416428649433891,-0.135962069060475,19.4925017089257,4.26374375800691,0.999757862091843,0.821415400724128,0.290358455339444,-0.559983893357675,-0.389675047993164,-0.1555961886108,14.3709886317125,3.8665274873885,-0.0997517932053001,-0.961657113219938,-1.18029468333559,-1.29347794903808,-0.571257728858079,-0.113860786417039,-0.0382639442739243,2.45746300720844,0.59717573430355,-1.39134383926002,-1.53432688309958,-1.3031392155474,-0.650039470011399,-0.048236570436645,-0.0330109162638679,-0.0211034405390152,1.17147394189133,-0.352373532002817,-1.73997671328813,-1.56276425682162,-0.831486854781667,0,-0.0930309953194633,-0.481588184154324,0.0931119069953467,1.05230491728436,-1.10320005852361,-1.48080674570224,-0.797595882078731,-0.0998707974396848,-0.0692112518235939,-0.410266899197836,0.198998781405106,1.19219966462977,-1.27036931296484,-1.55967039733413,-0.767532904424768,-0.202993708003753,-0.0191459895266863,-0.303642030474405,1.02856038592245,0.245017378270736,-2.06585717167723,-1.1603681679367,-0.527680489439249,-0.177318504788345
"389",0,-0.346763866306412,0.115841786710785,0.288304581244814,0.108774140810285,-0.634864546128108,-0.416428649433891,-0.135962069060475,-0.0247411626405223,0.33995244374252,0.999757862091843,-1.66048104972828,-0.552740656252641,0.618220742359401,-0.540830462877054,-0.1555961886108,-0.0445734002443183,0.122165329449593,0.7501458380671,-0.456649399402975,0.621907675540194,1.24678870278565,-0.574697546273115,-0.113860786417039,-0.0382639442739243,-0.759253601238671,-0.548976387202492,0.472879490243842,0.37134719270522,1.03456347495617,-0.376647239159639,-0.014845341259091,-0.0330109162638679,-0.639535815693025,-1.2263086449194,-1.47909877630812,-1.73997671328813,-0.541614041969328,0.8887876654733,0,-0.0930309953194633,-0.481588184154324,-0.984477210668762,-1.12171262543579,-1.26160056962335,-0.96501522868577,1.25946709597274,-0.0998707974396848,-0.214471163880573,-0.410266899197836,-1.03248643105838,-1.72437177231173,-1.64539458651373,-0.209697428597592,1.25875985150291,-0.202993708003753,-0.115134277125818,-0.303642030474405,-0.172466266938626,0.602291416161472,0.606694510642173,1.24589991284416,1.19265161384234,-0.177318504788345
"390",0,-0.327933058402464,-1.17387929654563,-1.80692127285517,0.108774140810285,-0.992685559626734,-0.416428649433891,9.13786861163164,-0.0247411626405223,-0.640995384823577,-1.38405670489514,0.821415400724128,-1.1850649899467,-1.35048043385164,2.16920044349601,12.5640417884559,-0.0445734002443183,-0.741918245459386,0.181796983180285,0.89003783744226,-1.35158872174261,-0.658411286082146,3.93315386055457,6.72204222312999,-0.0382639442739243,-0.115910279549249,1.08838378637757,0.472879490243842,-1.05790836414838,1.03456347495617,2.0838828385062,-0.048236570436645,-0.0330109162638679,0.597328934614995,1.33132611434538,1.09627321067543,0.950766487281889,0.990111280309114,-0.544774434739172,0,-0.0930309953194633,0.5340784584192,0.377917446217025,0.431157047935746,1.90588005859016,-0.105362700324987,-0.797595882078731,-0.0998707974396848,-0.0692112518235939,-0.410266899197836,-1.78726490722467,-1.33549558071953,0.979782328328481,-1.22217715515,-0.767532904424768,-0.202993708003753,-0.0191459895266863,-0.303642030474405,-1.17332181098952,-1.13339327126463,-0.0853884767976621,-1.1603681679367,-0.527680489439249,-0.177318504788345
"391",0,4.11151336243399,1.62051638384327,0.990200011287507,0.994701386553687,1.15424052136502,0.0749096173284505,-0.135962069060475,-0.0247411626405223,0.993917662786584,0.633017159478461,-1.90867069477352,-1.39583976784473,-0.89661378927684,-0.540830462877054,-0.1555961886108,-0.0445734002443183,-0.1658625288534,1.09010489057606,0.216694219019643,0.323943257373825,-0.717259014584256,-0.574697546273115,-0.113860786417039,-0.0382639442739243,-0.115910279549249,1.08838378637757,0.642354338380556,0.688959538672687,0.533627184133976,-0.171080495303842,-0.048236570436645,-0.0887427223330369,-0.639535815693025,-0.427047782649156,-1.47909877630812,-1.73997671328813,0.990111280309114,0.602075245430805,0,0.00404595805211222,-0.481588184154324,-0.984477210668762,-1.12171262543579,-1.26160056962335,0.410428816691482,1.25946709597274,-0.0998707974396848,-0.0692112518235939,-0.410266899197836,-1.20841288998173,-1.91880986810783,-1.14972838376799,0.29654243467861,0.828340766286899,-0.202993708003753,-0.0191459895266863,1.76127335410647,1.82924482116316,0.93422270303842,0.904845870642121,1.24589991284416,0.209604697681432,-0.365751657316803
"392",0,-0.346763866306412,-0.743972268793493,0.290919690251838,-0.555671293497266,-0.813775052877421,-0.416428649433891,-0.0349043338789988,-0.0247411626405223,-0.640995384823577,0.44964680817177,0.573225755678888,-0.131191100456599,0.281590846440236,-0.540830462877054,-0.1555961886108,-0.0445734002443183,-0.741918245459386,0.7501458380671,-0.624985304008629,-1.18029468333559,-0.0233446231262145,-0.574697546273115,-0.187012691709438,-0.0909846830221019,-0.759253601238671,0.924647769019562,-0.0355450541663019,-1.53432688309958,-0.46824539751041,0.17013722254388,-0.048236570436645,-0.0330109162638679,-0.639535815693025,0.86808784563458,-0.191412782816345,-1.73997671328813,-0.371422339493946,0.602075245430805,0,-0.0930309953194633,-0.481588184154324,1.47858362970634,-0.0347038540757136,-0.944799547423866,1.27008134505226,-0.340470775845071,-0.0998707974396848,-0.0692112518235939,-0.410266899197836,0.550851699251816,-0.16886700594293,0.604757054779594,0.802782297954812,-0.564903628832,-0.202993708003753,-0.0191459895266863,-0.303642030474405,-0.772979593369162,0.704487594782526,0.310705262178251,-0.988491876452356,-0.527680489439249,-0.177318504788345
"393",0,-0.346763866306412,-0.529018754917424,0.757106570942284,0.773219575117836,-0.455954039378794,-0.416428649433891,-0.135962069060475,-0.0247411626405223,0.0129698342204877,0.633017159478461,-0.419532824502074,0.501133233237465,0.113275898480654,-0.540830462877054,-0.1555961886108,-0.0445734002443183,1.03222178099247,1.09010489057606,-0.961657113219938,0.378514873541839,0.611722039829717,-0.574697546273115,-0.113860786417039,-0.0382639442739243,2.13579134636373,0.760911751661556,-0.374494750439731,0.688959538672687,0.867584711348771,-0.650039470011399,-0.048236570436645,-0.0179575742192926,0.724870640668131,0.691917424529183,0.452430213929543,0.614423587210637,0.819919577833732,-0.831486854781667,0,-0.0930309953194633,-0.481588184154324,-0.984477210668762,-1.12171262543579,-0.311197503024907,1.27008134505226,-0.797595882078731,-0.0998707974396848,-0.0692112518235939,-0.833424316433803,-1.38433934890509,-1.14105748492343,-0.895344039415955,1.0337385405982,0.245613473539072,-0.202993708003753,-0.0191459895266863,-0.303642030474405,-0.772979593369162,0.0152822700148413,0.904845870642121,1.58965249581285,0.455366426721658,-0.177318504788345
"394",0,0.767805440878689,0.760702328338993,0.757106570942284,0.330255952246136,-0.992685559626734,-0.416428649433891,-0.135962069060475,-0.0247411626405223,1.32090027230862,0.999757862091843,1.06960504576937,1.13345756693153,-1.06492873723642,-0.540830462877054,-0.1555961886108,-0.0445734002443183,0.122165329449593,-0.26973131945978,0.216694219019643,1.43333321492626,-0.658411286082146,-0.574697546273115,-0.113860786417039,-0.0382639442739243,-0.759253601238671,-1.53139249135053,0.472879490243842,0.530153365688954,-1.3031392155474,-0.650039470011399,-0.048236570436645,-0.0330109162638679,-0.639535815693025,-1.06645647246535,1.09627321067543,-0.226433662967493,-1.56276425682162,-0.831486854781667,0,-0.0930309953194633,-0.481588184154324,0.400994512042235,1.36287885195866,-0.944799547423866,-1.48080674570224,-0.797595882078731,-0.0998707974396848,-0.0692112518235939,-0.410266899197836,1.00928193651259,0.803323473037571,-0.408709840722395,-0.209697428597592,-0.564903628832,-0.202993708003753,-0.0912709356995593,-0.303642030474405,1.4289026035428,0.93422270303842,0.904845870642121,1.58965249581285,0.701128155761885,-0.177318504788345
"395",0,-0.346763866306412,-1.17387929654563,-1.57382783250995,0.994701386553687,-0.455954039378794,-0.416428649433891,-0.135962069060475,-0.0247411626405223,-0.640995384823577,-1.66601404466797,1.06960504576937,-0.131191100456599,-1.233243685196,2.90829978159776,3.75813857356356,-0.0445734002443183,-0.741918245459386,0.24020725930366,0.89003783744226,-1.01694293969422,0.135422042612768,3.36967243470111,4.50252433346203,-0.0382639442739243,1.17077636382959,0.924647769019562,-1.05239414298659,-0.899102191164647,1.36852100217096,0.716921684247398,-0.048236570436645,-0.0330109162638679,3.38027462280804,2.11275716708812,0.774351712302486,0.950766487281889,1.41485041711417,1.46221250555829,0,-0.0930309953194633,3.55423066708572,1.01675972213601,1.05230491728436,1.27280760797249,0.0665678053471691,-0.797595882078731,-0.0998707974396848,-0.0692112518235939,-0.410266899197836,-1.14086237681685,-0.94661938912733,1.16729496510292,-1.22217715515,-1.02082755877891,-0.202993708003753,-0.0191459895266863,-0.303642030474405,-1.17332181098952,-1.13339327126463,0.322236467353667,-1.1603681679367,-0.527680489439249,-0.16305404079312
"396",0,-0.346763866306412,0.545748814462924,0.524013130597061,0.330255952246136,-0.455954039378794,-0.416428649433891,-0.135962069060475,-0.0247411626405223,1.32090027230862,0.44964680817177,-2.15686033981876,-0.974290212048683,0.449905794399818,-0.540830462877054,-0.1555961886108,-0.0445734002443183,-0.453890387156393,-1.28960847698666,-1.12999301782559,-0.526887708770123,0.7704887055687,-0.517535324208845,-0.113860786417039,-0.0382639442739243,-0.759253601238671,-1.53139249135053,0.303404642107127,0.415738127244219,0.533627184133976,-0.650039470011399,-0.0762276538598208,-0.0330109162638679,-0.639535815693025,-1.2263086449194,-0.996216528748704,-1.06729091314562,0.309344470407584,1.17550008551579,0,-0.0715258215701261,-0.481588184154324,-0.984477210668762,-1.12171262543579,-1.26160056962335,-0.621154217341457,1.25946709597274,-0.0998707974396848,-0.0692112518235939,0.558214809138742,0.902704617098525,-1.72437177231173,-1.83290722328817,-0.378444049689659,1.25875985150291,-0.202993708003753,-0.0191459895266863,-0.303642030474405,0.628218168302089,0.352255958132977,0.310705262178251,0.902147329875462,-0.281918760399022,-0.177318504788345
"397",0,-0.346763866306412,-0.314065241041354,-0.408360630783831,0.108774140810285,0.438598494367772,-0.416428649433891,-0.135962069060475,-0.0247411626405223,-0.640995384823577,-0.283834597054994,1.06960504576937,0.290358455339444,0.449905794399818,-0.540830462877054,-0.1555961886108,-0.0445734002443183,-0.741918245459386,0.41018678555814,0.385030123625297,-0.690239452411488,-1.29347794903808,-0.574697546273115,-0.113860786417039,-0.0382639442739243,-0.759253601238671,0.6284646346363,1.1507788827907,1.00657188464015,-0.301266633903012,-0.650039470011399,-0.048236570436645,-0.0330109162638679,-0.639535815693025,0.212360907167038,-0.513334281189288,-0.394605113003119,0.649727875358349,-0.544774434739172,0,-0.0930309953194633,-0.481588184154324,-0.984477210668762,-1.12171262543579,-0.627998525224387,1.27008134505226,-0.111908222728241,-0.0998707974396848,-0.0692112518235939,0.438367867113446,0.902704617098525,0.414447281445371,0.792269691554037,0.634035676862745,-0.564903628832,-0.0495829305184382,-0.0191459895266863,-0.303642030474405,0.227875950681732,0.474752486526631,-0.283435346285619,-1.1603681679367,-0.527680489439249,-0.00368191696524919
"398",0,-0.346763866306412,-1.10378470531574,-1.34073439216472,-1.22011672780482,-0.992685559626734,-0.416428649433891,-0.135962069060475,-0.0247411626405223,-0.640995384823577,-1.93416775881521,0.325036110633647,-0.34196587835462,-1.40155863315559,-0.540830462877054,-0.1555961886108,-0.0445734002443183,-0.741918245459386,-0.77966989822322,1.56338145586488,-0.526887708770123,-1.29347794903808,-0.574697546273115,-0.113860786417039,-0.0382639442739243,-0.759253601238671,-0.385240369844486,0.981304034653986,-0.750121957319976,-1.3031392155474,-0.650039470011399,-0.048236570436645,-0.0330109162638679,-0.639535815693025,0.0525087347129891,0.452430213929543,0.278080687139385,-0.201230637018563,-0.258062014696678,0,-0.0404734722427933,-0.481588184154324,0.474618267319893,1.36287885195866,0.0310233646091625,0.582359322363638,2.40227986155689,4.95470122853544,-0.0692112518235939,-0.410266899197836,-0.328780595364958,1.19219966462977,-0.707831402641512,-0.209697428597592,2.47453550505952,7.17468489811939,-0.0191459895266863,-0.303642030474405,-1.17332181098952,-1.82259859603232,0.508752131666208,1.58965249581285,3.15874544616415,0.697813577192196
"399",0,-0.346763866306412,0.760702328338993,0.524013130597061,0.108774140810285,0.438598494367772,-0.416428649433891,-0.135962069060475,0.108324294723702,1.28789288023727,0.44964680817177,-2.90142927495448,-1.81738932364077,1.29148053419773,-0.0480975708092236,-0.1555961886108,-0.0445734002443183,2.42638819587353,0.7501458380671,1.22670964665357,1.10662972764353,-0.34087795460418,-0.574697546273115,-0.113860786417039,-0.0382639442739243,-0.43758194039396,0.760911751661556,1.1507788827907,0.0813560311671046,-1.13616045194,-0.650039470011399,-0.049335153206293,-0.0330109162638679,0.28811274703799,1.17147394189133,-0.835255779562232,-0.73094801307437,0.479536172882967,0.435473257739975,0,-0.0930309953194633,-0.145269946550987,0.871960905011973,-1.12171262543579,-1.26160056962335,-0.105362700324987,1.25946709597274,-0.0998707974396848,-0.0692112518235939,1.04245566330703,1.43048399386859,-1.72437177231173,-1.27036931296484,0.634035676862745,0.44824274913184,-0.202993708003753,-0.0191459895266863,-0.303642030474405,0.42804705949191,0.93422270303842,0.310705262178251,-0.129110419030621,-0.527680489439249,-0.177318504788345
"400",0,-0.346763866306412,-1.17387929654563,0.524013130597061,-0.334189482061415,-0.813775052877421,-0.416428649433891,-0.0506331788140566,-0.0247411626405223,-0.640995384823577,-0.467204948361685,1.06960504576937,1.13345756693153,0.38145328399633,-0.540830462877054,-0.1555961886108,-0.0445734002443183,-0.741918245459386,0.0702277330491799,0.553366028230951,-0.853591196052854,1.08802203704667,-0.292956833346385,-0.113860786417039,-0.0382639442739243,0.527433042140173,0.433439716945544,-0.841508089660461,-1.53432688309958,0.533627184133976,0.443529453395639,-0.048236570436645,-0.0330109162638679,1.21576130976901,1.33132611434538,0.130508715556599,-1.73997671328813,-0.0310389345431809,1.20004058248718,0,-0.0930309953194633,-0.481588184154324,1.17070102465946,1.36287885195866,-0.469598014124647,1.27008134505226,1.25946709597274,-0.0998707974396848,-0.0692112518235939,-0.410266899197836,0.0230723224817513,1.19219966462977,1.16729496510292,1.14027554013895,0.0429841979463036,-0.202993708003753,-0.0191459895266863,-0.303642030474405,-1.17332181098952,0.0152822700148413,0.904845870642121,0.386518455422421,-0.527680489439249,-0.177318504788345
"401",0,-0.346763866306412,-0.0528093011841723,0.524013130597061,0.330255952246136,-0.455954039378794,-0.416428649433891,-0.135962069060475,-0.0247411626405223,-0.640995384823577,0.999757862091843,1.06960504576937,1.13345756693153,1.12316558623815,-0.540830462877054,-0.1555961886108,-0.0445734002443183,-0.741918245459386,0.58016631181262,0.89003783744226,-0.526887708770123,1.24678870278565,-0.0112161204196545,-0.113860786417039,-0.0382639442739243,-0.759253601238671,-1.20392045663452,0.541964085488722,0.688959538672687,0.170995966569807,-0.10325500830788,-0.048236570436645,-0.0330109162638679,-0.639535815693025,-0.586899955103205,0.935312461488958,0.727267571819678,-0.371422339493946,-0.831486854781667,0,-0.0930309953194633,-0.481588184154324,1.3246423271829,1.05230491728436,0.00560351917457189,1.09815083938011,0.116654330388589,-0.0998707974396848,-0.0692112518235939,1.52669651747532,1.43048399386859,0.908608022790413,-0.707831402641512,1.14027554013895,0.650872024724607,-0.202993708003753,-0.0191459895266863,-0.0433873882278255,0.027704841871553,0.245017378270736,0.112658392690295,0.214642163938074,-0.527680489439249,-0.177318504788345
"402",0,0.767805440878689,1.62051638384327,0.990200011287507,0.994701386553687,1.86988254836228,3.10337725499881,0.791420999008737,-0.0247411626405223,-0.640995384823577,-1.93416775881521,-2.15686033981876,-1.39583976784473,0.618220742359401,3.40103267366559,1.80127119247638,-0.0445734002443183,-0.741918245459386,-1.62956752949562,-1.12999301782559,-0.526887708770123,1.24678870278565,1.397487444214,-0.113860786417039,-0.0382639442739243,-0.759253601238671,-1.13059568911912,-1.2218689911233,0.847765711656421,0.700605947741373,-0.650039470011399,-0.048236570436645,-0.0330109162638679,-0.33031962811602,0.0525087347129891,0.613390963116015,0.950766487281889,1.1603029827845,0.602075245430805,0,-0.0930309953194633,0.527366528655686,1.3246423271829,1.36287885195866,0.63920556357353,-0.277293205997144,-0.797595882078731,-0.0998707974396848,-0.0692112518235939,0.815296750834876,0.902704617098525,0.0255710898531705,-1.83290722328817,-1.55967039733413,-0.767532904424768,-0.202993708003753,-0.0191459895266863,1.76127335410647,1.82924482116316,-0.542165310229144,-2.26390404116519,-1.1603681679367,-0.420516992012304,-0.177318504788345
"403",0,-0.346763866306412,0.760702328338993,0.990200011287507,0.330255952246136,-0.992685559626734,-0.416428649433891,-0.135962069060475,-0.0247411626405223,-0.640995384823577,0.816387510785152,-0.171343179456834,-2.23893887943681,-1.40155863315559,-0.540830462877054,-0.1555961886108,-0.0445734002443183,0.410193187752585,1.09010489057606,-0.119977590191666,-1.18029468333559,-1.29347794903808,-0.574697546273115,-0.131485873877746,-0.0382639442739243,0.205761381295462,1.08838378637757,-0.49781190839547,-0.899102191164647,-0.802202924725205,-0.650039470011399,-0.106080643591261,-0.0330109162638679,-0.0211034405390152,1.33132611434538,1.09627321067543,0.950766487281889,1.1603029827845,2.03563734564328,0,-0.0930309953194633,-0.481588184154324,1.3246423271829,1.36287885195866,-0.944799547423866,-0.96501522868577,2.40227986155689,10.0092732545106,-0.0692112518235939,-0.410266899197836,1.25455753494524,1.19219966462977,-0.707831402641512,-0.884683912965861,2.47453550505952,3.48584559505782,-0.0191459895266863,-0.303642030474405,0.42804705949191,-1.36312837952053,0.706799001154165,1.58965249581285,1.43841334288257,-0.177318504788345
"404",0,4.11151336243399,2.26537692547148,0.290919690251838,-2.54900759641992,-0.992685559626734,-0.416428649433891,-0.135962069060475,-0.0247411626405223,2.62883071039675,0.999757862091843,0.363740288661139,-1.81738932364077,-1.40155863315559,-0.540830462877054,-0.1555961886108,-0.0445734002443183,0.595316232050396,-0.43971084571426,1.56338145586488,-0.526887708770123,-1.29347794903808,-0.574697546273115,-0.113860786417039,-0.0382639442739243,-1.12422861001276,-0.712712404560498,1.1507788827907,-1.21671453713211,-1.3031392155474,-0.650039470011399,-0.048236570436645,-0.0330109162638679,-0.639535815693025,0.372213079621086,0.774351712302486,-1.73997671328813,-1.56276425682162,-0.831486854781667,0,-0.0930309953194633,-0.145269946550987,1.3246423271829,0.897529783315085,-1.26160056962335,-0.684172182154817,-0.797595882078731,-0.0998707974396848,-0.0692112518235939,3.46365993414848,1.43048399386859,1.19219966462977,0.250280641642498,0.286017162009597,0.144560111613415,-0.159563401099615,-0.0191459895266863,2.7937310463969,1.4289026035428,0.93422270303842,0.904845870642121,0.661029710436052,0.701128155761885,-0.177318504788345
"405",0,1.96422001092876,0.975655842215063,0.459012786677731,0.994701386553687,1.15424052136502,0.17020566797156,-0.135962069060475,-0.0247411626405223,1.97486549135268,0.082906105558388,-0.915912114592555,-1.1850649899467,0.618220742359401,1.43010110539427,-0.1555961886108,-0.0445734002443183,-0.453890387156393,-0.413964522094829,-1.12999301782559,-0.439952654913766,1.08802203704667,1.397487444214,-0.166025426979775,-0.0382639442739243,-0.759253601238671,0.105967682229532,0.981304034653986,0.938961726401039,0.19966965691918,-0.163691479451737,-0.048236570436645,-0.0330109162638679,-0.568762189251547,-0.427047782649156,-0.0304520336298728,0.950766487281889,-0.0310389345431809,-0.831486854781667,0,-0.0930309953194633,-0.481588184154324,-0.984477210668762,-1.12171262543579,-0.786399036324126,1.27008134505226,-0.451533448489882,-0.0998707974396848,-0.0692112518235939,0.0739739549704533,0.0230723224817513,-1.52993367651563,-0.895344039415955,1.14027554013895,-0.767532904424768,-0.202993708003753,-0.0721480760967669,1.76127335410647,1.15616455532678,0.93422270303842,0.112658392690295,-0.300986710514968,-0.527680489439249,-0.177318504788345
"406",0,-0.346763866306412,0.545748814462924,0.290919690251838,-1.22011672780482,-0.992685559626734,-0.416428649433891,-0.135962069060475,-0.0247411626405223,0.0129698342204877,0.999757862091843,0.0768464655884069,0.0795836774414227,0.281590846440236,-0.540830462877054,-0.16238533912749,-0.0445734002443183,-0.741918245459386,1.09010489057606,0.335335156096135,1.10662972764353,0.157782520548955,-0.292956833346385,-0.113860786417039,-0.0382639442739243,-0.759253601238671,0.59717573430355,0.303404642107127,-1.53432688309958,-1.3031392155474,-0.650039470011399,-0.048236570436645,-0.0330109162638679,-0.0211034405390152,1.17147394189133,-0.835255779562232,-1.73997671328813,-1.56276425682162,-0.831486854781667,0,-0.0930309953194633,-0.481588184154324,1.19844389102116,0.897017949947205,-1.26160056962335,-1.48080674570224,-0.797595882078731,-0.0543304365816474,-0.0692112518235939,0.558214809138742,1.39235681907752,1.19219966462977,-1.45788194973929,-1.55967039733413,-0.767532904424768,-0.289925792379205,-0.0191459895266863,0.0506489296891778,1.02856038592245,0.93422270303842,-1.47171656321336,-1.1603681679367,-0.527680489439249,-0.177318504788345
"407",0,-0.346763866306412,-0.314065241041354,0.524013130597061,0.994701386553687,1.51206153486365,-0.123111490731166,-0.135962069060475,-0.0247411626405223,-0.314012775301545,0.999757862091843,0.325036110633647,0.711908011135486,1.29148053419773,0.691001767292522,-0.1555961886108,-0.0445734002443183,-0.453890387156393,-0.729599916772773,-1.12999301782559,-0.690239452411488,1.24678870278565,0.270524592507076,-0.113860786417039,-0.0382639442739243,-0.759253601238671,-1.53139249135053,-1.56081868739673,-0.422683672213447,1.20154223856357,-0.650039470011399,-0.048236570436645,-0.0330109162638679,-0.0211034405390152,0.851769596983231,1.09627321067543,0.950766487281889,0.819919577833732,0.315362825388311,0,-0.0930309953194633,0.0326030538582258,0.580685443505309,1.05230491728436,0.95600658577301,-0.105362700324987,-0.569033328961901,-0.0998707974396848,-0.0692112518235939,-0.410266899197836,-0.426504581436244,0.803323473037571,-0.332806129092624,-0.951484264492026,-0.738965642612077,-0.202993708003753,-0.0191459895266863,-0.303642030474405,0.027704841871553,0.474752486526631,-2.06585717167723,-1.13608346714607,-0.527680489439249,-0.236445608338847
"408",0,-0.346763866306412,-1.17387929654563,-0.408360630783831,0.330255952246136,-0.455954039378794,-0.416428649433891,-0.135962069060475,-0.0247411626405223,-0.640995384823577,-0.650575299668376,1.27846341610839,0.290358455339444,-0.391668945398093,-0.540830462877054,-0.1555961886108,-0.0445734002443183,-0.741918245459386,0.41018678555814,1.05837374204791,-1.01694293969422,-1.29347794903808,-0.574697546273115,-0.113860786417039,-0.0382639442739243,-0.759253601238671,1.08838378637757,1.1507788827907,1.00657188464015,0.366648420526578,0.0712881113420675,-0.0111937918009328,-0.0330109162638679,-0.0211034405390152,1.33132611434538,0.935312461488958,-1.5718052632525,0.479536172882967,1.46221250555829,0,-0.0930309953194633,-0.481588184154324,1.47858362970634,-0.500564756087173,-1.26160056962335,-0.4492237116693,2.63084241467372,0.978514850990026,-0.0692112518235939,-0.410266899197836,0.550851699251816,0.803323473037571,-0.332806129092624,0.971528919046879,2.06927695387398,1.02661939301677,-0.0191459895266863,-0.303642030474405,-0.772979593369162,-0.214452838241053,0.904845870642121,0.730271038391115,-0.0361570313587953,-0.177318504788345
"409",0,0.767805440878689,1.19060935609113,0.990200011287507,-0.746626017295625,-0.992685559626734,-0.416428649433891,-0.135962069060475,-0.0247411626405223,1.97486549135268,0.999757862091843,0.821415400724128,-0.131191100456599,-1.40155863315559,-0.540830462877054,-0.1555961886108,-0.0445734002443183,2.71441605417653,-0.26973131945978,0.89003783744226,0.616574496719437,-1.29347794903808,-0.574697546273115,-0.113860786417039,-0.0382639442739243,-0.115910279549249,-1.53139249135053,0.981304034653986,-0.422683672213447,-1.3031392155474,-0.650039470011399,-0.048236570436645,-0.0330109162638679,-0.639535815693025,0.0525087347129891,0.774351712302486,-1.73997671328813,-1.56276425682162,-0.831486854781667,0,-0.0930309953194633,-0.481588184154324,1.01675972213601,0.741730982610052,-1.26160056962335,-0.96501522868577,-0.111908222728241,-0.0998707974396848,0.119812096588986,2.01093737164361,1.43048399386859,0.608885377241471,0.792269691554037,1.14027554013895,2.47453550505952,1.02661939301677,-0.0191459895266863,-0.303642030474405,2.02941592997334,0.93422270303842,0.706799001154165,0.558394746906768,0.701128155761885,-0.177318504788345
"410",0,-0.346763866306412,-1.09151778058551,0.757106570942284,-0.334189482061415,-0.992685559626734,-0.416428649433891,-0.135962069060475,-0.0247411626405223,-0.640995384823577,0.082906105558388,0.821415400724128,-1.60661454574275,-1.40155863315559,-0.540830462877054,-0.157112113114305,0.0761520886060514,0.698221046055578,1.09010489057606,0.0483583144139882,-1.18029468333559,0.135422042612768,0.834006018360537,-0.113860786417039,-0.0382639442739243,1.72124289257398,0.59717573430355,-1.56081868739673,-0.263877499229713,1.36852100217096,2.35727506935795,-0.048236570436645,-0.0330109162638679,2.76184224765403,1.17147394189133,0.452430213929543,0.950766487281889,0.479536172882967,-0.831486854781667,0,-0.0930309953194633,0.527366528655686,0.708877117089123,1.36287885195866,1.27280760797249,-0.237519779851812,-0.797595882078731,-0.0998707974396848,-0.0692112518235939,-0.410266899197836,-1.38433934890509,0.608885377241471,0.41724441800515,-1.55967039733413,-0.767532904424768,-0.115542234223216,-0.0191459895266863,-0.303642030474405,-1.17332181098952,0.704487594782526,-0.679529085261532,-1.1603681679367,-0.299240805819552,-0.157252976987261
"411",0,-0.346763866306412,-1.17387929654563,-0.874547511474277,0.551737763681986,-0.277043532629481,-0.416428649433891,-0.135962069060475,-0.0247411626405223,-0.640995384823577,-1.01731600228176,1.06960504576937,-0.131191100456599,-1.40155863315559,-0.540830462877054,-0.1555961886108,-0.0445734002443183,-0.741918245459386,0.41018678555814,0.8058022430569,-1.01694293969422,-1.29347794903808,-0.574697546273115,-0.113860786417039,-0.0382639442739243,-0.43758194039396,1.08838378637757,-0.374494750439731,-1.37552071011585,-1.3031392155474,-0.650039470011399,-0.048236570436645,-0.0330109162638679,0.597328934614995,1.33132611434538,1.09627321067543,0.331264596186545,0.479536172882967,-0.544774434739172,0,-0.0930309953194633,0.19104829105235,1.3525384128802,1.05230491728436,0.164004030274312,0.926220333707951,0.34521688350542,-0.05183369364836,-0.0692112518235939,-0.410266899197836,0.726778158175171,0.803323473037571,-0.707831402641512,1.14027554013895,0.245613473539072,-0.202993708003753,-0.0191459895266863,-0.303642030474405,-1.10801427333925,-0.903658163008738,0.310705262178251,0.386518455422421,0.0600008111214808,-0.177318504788345
"412",0,-0.346763866306412,-1.17387929654563,0.524013130597061,0.773219575117836,-0.277043532629481,-0.416428649433891,-0.112683929660496,-0.0247411626405223,-0.640995384823577,-0.650575299668376,1.06960504576937,0.711908011135486,-1.06492873723642,-0.540830462877054,-0.1555961886108,-0.111531751188364,-0.741918245459386,0.7501458380671,1.05837374204791,-1.01694293969422,-1.36383585579107,-0.574697546273115,-0.113860786417039,-0.0382639442739243,-0.759253601238671,-1.04018443927651,-0.374494750439731,-1.53432688309958,-1.18997598495831,-0.650039470011399,-0.048236570436645,-0.0330109162638679,0.28811274703799,1.33132611434538,-0.513334281189288,-0.394605113003119,-1.05218914939548,-0.831486854781667,0,-0.0930309953194633,0.19104829105235,1.3246423271829,1.36287885195866,1.27280760797249,1.09815083938011,-0.111908222728241,-0.0998707974396848,-0.0692112518235939,-0.410266899197836,0.198998781405106,1.19219966462977,0.448410748783931,0.971528919046879,1.46138912709568,-0.202993708003753,-0.0191459895266863,-0.303642030474405,-1.17332181098952,-0.444187946496948,0.904845870642121,1.58965249581285,2.17569853000325,-0.177318504788345
"413",0,-0.346763866306412,-0.314065241041354,-0.175267190438608,0.773219575117836,-0.277043532629481,-0.416428649433891,-0.135962069060475,-0.0247411626405223,0.33995244374252,0.816387510785152,0.821415400724128,-0.131191100456599,1.29148053419773,-0.175403753627224,-0.1555961886108,0.253044488576702,1.56230462096456,0.92012536432158,-0.793321208614283,-1.18029468333559,1.01143931421775,0.552265305433806,-0.113860786417039,0.192667315319544,1.49244802467431,0.59717573430355,-1.56081868739673,-1.53432688309958,0.366648420526578,1.53709837680268,-0.048236570436645,-0.0330109162638679,1.52497749734601,0.691917424529183,-1.08531993793464,-1.73997671328813,0.649727875358349,0.315362825388311,0,-0.0930309953194633,-0.145269946550987,1.3246423271829,-0.500564756087173,-1.10320005852361,1.09815083938011,-0.340470775845071,-0.0998707974396848,-0.0692112518235939,-0.410266899197836,0.374925240328461,0.414447281445371,0.229731781230706,0.465289055770677,-0.767532904424768,-0.308062781509207,-0.0191459895266863,-0.303642030474405,-0.471466651702177,-0.214452838241053,0.310705262178251,-0.816615584968009,-0.527680489439249,-0.177318504788345
"414",0,-0.346763866306412,0.115841786710785,0.990200011287507,0.108774140810285,-0.813775052877421,-0.416428649433891,-0.135962069060475,-0.0247411626405223,-0.640995384823577,0.999757862091843,-0.419532824502074,-0.241242753889509,-0.223353997438511,-0.540830462877054,-0.1555961886108,-0.0445734002443183,-0.741918245459386,0.7501458380671,-0.119977590191666,0.453222753078071,0.611722039829717,-0.574697546273115,-0.113860786417039,-0.0382639442739243,-0.759253601238671,-0.175035528183306,0.811829186517271,1.00657188464015,1.36852100217096,0.389094399619423,-0.048236570436645,-0.0539306280597664,-0.639535815693025,-1.2263086449194,-1.47909877630812,-1.06729091314562,0.309344470407584,1.74892492560078,0,-0.0930309953194633,-0.481588184154324,-0.984477210668762,-1.12171262543579,-1.26160056962335,-0.263674158668999,1.71396108768928,-0.0998707974396848,-0.0692112518235939,-0.410266899197836,0.374925240328461,0.0255710898531705,-1.0828566761904,0.29654243467861,1.66401840268845,-0.202993708003753,-0.0191459895266863,-0.303642030474405,0.027704841871553,0.920851859229823,0.112658392690295,0.902147329875462,0.701128155761885,-0.177318504788345
"415",0,0.767805440878689,0.545748814462924,0.524013130597061,0.330255952246136,-0.634864546128108,-0.416428649433891,-0.135962069060475,-0.0247411626405223,1.97486549135268,0.816387510785152,0.0768464655884069,1.13345756693153,0.281590846440236,-0.540830462877054,-0.140857203336446,-0.0445734002443183,0.122165329449593,-1.11962895073218,-0.624985304008629,1.43333321492626,-0.658411286082146,-0.574697546273115,-0.113860786417039,-0.0909846830221019,-0.759253601238671,-1.53139249135053,-0.882919294849875,0.688959538672687,-1.3031392155474,-0.650039470011399,-0.048236570436645,-0.0330109162638679,-0.639535815693025,-1.2263086449194,-0.996216528748704,0.950766487281889,-0.711805744444711,-0.831486854781667,0,-0.0930309953194633,-0.481588184154324,-1.32464272077205,-1.12171262543579,0.00560351917457189,1.27008134505226,0.34521688350542,-0.0998707974396848,-0.0692112518235939,-0.410266899197836,-1.03248643105838,-0.55774319753513,-0.145293492318181,1.14027554013895,0.44824274913184,-0.202993708003753,-0.0191459895266863,-0.303642030474405,0.227875950681732,0.704487594782526,-0.0853884767976621,-0.300986710514968,-0.527680489439249,-0.177318504788345
"416",0,-0.346763866306412,-0.529018754917424,0.290919690251838,0.994701386553687,1.69097204161296,-0.123111490731166,-0.135962069060475,-0.0247411626405223,-0.640995384823577,-0.833945650975067,0.0768464655884069,0.501133233237465,1.29148053419773,0.444635321258607,-0.203515090777758,-0.0445734002443183,-0.741918245459386,-1.62956752949562,-1.12999301782559,0.289871009436705,1.24678870278565,-0.292956833346385,-0.256605595569395,-0.0909846830221019,-0.759253601238671,-1.20392045663452,-0.71344444671316,0.688959538672687,1.03456347495617,0.245259078075238,-0.048236570436645,-0.0330109162638679,-0.639535815693025,1.01162176943728,1.09627321067543,0.950766487281889,1.1603029827845,2.03563734564328,0,-0.0930309953194633,-0.481588184154324,-0.214770698051542,0.431157047935746,1.27280760797249,-0.277293205997144,-0.569033328961901,-0.0998707974396848,-0.0692112518235939,-0.410266899197836,-1.20841288998173,1.19219966462977,0.229731781230706,-1.55967039733413,-0.767532904424768,-0.202993708003753,-0.0191459895266863,-0.303642030474405,-0.299573722439292,0.93422270303842,-1.2736696937254,-1.1603681679367,-0.527680489439249,-0.177318504788345
"417",0,-0.346763866306412,0.115841786710785,0.290919690251838,0.330255952246136,-0.455954039378794,-0.416428649433891,-0.135962069060475,-0.0247411626405223,0.0129698342204877,0.0976065800485449,1.06960504576937,1.13345756693153,0.449905794399818,-0.540830462877054,-0.208078732634293,-0.0445734002443183,0.122165329449593,1.09010489057606,1.39504555125922,-0.200184221487392,1.24678870278565,0.552265305433806,-0.113860786417039,-0.0382639442739243,0.205761381295462,1.08838378637757,-0.45235824121905,-1.53432688309958,1.36852100217096,1.53709837680268,-0.048236570436645,-0.0330109162638679,1.83419368492302,1.33132611434538,-0.996216528748704,-1.5718052632525,1.1603029827845,0.8887876654733,0,-0.0930309953194633,1.25795135478082,1.47858362970634,-0.811138690761479,0.00560351917457189,1.27008134505226,-0.111908222728241,-0.0998707974396848,-0.0692112518235939,0.0739739549704533,1.07863107602188,1.19219966462977,1.16729496510292,0.634035676862745,-0.770724741582855,-0.202993708003753,-0.0191459895266863,-0.303642030474405,-0.0421296704443267,0.245017378270736,0.112658392690295,-0.816615584968009,-0.527680489439249,-0.177318504788345
"418",0,-0.346763866306412,-1.17387929654563,-0.570904005768077,0.108774140810285,-0.992685559626734,-0.416428649433891,-0.135962069060475,-0.0247411626405223,-0.640995384823577,-1.75079740750852,0.573225755678888,0.290358455339444,-1.40155863315559,-0.540830462877054,-0.1555961886108,-0.0445734002443183,-0.741918245459386,0.24020725930366,1.05837374204791,-1.18029468333559,-0.34087795460418,1.67922815714073,-0.113860786417039,-0.0382639442739243,0.527433042140173,1.08838378637757,-0.882919294849875,-1.21671453713211,1.20154223856357,1.98385212163098,-0.048236570436645,-0.0330109162638679,2.45262606007703,1.01162176943728,-0.835255779562232,0.109909237103759,0.819919577833732,0.628361036450746,0,-0.0930309953194633,0.527366528655686,1.17070102465946,1.36287885195866,1.27280760797249,-0.4492237116693,-0.797595882078731,-0.0998707974396848,-0.0692112518235939,-0.410266899197836,-1.38433934890509,0.0255710898531705,0.870330248785732,-1.55967039733413,-1.0586265733014,-0.202993708003753,-0.0191459895266863,-0.303642030474405,-1.17332181098952,-0.444187946496948,-0.318672371539783,-1.1603681679367,-0.44424660359441,-0.177318504788345
"419",0,0.998812259224819,1.62051638384327,0.990200011287507,0.994701386553687,1.86988254836228,1.34347430278246,0.15810123077395,-0.0247411626405223,1.32090027230862,0.999757862091843,-0.915912114592555,-1.1850649899467,0.264990265505336,0.691001767292522,-0.00942400861032442,-0.0445734002443183,2.42638819587353,1.09010489057606,-1.12999301782559,-1.18029468333559,-1.29347794903808,-0.574697546273115,-0.113860786417039,-0.0382639442739243,0.849104702984884,1.08838378637757,0.345751151958234,-0.10507132624598,-1.13616045194,-0.650039470011399,-0.048236570436645,-0.0330109162638679,-0.639535815693025,-1.06645647246535,-0.513334281189288,-0.297544074420402,-0.344439548079076,-0.831486854781667,0,-0.0930309953194633,-0.481588184154324,-0.984477210668762,-1.12171262543579,-0.469598014124647,1.27008134505226,-0.797595882078731,-0.0998707974396848,-0.0692112518235939,-0.082920145686201,-0.680633513211668,-1.52993367651563,0.604757054779594,0.465289055770677,-0.767532904424768,-0.202993708003753,-0.0191459895266863,0.728815661816031,1.28244496206601,0.93422270303842,0.508752131666208,-0.418157900761959,-0.527680489439249,-0.177318504788345
"420",0,-0.346763866306412,0.330795300586854,0.990200011287507,0.773219575117836,-0.634864546128108,-0.416428649433891,-0.135962069060475,0.16709125331691,1.64788288183065,0.816387510785152,-1.1641017596378,0.290358455339444,0.281590846440236,-0.540830462877054,-0.1555961886108,-0.0445734002443183,1.56230462096456,-0.60969037196874,-1.12999301782559,0.453222753078071,0.611722039829717,-0.574697546273115,-0.113860786417039,-0.0382639442739243,-0.228201275659901,-1.53139249135053,-0.59529611094141,1.00657188464015,0.700605947741373,-0.376647239159639,-0.048236570436645,-0.0330109162638679,-0.639535815693025,-1.2263086449194,-0.67429503037576,0.278080687139385,0.816421967709145,2.03563734564328,0,-0.0930309953194633,-0.481588184154324,-0.984477210668762,-1.12171262543579,-1.26160056962335,-0.105362700324987,1.94515475532323,-0.0998707974396848,-0.0692112518235939,-0.410266899197836,-0.328780595364958,-0.16886700594293,-1.0828566761904,0.634035676862745,1.25875985150291,-0.202993708003753,-0.0191459895266863,-0.303642030474405,-0.172466266938626,0.93422270303842,0.904845870642121,1.07402362135981,-0.281918760399022,-0.177318504788345
"421",0,-0.346763866306412,0.760702328338993,0.290919690251838,0.994701386553687,1.69097204161296,0.242063944050082,-0.0728488194009652,-0.0247411626405223,-0.314012775301545,0.266276456865079,0.0768464655884069,0.711908011135486,0.786535690318983,-0.540830462877054,-0.1555961886108,-0.0445734002443183,-0.784169204001524,-1.62956752949562,-0.648992924399691,1.10662972764353,0.135422042612768,-0.574697546273115,-0.113860786417039,-0.0382639442739243,-0.759253601238671,-0.715631635436523,0.133929793970413,1.00657188464015,0.867584711348771,0.17013722254388,0.0541342826353131,-0.0330109162638679,-0.639535815693025,1.33132611434538,1.09627321067543,0.950766487281889,0.479536172882967,1.17550008551579,0,-0.0930309953194633,-0.481588184154324,-0.368712000574986,1.36287885195866,-0.152796991925168,-1.48080674570224,-0.797595882078731,-0.0998707974396848,-0.0692112518235939,-0.410266899197836,-0.504707054288313,1.19219966462977,-1.83290722328817,-1.55967039733413,-0.767532904424768,-0.202993708003753,-0.0191459895266863,-0.303642030474405,1.02856038592245,-0.108758516140778,-2.26390404116519,-0.719912318948642,-0.527680489439249,-0.177318504788345
"422",0,-0.346763866306412,-0.743972268793493,0.524013130597061,-0.112707670625565,0.438598494367772,3.10337725499881,0.791420999008737,-0.0247411626405223,-0.640995384823577,-0.467204948361685,-0.419532824502074,-0.34196587835462,0.954850638278565,2.90829978159776,-0.1555961886108,-0.12016755277347,-0.741918245459386,0.0702277330491799,-0.961657113219938,-1.18029468333559,0.611722039829717,0.552265305433806,-0.113860786417039,-0.0980157101479449,-0.759253601238671,-1.36765647399252,-1.2218689911233,-0.422683672213447,0.867584711348771,-0.376647239159639,-0.048236570436645,-0.0330109162638679,-0.639535815693025,-1.06645647246535,0.935312461488958,0.896264700509562,1.1603029827845,0.602075245430805,0,-0.147156409553922,-0.481588184154324,-0.984477210668762,-0.655851723424326,0.79760607467327,-1.13694573435793,-0.797595882078731,-0.0998707974396848,-0.0692112518235939,-0.410266899197836,-1.38433934890509,-0.16886700594293,-0.520318765867068,-1.55967039733413,-0.767532904424768,-0.202993708003753,-0.0191459895266863,-0.303642030474405,-0.475053876303007,0.142999068459485,-1.47171656321336,-1.1603681679367,-0.527680489439249,-0.177318504788345
"423",0,-0.346763866306412,0.330795300586854,0.757106570942284,-0.777153104933116,-0.634864546128108,-0.416428649433891,-0.135962069060475,-0.0247411626405223,-0.640995384823577,0.266276456865079,0.79446316800355,0.711908011135486,-0.559983893357675,-0.540830462877054,-0.1555961886108,-0.0445734002443183,-0.741918245459386,0.41018678555814,1.56338145586488,1.43333321492626,-0.658411286082146,-0.574697546273115,-0.113860786417039,-0.0382639442739243,-0.759253601238671,0.433439716945544,1.1507788827907,0.703094666080577,-0.969181688332602,-0.650039470011399,-0.048236570436645,-0.0677629935268027,-0.639535815693025,0.851769596983231,1.09627321067543,0.950766487281889,-1.46243505555415,-0.831486854781667,0,-0.0930309953194633,-0.182345410103019,1.17070102465946,1.36287885195866,1.27280760797249,-1.48080674570224,-0.797595882078731,-0.0998707974396848,-0.0692112518235939,0.0739739549704533,1.07863107602188,1.19219966462977,1.16729496510292,0.802782297954812,-0.564903628832,-0.202993708003753,-0.0191459895266863,0.728815661816031,0.42804705949191,0.93422270303842,-0.0853884767976621,0.214642163938074,-0.527680489439249,-0.177318504788345
"424",0,0.767805440878689,0.760702328338993,0.990200011287507,0.994701386553687,1.51206153486365,0.17020566797156,-0.135962069060475,0.299712168650831,2.95581331991878,0.999757862091843,-1.1641017596378,-1.1850649899467,1.29148053419773,0.937368213326437,-0.1555961886108,-0.0445734002443183,3.8665274873885,0.7501458380671,0.553366028230951,1.43333321492626,1.24678870278565,0.552265305433806,-0.113860786417039,-0.0382639442739243,0.527433042140173,-0.22150435248648,0.916190891889742,1.00657188464015,0.867584711348771,-0.650039470011399,-0.048236570436645,-0.0330109162638679,-0.639535815693025,-1.06645647246535,0.613390963116015,-0.0124278250575745,-1.39257255434624,-0.831486854781667,0,-0.0930309953194633,-0.481588184154324,-0.0608293955280974,1.36287885195866,-0.311197503024907,-1.48080674570224,-0.797595882078731,-0.0998707974396848,-0.0692112518235939,-0.410266899197836,0.726778158175171,0.0255710898531705,-1.83290722328817,-1.55967039733413,-0.808797572824652,-0.202993708003753,-0.0191459895266863,-0.303642030474405,1.02856038592245,-0.214452838241053,-2.26390404116519,-1.1603681679367,-0.527680489439249,-0.325399240587718
"425",0,-0.346763866306412,0.330795300586854,0.524013130597061,0.108774140810285,-0.0981330258801679,-0.416428649433891,-0.135962069060475,-0.0247411626405223,-0.640995384823577,-0.100464245748303,1.06960504576937,1.13345756693153,0.244353668862649,-0.540830462877054,-0.1555961886108,-0.0445734002443183,-0.952871749033859,0.0702277330491799,1.56338145586488,1.43333321492626,-0.0233446231262145,-0.574697546273115,-0.113860786417039,-0.0382639442739243,-0.759253601238671,0.105967682229532,1.1507788827907,1.00657188464015,-0.301266633903012,-0.650039470011399,-0.048236570436645,-0.0330109162638679,-0.639535815693025,0.556553707466252,1.3560373551407,0.5898369399888,-1.05218914939548,-0.831486854781667,0,-0.0930309953194633,-0.481588184154324,0.862818419612568,1.27177388966043,1.27280760797249,-1.13694573435793,-0.797595882078731,-0.0998707974396848,-0.225014054796848,-0.410266899197836,0.726778158175171,1.19219966462977,1.16729496510292,0.29654243467861,-0.767532904424768,-0.202993708003753,-0.0191459895266863,-0.303642030474405,1.62907371235298,0.93422270303842,0.310705262178251,0.214642163938074,-0.527680489439249,-0.177318504788345
"426",0,1.88237474806379,2.26537692547148,0.524013130597061,-2.10604397354822,-0.992685559626734,-0.416428649433891,-0.119097086882596,0.13393602448343,1.32090027230862,0.633017159478461,0.0768464655884069,0.711908011135486,-1.40155863315559,-0.540830462877054,-0.1555961886108,-0.0445734002443183,1.27427676266156,0.41018678555814,0.216694219019643,1.2699814712849,-1.10504765492982,-0.574697546273115,-0.113860786417039,-0.0286402707100998,-0.115910279549249,-0.712712404560498,-0.168948023896771,0.37134719270522,-1.3031392155474,-0.650039470011399,-0.048236570436645,-0.0330109162638679,-0.639535815693025,-1.2263086449194,-0.408341873087897,-1.5718052632525,-1.56276425682162,-0.831486854781667,0,-0.0930309953194633,-0.481588184154324,-0.214770698051542,0.897017949947205,-1.26160056962335,-1.48080674570224,-0.797595882078731,-0.0998707974396848,-0.0692112518235939,0.0739739549704533,0.902704617098525,0.803323473037571,-0.145293492318181,-0.209697428597592,0.677462918833473,-0.202993708003753,-0.0191459895266863,1.76127335410647,1.62907371235298,0.704487594782526,0.112658392690295,1.58965249581285,1.92993680096302,-0.177318504788345
"427",0,-0.346763866306412,-0.314065241041354,0.0578262499066152,0.551737763681986,0.617509001117085,-0.123111490731166,-0.135962069060475,-0.0247411626405223,-0.314012775301545,0.555887051726633,0.325036110633647,-0.34196587835462,1.29148053419773,0.556013884250294,-0.1555961886108,-0.0445734002443183,0.568793531076355,1.09010489057606,-0.961657113219938,-0.526887708770123,1.24678870278565,0.552265305433806,-0.113860786417039,-0.0382639442739243,1.81411968551902,0.59717573430355,-0.882919294849875,0.37134719270522,1.36852100217096,0.443529453395639,-0.048236570436645,-0.0330109162638679,-0.0211034405390152,1.01162176943728,0.774351712302486,0.950766487281889,-0.0310389345431809,-0.831486854781667,0,-0.211446747746139,-0.481588184154324,-0.984477210668762,-0.0347038540757136,1.27280760797249,-1.13694573435793,-0.797595882078731,-0.0998707974396848,-0.0692112518235939,-0.410266899197836,-1.20841288998173,0.351197760784743,0.229731781230706,-1.55967039733413,-0.767532904424768,-0.202993708003753,-0.0191459895266863,-0.303642030474405,-0.115071079354793,0.93422270303842,-1.2736696937254,-1.1603681679367,-0.527680489439249,-0.177318504788345
"428",0,-0.346763866306412,-0.743972268793493,0.290919690251838,-0.555671293497266,-0.992685559626734,-0.416428649433891,-0.135962069060475,-0.0247411626405223,-0.640995384823577,-0.467204948361685,1.06960504576937,1.13345756693153,-1.13384674735094,-0.540830462877054,-0.1555961886108,-0.0445734002443183,3.29047177078251,1.09010489057606,1.56338145586488,0.48249464547187,-1.29347794903808,-0.624765059458951,-0.113860786417039,-0.0382639442739243,1.17077636382959,0.433439716945544,1.1507788827907,-0.58148984519718,-1.20640728036101,-0.650039470011399,-0.048236570436645,-0.0330109162638679,-0.639535815693025,0.0525087347129891,1.09627321067543,-0.73094801307437,-1.56276425682162,-0.831486854781667,0,-0.0930309953194633,-0.481588184154324,-0.0608293955280974,1.36287885195866,0.332108533862702,-1.48080674570224,-0.797595882078731,-0.0998707974396848,-0.0692112518235939,-0.410266899197836,-0.680633513211668,1.19219966462977,0.229731781230706,-1.55967039733413,-0.767532904424768,-0.202993708003753,-0.0191459895266863,-0.303642030474405,-0.97315070217934,0.474752486526631,0.508752131666208,-1.1603681679367,-0.527680489439249,-0.177318504788345
"429",0,-0.405291055816711,-1.17387929654563,0.290919690251838,-1.88456216211237,-0.992685559626734,-0.416428649433891,-0.135962069060475,-0.0247411626405223,-0.640995384823577,-0.650575299668376,0.821415400724128,-1.60661454574275,-1.40155863315559,-0.540830462877054,-0.148865221227504,-0.0445734002443183,-0.131250437119882,0.92012536432158,0.216694219019643,-1.18029468333559,-1.29347794903808,-0.574697546273115,-0.113860786417039,-0.0382639442739243,-0.115910279549249,1.08838378637757,-1.39134383926002,-1.80270816918179,-1.3031392155474,-0.650039470011399,-0.049335153206293,-0.0330109162638679,0.28811274703799,1.01162176943728,-1.31813802712165,-1.06729091314562,-0.881997446920094,-0.831486854781667,0,-0.0930309953194633,0.19104829105235,1.47858362970634,1.20759188462151,1.27280760797249,0.354190426464748,1.25946709597274,-0.0998707974396848,-0.0692112518235939,-0.410266899197836,0.550851699251816,1.21514360741865,0.41724441800515,1.14027554013895,2.27190622946675,0.530456719366303,-0.0191459895266863,-0.303642030474405,-0.97315070217934,-0.444187946496948,0.706799001154165,1.07402362135981,1.92993680096302,-0.177318504788345
"430",0,-0.32960106106551,-1.17387929654563,-2.50620159389084,-0.112707670625565,0.796419507866398,-0.416428649433891,-0.135962069060475,-0.0247411626405223,-0.640995384823577,-1.93416775881521,-0.915912114592555,1.13345756693153,0.786535690318983,-0.540830462877054,-0.1555961886108,-0.0445734002443183,-0.197591508065231,-0.43971084571426,1.56338145586488,1.43333321492626,-0.182111288865197,-0.574697546273115,-0.113860786417039,-0.0382639442739243,0.849104702984884,1.08838378637757,1.1507788827907,1.00657188464015,-1.3031392155474,-0.650039470011399,-0.048236570436645,-0.0330109162638679,0.597328934614995,0.372213079621086,1.09627321067543,0.950766487281889,-1.56276425682162,-0.831486854781667,0,-0.0930309953194633,-0.481588184154324,-0.984477210668762,1.20759188462151,1.27280760797249,-1.48080674570224,-0.797595882078731,-0.0998707974396848,-0.0692112518235939,-0.410266899197836,-1.38433934890509,0.220009185649271,1.16729496510292,-0.884683912965861,-0.767532904424768,-0.202993708003753,-0.0912709356995593,-0.303642030474405,-1.17332181098952,-2.7415390290559,-0.0853884767976621,-0.206895279095074,-0.281918760399022,-0.177318504788345
"431",0,-0.346763866306412,0.792282497986197,-1.80692127285517,-2.54900759641992,-0.992685559626734,-0.416428649433891,-0.135962069060475,-0.0247411626405223,-0.640995384823577,0.816387510785152,-1.90867069477352,-2.23893887943681,-1.40155863315559,-0.540830462877054,-0.1555961886108,-0.0445734002443183,-0.1658625288534,0.495283599675326,-0.793321208614283,-1.18029468333559,-1.29347794903808,-0.574697546273115,-0.113860786417039,-0.0382639442739243,-0.115910279549249,0.924647769019562,-0.543969598576446,0.37134719270522,-0.701433225479941,-0.650039470011399,-0.048236570436645,-0.0330109162638679,1.52497749734601,1.3659006136711,0.774351712302486,-0.226433662967493,0.139152767932202,0.8887876654733,0,-0.0930309953194633,0.863684766259023,1.47858362970634,1.05230491728436,-0.786399036324126,-1.30887624003008,1.48802964908957,-0.0998707974396848,-0.0692112518235939,1.04245566330703,1.43048399386859,0.608885377241471,0.979782328328481,1.14027554013895,0.245613473539072,-0.202993708003753,-0.0191459895266863,-0.303642030474405,0.828389277112268,-0.485569422799358,-0.283435346285619,-0.644739293483662,-0.527680489439249,-0.177318504788345
"432",0,-0.346763866306412,-1.17387929654563,-1.57382783250995,0.773219575117836,-0.992685559626734,-0.416428649433891,-0.135962069060475,-0.0247411626405223,-0.640995384823577,-1.75079740750852,0.821415400724128,1.24249827761647,-1.40155863315559,-0.540830462877054,-0.1555961886108,-0.0445734002443183,-0.741918245459386,-1.11962895073218,1.56338145586488,1.43333321492626,-0.182111288865197,-0.574697546273115,-0.113860786417039,-0.0382639442739243,-0.759253601238671,0.105967682229532,0.981304034653986,0.530153365688954,0.700605947741373,-0.650039470011399,-0.048236570436645,-0.0330109162638679,-0.33031962811602,1.17147394189133,0.774351712302486,0.782595037246263,1.1603029827845,1.74892492560078,0,-0.0930309953194633,2.20895771667237,1.64209222493692,1.36287885195866,1.27280760797249,0.926220333707951,0.57377943662225,-0.0998707974396848,-0.0692112518235939,0.558214809138742,0.374925240328461,0.0255710898531705,1.16729496510292,-0.378444049689659,-0.0391501289025796,-0.202993708003753,-0.0191459895266863,-0.303642030474405,-1.17332181098952,-1.36312837952053,0.706799001154165,-0.816615584968009,-0.950054370766959,-0.177318504788345
"433",0,-0.313248997977339,-1.17387929654563,0.990200011287507,-0.112707670625565,-0.277043532629481,-0.416428649433891,-0.135962069060475,-0.0247411626405223,-0.640995384823577,-1.56742705620183,1.06960504576937,1.13345756693153,0.618220742359401,-0.540830462877054,-0.1555961886108,-0.111531751188364,-0.741918245459386,0.0702277330491799,1.45346166010316,1.43333321492626,-0.0233446231262145,-0.574697546273115,-0.103466013728817,-0.0382639442739243,-0.115910279549249,1.08838378637757,1.1507788827907,1.00657188464015,-0.635224161117807,-0.650039470011399,-0.048236570436645,-0.0330109162638679,-0.0211034405390152,0.532065252075134,1.09627321067543,0.950766487281889,-0.881997446920094,-0.831486854781667,0,-0.0930309953194633,-0.481588184154324,-0.830535908145318,1.36287885195866,1.27280760797249,-0.4492237116693,-0.797595882078731,-0.0998707974396848,-0.0692112518235939,-0.410266899197836,-1.38433934890509,0.851963416218489,1.16729496510292,1.14027554013895,0.44824274913184,-0.202993708003753,-0.0191459895266863,-0.303642030474405,-1.08360484713316,0.0152822700148413,0.904845870642121,1.32491461653906,0.946889884802112,-0.177318504788345
"434",0,0.767805440878689,1.19060935609113,0.290919690251838,-1.44159853924067,-0.992685559626734,-0.416428649433891,-0.135962069060475,-0.0247411626405223,1.64788288183065,0.266276456865079,-1.1641017596378,0.922682789033507,-0.728298841317257,-0.540830462877054,-0.1555961886108,-0.0445734002443183,1.56230462096456,-0.9496494244777,-1.12999301782559,0.12651926579534,0.611722039829717,-0.257350260943701,-0.113860786417039,-0.0382639442739243,-0.115910279549249,-0.548976387202492,-1.56081868739673,-1.53432688309958,0.867584711348771,-0.650039470011399,-0.048236570436645,-0.0539306280597664,-0.639535815693025,-1.2263086449194,-1.31813802712165,-0.394605113003119,-1.05218914939548,-0.831486854781667,0,-0.0930309953194633,-0.481588184154324,-0.984477210668762,0.389606478478903,0.00560351917457189,-1.48080674570224,-0.797595882078731,-0.0998707974396848,-0.0692112518235939,0.0739739549704533,0.726778158175171,1.19219966462977,0.604757054779594,-0.209697428597592,-0.362274353239232,-0.202993708003753,-0.0191459895266863,1.76127335410647,1.22873149473262,0.0152822700148413,0.112658392690295,0.902147329875462,2.42146025904347,-0.177318504788345
"435",0,0.767805440878689,0.975655842215063,0.0578262499066152,0.994701386553687,1.15424052136502,0.463522826674285,-0.135962069060475,-0.0247411626405223,-0.640995384823577,0.266276456865079,1.06960504576937,-0.131191100456599,0.449905794399818,0.215210296590103,-0.1555961886108,-0.0445734002443183,-0.741918245459386,-0.43971084571426,1.22670964665357,-1.18029468333559,-1.29347794903808,-0.320010092467051,-0.113860786417039,-0.0382639442739243,-0.759253601238671,-0.729322286839338,1.1507788827907,-0.422683672213447,-1.13616045194,-0.650039470011399,-0.048236570436645,-0.139400590825117,-0.639535815693025,-1.06645647246535,0.9368826324517,0.782595037246263,0.479536172882967,-0.831486854781667,0,-0.0930309953194633,0.19104829105235,0.708877117089123,0.897017949947205,-0.786399036324126,1.27008134505226,-0.340470775845071,-0.0998707974396848,-0.0692112518235939,3.46365993414848,1.25455753494524,-0.75218129333123,0.979782328328481,0.29654243467861,-0.767532904424768,-0.202993708003753,-0.0191459895266863,2.7937310463969,1.4289026035428,0.474752486526631,-0.481482215773575,-1.06328398573102,-0.527680489439249,-0.171764118611958
"436",0,-0.183868586901141,0.760702328338993,0.670536089957008,0.994701386553687,0.0807774808691453,-0.416428649433891,-0.135962069060475,-0.0247411626405223,0.0129698342204877,0.999757862091843,0.573225755678888,1.13345756693153,-1.06492873723642,-0.540830462877054,-0.1555961886108,-0.0445734002443183,-0.741918245459386,-1.28960847698666,1.22670964665357,0.12651926579534,-1.29347794903808,-0.574697546273115,-0.113860786417039,-0.0382639442739243,-0.759253601238671,-0.876448421918504,1.1507788827907,0.405770292949712,-0.301266633903012,-0.650039470011399,-0.048236570436645,-0.0330109162638679,-0.639535815693025,-1.2263086449194,-0.835255779562232,0.278080687139385,1.08891168224581,0.8887876654733,0,-0.0930309953194633,-0.306484445242874,-0.984477210668762,-1.12171262543579,-1.26160056962335,0.754289828035795,0.80234198973908,-0.0998707974396848,-0.195691230603542,-0.164807262733885,-0.504707054288313,-0.55774319753513,0.41724441800515,0.971528919046879,-0.564903628832,-0.202993708003753,-0.0191459895266863,-0.303642030474405,1.22873149473262,0.93422270303842,-0.0853884767976621,-0.988491876452356,-0.527680489439249,-0.177318504788345
"437",0,-0.346763866306412,-1.17387929654563,-0.874547511474277,0.773219575117836,-0.992685559626734,-0.416428649433891,-0.135962069060475,-0.0247411626405223,-0.640995384823577,-1.93416775881521,1.06960504576937,-0.131191100456599,-1.40155863315559,-0.540830462877054,-0.1555961886108,-0.0445734002443183,-1.07410076662338,-0.493552961654837,1.56338145586488,-0.526887708770123,-1.29347794903808,-0.574697546273115,-0.113860786417039,-0.0382639442739243,-0.759253601238671,0.433439716945544,0.472879490243842,-1.53432688309958,-1.3031392155474,-0.650039470011399,-0.048236570436645,-0.0330109162638679,2.14340987250002,1.33132611434538,-0.67429503037576,-0.562776563038745,0.819919577833732,-0.831486854781667,0,9.18092629712916,4.89950361749906,1.80549243997269,0.897017949947205,1.27280760797249,0.754289828035795,-0.797595882078731,-0.151125678088995,3.74986562380231,2.97941907998019,0.198998781405106,0.997761568833671,1.16729496510292,-0.378444049689659,-0.767532904424768,-0.202993708003753,-0.0191459895266863,-0.303642030474405,-1.17332181098952,0.0152822700148413,0.508752131666208,-0.816615584968009,-0.527680489439249,-0.177318504788345
"438",0,-0.346763866306412,0.330795300586854,0.0578262499066152,0.108774140810285,0.0807774808691453,-0.416428649433891,-0.135962069060475,-0.0247411626405223,-0.640995384823577,0.88025285645395,-0.171343179456834,0.922682789033507,1.12316558623815,-0.0480975708092236,-0.1555961886108,-0.0445734002443183,0.410193187752585,0.41018678555814,-1.12999301782559,-1.01694293969422,0.294188708351751,1.11574673128727,-0.113860786417039,-0.0382639442739243,1.81411968551902,0.105967682229532,-1.79822432533003,-1.53432688309958,0.366648420526578,1.47688930559286,-0.048236570436645,-0.0330109162638679,0.597328934614995,0.691917424529183,-1.47909877630812,-1.73997671328813,-0.201230637018563,1.46221250555829,0,-0.0930309953194633,0.527366528655686,1.01675972213601,-1.12171262543579,-1.59198936545285,0.0665678053471691,0.80234198973908,-0.0998707974396848,-0.0692112518235939,0.558214809138742,1.25455753494524,-0.528261199680885,-0.895344039415955,0.971528919046879,-0.362274353239232,-0.286199228220891,-0.0191459895266863,-0.303642030474405,0.628218168302089,0.93422270303842,0.904845870642121,0.45053730686266,-0.527680489439249,-0.177318504788345
"439",0,-0.346763866306412,-1.17387929654563,-1.34073439216472,0.108774140810285,-0.992685559626734,-0.483467579862238,-0.135962069060475,-0.064995348517452,-0.640995384823577,-1.56742705620183,1.06960504576937,-0.131191100456599,-1.40155863315559,-0.540830462877054,-0.1555961886108,-0.0445734002443183,-0.811124640752155,-0.43971084571426,1.22670964665357,-1.01694293969422,-1.29347794903808,-0.574697546273115,-0.113860786417039,-0.0382639442739243,-0.759253601238671,0.269703699587538,0.133929793970413,-1.53432688309958,-1.3031392155474,-0.650039470011399,-0.048236570436645,-0.0330109162638679,-0.639535815693025,1.01162176943728,0.291469464743071,0.374364105616817,-1.56276425682162,-0.831486854781667,0,-0.0930309953194633,0.218377329633465,1.3246423271829,1.20759188462151,1.11440709687275,1.27008134505226,1.48802964908957,4.95470122853544,0.0191523077982496,-0.410266899197836,0.0230723224817513,0.803323473037571,-1.27036931296484,-0.378444049689659,2.47453550505952,8.40429799913991,-0.0191459895266863,-0.303642030474405,-1.17332181098952,-1.22622947869593,0.706799001154165,1.58965249581285,2.42146025904347,2.44807774115328
"440",0,-0.346763866306412,-0.0991117271652847,0.524013130597061,0.994701386553687,0.617509001117085,-0.416428649433891,-0.135962069060475,-0.0247411626405223,-0.640995384823577,-0.466706185665435,1.06960504576937,0.555164579446364,1.24069343922407,0.691001767292522,-0.1555961886108,-0.0445734002443183,-0.741918245459386,-0.43971084571426,1.56338145586488,0.890008090696287,1.24678870278565,0.552265305433806,-0.113860786417039,-0.0382639442739243,0.00977212438718037,0.59717573430355,1.1507788827907,1.00657188464015,0.0666705380601049,-0.650039470011399,-0.048236570436645,-0.0330109162638679,0.28811274703799,1.17147394189133,1.09627321067543,0.63454200063328,-1.22238085187086,-0.831486854781667,0,-0.0930309953194633,-0.481588184154324,1.17070102465946,1.08722559503576,0.63920556357353,-1.30887624003008,-0.894069446597228,-0.0998707974396848,-0.0692112518235939,-0.168389302145304,1.25455753494524,1.19219966462977,1.16729496510292,-0.884683912965861,-0.767532904424768,-0.202993708003753,-0.0191459895266863,-0.303642030474405,0.227875950681732,0.93422270303842,-0.0853884767976621,-0.988491876452356,-0.527680489439249,-0.177318504788345
"441",0,-0.346763866306412,-1.17387929654563,-0.837685436436324,0.108774140810285,1.69097204161296,1.34347430278246,-0.135962069060475,-0.0247411626405223,-0.640995384823577,-0.467204948361685,1.06960504576937,-0.974290212048683,-0.559983893357675,2.90829978159776,-0.1555961886108,-0.0445734002443183,-0.741918245459386,0.7501458380671,1.39504555125922,0.779926240360802,1.24678870278565,3.08793172177438,-0.113860786417039,-0.0382639442739243,-0.759253601238671,-1.04018443927651,-0.543969598576446,-0.422683672213447,1.20154223856357,1.53709837680268,-0.048236570436645,-0.0330109162638679,-0.639535815693025,-1.22677414580887,-1.47909877630812,-1.5718052632525,0.379332537490953,-0.258062014696678,0,-0.0930309953194633,-0.481588184154324,-0.984477210668762,-1.12171262543579,0.322404541374051,0.0665678053471691,-0.797595882078731,-0.0998707974396848,-0.0692112518235939,-0.410266899197836,-1.38433934890509,-1.14105748492343,0.604757054779594,-1.39092377624206,-0.767532904424768,-0.202993708003753,-0.0191459895266863,-0.303642030474405,-1.17332181098952,-0.214452838241053,-1.86781030218927,-1.1603681679367,-0.527680489439249,-0.177318504788345
"442",0,-0.346763866306412,-1.17387929654563,-2.27310815354561,0.551737763681986,-0.0981330258801679,-0.123111490731166,1.7789711698989,-0.0247411626405223,-0.640995384823577,-1.75079740750852,0.0768464655884069,0.501133233237465,-1.233243685196,3.15466622763167,3.75813857356356,-0.0445734002443183,-0.741918245459386,-0.0997517932053001,1.39504555125922,-0.853591196052854,-0.34087795460418,3.93315386055457,4.50252433346203,-0.0382639442739243,1.49244802467431,1.08838378637757,0.642354338380556,-0.263877499229713,1.03456347495617,2.63066730020971,-0.048236570436645,0.237115991856001,2.14340987250002,1.42668491969265,1.09627321067543,0.950766487281889,1.1603029827845,2.03563734564328,0,-0.0930309953194633,-0.481588184154324,-0.434856477662647,-0.655851723424326,0.480805052473791,1.09815083938011,-0.569033328961901,-0.0998707974396848,-0.0692112518235939,-0.410266899197836,-1.38433934890509,-1.91880986810783,0.792269691554037,0.127795813586543,-0.767532904424768,-0.202993708003753,-0.0191459895266863,-0.303642030474405,-1.17332181098952,-2.28206881254411,0.904845870642121,-0.472863001999315,-0.527680489439249,-0.177318504788345
"443",0,0.767805440878689,0.744882189221557,0.524013130597061,0.994701386553687,-0.0981330258801679,-0.416428649433891,-0.135962069060475,-0.0247411626405223,0.993917662786584,0.294094219382197,-1.1641017596378,0.691835857929986,0.449905794399818,-0.540830462877054,-0.1555961886108,-0.0445734002443183,-0.164297707775177,-1.45958800324114,-1.12999301782559,0.616574496719437,0.135422042612768,-0.574697546273115,-0.113860786417039,-0.0909846830221019,-0.759253601238671,-1.04018443927651,0.303404642107127,1.00657188464015,-0.802202924725205,-0.650039470011399,-0.048236570436645,-0.0539306280597664,-0.639535815693025,0.691917424529183,1.09627321067543,0.950766487281889,0.990111280309114,0.439659096098399,0,-0.0930309953194633,-0.481588184154324,-0.676594605621874,-0.966425658098632,-1.10320005852361,0.799479072933363,1.03090454285591,-0.0998707974396848,-0.0692112518235939,-0.410266899197836,-0.504707054288313,-0.16886700594293,0.792269691554037,0.971528919046879,-0.159645077646464,-0.202993708003753,-0.0191459895266863,-0.303642030474405,0.778423355077666,0.0152822700148413,-0.679529085261532,-0.988491876452356,-0.527680489439249,-0.177318504788345
"444",0,-0.346763866306412,0.694488548868366,0.757106570942284,0.994701386553687,0.259687987618459,-0.416428649433891,-0.135962069060475,-0.0247411626405223,-0.640995384823577,0.253859635053688,-0.667722469547314,-0.763515434150662,1.12316558623815,-0.540830462877054,-0.1555961886108,-0.0445734002443183,-0.741918245459386,-0.77966989822322,1.22670964665357,0.943277984002168,-0.0233446231262145,-0.574697546273115,-0.113860786417039,-0.0382639442739243,-1.15769839392505,-1.53139249135053,0.811829186517271,0.688959538672687,-1.3031392155474,-0.650039470011399,-0.048236570436645,-0.0330109162638679,-0.639535815693025,-0.586899955103205,1.09627321067543,0.515975571697461,-1.56276425682162,-0.831486854781667,0,-0.0930309953194633,-0.481588184154324,0.554935814565679,0.12058311326144,0.63920556357353,-1.48080674570224,-0.797595882078731,-0.0998707974396848,-0.160332889082836,-0.410266899197836,0.902704617098525,-0.36330510173903,-0.30079757424719,-1.39092377624206,-0.767532904424768,-0.202993708003753,-0.0191459895266863,-0.303642030474405,1.02856038592245,0.93422270303842,-1.2736696937254,-1.1603681679367,-0.747084673552463,-0.177318504788345
"445",0,-0.346763866306412,0.760702328338993,0.990200011287507,0.773219575117836,0.617509001117085,-0.416428649433891,-0.241286047352445,-0.0247411626405223,0.666935053264552,0.999757862091843,0.821415400724128,0.290358455339444,0.954850638278565,-0.365316772543548,-0.1555961886108,-0.0445734002443183,0.654111122781762,1.09010489057606,0.89003783744226,-0.690239452411488,-1.29347794903808,-0.574697546273115,-0.113860786417039,-0.0382639442739243,0.849104702984884,0.533524236213674,1.1507788827907,0.530153365688954,-0.969181688332602,-0.650039470011399,-0.048236570436645,-0.0330109162638679,-0.639535815693025,-0.746752127557253,-0.835255779562232,0.614423587210637,-0.711805744444711,-0.831486854781667,0,-0.0930309953194633,-0.638167024189951,-0.984477210668762,-1.12171262543579,0.63920556357353,0.0665678053471691,-0.797595882078731,-0.0998707974396848,-0.0692112518235939,-0.410266899197836,-0.152854136441604,0.220009185649271,1.16729496510292,-0.378444049689659,-0.767532904424768,-0.202993708003753,-0.0191459895266863,-0.252120283673737,1.4289026035428,0.93422270303842,-0.445453965861628,-0.988491876452356,-0.720461794167521,-0.177318504788345
"446",0,4.11151336243399,0.760702328338993,-0.175267190438608,0.330255952246136,1.86988254836228,1.63679146148519,-0.135962069060475,-0.0247411626405223,2.30184810087471,0.999757862091843,0.325036110633647,0.711908011135486,1.29148053419773,-0.294464016843139,-0.1555961886108,-0.0445734002443183,-0.741918245459386,-1.62956752949562,-1.12999301782559,0.943277984002168,0.294188708351751,-0.574697546273115,-0.113860786417039,-0.0382639442739243,0.849104702984884,0.433439716945544,0.488157511340709,1.00657188464015,1.20154223856357,1.53709837680268,-0.048236570436645,-0.0330109162638679,0.906545122192,0.691917424529183,1.09627321067543,0.446252137175011,0.614320206819998,-0.258062014696678,0,-0.0930309953194633,-0.481588184154324,-0.214770698051542,1.36287885195866,-0.786399036324126,-1.18985268214112,-0.797595882078731,-0.0998707974396848,-0.0692112518235939,-0.410266899197836,0.726778158175171,0.608885377241471,-1.83290722328817,-1.55967039733413,-0.767532904424768,-0.202993708003753,-0.0191459895266863,2.7937310463969,2.02941592997334,-1.82259859603232,-2.26390404116519,-1.1603681679367,-0.527680489439249,-0.177318504788345
"447",0,2.99694405524889,1.62051638384327,0.524013130597061,-0.998634916368966,-0.605144773249952,-0.416428649433891,-0.135962069060475,-0.0247411626405223,1.01502322039643,0.266276456865079,-0.915912114592555,0.501133233237465,-0.391668945398093,-0.540830462877054,-0.1555961886108,-0.0445734002443183,-0.0411432972221021,-1.62956752949562,-1.12999301782559,0.453222753078071,-0.182111288865197,-0.574697546273115,-0.113860786417039,-0.0382639442739243,-0.759253601238671,-1.53139249135053,-0.0355450541663019,1.00657188464015,-0.635224161117807,-0.650039470011399,-0.048236570436645,-0.0330109162638679,-0.639535815693025,-1.2263086449194,-0.639204630010158,0.236196979754453,0.990111280309114,0.315362825388311,0,-0.0930309953194633,-0.481588184154324,-0.984477210668762,-1.12171262543579,-1.26160056962335,0.754289828035795,1.03090454285591,-0.0998707974396848,-0.0692112518235939,0.0739739549704533,0.0230723224817513,-0.36330510173903,0.0422191444562627,1.14027554013895,-0.159645077646464,-0.202993708003753,-0.0191459895266863,3.82618873868734,1.62907371235298,0.93422270303842,-0.0853884767976621,-0.816615584968009,-0.527680489439249,-0.177318504788345
"448",0,-0.346763866306412,-0.892465348520049,-0.408360630783831,0.551737763681986,1.51206153486365,-0.416428649433891,-0.135962069060475,-0.0247411626405223,2.62883071039675,0.999757862091843,0.573225755678888,-0.131191100456599,1.12316558623815,-0.540830462877054,-0.1555961886108,-0.0445734002443183,-0.741918245459386,-0.26973131945978,-1.12999301782559,-1.18029468333559,-1.29347794903808,-0.574697546273115,-0.113860786417039,-0.0382639442739243,1.17077636382959,1.08838378637757,-0.205019902303017,-1.37552071011585,-1.3031392155474,-0.177138918630409,-0.0111937918009328,-0.0330109162638679,-0.0211034405390152,0.532065252075134,0.935312461488958,0.782595037246263,-0.711805744444711,-0.831486854781667,0,-0.0930309953194633,-0.481588184154324,-0.984477210668762,-1.12171262543579,1.11440709687275,1.09815083938011,-0.797595882078731,-0.0998707974396848,0.238529513375906,-0.410266899197836,-1.38433934890509,0.414447281445371,-0.0348522791839866,-1.39092377624206,-0.767532904424768,-0.202993708003753,-0.115134277125818,-0.303642030474405,-1.17332181098952,-0.214452838241053,-1.47171656321336,-1.1603681679367,-0.527680489439249,-0.177318504788345
"449",0,-0.346763866306412,0.115841786710785,-0.641454071129054,-2.54900759641992,-0.992685559626734,-0.416428649433891,-0.135962069060475,-0.0247411626405223,-0.640995384823577,-0.650575299668376,1.06960504576937,-0.131191100456599,0.0258322741378474,0.0162159322389339,-0.1555961886108,-0.0445734002443183,-0.741918245459386,-1.45958800324114,0.216694219019643,0.570693882573851,0.929255371307683,-0.292956833346385,-0.113860786417039,-0.0382639442739243,-0.759253601238671,-1.53139249135053,-1.39134383926002,0.530153365688954,-0.134287870295615,-0.650039470011399,-0.048236570436645,-0.0330109162638679,-0.639535815693025,0.691917424529183,1.09627321067543,0.950766487281889,0.139152767932202,-0.544774434739172,0,-0.0985146966637312,-0.481588184154324,-0.52265330309843,1.20759188462151,0.322404541374051,-0.105362700324987,-0.340470775845071,-0.0998707974396848,-0.0692112518235939,-0.410266899197836,-0.451361546192855,1.19219966462977,-1.45788194973929,-1.55967039733413,-0.767532904424768,-0.202993708003753,-0.0191459895266863,-0.303642030474405,-0.372637375748804,-1.03414268195516,-2.26390404116519,-1.1603681679367,-0.527680489439249,-0.177318504788345
"450",0,-0.346763866306412,-1.17387929654563,-0.641454071129054,0.773219575117836,0.796419507866398,-0.416428649433891,-0.135962069060475,-0.0247411626405223,-0.640995384823577,-1.56742705620183,1.06960504576937,1.13345756693153,1.29148053419773,-0.540830462877054,-0.1555961886108,-0.0445734002443183,-0.741918245459386,-1.62956752949562,1.39504555125922,1.43333321492626,1.24678870278565,-0.574697546273115,-0.113860786417039,-0.0382639442739243,-0.759253601238671,-1.20392045663452,1.1507788827907,0.871322478415979,0.700605947741373,-0.650039470011399,-0.048236570436645,-0.0330109162638679,-0.639535815693025,1.01162176943728,1.09627321067543,0.950766487281889,0.479536172882967,-0.463377196069831,0,-0.0930309953194633,0.863684766259023,1.47858362970634,0.8605550686513,1.27280760797249,0.410428816691482,-0.797595882078731,-0.309363472610103,-0.0692112518235939,-0.410266899197836,-1.38433934890509,0.414447281445371,1.16729496510292,1.14027554013895,0.0429841979463036,-0.202993708003753,-0.0191459895266863,-0.317393562182732,-1.17332181098952,0.474752486526631,0.706799001154165,0.558394746906768,-0.0361570313587953,-0.177318504788345
"451",0,-0.346763866306412,0.186961380303109,0.0578262499066152,0.330255952246136,1.86988254836228,1.93010862018791,-0.135962069060475,-0.0247411626405223,-0.640995384823577,-0.283834597054994,-0.667722469547314,-0.34196587835462,1.29148053419773,0.691001767292522,-0.1555961886108,-0.0445734002443183,-0.741918245459386,-1.62956752949562,-1.12999301782559,-0.0368324778460259,1.08802203704667,-0.574697546273115,-0.113860786417039,-0.0382639442739243,-0.851715443696644,-0.548976387202492,-0.0383382047722872,0.847765711656421,0.533627184133976,-0.376647239159639,-0.048236570436645,-0.0330109162638679,-0.639535815693025,0.212360907167038,0.774351712302486,0.782595037246263,0.990111280309114,0.8887876654733,0,-0.0930309953194633,-0.607666286691672,-0.984477210668762,1.36287885195866,0.00560351917457189,-1.48080674570224,-0.797595882078731,-0.0998707974396848,-0.0692112518235939,-0.410266899197836,-0.856559972135023,1.19219966462977,-1.27036931296484,-1.55967039733413,-0.767532904424768,-0.202993708003753,-0.0191459895266863,-0.190634883891271,0.42804705949191,0.474752486526631,-2.26390404116519,-1.1603681679367,-0.527680489439249,-0.177318504788345
"452",0,-0.346763866306412,-0.0991117271652847,0.524013130597061,0.994701386553687,0.805449610308422,-0.416428649433891,-0.135962069060475,-0.0247411626405223,-0.640995384823577,-0.467204948361685,0.821415400724128,0.290358455339444,0.954850638278565,0.198268875224692,-0.1555961886108,-0.0445734002443183,0.122165329449593,0.92012536432158,0.89003783744226,-1.18029468333559,-1.29347794903808,-0.574697546273115,-0.280649412764877,-0.0382639442739243,3.10080632889786,1.08838378637757,-0.198524604674897,-1.53432688309958,-1.3031392155474,-0.650039470011399,-0.048236570436645,-0.0330109162638679,1.83419368492302,1.01162176943728,1.09627321067543,-0.0582622129318667,-1.39257255434624,-0.831486854781667,0,-0.0930309953194633,-0.481588184154324,-0.830535908145318,0.12058311326144,1.27280760797249,-0.706595222533181,-1.07832716937234,-0.0998707974396848,-0.0692112518235939,-0.410266899197836,-0.856559972135023,0.220009185649271,1.16729496510292,-1.05343053405793,-0.767532904424768,-0.202993708003753,-0.0191459895266863,-0.303642030474405,-0.172466266938626,0.93422270303842,0.112658392690295,-0.620695767235525,-0.527680489439249,-0.177318504788345
"453",0,-0.346763866306412,-0.529018754917424,0.256639039373338,0.108774140810285,-0.277043532629481,-0.416428649433891,-0.135962069060475,-0.0247411626405223,0.0129698342204877,0.816387510785152,-0.419532824502074,1.13345756693153,0.618220742359401,-0.540830462877054,-0.1555961886108,-0.0445734002443183,0.698221046055578,0.24020725930366,-1.12999301782559,-0.557976581226763,0.929255371307683,0.552265305433806,-0.113860786417039,-0.0382639442739243,1.81411968551902,0.0923689120199418,-1.56081868739673,-1.53432688309958,-0.46824539751041,1.53709837680268,-0.048236570436645,-0.0330109162638679,1.21576130976901,0.0525087347129891,-1.47909877630812,-1.73997671328813,-0.881997446920094,1.46221250555829,0,-0.0930309953194633,0.863684766259023,0.554935814565679,-1.12171262543579,-1.26160056962335,0.238498311019326,0.34521688350542,-0.0998707974396848,-0.0692112518235939,0.0739739549704533,1.07863107602188,-0.94661938912733,-0.520318765867068,0.802782297954812,-0.767532904424768,-0.202993708003753,-0.0191459895266863,-0.303642030474405,0.227875950681732,0.704487594782526,-0.283435346285619,-0.988491876452356,-0.527680489439249,-0.177318504788345
"454",0,-0.346763866306412,-0.958925782669563,0.524013130597061,0.0982276874954837,1.15424052136502,-0.123111490731166,-0.266643508707382,-0.0247411626405223,-0.640995384823577,0.633017159478461,-1.1641017596378,-1.60661454574275,0.618220742359401,0.444635321258607,-0.1555961886108,-0.0445734002443183,-0.1658625288534,0.7501458380671,-1.12999301782559,-1.01694293969422,1.24678870278565,-0.292956833346385,-0.113860786417039,-0.0909846830221019,-0.759253601238671,0.367168005208216,0.133929793970413,1.00657188464015,-0.301266633903012,-0.650039470011399,-0.0885116476043009,-0.0330109162638679,0.0744515080046075,0.532065252075134,0.774351712302486,0.782595037246263,-0.881997446920094,-0.831486854781667,0,0.171098319868446,0.863684766259023,1.17070102465946,-1.12171262543579,-0.469598014124647,0.926220333707951,-0.340470775845071,-0.0998707974396848,-0.0692112518235939,0.0739739549704533,1.25455753494524,-0.75218129333123,-1.64539458651373,0.29654243467861,0.650872024724607,-0.17934732567554,-0.0721480760967669,-0.303642030474405,-0.572808484558983,-0.903658163008738,0.508752131666208,1.4177762043285,0.477806839048042,-0.177318504788345
"455",0,-0.346763866306412,-0.0991117271652847,0.344680091755814,-0.0495266361362219,-0.455954039378794,-0.416428649433891,-0.135962069060475,-0.0247411626405223,-0.20553981274551,0.646707568093809,0.509076774623368,0.290358455339444,0.954850638278565,-0.0480975708092236,-0.1555961886108,-0.0445734002443183,0.122165329449593,1.09010489057606,-0.28831349479732,-1.18029468333559,1.04981627883,0.552265305433806,-0.113860786417039,-0.0382639442739243,0.849104702984884,0.760911751661556,-1.56081868739673,-1.53432688309958,0.867584711348771,1.26370614595092,-0.048236570436645,-0.0330109162638679,0.811989291156948,0.691917424529183,-1.39635042953265,-1.5718052632525,1.1603029827845,0.0286504053458163,0,-0.0930309953194633,0.527366528655686,1.47858362970634,-0.811138690761479,-0.627998525224387,1.09815083938011,-0.340470775845071,-0.0998707974396848,-0.0692112518235939,-0.410266899197836,1.07863107602188,0.220009185649271,0.979782328328481,0.127795813586543,-0.767532904424768,-0.287855110298978,-0.0191459895266863,-0.303642030474405,0.027704841871553,0.704487594782526,0.112658392690295,-0.644739293483662,-0.527680489439249,-0.177318504788345
"456",0,-0.346763866306412,-1.17387929654563,-1.1076409518195,0.773219575117836,1.51206153486365,0.17020566797156,-0.135962069060475,-0.0247411626405223,0.666935053264552,0.44964680817177,-0.667722469547314,-0.552740656252641,1.29148053419773,0.444635321258607,-0.1555961886108,-0.0445734002443183,1.27427676266156,1.09010489057606,-0.119977590191666,-0.690239452411488,1.24678870278565,0.270524592507076,-0.113860786417039,-0.0382639442739243,-0.759253601238671,-0.385240369844486,1.1507788827907,1.00657188464015,0.032690893311783,-0.650039470011399,-0.048236570436645,-0.0330109162638679,-0.639535815693025,-1.06645647246535,1.09627321067543,0.614423587210637,0.819919577833732,-0.831486854781667,0,-0.0922007313598824,-0.481588184154324,0.0931119069953467,0.586444015272899,-1.26160056962335,1.09815083938011,1.03090454285591,-0.0998707974396848,-0.0692112518235939,-0.410266899197836,0.0804727544206705,0.997761568833671,-0.895344039415955,0.630657577956146,0.245613473539072,-0.202993708003753,-0.0191459895266863,-0.303642030474405,-1.17332181098952,-0.673923054752843,0.508752131666208,0.0427658724537265,-0.527680489439249,-0.177318504788345
"457",0,-0.346763866306412,-0.529018754917424,0.0578262499066152,-0.555671293497266,0.617509001117085,-0.416428649433891,-0.135962069060475,-0.0247411626405223,-0.640995384823577,0.266276456865079,1.06960504576937,1.13345756693153,1.29148053419773,-0.540830462877054,-0.1555961886108,-0.0445734002443183,-0.741918245459386,0.41018678555814,-0.28831349479732,1.10662972764353,1.24678870278565,-0.429942713223615,-0.113860786417039,-0.0382639442739243,-0.759253601238671,0.433439716945544,-1.56081868739673,-1.21671453713211,0.867584711348771,-0.10325500830788,-0.048236570436645,-0.0747235641771691,-0.0211034405390152,0.713266161735183,-1.47909877630812,-1.73997671328813,0.0625660161496502,0.0286504053458163,0,-0.0930309953194633,0.19104829105235,1.47858362970634,-0.811138690761479,-1.26160056962335,0.582359322363638,-0.797595882078731,-0.0998707974396848,-0.0692112518235939,-0.410266899197836,1.25455753494524,0.803323473037571,0.604757054779594,-0.0409508075055244,-1.18352992705192,-0.202993708003753,-0.0191459895266863,-0.303642030474405,-0.772979593369162,-0.444187946496948,-0.679529085261532,-1.1603681679367,-0.527680489439249,-0.177318504788345
"458",0,-0.442189601103173,0.545748814462924,0.990200011287507,0.773219575117836,-0.277043532629481,-0.416428649433891,-0.135962069060475,-0.0247411626405223,0.0129698342204877,0.816387510785152,-0.177043815980734,0.501133233237465,1.12316558623815,-0.540830462877054,-0.1555961886108,0.299695993745473,1.85033247926755,0.92012536432158,-0.456649399402975,-0.461685006648876,1.08802203704667,0.834006018360537,0.17185878900666,0.234193461814899,1.81411968551902,0.59717573430355,-1.56081868739673,-1.53432688309958,-0.301266633903012,2.63066730020971,-0.048236570436645,-0.0330109162638679,2.45262606007703,0.691917424529183,-1.47909877630812,-1.73997671328813,-0.881997446920094,2.60906218572827,0,-0.0930309953194633,1.87263947906903,1.3246423271829,-1.12171262543579,-1.26160056962335,-0.793084723013613,2.07756774984946,-0.0998707974396848,-0.0692112518235939,1.04245566330703,1.40911163754116,-0.36330510173903,-1.27036931296484,0.465289055770677,1.46138912709568,-0.202993708003753,-0.0191459895266863,-0.303642030474405,0.30303395909487,0.843875935195177,0.904845870642121,1.4177762043285,-0.281918760399022,-0.177318504788345
"459",0,-0.346763866306412,-1.17387929654563,-1.80692127285517,0.0464355962314258,-0.992685559626734,-0.416428649433891,-0.135962069060475,-0.0247411626405223,-0.637685561075154,-1.93416775881521,-0.171343179456834,0.501133233237465,-1.40155863315559,-0.540830462877054,-0.1555961886108,-0.0445734002443183,-0.741918245459386,-1.45958800324114,1.39504555125922,-0.0368324778460259,-1.29347794903808,-0.574697546273115,-0.113860786417039,-0.0382639442739243,-0.525811356661546,0.269703699587538,0.303404642107127,-1.53432688309958,-1.3031392155474,-0.650039470011399,-0.048236570436645,-0.0330109162638679,-0.0211034405390152,1.33132611434538,-1.15717727793518,0.109909237103759,-0.532712395435189,-0.831486854781667,0,6.08960719964629,3.89054890468905,1.17070102465946,0.431157047935746,1.27280760797249,-0.105362700324987,-0.797595882078731,-0.124335291667949,7.56894249942821,2.4951782258119,0.726778158175171,0.997761568833671,1.14523309888515,-0.884683912965861,-0.767532904424768,-0.202993708003753,2.74938256221278,-0.303642030474405,-1.17332181098952,-1.59286348777642,0.508752131666208,-0.988491876452356,-0.527680489439249,-0.177318504788345
"460",0,-0.346763866306412,0.760702328338993,0.757106570942284,0.994701386553687,1.86988254836228,1.35717195022727,-0.135962069060475,-0.064995348517452,-0.640995384823577,0.816387510785152,-0.171343179456834,0.599872163069433,1.29148053419773,0.444635321258607,-0.1555961886108,-0.0445734002443183,-0.741918245459386,-1.62956752949562,-1.12999301782559,0.779926240360802,0.904357905130004,-0.574697546273115,-0.113860786417039,-0.0382639442739243,-0.749448847955767,-1.20392045663452,-0.205019902303017,1.00657188464015,1.36852100217096,2.63066730020971,-0.048236570436645,-0.0330109162638679,-0.639535815693025,-0.428837686250351,1.09627321067543,0.446252137175011,0.239166870681791,-0.258062014696678,0,-0.0930309953194633,-0.481588184154324,-0.214770698051542,1.36287885195866,-0.311197503024907,-1.43124922983278,-0.797595882078731,-0.0998707974396848,-0.0692112518235939,-0.290979223820449,0.0230723224817513,0.803323473037571,-1.83290722328817,-1.55967039733413,-0.767532904424768,-0.202993708003753,-0.0191459895266863,-0.303642030474405,1.4289026035428,-0.673923054752843,-2.26390404116519,-1.1603681679367,-0.527680489439249,-0.307409275630516
"461",0,0.767805440878689,0.760702328338993,0.529615227783723,0.551737763681986,0.0807774808691453,-0.416428649433891,-0.135962069060475,-0.0247411626405223,0.848558826611564,0.999757862091843,-0.419532824502074,1.13345756693153,0.618220742359401,-0.540830462877054,-0.1555961886108,-0.073994983229481,-0.453890387156393,0.7501458380671,1.05837374204791,0.76249239744608,1.24678870278565,-0.574697546273115,-0.113860786417039,-0.0382639442739243,-0.759253601238671,-1.53139249135053,-1.56081868739673,-1.21671453713211,1.36852100217096,0.443529453395639,-0.048236570436645,-0.0330109162638679,-0.639535815693025,-1.2263086449194,-1.47909877630812,-1.73997671328813,0.990111280309114,1.74892492560078,0,-0.0930309953194633,-0.481588184154324,-0.693094469144133,-1.12171262543579,-1.26160056962335,0.238498311019326,1.25946709597274,-0.0998707974396848,-0.0692112518235939,-0.410266899197836,-1.38433934890509,-1.91880986810783,-0.895344039415955,0.20409665978372,1.46138912709568,-0.202993708003753,-0.0191459895266863,-0.303642030474405,0.828389277112268,0.93422270303842,0.420523672257166,0.0427658724537265,-0.527680489439249,-0.177318504788345
"462",0,-0.346763866306412,-0.314065241041354,0.0578262499066152,0.551737763681986,1.15424052136502,0.558538579928329,-0.167980084985234,-0.0247411626405223,-0.640995384823577,0.816387510785152,0.573225755678888,-0.131191100456599,0.051213908130213,0.198268875224692,-0.1555961886108,-0.0445734002443183,-0.1658625288534,1.09010489057606,0.216694219019643,0.12651926579534,-0.499644620343163,-0.22302130419121,-0.113860786417039,-0.0382639442739243,1.49244802467431,1.08838378637757,1.1507788827907,1.00657188464015,1.20154223856357,-0.10325500830788,-0.0485234654579245,-0.0330109162638679,0.28811274703799,-0.107343437741059,-1.15717727793518,-1.40363381321687,0.819919577833732,0.437002607883985,0,-0.0930309953194633,-0.481588184154324,-0.984477210668762,-1.12171262543579,-0.944799547423866,1.09815083938011,-0.111908222728241,-0.0998707974396848,-0.267188584734427,-0.410266899197836,-0.856559972135023,0.220009185649271,0.792269691554037,0.634035676862745,-0.767532904424768,-0.373493276873482,-0.0191459895266863,-0.303642030474405,0.42804705949191,0.704487594782526,-0.0853884767976621,-0.472863001999315,-0.527680489439249,-0.177318504788345
"463",0,7.45522128398929,2.61755502797871,0.757106570942284,-2.10604397354822,-0.992685559626734,-0.416428649433891,-0.135962069060475,-0.0247411626405223,3.60977853896284,-0.100464245748303,0.0768464655884069,0.0795836774414227,-1.40155863315559,-0.540830462877054,-0.171572788811626,-0.0445734002443183,3.00244391247952,-0.9496494244777,-0.521482006624329,0.779926240360802,-1.29347794903808,-0.574697546273115,-0.113860786417039,-0.0382639442739243,-0.759253601238671,-1.36765647399252,-0.374494750439731,0.530153365688954,-1.3031392155474,-0.650039470011399,-0.048236570436645,-0.0330109162638679,-0.639535815693025,-1.06645647246535,0.774351712302486,-0.394605113003119,-1.56276425682162,-0.831486854781667,0,-0.0930309953194633,-0.481588184154324,-0.214770698051542,1.36287885195866,-1.10320005852361,-1.48080674570224,-0.85859784544889,-0.0998707974396848,-0.459039835255017,0.0739739549704533,0.902704617098525,0.997761568833671,0.41724441800515,0.29654243467861,0.650872024724607,-0.202993708003753,-0.0391425295684976,4.85864643097778,2.02941592997334,0.93422270303842,0.706799001154165,1.24589991284416,3.40450717520438,0.697813577192196
"464",0,-0.346763866306412,-1.17387929654563,-2.23933356039493,0.108774140810285,1.69097204161296,-0.123111490731166,-0.135962069060475,-0.0247411626405223,0.33995244374252,-0.467204948361685,-0.285781008053065,0.711908011135486,1.15287839140431,-0.540830462877054,-0.1555961886108,-0.0445734002443183,2.42638819587353,1.09010489057606,-0.373073062277945,1.43333321492626,1.24678870278565,-0.574697546273115,-0.113860786417039,-0.0382639442739243,-0.43758194039396,-0.876448421918504,-0.882919294849875,0.847765711656421,1.36852100217096,-0.650039470011399,-0.049335153206293,-0.0330109162638679,-0.261828489039347,-1.2263086449194,-1.47909877630812,0.278080687139385,1.1603029827845,0.315362825388311,0,-0.0930309953194633,-0.481588184154324,-0.984477210668762,-1.12171262543579,0.540370504567258,1.27008134505226,-0.111908222728241,-0.0998707974396848,-0.0692112518235939,-0.410266899197836,-1.38433934890509,-1.91880986810783,0.41724441800515,0.910377409695177,1.25875985150291,-0.202993708003753,-0.0191459895266863,-0.303642030474405,-1.17332181098952,-2.7415390290559,-0.481482215773575,1.42885072188133,2.17569853000325,-0.177318504788345
"465",0,-0.346763866306412,-0.0991117271652847,0.990200011287507,-0.112707670625565,-0.634864546128108,-0.416428649433891,-0.135962069060475,-0.0247411626405223,1.32090027230862,0.999757862091843,-0.915912114592555,-0.131191100456599,0.954850638278565,-0.0480975708092236,-0.112632653701901,-0.0445734002443183,-0.1658625288534,0.433779910051085,1.56338145586488,1.43333321492626,1.24678870278565,0.168760427636917,-0.113860786417039,-0.0382639442739243,-0.0662998596605421,-0.057768335128474,0.472879490243842,0.282954876851607,1.36852100217096,0.443529453395639,-0.048236570436645,-0.0330109162638679,-0.639535815693025,-1.2263086449194,-1.6460764179483,-1.73997671328813,1.1603029827845,-0.831486854781667,0,-0.0930309953194633,-0.481588184154324,-0.984477210668762,-1.12171262543579,-0.152796991925168,0.433239669910088,-0.797595882078731,-0.0998707974396848,-0.0692112518235939,-0.410266899197836,-1.38433934890509,-0.55774319753513,0.979782328328481,-1.05343053405793,-0.767532904424768,-0.202993708003753,-0.0191459895266863,-0.303642030474405,0.42804705949191,0.245017378270736,-0.709010093960619,-1.1603681679367,-0.527680489439249,-0.177318504788345
"466",0,-0.346763866306412,-0.743972268793493,0.0578262499066152,0.994701386553687,-0.455954039378794,-0.416428649433891,-0.135962069060475,-0.0247411626405223,0.33995244374252,0.999757862091843,-1.41229140468304,-0.552740656252641,-0.0550390494789284,-0.540830462877054,-0.1555961886108,-0.0445734002443183,0.698221046055578,0.7501458380671,-0.3698027824477,1.2699814712849,-0.241345733195545,-0.574697546273115,-0.113860786417039,-0.0382639442739243,-0.759253601238671,-1.53139249135053,0.133929793970413,0.212541019721487,-1.3031392155474,-0.650039470011399,-0.048236570436645,-0.0330109162638679,-0.639535815693025,-1.06645647246535,1.09627321067543,0.614423587210637,-1.22238085187086,-0.831486854781667,0,-0.0930309953194633,-0.481588184154324,0.247053209518791,0.741730982610052,-0.311197503024907,0.0665678053471691,-0.652755868464677,-0.0998707974396848,-0.0692112518235939,-0.410266899197836,0.374925240328461,-0.097397213127589,-0.707831402641512,1.14027554013895,-0.564903628832,-0.202993708003753,-0.0191459895266863,-0.303642030474405,-0.572808484558983,0.474752486526631,0.310705262178251,0.254335691815734,-0.527680489439249,-0.177318504788345
"467",0,-0.346763866306412,0.115841786710785,0.757106570942284,-0.334189482061415,-0.992685559626734,-0.416428649433891,-0.135962069060475,-0.0247411626405223,-0.640995384823577,0.999757862091843,-0.667722469547314,-0.257457829587069,-0.223353997438511,-0.540830462877054,-0.1555961886108,-0.0445734002443183,0.410193187752585,0.0702277330491799,-0.831495936992391,-0.200184221487392,1.08802203704667,-0.574697546273115,-0.113860786417039,-0.0382639442739243,1.81411968551902,-0.22150435248648,-1.56081868739673,-1.53432688309958,0.533627184133976,0.17013722254388,-0.048236570436645,-0.0330109162638679,1.83419368492302,0.0525087347129891,-1.47909877630812,-1.73997671328813,-0.201230637018563,0.602075245430805,0,0.380974657349921,1.87263947906903,0.554935814565679,-1.12171262543579,-1.26160056962335,-0.621154217341457,0.57377943662225,-0.0998707974396848,-0.0692112518235939,0.0739739549704533,1.25455753494524,-1.14105748492343,-1.64539458651373,0.465289055770677,0.0429841979463036,-0.202993708003753,-0.0191459895266863,-0.204469008356647,0.42804705949191,0.93422270303842,0.904845870642121,0.730271038391115,-0.527680489439249,-0.177318504788345
"468",0,-0.346763866306412,0.115841786710785,0.990200011287507,1.03357278765771,1.33315102811434,-0.416428649433891,-0.275990036164356,-0.0247411626405223,-0.640995384823577,0.44964680817177,0.0768464655884069,0.501133233237465,1.29148053419773,0.198268875224692,-0.1555961886108,-0.0445734002443183,-0.741918245459386,-1.62956752949562,-1.12999301782559,0.12651926579534,0.929255371307683,-0.1561874003554,-0.113860786417039,-0.0382639442739243,-0.759253601238671,-1.36765647399252,-0.374494750439731,0.688959538672687,0.366648420526578,-0.650039470011399,-0.048236570436645,-0.0330109162638679,-0.639535815693025,-0.0885339016334347,1.09627321067543,0.950766487281889,1.1603029827845,1.17550008551579,0,-0.0930309953194633,-0.481588184154324,-0.185574485532206,1.20759188462151,0.63920556357353,0.0665678053471691,-0.255643351037502,-0.164573734681918,-0.0692112518235939,-0.410266899197836,-0.328780595364958,1.19219966462977,-1.0828566761904,-0.986503327382248,-0.767532904424768,-0.202993708003753,-0.0338432573430967,-0.303642030474405,0.628218168302089,0.245017378270736,-2.06585717167723,-1.1603681679367,-0.527680489439249,-0.194191052528426
"469",0,-0.346763866306412,-1.17387929654563,-1.34073439216472,-0.555671293497266,-0.992685559626734,-0.416428649433891,-0.135962069060475,-0.0247411626405223,-0.640995384823577,-1.93416775881521,0.0768464655884069,0.290358455339444,-0.0550390494789284,-0.540830462877054,-0.1555961886108,-0.0445734002443183,-0.741918245459386,-1.62956752949562,1.56338145586488,-0.0368324778460259,0.611722039829717,-0.574697546273115,-0.113860786417039,-0.0382639442739243,-0.759253601238671,-0.548976387202492,0.303404642107127,-0.422683672213447,0.366648420526578,-0.650039470011399,-0.048236570436645,-0.0330109162638679,-0.33031962811602,1.01162176943728,1.06319255593799,0.446252137175011,0.649727875358349,0.602075245430805,0,-0.0930309953194633,1.20000300386236,1.47858362970634,1.36287885195866,1.27280760797249,0.458133705200151,0.34521688350542,-0.0998707974396848,-0.0692112518235939,-0.410266899197836,-0.680633513211668,-0.75218129333123,0.77439777085314,-0.0409508075055244,-0.767532904424768,-0.202993708003753,-0.0191459895266863,-0.303642030474405,-1.17332181098952,-0.903658163008738,0.904845870642121,0.0427658724537265,-0.527680489439249,-0.177318504788345
"470",0,-0.346763866306412,-0.314065241041354,0.757106570942284,-0.112707670625565,-0.813775052877421,-0.416428649433891,-0.11216250810553,-0.0247411626405223,0.0129698342204877,0.44964680817177,1.06960504576937,1.13345756693153,-1.40155863315559,-0.540830462877054,-0.1555961886108,-0.0445734002443183,-0.1658625288534,0.41018678555814,1.56338145586488,0.779926240360802,-1.29347794903808,-0.574697546273115,-0.113860786417039,-0.0909846830221019,-0.759253601238671,-1.53139249135053,0.811829186517271,0.688959538672687,-1.3031392155474,-0.650039470011399,-0.048236570436645,-0.0330109162638679,-0.639535815693025,-1.2263086449194,0.935312461488958,0.614423587210637,-1.56276425682162,-0.831486854781667,0,-0.0930309953194633,-0.481588184154324,-0.984477210668762,1.0979866780657,0.79760607467327,-1.48080674570224,-0.797595882078731,-0.0998707974396848,0.0975143675526412,-0.410266899197836,-0.856559972135023,1.19219966462977,0.979782328328481,-1.55967039733413,-0.767532904424768,-0.202993708003753,-0.0191459895266863,-0.303642030474405,-0.772979593369162,0.704487594782526,0.904845870642121,-0.988491876452356,-0.527680489439249,-0.177318504788345
"471",0,0.767805440878689,0.975655842215063,0.711242801405884,0.108774140810285,-0.634864546128108,-0.416428649433891,-0.135962069060475,-0.0247411626405223,1.64788288183065,0.816387510785152,-0.915912114592555,0.290358455339444,-0.0550390494789284,-0.540830462877054,-0.1555961886108,-0.0445734002443183,0.421310122541777,-1.28960847698666,-1.12999301782559,0.943277984002168,-0.182111288865197,-0.608602492587872,-0.113860786417039,-0.0382639442739243,-0.759253601238671,-1.53139249135053,-0.374494750439731,1.00657188464015,-0.635224161117807,-0.650039470011399,-0.0762276538598208,-0.0330109162638679,-0.639535815693025,-1.2263086449194,-0.550636065498073,0.446252137175011,0.649727875358349,-0.544774434739172,0,-0.0930309953194633,-0.481588184154324,-0.993959536771135,-1.12171262543579,-1.10320005852361,0.410428816691482,1.25946709597274,-0.0998707974396848,-0.0692112518235939,0.571726265690459,0.0230723224817513,-1.14105748492343,-0.707831402641512,0.802782297954812,0.811410398172416,-0.202993708003753,-0.0191459895266863,1.76127335410647,1.22873149473262,0.93422270303842,0.508752131666208,0.378321891715765,-0.281918760399022,-0.177318504788345
"472",0,-0.346763866306412,-1.17387929654563,-2.27310815354561,0.994701386553687,-0.498531840551902,-0.416428649433891,-0.135962069060475,-0.0247411626405223,-0.640995384823577,-1.93416775881521,0.229360510478643,0.501133233237465,-1.40155863315559,-0.540830462877054,-0.1555961886108,-0.0445734002443183,-0.741918245459386,-0.765678669659215,1.39504555125922,-0.363535965128757,0.135422042612768,1.397487444214,-0.113860786417039,-0.0177637689065176,0.0318160724079409,0.433439716945544,0.133929793970413,-0.899916875899449,1.36852100217096,0.716921684247398,-0.048236570436645,-0.0330109162638679,1.52497749734601,1.14324957698998,-0.191412782816345,-0.0582622129318667,1.1603029827845,0.290228171752181,0,9.18092629712916,4.89950361749906,1.47858362970634,1.36287885195866,1.27280760797249,0.754289828035795,-0.797595882078731,-0.0998707974396848,3.74986562380231,3.46365993414848,-0.152854136441604,-0.141742761958876,1.16729496510292,0.802782297954812,-0.91777485616699,-0.202993708003753,-0.0191459895266863,-0.303642030474405,-1.17332181098952,-2.5118039208,0.710604060042545,-0.129110419030621,-0.527680489439249,-0.177318504788345
"473",0,-0.346763866306412,0.330795300586854,0.990200011287507,0.551737763681986,0.0832085788770201,-0.416428649433891,-0.135962069060475,0.13393602448343,1.32090027230862,0.523138803107604,-0.915912114592555,1.13345756693153,0.113275898480654,-0.540830462877054,-0.1555961886108,-0.0445734002443183,-0.453890387156393,-1.28960847698666,-0.793321208614283,1.43333321492626,-0.0233446231262145,-0.574697546273115,-0.113860786417039,-0.0382639442739243,-0.759253601238671,-1.53139249135053,0.472879490243842,1.00657188464015,-0.46824539751041,-0.650039470011399,-0.048236570436645,-0.0330109162638679,-0.639535815693025,-1.02403982819146,-0.67429503037576,0.446252137175011,1.1603029827845,0.0286504053458163,0,-0.0930309953194633,-0.481588184154324,-0.984477210668762,-1.06695388744176,-1.10320005852361,1.27008134505226,1.03090454285591,-0.0998707974396848,-0.0692112518235939,-0.410266899197836,-1.20841288998173,-0.36330510173903,0.792269691554037,0.802782297954812,-0.564903628832,-0.202993708003753,-0.0191459895266863,-0.303642030474405,0.573190290093902,0.704487594782526,-1.07562282423745,-0.988491876452356,-0.527680489439249,-0.177318504788345
"474",0,0.0939982883220169,0.975655842215063,0.757106570942284,-0.334189482061415,-0.813775052877421,-0.416428649433891,-0.135962069060475,-0.0247411626405223,0.993917662786584,0.999757862091843,-1.90867069477352,0.0795836774414227,0.786535690318983,-0.294464016843139,-0.0169145144482283,-0.0445734002443183,0.698221046055578,1.09010489057606,0.385030123625297,0.779926240360802,1.24678870278565,1.397487444214,-0.113860786417039,-0.0382639442739243,0.200903647925873,0.105967682229532,0.472879490243842,0.0238547917123268,1.03456347495617,1.53709837680268,-0.048236570436645,-0.0330109162638679,-0.639535815693025,-1.2263086449194,-1.7293586312582,-1.73997671328813,0.819919577833732,0.602075245430805,0,-0.0930309953194633,-0.481588184154324,-0.984477210668762,-1.12171262543579,0.322404541374051,0.754289828035795,-0.569033328961901,-0.0998707974396848,-0.0692112518235939,-0.410266899197836,-0.504707054288313,0.414447281445371,0.979782328328481,-1.22217715515,-0.767532904424768,-0.202993708003753,-0.0191459895266863,-0.303642030474405,1.4289026035428,-0.444187946496948,-1.86781030218927,-1.1603681679367,-0.527680489439249,-0.177318504788345
"475",0,-0.346763866306412,-1.17387929654563,-2.50620159389084,0.330255952246136,1.33315102811434,-0.416428649433891,-0.135962069060475,-0.0247411626405223,-0.640995384823577,-1.01731600228176,0.821415400724128,0.43560555138039,1.29148053419773,-0.540830462877054,-0.1555961886108,-0.0445734002443183,0.122165329449593,0.92012536432158,0.216694219019643,-0.0368324778460259,0.929255371307683,-0.574697546273115,-0.113860786417039,-0.0382639442739243,2.77913466805315,0.924647769019562,-0.0355450541663019,0.847765711656421,1.36852100217096,1.81049060765444,-0.048236570436645,-0.0330109162638679,1.83419368492302,1.33132611434538,0.774351712302486,0.782595037246263,0.990111280309114,0.602075245430805,0,-0.0930309953194633,-0.481588184154324,-0.984477210668762,-1.12171262543579,0.63920556357353,-0.105362700324987,-0.797595882078731,-0.181170839296411,-0.0692112518235939,-0.410266899197836,-1.38433934890509,-1.91880986810783,0.41724441800515,-0.547190670781726,-0.767532904424768,-0.202993708003753,-0.0191459895266863,-0.303642030474405,-1.17332181098952,-2.7415390290559,-0.693979164677935,-0.472863001999315,-0.527680489439249,-0.177318504788345
"476",0,-0.346763866306412,-0.958925782669563,0.524013130597061,0.108774140810285,-0.813775052877421,-0.416428649433891,-0.135962069060475,-0.0247411626405223,-0.762389493260917,-0.467204948361685,1.03048462442727,-0.34196587835462,-1.40155863315559,-0.540830462877054,-0.215721851096732,-0.0445734002443183,-0.741918245459386,0.92012536432158,1.56338145586488,-0.551970618118338,-1.29347794903808,-0.574697546273115,-0.113860786417039,-0.0909846830221019,-0.759253601238671,1.08838378637757,0.472879490243842,-1.53432688309958,-1.3031392155474,-0.650039470011399,-0.048236570436645,-0.0330109162638679,0.0016015108134239,1.33132611434538,0.291469464743071,-0.585366837386304,-1.56276425682162,-0.831486854781667,0,-0.0930309953194633,-0.481588184154324,1.41087561777749,1.36287885195866,1.11440709687275,-0.793084723013613,-0.797595882078731,-0.0998707974396848,-0.0692112518235939,-0.410266899197836,0.550851699251816,0.608885377241471,0.604757054779594,1.14027554013895,0.147428915810386,-0.202993708003753,-0.0191459895266863,-0.303642030474405,-0.772979593369162,0.129727219683839,0.904845870642121,1.24589991284416,-0.0361570313587953,-0.177318504788345
"477",0,0.767805440878689,2.05042341159541,0.0578262499066152,-1.88456216211237,-0.992685559626734,-0.416428649433891,-0.135962069060475,-0.0247411626405223,-0.314012775301545,0.266276456865079,1.06960504576937,0.922682789033507,-0.728298841317257,-0.540830462877054,-0.1555961886108,-0.0445734002443183,-0.741918245459386,-1.62956752949562,-0.456649399402975,1.43333321492626,0.294188708351751,-0.574697546273115,-0.113860786417039,-0.0382639442739243,-0.759253601238671,-1.53139249135053,0.981304034653986,1.00657188464015,-0.46824539751041,-0.650039470011399,-0.048236570436645,-0.0330109162638679,-0.639535815693025,-1.2263086449194,0.452430213929543,0.614423587210637,0.649727875358349,-0.544774434739172,0,-0.0453185786417157,-0.481588184154324,-0.984477210668762,-1.12171262543579,-1.26160056962335,-0.105362700324987,1.94515475532323,-0.0998707974396848,-0.0692112518235939,-0.410266899197836,-0.152854136441604,-0.36330510173903,-0.707831402641512,0.634035676862745,1.86664767828122,-0.202993708003753,-0.0191459895266863,-0.303642030474405,1.4289026035428,0.487263240621331,0.904845870642121,1.56033889519544,1.19265161384234,-0.177318504788345
"478",0,0.767805440878689,2.05042341159541,0.444681229354048,0.551737763681986,-0.634864546128108,-0.416428649433891,-0.135962069060475,-0.0247411626405223,-0.314012775301545,0.082906105558388,0.0768464655884069,1.13345756693153,-0.26771380564466,-0.540830462877054,-0.1555961886108,-0.0445734002443183,-0.741918245459386,-1.62956752949562,-0.28831349479732,1.43333321492626,-0.658411286082146,-0.574697546273115,-0.113860786417039,-0.0382639442739243,-0.759253601238671,-1.20392045663452,0.981304034653986,1.00657188464015,-0.802202924725205,-0.650039470011399,-0.048236570436645,-0.0539306280597664,-0.639535815693025,-0.586899955103205,1.09627321067543,0.950766487281889,0.819919577833732,0.315362825388311,0,-0.0930309953194633,-0.481588184154324,-0.214770698051542,1.36287885195866,0.63920556357353,1.27008134505226,0.80234198973908,0.260402128436391,-0.0692112518235939,-0.410266899197836,0.550851699251816,0.220009185649271,-1.83290722328817,-1.55967039733413,-0.767532904424768,0.139235413399062,-0.0191459895266863,-0.303642030474405,1.71888132113789,-1.36312837952053,-2.26390404116519,-1.1603681679367,-0.527680489439249,-0.177318504788345
"479",0,0.767805440878689,-0.262223002695591,0.0578262499066152,0.773219575117836,0.291189561052412,-0.416428649433891,-0.135962069060475,-0.0247411626405223,1.32090027230862,0.999757862091843,0.0768464655884069,0.290358455339444,1.29148053419773,0.198268875224692,-0.1555961886108,-0.0445734002443183,2.71441605417653,0.228870254470923,-1.12999301782559,-0.363535965128757,1.24678870278565,0.193287642564627,-0.113860786417039,-0.0382639442739243,-0.43758194039396,-1.20392045663452,-1.56081868739673,0.37134719270522,0.867584711348771,-0.650039470011399,-0.048236570436645,-0.0330109162638679,-0.639535815693025,-1.2263086449194,-0.513334281189288,0.950766487281889,-1.22238085187086,-0.947687127777502,0,-0.0930309953194633,-0.89965732305601,-0.984477210668762,1.36287885195866,0.164004030274312,-0.954947362106276,-0.797595882078731,-0.0998707974396848,-0.0692112518235939,-0.410266899197836,-0.152854136441604,1.19219966462977,-0.332806129092624,-0.209697428597592,0.117513798805813,-0.202993708003753,-0.0191459895266863,-0.303642030474405,-0.572808484558983,-0.214452838241053,0.112658392690295,0.902147329875462,1.19265161384234,-0.177318504788345
"480",0,-0.346763866306412,-0.314065241041354,0.290919690251838,-0.334189482061415,-0.813775052877421,-0.416428649433891,-0.135962069060475,-0.0247411626405223,-0.640995384823577,0.082906105558388,1.06960504576937,0.711908011135486,-0.223353997438511,-0.540830462877054,-0.1555961886108,-0.0445734002443183,-0.453890387156393,0.773467005759311,0.385030123625297,-1.18029468333559,0.611722039829717,0.117527808039882,-0.0280619929480108,-0.0382639442739243,-0.115910279549249,1.08838378637757,-0.408806495967054,-1.53432688309958,-0.134287870295615,0.716921684247398,-0.048236570436645,-0.0330109162638679,-0.0211034405390152,1.33132611434538,0.130508715556599,-1.73997671328813,-0.201230637018563,1.46221250555829,0,-0.0930309953194633,-0.145269946550987,1.47858362970634,-0.34527778875002,-0.944799547423866,1.09815083938011,0.34521688350542,-0.0998707974396848,-0.0692112518235939,-0.389054184486244,0.550851699251816,1.19219966462977,1.16729496510292,0.634035676862745,-0.767532904424768,-0.202993708003753,-0.0191459895266863,-0.241704565752642,-0.372637375748804,0.704487594782526,-0.0853884767976621,-0.856746540332445,-0.527680489439249,-0.177318504788345
"481",0,-0.346763866306412,-1.17387929654563,-0.175267190438608,0.330255952246136,-0.813775052877421,-0.416428649433891,-0.135962069060475,-0.0247411626405223,-0.640995384823577,0.266276456865079,0.573225755678888,-0.34196587835462,-1.06492873723642,-0.540830462877054,-0.1555961886108,-0.0445734002443183,0.410193187752585,0.92012536432158,-0.624985304008629,-1.18029468333559,-0.679884996153472,-0.574697546273115,-0.113860786417039,-0.0382639442739243,1.49244802467431,0.433439716945544,0.472879490243842,0.37134719270522,-0.301266633903012,-0.376647239159639,-0.048236570436645,-0.0330109162638679,1.52497749734601,1.33132611434538,0.613390963116015,0.111727978444461,0.479536172882967,1.17550008551579,0,-0.0930309953194633,0.863684766259023,1.25296363516425,-0.189990821412867,-1.26160056962335,-0.277293205997144,1.7165922022064,-0.0998707974396848,-0.0692112518235939,-0.410266899197836,0.726778158175171,0.0255710898531705,-0.895344039415955,1.14027554013895,0.44824274913184,-0.202993708003753,-0.0191459895266863,-0.303642030474405,-0.772979593369162,-0.444187946496948,0.706799001154165,0.558394746906768,-0.527680489439249,-0.177318504788345
"482",0,-0.346763866306412,-0.0991117271652847,0.290919690251838,0.773219575117836,1.15424052136502,-0.123111490731166,-0.382618631549972,-0.0247411626405223,-0.640995384823577,0.999757862091843,-0.494880862239066,-1.39583976784473,-0.728298841317257,-0.345614318230204,-0.235781977263997,-0.0445734002443183,0.986248904358571,1.09010489057606,-0.28831349479732,-0.526887708770123,-0.817177951821129,-0.142622402580905,-0.113860786417039,-0.0382639442739243,1.17077636382959,1.08838378637757,1.1507788827907,1.00657188464015,1.20154223856357,-0.10325500830788,-0.048236570436645,-0.0330109162638679,-0.639535815693025,-0.746752127557253,-1.47909877630812,-1.73997671328813,1.15392063260829,0.8887876654733,0,-0.0930309953194633,-0.481588184154324,-0.984477210668762,-1.12171262543579,-1.26160056962335,0.926220333707951,0.34521688350542,-0.0998707974396848,-0.0692112518235939,-0.410266899197836,-1.38433934890509,-1.91880986810783,-0.332806129092624,1.14027554013895,-0.564903628832,-0.202993708003753,-0.0912709356995593,-0.303642030474405,-0.372637375748804,0.474752486526631,0.904845870642121,0.0427658724537265,-0.527680489439249,-0.177318504788345
"483",0,-0.346763866306412,-1.17387929654563,-0.408360630783831,0.994701386553687,-0.0981330258801679,-0.416428649433891,-0.135962069060475,-0.0247411626405223,-0.640995384823577,-1.56742705620183,1.06960504576937,0.501133233237465,-0.749309578046808,-0.540830462877054,-0.1555961886108,-0.0445734002443183,-0.741918245459386,-0.43971084571426,1.56338145586488,-0.526887708770123,-1.40698520908102,-0.574697546273115,-0.113860786417039,-0.0382639442739243,-0.759253601238671,0.334329230132417,1.1507788827907,-1.37552071011585,-1.3031392155474,-0.650039470011399,-0.048236570436645,-0.0330109162638679,-0.639535815693025,0.532065252075134,1.09627321067543,-0.0582622129318667,-1.39257255434624,-0.831486854781667,0,-0.0930309953194633,-0.481588184154324,1.01675972213601,1.36287885195866,1.27280760797249,0.754289828035795,0.116654330388589,-0.0998707974396848,-0.0692112518235939,-0.410266899197836,-0.152854136441604,1.19219966462977,-0.520318765867068,0.971528919046879,2.06927695387398,-0.202993708003753,-0.0191459895266863,-0.303642030474405,-1.17332181098952,-0.712197667679066,0.904845870642121,2.39489150221571,2.42146025904347,-0.177318504788345
"484",0,-0.346763866306412,-1.17387929654563,-2.50620159389084,-0.112707670625565,0.259687987618459,-0.416428649433891,-0.135962069060475,-0.0247411626405223,-0.640995384823577,-1.56742705620183,0.325036110633647,-0.131191100456599,1.29148053419773,0.444635321258607,-0.1555961886108,-0.0445734002443183,-0.741918245459386,0.58016631181262,-0.456649399402975,-1.01694293969422,1.24678870278565,1.14106290051812,-0.113860786417039,-0.0382639442739243,1.17077636382959,1.11981076092171,-0.205019902303017,0.37134719270522,1.36852100217096,1.26370614595092,-0.048236570436645,-0.0330109162638679,-0.639535815693025,0.0525087347129891,-0.191412782816345,0.422378081302518,-0.113260997569936,-0.258062014696678,0,-0.0930309953194633,-0.481588184154324,-0.984477210668762,-0.966425658098632,0.63920556357353,-1.30887624003008,-0.797595882078731,-0.0998707974396848,-0.0692112518235939,-0.410266899197836,-1.38433934890509,-1.14105748492343,1.16729496510292,-1.55967039733413,-0.767532904424768,-0.202993708003753,-0.0191459895266863,-0.303642030474405,-1.17332181098952,-2.05233370428821,-1.0055446775065,-1.1603681679367,-0.527680489439249,-0.177318504788345
"485",0,0.767805440878689,2.26537692547148,0.990200011287507,0.773219575117836,-0.455954039378794,-0.416428649433891,-0.135962069060475,-0.0247411626405223,-0.640995384823577,-0.650575299668376,-1.41229140468304,1.13345756693153,0.281590846440236,-0.540830462877054,-0.1555961886108,-0.0445734002443183,-0.741918245459386,-1.62956752949562,-0.961657113219938,1.43333321492626,-0.0233446231262145,-0.574697546273115,-0.113860786417039,-0.0382639442739243,-1.07155775858226,-0.548976387202492,0.981304034653986,0.847765711656421,-0.969181688332602,-0.650039470011399,-0.049335153206293,-0.0330109162638679,-0.639535815693025,-0.107343437741059,0.96455701591817,0.950766487281889,0.0217856724162511,0.0286504053458163,0,-0.0930309953194633,-0.481588184154324,-0.214770698051542,1.36287885195866,0.95600658577301,-0.581991476967131,0.80234198973908,-0.0998707974396848,-0.0692112518235939,-0.410266899197836,0.374925240328461,0.414447281445371,-1.64539458651373,-0.884683912965861,0.488516907715503,-0.202993708003753,-0.0912709356995593,-0.303642030474405,1.86733190129328,-1.36312837952053,-2.26390404116519,-1.1603681679367,-0.527680489439249,-0.177318504788345
"486",0,1.88237474806379,1.62051638384327,-0.408360630783831,-2.54900759641992,-0.992685559626734,-0.427297926507518,-0.135962069060475,0.20024648215039,1.97486549135268,0.816387510785152,0.573225755678888,-0.763515434150662,-1.40155863315559,-0.540830462877054,-0.1555961886108,0.188762392482701,1.56230462096456,-0.77966989822322,-0.456649399402975,0.504506446570231,-1.29347794903808,-0.574697546273115,-0.113860786417039,-0.0382639442739243,-0.115910279549249,-1.30309390321333,-1.2218689911233,0.847765711656421,-1.3031392155474,-0.650039470011399,-0.048236570436645,-0.0330109162638679,-0.639535815693025,-1.2263086449194,-0.835255779562232,-0.226433662967493,-1.50369588584287,-0.831486854781667,0,-0.0930309953194633,-0.481588184154324,-0.984477210668762,0.586444015272899,0.164004030274312,-0.826811704680383,-0.797595882078731,-0.0998707974396848,-0.0692112518235939,-0.410266899197836,0.198998781405106,1.19219966462977,0.792269691554037,0.465289055770677,1.25875985150291,0.0334794661089583,-0.0191459895266863,-0.303642030474405,2.02941592997334,0.245017378270736,0.112658392690295,1.24589991284416,2.17569853000325,-0.177318504788345
"487",0,-0.346763866306412,1.19060935609113,0.757106570942284,-0.777153104933116,-0.992685559626734,-0.416428649433891,-0.135962069060475,-0.0247411626405223,0.666935053264552,0.999757862091843,-0.667722469547314,0.922682789033507,0.226428701166517,-0.540830462877054,-0.1555961886108,-0.0445734002443183,0.589628601842738,0.92012536432158,-0.961657113219938,1.2699814712849,0.7704887055687,-0.574697546273115,-0.113860786417039,-0.0382639442739243,-0.43758194039396,0.924647769019562,0.981304034653986,1.00657188464015,0.898528704253281,0.443529453395639,-0.048236570436645,-0.0330109162638679,-0.639535815693025,-1.06645647246535,-0.352373532002817,-0.899119463109996,1.1603029827845,0.8887876654733,0,-0.0919169266272681,-0.481588184154324,-0.984477210668762,-1.12171262543579,-1.26160056962335,1.27008134505226,0.34521688350542,-0.0998707974396848,-0.0692112518235939,-0.410266899197836,1.25455753494524,-0.16886700594293,0.229731781230706,0.971528919046879,-0.159645077646464,-0.202993708003753,-0.0191459895266863,0.728815661816031,1.4289026035428,0.93422270303842,0.508752131666208,-0.644739293483662,-0.527680489439249,-0.0662693565985296
"488",0,-0.346763866306412,-1.17387929654563,-1.1076409518195,0.108774140810285,-0.634864546128108,-0.416428649433891,-0.135962069060475,-0.0247411626405223,-0.640995384823577,-1.01731600228176,0.573225755678888,-0.559091977172344,-0.89661378927684,-0.540830462877054,-0.1555961886108,-0.0445734002443183,-0.741918245459386,0.0926963327136612,0.216694219019643,-1.18029468333559,-1.29347794903808,-0.574697546273115,-0.113860786417039,-0.0382639442739243,0.205761381295462,-0.0278747960761094,-1.56081868739673,-1.53432688309958,-1.3031392155474,-0.650039470011399,-0.049335153206293,0.0326884438534547,0.597328934614995,0.212360907167038,0.452430213929543,0.614423587210637,-0.371422339493946,-0.831486854781667,0,-0.0930309953194633,-0.145269946550987,0.708877117089123,0.741730982610052,0.00560351917457189,-0.277293205997144,1.7165922022064,4.95470122853544,-0.0692112518235939,-0.410266899197836,-0.680633513211668,0.0255710898531705,-1.45788194973929,-1.55967039733413,1.46138912709568,5.94507179709886,2.46988683472687,-0.303642030474405,-1.17332181098952,-1.36312837952053,0.310705262178251,1.24589991284416,2.91298371712393,0.697813577192196
"489",0,-0.346763866306412,-0.743972268793493,0.524013130597061,0.994701386553687,1.69097204161296,2.22342577889064,-0.135962069060475,-0.0247411626405223,-0.314012775301545,0.633017159478461,-0.171343179456834,-1.1850649899467,0.113275898480654,2.90829978159776,-0.1555961886108,-0.0445734002443183,0.410193187752585,0.7501458380671,-1.12999301782559,-0.690239452411488,0.611722039829717,2.52445029592092,-0.025036095366522,-0.0382639442739243,1.17077636382959,0.59717573430355,-0.0355450541663019,0.847765711656421,0.601722642038514,-0.376647239159639,-0.0226536772230501,-0.0330109162638679,0.157114318861816,0.851769596983231,0.935312461488958,0.782595037246263,0.309344470407584,-0.831486854781667,0,-0.0930309953194633,-0.481588184154324,-0.984477210668762,-0.500564756087173,1.11440709687275,-1.48080674570224,-0.797595882078731,-0.0998707974396848,-0.0692112518235939,-0.410266899197836,-1.20841288998173,0.608885377241471,0.229731781230706,-1.55967039733413,-0.767532904424768,-0.202993708003753,-0.0191459895266863,-0.28406246492125,-0.572808484558983,0.93422270303842,-1.2736696937254,-1.1603681679367,-0.508010092325899,-0.177318504788345
"490",0,1.88237474806379,2.05042341159541,1.30741745210651,-0.334189482061415,-0.992685559626734,-0.416428649433891,-0.135962069060475,-0.0247411626405223,1.97486549135268,0.999757862091843,-0.419532824502074,1.13345756693153,-1.06492873723642,-0.540830462877054,-0.1555961886108,-0.0445734002443183,0.410193187752585,-0.43971084571426,-1.12999301782559,1.43333321492626,-0.34087795460418,-0.574697546273115,-0.113860786417039,-0.0382639442739243,-0.759253601238671,-1.54283024566848,-1.2218689911233,1.00657188464015,-0.635224161117807,-0.650039470011399,-0.048236570436645,-0.0330109162638679,-0.639535815693025,-1.2263086449194,-0.191412782816345,0.614423587210637,-1.57397402620414,-0.831486854781667,0,-0.0930309953194633,-0.481588184154324,-0.676594605621874,1.36287885195866,0.237410696737096,-1.48080674570224,-0.797595882078731,-0.544052391361627,-0.0692112518235939,0.558214809138742,1.25455753494524,1.19219966462977,-0.145293492318181,-0.209697428597592,0.853501300317375,-0.202993708003753,-0.0120900221164873,1.61542208567369,2.02941592997334,0.93422270303842,0.904845870642121,1.58965249581285,2.42146025904347,-0.177318504788345
"491",0,-0.346763866306412,-1.17387929654563,0.757106570942284,-1.88456216211237,-1.49654333482181,-0.416428649433891,-0.135962069060475,-0.0247411626405223,-0.640995384823577,-1.38405670489514,1.06960504576937,-1.81738932364077,-1.40155863315559,-0.540830462877054,-0.1555961886108,-0.0445734002443183,-0.741918245459386,-0.43971084571426,1.39504555125922,-1.19318400362898,-1.29347794903808,-0.574697546273115,-0.175960213476824,-0.0382639442739243,-0.584753916295264,0.171118071863018,0.472879490243842,-1.05790836414838,-1.3031392155474,-0.650039470011399,-0.106080643591261,-0.0330109162638679,-0.639535815693025,1.01162176943728,1.09627321067543,0.950766487281889,0.309344470407584,-0.258062014696678,0,-0.0930309953194633,-0.145269946550987,1.3246423271829,0.586444015272899,-1.10320005852361,0.410428816691482,1.7165922022064,-0.0998707974396848,-0.0692112518235939,-0.410266899197836,0.726778158175171,0.608885377241471,-1.0828566761904,-0.209697428597592,1.61949904427455,-0.202993708003753,-0.0191459895266863,-0.303642030474405,-1.00249248349024,-0.214452838241053,0.508752131666208,1.07402362135981,0.701128155761885,-0.177318504788345
"492",0,-0.346763866306412,-0.314065241041354,0.757106570942284,-0.777153104933116,-0.992685559626734,-0.416428649433891,-0.135962069060475,-0.0247411626405223,-0.640995384823577,0.266276456865079,1.06960504576937,0.174996871021795,-0.89661378927684,-0.540830462877054,-0.1555961886108,-0.0445734002443183,-0.453890387156393,1.09010489057606,0.721701932836606,-0.0368324778460259,0.929255371307683,-0.0112161204196545,-0.113860786417039,-0.0382639442739243,0.527433042140173,0.760911751661556,-1.56081868739673,-1.53432688309958,0.700605947741373,1.53709837680268,-0.048236570436645,-0.0330109162638679,0.597328934614995,0.605022251463146,-1.47909877630812,-1.73997671328813,0.819919577833732,0.602075245430805,0,0.0134980354006312,0.863684766259023,1.17070102465946,-0.966425658098632,-1.26160056962335,1.46939656314237,0.34521688350542,-0.0998707974396848,-0.178571353589261,-0.410266899197836,0.654568115409209,-0.16886700594293,-0.145293492318181,1.14027554013895,0.44824274913184,-0.0373448216792797,-0.0191459895266863,-0.303642030474405,0.227875950681732,0.93422270303842,0.112658392690295,-0.300986710514968,0.0777025856261255,-0.177318504788345
"493",0,-0.273481251174985,-0.529018754917424,0.0578262499066152,0.551737763681986,0.438598494367772,1.05015714407974,-0.135962069060475,-0.0247411626405223,0.0129698342204877,0.633017159478461,-0.915912114592555,-0.131191100456599,1.29148053419773,2.90829978159776,-0.1555961886108,-0.0445734002443183,0.410193187752585,0.41018678555814,-1.12999301782559,-0.526887708770123,1.24678870278565,2.52445029592092,-0.113860786417039,-0.0382639442739243,-0.115910279549249,1.08838378637757,0.133929793970413,0.0932099537645249,1.36852100217096,0.443529453395639,-0.048236570436645,-0.0330109162638679,-0.639535815693025,-0.427047782649156,-0.191412782816345,-0.226433662967493,1.1603029827845,-0.831486854781667,0,-0.0930309953194633,-0.481588184154324,-0.984477210668762,-1.12171262543579,0.480805052473791,0.662692906511911,-0.797595882078731,-0.0998707974396848,-0.0692112518235939,-0.410266899197836,-1.38433934890509,-0.94661938912733,0.979782328328481,-0.544835775198717,-0.767532904424768,-0.202993708003753,-0.0191459895266863,-0.303642030474405,-0.772979593369162,0.245017378270736,-1.07562282423745,-1.1603681679367,-0.527680489439249,-0.177318504788345
"494",0,-0.476803718962091,-0.743972268793493,-0.175267190438608,0.773219575117836,0.438598494367772,-0.416428649433891,-0.135962069060475,-0.0247411626405223,-0.640995384823577,0.633017159478461,0.325036110633647,0.501133233237465,-0.0550390494789284,-0.540830462877054,-0.1555961886108,-0.0445734002443183,-0.741918245459386,0.7501458380671,0.216694219019643,0.12651926579534,-0.658411286082146,-0.574697546273115,-0.113860786417039,-0.0382639442739243,-0.759253601238671,-0.385240369844486,1.1507788827907,1.00657188464015,1.03456347495617,-0.10325500830788,0.019644470688111,-0.0330109162638679,-0.639535815693025,-1.06645647246535,-0.835255779562232,-0.376631872868188,0.649727875358349,0.8887876654733,0,-0.0930309953194633,-0.481588184154324,-0.984477210668762,-1.12171262543579,-1.26160056962335,-0.277293205997144,2.17371730844006,-0.0998707974396848,-0.0692112518235939,-0.410266899197836,0.374925240328461,-0.55774319753513,-1.45788194973929,-0.378444049689659,1.66401840268845,-0.202993708003753,-0.0912709356995593,-0.303642030474405,-0.772979593369162,-0.444187946496948,0.508752131666208,1.58965249581285,1.19265161384234,-0.177318504788345
"495",0,-0.346763866306412,0.572709381526564,0.564359688809921,0.419688915853555,-0.277043532629481,-0.416428649433891,-0.135962069060475,-0.0247411626405223,-0.640995384823577,0.266276456865079,0.573225755678888,0.290358455339444,1.29148053419773,-0.294464016843139,-0.1555961886108,-0.0445734002443183,-0.741918245459386,-1.62956752949562,0.553366028230951,1.43333321492626,0.929255371307683,-0.574697546273115,-0.113860786417039,-0.0382639442739243,-0.759253601238671,-1.20392045663452,1.1507788827907,1.15622075018522,0.366648420526578,-0.376647239159639,-0.048236570436645,-0.0330109162638679,-0.639535815693025,-1.2263086449194,-0.835255779562232,-0.394605113003119,0.649727875358349,1.32632631949945,0,-0.0930309953194633,-0.976062053176179,-0.984477210668762,-1.17878960662311,-1.26160056962335,-0.793084723013613,2.85940496779055,10.0092732545106,-0.262034255963695,-0.410266899197836,0.198998781405106,-0.75218129333123,-0.145293492318181,0.971528919046879,2.27190622946675,-0.202993708003753,-0.0191459895266863,-0.303642030474405,0.456534688109613,0.93422270303842,0.904845870642121,1.24589991284416,0.209604697681432,-0.177318504788345
"496",0,0.767805440878689,0.545748814462924,0.757106570942284,0.994701386553687,0.438598494367772,-0.416428649433891,-0.135962069060475,0.399177855151271,3.93676114848487,0.999757862091843,1.06960504576937,0.0795836774414227,-0.728298841317257,-0.540830462877054,-0.1555961886108,-0.0445734002443183,0.410193187752585,0.92012536432158,0.664205202777875,-1.18029468333559,-1.29347794903808,-0.574697546273115,-0.136081616607818,-0.0382639442739243,-0.759253601238671,-0.548976387202492,1.1507788827907,-1.05790836414838,-1.3031392155474,-0.650039470011399,-0.048236570436645,-0.0330109162638679,-0.639535815693025,-1.2263086449194,0.130508715556599,0.278080687139385,-1.56276425682162,-0.831486854781667,0,-0.0930309953194633,-0.481588184154324,-0.984477210668762,-0.189990821412867,0.43275027896571,-1.15036778927707,-0.797595882078731,-0.0998707974396848,-0.0692112518235939,-0.410266899197836,-0.509507591760761,0.997761568833671,1.16729496510292,-1.39092377624206,-0.813565514782417,-0.159025190390575,-0.0191459895266863,-0.303642030474405,0.628218168302089,0.93422270303842,0.310705262178251,-0.988491876452356,-0.527680489439249,-0.069135897471138
"497",0,-0.346763866306412,-0.314065241041354,0.290919690251838,-2.54900759641992,-0.992685559626734,-0.416428649433891,-0.151233680704473,-0.0247411626405223,-0.640995384823577,0.082906105558388,-0.667722469547314,-2.23893887943681,-1.40155863315559,-0.540830462877054,-0.1555961886108,-0.0445734002443183,-0.0255103997144446,1.09010489057606,-1.12999301782559,-1.18029468333559,-1.29347794903808,-0.574697546273115,-0.113860786417039,-0.0382639442739243,0.527433042140173,1.08838378637757,0.642354338380556,0.688959538672687,-0.301266633903012,-0.650039470011399,-0.048236570436645,-0.0330109162638679,1.83419368492302,1.4522628254437,0.130508715556599,-0.562776563038745,1.1603029827845,0.0286504053458163,0,-0.0930309953194633,0.863684766259023,1.3246423271829,-1.12171262543579,-1.26160056962335,-0.105362700324987,1.48802964908957,-0.0998707974396848,-0.0692112518235939,-0.410266899197836,0.934043470653562,-0.36330510173903,-1.64539458651373,-0.0409508075055244,1.66401840268845,-0.202993708003753,-0.0191459895266863,-0.287137431364913,-0.372637375748804,0.245017378270736,0.904845870642121,1.24589991284416,0.209604697681432,-0.177318504788345
"498",0,-0.346763866306412,-0.314065241041354,0.990200011287507,-0.112707670625565,-0.277043532629481,-0.416428649433891,-0.135962069060475,-0.0247411626405223,-0.314012775301545,0.633017159478461,0.325036110633647,0.501133233237465,1.29148053419773,-0.540830462877054,-0.1555961886108,-0.0445734002443183,0.127233535352722,1.00430396896096,-0.793321208614283,-1.18029468333559,0.611722039829717,0.552265305433806,-0.113860786417039,-0.0382639442739243,0.527433042140173,0.59717573430355,-1.56081868739673,-1.35892290191039,0.867584711348771,-0.376647239159639,-0.048236570436645,-0.0330109162638679,0.28811274703799,0.851769596983231,-1.47909877630812,-1.73997671328813,0.990111280309114,-0.544774434739172,0,-0.0930309953194633,-0.145269946550987,1.47858362970634,-1.12171262543579,-0.627998525224387,1.09815083938011,0.0480830567457558,-0.0998707974396848,-0.0692112518235939,-0.410266899197836,1.07863107602188,0.0255710898531705,0.229731781230706,0.634035676862745,-0.767532904424768,-0.202993708003753,-0.0191459895266863,-0.303642030474405,-0.172466266938626,0.704487594782526,0.706799001154165,-0.077811274384767,-0.527680489439249,-0.177318504788345
"499",0,-0.346763866306412,1.24761727425224,0.757106570942284,-0.272462438535142,-0.118729086560592,-0.416428649433891,-0.135962069060475,-0.0247411626405223,0.325389287865523,0.44964680817177,-2.90142927495448,-0.927155971614127,-0.89661378927684,-0.540830462877054,-0.200066851514239,-0.0445734002443183,0.122165329449593,0.41018678555814,-1.12999301782559,0.453222753078071,-1.29347794903808,-0.574697546273115,-0.113860786417039,-0.0382639442739243,-0.759253601238671,0.269703699587538,0.472879490243842,0.37134719270522,-1.3031392155474,-0.650039470011399,-0.048236570436645,-0.0330109162638679,-0.639535815693025,0.147504723351924,0.291469464743071,0.614423587210637,-0.541614041969328,-0.831486854781667,0,-0.0930309953194633,-0.145269946550987,0.400994512042235,-0.34527778875002,-1.26160056962335,0.238498311019326,0.34521688350542,-0.0998707974396848,-0.0692112518235939,1.52669651747532,0.374925240328461,-1.91880986810783,-1.56416013047725,-0.209697428597592,0.0429841979463036,-0.202993708003753,-0.0191459895266863,0.728815661816031,1.62907371235298,-0.214452838241053,0.218636764307147,0.558394746906768,-0.527680489439249,-0.177318504788345
"500",0,-0.346763866306412,0.545748814462924,0.757106570942284,0.551737763681986,0.0807774808691453,-0.416428649433891,-0.135962069060475,-0.0247411626405223,0.666935053264552,0.999757862091843,-1.66048104972828,-0.974290212048683,1.29148053419773,0.705433765684491,-0.1555961886108,0.151225624523817,1.27427676266156,1.09010489057606,-0.793321208614283,-0.690239452411488,1.24678870278565,1.67922815714073,-0.113860786417039,-0.0382639442739243,0.571184189770068,0.760911751661556,1.1507788827907,1.00657188464015,1.0806379039205,1.53709837680268,-0.048236570436645,-0.0330109162638679,-0.639535815693025,-1.2263086449194,-1.31289615439762,-1.73997671328813,-0.0310389345431809,1.46221250555829,0,-0.0930309953194633,-0.455397405968912,-0.984477210668762,-1.12171262543579,-0.469598014124647,1.27008134505226,-0.340470775845071,-0.0998707974396848,-0.0692112518235939,-0.410266899197836,-1.38433934890509,-0.36330510173903,0.792269691554037,-0.715937291873794,-0.767532904424768,-0.202993708003753,-0.0191459895266863,-0.303642030474405,0.628218168302089,-0.903658163008738,-2.06585717167723,-1.1603681679367,-0.527680489439249,-0.177318504788345
"501",0,-0.346763866306412,-1.17387929654563,0.524013130597061,-1.22011672780482,-0.992685559626734,-0.416428649433891,-0.135962069060475,-0.0247411626405223,-0.640995384823577,-0.862867747667616,1.06960504576937,-1.1850649899467,-0.559983893357675,-0.540830462877054,-0.1555961886108,-0.0445734002443183,-0.741918245459386,0.7501458380671,0.553366028230951,0.453222753078071,0.294188708351751,-0.574697546273115,-0.113860786417039,-0.0382639442739243,0.527433042140173,1.08838378637757,-1.05239414298659,0.530153365688954,0.366648420526578,-0.650039470011399,-0.048236570436645,-0.381966683618858,2.76184224765403,1.33132611434538,-0.0304520336298728,0.950766487281889,0.990111280309114,1.17550008551579,0,-0.0930309953194633,4.89950361749906,1.47858362970634,0.880797398524256,1.38325873529624,1.09815083938011,0.116654330388589,-0.0998707974396848,-0.0692112518235939,1.52669651747532,-0.680633513211668,0.608885377241471,0.521322485349477,-1.22217715515,-0.767532904424768,-0.202993708003753,-0.0147794972883899,-0.303642030474405,-0.97315070217934,0.704487594782526,-0.0853884767976621,-1.1603681679367,-0.527680489439249,-0.177318504788345
"502",0,-0.346763866306412,-0.958925782669563,-0.641454071129054,-0.334189482061415,-0.198240763256568,-0.416428649433891,-0.135962069060475,-0.0247411626405223,-0.640995384823577,-1.01731600228176,1.06960504576937,1.13345756693153,-0.0550390494789284,-0.540830462877054,-0.1555961886108,-0.111531751188364,-0.741918245459386,-0.60969037196874,1.56338145586488,1.30806992664054,0.294188708351751,-0.574697546273115,-0.113860786417039,-0.0382639442739243,-0.682247105968408,-0.385240369844486,1.1507788827907,1.00657188464015,0.366648420526578,-0.650039470011399,-0.048236570436645,-0.0330109162638679,-0.639535815693025,-0.906604300011301,1.09627321067543,0.950766487281889,-0.371422339493946,-0.831486854781667,0,-0.0930309953194633,-0.481588184154324,-0.830535908145318,1.36287885195866,1.27280760797249,0.238498311019326,-0.797595882078731,-0.0998707974396848,-0.0692112518235939,-0.205414300566735,0.0230723224817513,1.19219966462977,1.16729496510292,0.971528919046879,-0.564903628832,-0.202993708003753,-0.0191459895266863,-0.303642030474405,-0.97315070217934,-1.36312837952053,-0.481482215773575,0.386518455422421,-0.0361570313587953,-0.177318504788345
"503",0,-0.346763866306412,0.330795300586854,0.990200011287507,0.108774140810285,-0.455954039378794,-0.416428649433891,-0.135962069060475,-0.0247411626405223,-0.640995384823577,0.266276456865079,1.22099559366611,1.13345756693153,-0.0550390494789284,-0.540830462877054,-0.1555961886108,-0.0445734002443183,-0.741918245459386,0.92012536432158,1.56338145586488,1.43333321492626,-1.13471128329909,-0.574697546273115,-0.113860786417039,-0.0382639442739243,-0.260616742072226,0.760911751661556,1.1507788827907,1.00657188464015,-1.13616045194,-0.650039470011399,-0.048236570436645,-0.0330109162638679,-0.33031962811602,1.17147394189133,1.09627321067543,0.950766487281889,-0.881997446920094,-0.831486854781667,0,-0.0930309953194633,-0.368504193018212,0.844407014160247,1.36287885195866,1.27280760797249,-0.96501522868577,-0.797595882078731,-0.0998707974396848,-0.0692112518235939,-0.410266899197836,0.550851699251816,1.19219966462977,1.16729496510292,-0.0409508075055244,-0.767532904424768,-0.202993708003753,-0.0191459895266863,-0.303642030474405,-0.372637375748804,-0.673923054752843,0.508752131666208,-0.129110419030621,-0.527680489439249,-0.2615390812409
"504",0,1.88237474806379,2.26537692547148,0.990200011287507,0.994701386553687,1.86988254836228,0.756839985377011,-0.135962069060475,-0.0247411626405223,-0.314012775301545,-0.467204948361685,-0.915912114592555,0.290358455339444,1.29148053419773,0.572140579494972,-0.1555961886108,-0.0445734002443183,-0.741918245459386,-1.62956752949562,-0.961657113219938,1.10662972764353,0.7704887055687,-0.574697546273115,-0.113860786417039,-0.0598124768661009,-0.43758194039396,-0.876448421918504,-0.543969598576446,1.00657188464015,0.032690893311783,-0.650039470011399,-0.048236570436645,-0.0330109162638679,2.14340987250002,1.33132611434538,1.09627321067543,0.950766487281889,0.649727875358349,-0.258062014696678,0,-0.0930309953194633,0.19104829105235,0.708877117089123,1.36287885195866,0.322404541374051,-0.978927380667585,-0.686053171908728,-0.0998707974396848,-0.0692112518235939,-0.410266899197836,0.726778158175171,0.608885377241471,-1.83290722328817,-1.55967039733413,-0.767532904424768,-0.202993708003753,-0.0912709356995593,1.76127335410647,2.02941592997334,-1.13339327126463,-2.26390404116519,-1.1603681679367,-0.527680489439249,-0.177318504788345
"505",0,-0.346763866306412,-0.314065241041354,0.0578262499066152,-0.998634916368966,-0.992685559626734,-0.416428649433891,-0.135962069060475,-0.0247411626405223,-0.0742911975912065,0.44964680817177,-0.171343179456834,0.290358455339444,-0.728298841317257,-0.540830462877054,-0.1555961886108,-0.0445734002443183,-0.741918245459386,-0.26973131945978,-1.12999301782559,-0.690239452411488,0.254444097206272,-0.574697546273115,-0.113860786417039,-0.0382639442739243,-0.759253601238671,-1.53139249135053,-1.56081868739673,-1.21671453713211,0.867584711348771,-0.650039470011399,-0.048236570436645,-0.0330109162638679,-0.639535815693025,-1.2263086449194,-1.47909877630812,-0.226433662967493,-0.201230637018563,-0.831486854781667,0,-0.0930309953194633,-0.481588184154324,-0.984477210668762,-0.655851723424326,1.27280760797249,-1.30887624003008,-0.797595882078731,0.331779523633964,-0.0692112518235939,-0.410266899197836,0.0230723224817513,1.19219966462977,0.979782328328481,0.802782297954812,0.648189878341414,1.02661939301677,-0.0191459895266863,-0.303642030474405,-0.124401348116691,0.0152822700148413,0.112658392690295,0.558394746906768,1.92993680096302,1.57294565917274
"506",0,-0.346763866306412,0.545748814462924,0.757106570942284,0.994701386553687,0.438598494367772,-0.416428649433891,-0.135962069060475,-0.064995348517452,-0.640995384823577,0.999757862091843,0.325036110633647,0.711908011135486,1.29148053419773,0.444635321258607,-0.1555961886108,-0.0445734002443183,0.698221046055578,0.7501458380671,-0.961657113219938,-0.853591196052854,1.24678870278565,1.11574673128727,-0.113860786417039,-0.0382639442739243,1.49244802467431,0.433439716945544,-1.56081868739673,-1.53432688309958,0.907143664646528,1.32082565813906,-0.048236570436645,-0.0330109162638679,0.597328934614995,1.33132611434538,-1.31813802712165,-1.73997671328813,0.309344470407584,1.46221250555829,0,-0.0930309953194633,-0.145269946550987,1.40466701469519,0.275870080598593,-0.627998525224387,-0.0100839837970099,0.57377943662225,-0.0998707974396848,-0.0692112518235939,0.196192499480327,1.43048399386859,1.19219966462977,1.16729496510292,0.29654243467861,-0.767532904424768,-0.202993708003753,-0.0191459895266863,-0.303642030474405,0.227875950681732,0.704487594782526,0.904845870642121,-0.816615584968009,-0.527680489439249,-0.177318504788345
"507",0,-0.346763866306412,0.1872620282733,0.757106570942284,0.773219575117836,-0.455954039378794,-0.416428649433891,-0.135962069060475,-0.0247411626405223,-0.640995384823577,-0.100464245748303,0.573225755678888,0.290358455339444,0.954850638278565,-0.540830462877054,-0.1555961886108,-0.0445734002443183,-0.741918245459386,-1.45958800324114,-0.119977590191666,1.43333321492626,0.611722039829717,-0.574697546273115,-0.113860786417039,-0.0382639442739243,-0.759253601238671,-1.36765647399252,0.981304034653986,0.688959538672687,-0.802202924725205,-0.650039470011399,-0.048236570436645,-0.0330109162638679,-0.639535815693025,-1.2263086449194,-0.0304520336298728,0.782595037246263,-0.711805744444711,-0.831486854781667,0,-0.0930309953194633,-0.481588184154324,-0.984477210668762,-1.12171262543579,-0.469598014124647,1.09815083938011,0.57377943662225,-0.0998707974396848,-0.0692112518235939,-0.410266899197836,-0.152854136441604,-0.75218129333123,-0.520318765867068,1.2417351167175,2.47453550505952,1.02661939301677,-0.0191459895266863,-0.261741640538278,0.155889885526764,0.93422270303842,0.904845870642121,1.4177762043285,1.43841334288257,-0.177318504788345
"508",0,-0.346763866306412,-0.314065241041354,0.990200011287507,0.551737763681986,-0.331312275662153,-0.416428649433891,-0.135962069060475,-0.064995348517452,-0.640995384823577,0.999757862091843,-0.171343179456834,0.0795836774414227,0.281590846440236,-0.540830462877054,-0.1555961886108,-0.0445734002443183,-0.453890387156393,-0.9496494244777,-0.961657113219938,0.616574496719437,0.294188708351751,-0.574697546273115,-0.113860786417039,-0.0382639442739243,-0.759253601238671,-0.818506567415704,0.303404642107127,1.00657188464015,0.0489346223987534,-0.650039470011399,-0.048236570436645,-0.0330109162638679,-0.639535815693025,-0.267195610195108,1.09627321067543,0.614423587210637,0.649727875358349,-0.258062014696678,0,-0.0930309953194633,-0.481588184154324,-0.830535908145318,-0.811138690761479,-1.10320005852361,0.238498311019326,1.7165922022064,-0.0998707974396848,-0.051354955608577,-0.410266899197836,-0.152854136441604,0.220009185649271,-0.707831402641512,0.634035676862745,2.06927695387398,-0.202993708003753,-0.115134277125818,-0.303642030474405,-0.572808484558983,0.0152822700148413,0.904845870642121,1.4177762043285,1.19265161384234,-0.177318504788345
"509",0,0.767805440878689,0.975655842215063,0.990200011287507,-0.0331978634834639,-0.813775052877421,-0.416428649433891,-0.135962069060475,0.20024648215039,1.97486549135268,1.11690584285809,-1.66048104972828,0.290358455339444,0.449905794399818,-0.540830462877054,-0.1555961886108,-0.0445734002443183,2.42638819587353,0.41018678555814,-0.624985304008629,0.943277984002168,1.24678870278565,0.270524592507076,-0.113860786417039,-0.0382639442739243,0.527433042140173,0.760911751661556,1.1507788827907,0.530153365688954,1.03456347495617,1.81049060765444,-0.048236570436645,-0.0330109162638679,-0.639535815693025,-1.2263086449194,-0.835255779562232,-1.73997671328813,-0.201230637018563,2.89577460577076,0,-0.0930309953194633,-0.481588184154324,-0.830535908145318,-1.12171262543579,-1.26160056962335,-0.783576006530136,2.85940496779055,0.799640854039205,-0.0419129499774629,0.558214809138742,1.25455753494524,-1.72437177231173,-1.83290722328817,-0.209697428597592,2.27190622946675,1.02661939301677,-0.0191459895266863,-0.303642030474405,0.628218168302089,0.93422270303842,0.904845870642121,1.58965249581285,0.946889884802112,-0.177318504788345
"510",0,-0.346763866306412,-0.529018754917424,0.524013130597061,-1.44159853924067,-0.992685559626734,-0.416428649433891,-0.135962069060475,-0.0247411626405223,-0.640995384823577,0.266276456865079,1.06960504576937,-1.60661454574275,-1.40155863315559,-0.540830462877054,-0.1555961886108,-0.0445734002443183,-0.1658625288534,0.41018678555814,0.216694219019643,-1.18029468333559,-1.29347794903808,-0.574697546273115,-0.113860786417039,-0.0382639442739243,0.205761381295462,-1.04018443927651,-1.56081868739673,-1.53432688309958,-1.3031392155474,-0.650039470011399,-0.048236570436645,-0.0330109162638679,0.302189765673089,-0.586899955103205,-1.47909877630812,-0.73094801307437,-1.56276425682162,-0.831486854781667,0,0.0510694344539296,0.863684766259023,1.47858362970634,1.20759188462151,0.79760607467327,1.09815083938011,-0.111908222728241,-0.0998707974396848,-0.0692112518235939,0.558214809138742,1.07863107602188,0.83679714091333,-1.0828566761904,0.802782297954812,1.46138912709568,-0.202993708003753,-0.0191459895266863,-0.180653520880804,-0.572808484558983,0.533047206651996,0.904845870642121,1.58965249581285,2.42146025904347,-0.177318504788345
"511",0,-0.346763866306412,-0.59633189796979,0.290919690251838,0.773219575117836,0.259687987618459,-0.416428649433891,-0.135962069060475,-0.0247411626405223,-0.640995384823577,-0.283834597054994,0.573225755678888,-0.34196587835462,1.12316558623815,-0.294464016843139,-0.1555961886108,-0.0445734002443183,-0.1658625288534,1.09010489057606,-0.28831349479732,-1.18029468333559,0.294188708351751,0.552265305433806,0.0391190211577175,-0.0382639442739243,0.849104702984884,0.59717573430355,-0.71344444671316,-1.53432688309958,-0.635224161117807,1.53709837680268,-0.048236570436645,-0.0330109162638679,1.83419368492302,0.0525087347129891,-1.47909877630812,-1.73997671328813,-0.371422339493946,1.46221250555829,0,-0.232136409137763,0.527366528655686,1.17070102465946,-0.966425658098632,-1.26160056962335,0.0665678053471691,0.80234198973908,-0.0998707974396848,-0.136946608588086,-0.410266899197836,0.902704617098525,0.608885377241471,-0.145293492318181,1.14027554013895,0.0429841979463036,-0.108978188798637,-0.0191459895266863,-0.303642030474405,-0.572808484558983,0.245017378270736,0.904845870642121,0.558394746906768,-0.527680489439249,-0.177318504788345
"512",0,-0.346763866306412,-1.17387929654563,0.0578262499066152,0.773219575117836,-0.634864546128108,-0.416428649433891,-0.135962069060475,-0.0247411626405223,-0.640995384823577,-0.650575299668376,1.06960504576937,-0.763515434150662,-1.233243685196,-0.540830462877054,-0.1555961886108,-0.0445734002443183,-0.741918245459386,0.92012536432158,0.553366028230951,-1.18029468333559,-1.29347794903808,-0.574697546273115,-0.113860786417039,-0.0382639442739243,0.0612087251130863,1.08838378637757,-0.0355450541663019,-0.82744513078639,-1.3031392155474,-0.650039470011399,-0.048236570436645,-0.0330109162638679,0.28811274703799,1.33132611434538,1.09627321067543,0.782595037246263,-0.711805744444711,-0.831486854781667,0,-0.0930309953194633,-0.138904917581693,1.3246423271829,0.586444015272899,-0.627998525224387,0.582359322363638,1.25946709597274,-0.0998707974396848,-0.0692112518235939,0.0196455756761992,0.374925240328461,0.414447281445371,-0.987540844883533,0.29654243467861,2.06927695387398,-0.202993708003753,-0.0758585761396516,-0.303642030474405,-0.97315070217934,-0.673923054752843,0.904845870642121,1.58965249581285,0.946889884802112,-0.177318504788345
"513",0,-0.346763866306412,1.19060935609113,0.990200011287507,0.994701386553687,1.15424052136502,1.05015714407974,-0.135962069060475,-0.0247411626405223,-0.314012775301545,0.999757862091843,-0.128806941504663,-0.552740656252641,-0.0550390494789284,0.691001767292522,-0.1555961886108,-0.0445734002443183,-0.1658625288534,1.09010489057606,-0.242202599295736,-0.0368324778460259,-1.13471128329909,-0.574697546273115,-0.277679277182252,-0.0382639442739243,0.205761381295462,1.08838378637757,0.642354338380556,0.688959538672687,-0.213644204551601,-0.376647239159639,-0.048236570436645,-0.0330109162638679,-0.639535815693025,-0.427047782649156,-1.47909877630812,-1.40363381321687,0.990111280309114,0.602075245430805,0,-0.0930309953194633,-0.481588184154324,-0.984477210668762,-1.12171262543579,-1.26160056962335,0.754289828035795,0.80234198973908,-0.0998707974396848,-0.328681937722479,-0.410266899197836,-0.328780595364958,-0.94661938912733,0.0422191444562627,1.14027554013895,-0.362274353239232,-0.202993708003753,-0.0191459895266863,-0.303642030474405,1.22873149473262,0.474752486526631,0.112658392690295,-0.129110419030621,-0.527680489439249,-0.177318504788345
"514",0,-0.346763866306412,-0.314065241041354,0.524013130597061,0.773219575117836,0.0807774808691453,-0.189138313994002,-0.135962069060475,-0.0247411626405223,-0.640995384823577,0.44964680817177,-1.66048104972828,-0.34196587835462,0.449905794399818,-0.540830462877054,-0.1555961886108,-0.0445734002443183,-0.741918245459386,-1.62956752949562,-1.12999301782559,-0.363535965128757,0.452955374090734,-0.574697546273115,-0.113860786417039,-0.0382639442739243,-0.759253601238671,-1.36765647399252,0.134970575137889,1.00657188464015,-0.635224161117807,-0.650039470011399,-0.048236570436645,-0.0330109162638679,-0.639535815693025,-0.746752127557253,-0.427461693715279,-0.226433662967493,0.990111280309114,-0.544774434739172,0,-0.0930309953194633,-0.481588184154324,-0.984477210668762,-1.12171262543579,-1.26160056962335,1.09815083938011,0.116654330388589,-0.0998707974396848,-0.0692112518235939,3.46365993414848,1.07863107602188,-0.36330510173903,-0.895344039415955,1.14027554013895,-0.00328022951086656,-0.202993708003753,-0.0191459895266863,-0.303642030474405,0.027704841871553,0.474752486526631,0.706799001154165,0.214642163938074,-0.527680489439249,-0.177318504788345
"515",0,-0.346763866306412,-1.17387929654563,-0.641454071129054,0.773219575117836,0.259687987618459,-0.416428649433891,-0.135962069060475,-0.0247411626405223,-0.640995384823577,-0.650575299668376,0.908001171877492,-0.131191100456599,-0.391668945398093,-0.540830462877054,-0.1555961886108,-0.0152492710856271,-0.501261834846135,0.7501458380671,0.216694219019643,-1.18029468333559,-1.29347794903808,-0.574697546273115,-0.14827624802999,-0.0382639442739243,-0.43758194039396,1.08838378637757,-0.71344444671316,0.212541019721487,0.032690893311783,-0.0276290459103952,-0.048236570436645,-0.0330109162638679,0.28811274703799,1.33132611434538,1.09627321067543,-0.0582622129318667,0.990111280309114,1.74892492560078,0,-0.0930309953194633,-0.246250531874452,0.897058460711986,0.275870080598593,-1.26160056962335,0.026353464779871,2.17371730844006,-0.0998707974396848,-0.0692112518235939,-0.410266899197836,0.550851699251816,0.803323473037571,-0.707831402641512,0.29654243467861,2.27190622946675,0.485561747022841,-0.0191459895266863,-0.303642030474405,-1.10447238251471,-0.444187946496948,0.550519331681848,1.07402362135981,1.43841334288257,-0.177318504788345
"516",0,-0.346763866306412,-1.17387929654563,-0.175267190438608,-1.66308035067652,-0.992685559626734,-0.416428649433891,-0.170388032450007,-0.0247411626405223,-0.640995384823577,-0.833945650975067,0.821415400724128,-1.81738932364077,-1.40155863315559,-0.540830462877054,-0.1555961886108,-0.0445734002443183,-0.741918245459386,0.7501458380671,0.24868522874208,-1.18029468333559,-0.656442864382321,-0.574697546273115,-0.113860786417039,-0.0382639442739243,0.205761381295462,1.08838378637757,-0.0355450541663019,0.37134719270522,-0.301266633903012,-0.650039470011399,-0.048236570436645,-0.0330109162638679,0.597328934614995,1.33132611434538,0.935312461488958,-0.0582622129318667,0.479536172882967,0.718375901978571,0,-0.0930309953194633,0.19104829105235,1.47858362970634,0.275870080598593,-1.26160056962335,-1.48080674570224,1.94515475532323,-0.0998707974396848,-0.0692112518235939,-0.410266899197836,0.0230723224817513,0.608885377241471,-1.45788194973929,-1.22217715515,2.06927695387398,2.25623249403729,-0.0191459895266863,-0.303642030474405,-1.17332181098952,-0.903658163008738,0.706799001154165,1.4177762043285,2.17569853000325,-0.177318504788345
"517",0,-0.125171742050271,-1.17387929654563,-1.34073439216472,0.330255952246136,-0.992685559626734,-0.416428649433891,-0.135962069060475,-0.0247411626405223,-0.640995384823577,-1.38405670489514,0.821415400724128,-1.1850649899467,-1.40155863315559,-0.540830462877054,-0.1555961886108,-0.0445734002443183,-0.741918245459386,0.41018678555814,0.385030123625297,-1.18029468333559,-1.29347794903808,0.552265305433806,11.4271020132806,-0.0382639442739243,0.937032830613506,1.08838378637757,-1.2218689911233,-1.53432688309958,-0.802202924725205,3.72423622361675,33.1867604604117,-0.0330109162638679,2.14340987250002,1.01162176943728,-1.15717727793518,-0.226433662967493,0.990111280309114,1.46221250555829,0,-0.0930309953194633,1.87263947906903,1.022167281422,1.20759188462151,0.79760607467327,0.350894149367315,-0.569033328961901,-0.0998707974396848,-0.0692112518235939,-0.410266899197836,-1.03248643105838,-1.72437177231173,0.792269691554037,-1.22217715515,-0.767532904424768,-0.202993708003753,-0.0191459895266863,-0.303642030474405,-1.17332181098952,-1.36312837952053,-0.481482215773575,-1.1603681679367,-0.527680489439249,-0.177318504788345
"518",0,-0.346763866306412,-0.30141948975896,0.290919690251838,-0.776611612001065,-0.992685559626734,-0.416428649433891,-0.135962069060475,-0.0247411626405223,0.666935053264552,0.999757862091843,-0.287665805779482,0.287328780140829,-0.89661378927684,-0.540830462877054,0.00940794079513957,-0.0445734002443183,2.71441605417653,0.0702277330491799,-0.961657113219938,0.779926240360802,1.24678870278565,0.270524592507076,-0.113860786417039,-0.0382639442739243,0.917744172875281,0.760911751661556,-0.0355450541663019,1.00657188464015,-0.46824539751041,-0.650039470011399,-0.048236570436645,-0.0330109162638679,-0.639535815693025,0.691917424529183,1.09627321067543,1.1589303013638,-1.39257255434624,-0.831486854781667,0,-0.0930309953194633,-0.481588184154324,-0.214770698051542,1.20759188462151,0.277279986167429,1.09815083938011,-0.111908222728241,-0.0998707974396848,-0.0692112518235939,-0.410266899197836,-0.152854136441604,0.803323473037571,0.16651940598164,1.14027554013895,1.25875985150291,-0.202993708003753,-0.0191459895266863,-0.303642030474405,-0.572808484558983,0.93422270303842,-0.0853884767976621,0.214642163938074,-0.0361570313587953,-0.177318504788345
"519",0,-0.346763866306412,-1.17387929654563,0.524013130597061,-0.777153104933116,-0.992685559626734,-0.416428649433891,-0.135962069060475,-0.0247411626405223,-0.640995384823577,-1.38405670489514,1.06960504576937,0.00819337279191439,-1.40155863315559,-0.540830462877054,-0.1555961886108,-0.0445734002443183,-0.741918245459386,0.41018678555814,0.89003783744226,-0.492228313448058,0.929255371307683,-0.574697546273115,-0.113860786417039,-0.0382639442739243,0.527433042140173,1.08838378637757,-0.576650289923935,-0.700830648899709,0.533627184133976,-0.650039470011399,-0.048236570436645,-0.0330109162638679,3.07105843523104,1.33132611434538,-0.352373532002817,0.313012107456074,0.819919577833732,0.0286504053458163,0,-0.0930309953194633,4.56318537989573,1.47858362970634,1.36287885195866,1.35503690114103,1.27008134505226,0.57377943662225,-0.0998707974396848,-0.0692112518235939,1.42545820457097,-0.504707054288313,0.608885377241471,1.16729496510292,-0.100127950311136,-0.767532904424768,-0.202993708003753,-0.0191459895266863,-0.303642030474405,-1.17332181098952,0.704487594782526,0.316198488572751,-1.1603681679367,-0.527680489439249,-0.177318504788345
"520",0,-0.346763866306412,-1.17387929654563,-1.57382783250995,0.994701386553687,-0.634864546128108,-0.416428649433891,-0.135962069060475,-0.0247411626405223,-0.640995384823577,-1.75079740750852,0.821415400724128,-0.552740656252641,-1.40155863315559,-0.540830462877054,-0.1555961886108,-0.111531751188364,-0.741918245459386,0.0702277330491799,1.05837374204791,-1.18029468333559,-0.975944617560112,-0.0112161204196545,-0.113860786417039,-0.0382639442739243,1.17077636382959,1.06532582483726,0.696210111459462,0.0537348467377536,1.36852100217096,2.63066730020971,-0.048236570436645,-0.0330109162638679,3.38027462280804,1.33132611434538,1.09627321067543,0.614423587210637,1.1603029827845,2.03563734564328,0,-0.0930309953194633,2.20895771667237,0.862818419612568,-0.34527778875002,-0.152796991925168,1.27008134505226,0.116654330388589,-0.0998707974396848,-0.0692112518235939,-0.410266899197836,-1.38433934890509,-1.52993367651563,0.792269691554037,-0.209697428597592,-0.767532904424768,-0.202993708003753,-0.0191459895266863,-0.303642030474405,-1.17332181098952,-1.37835291518306,0.310705262178251,-0.988491876452356,-0.527680489439249,-0.177318504788345
"521",0,-0.346763866306412,-0.965770993258236,-0.549853324148934,-0.777153104933116,-0.992685559626734,-0.416428649433891,-0.135962069060475,-0.0247411626405223,-0.640995384823577,-0.833945650975067,0.821415400724128,-0.530031136474362,-1.40155863315559,-0.540830462877054,-0.1555961886108,-0.0445734002443183,-0.1658625288534,0.92012536432158,-0.119977590191666,-1.31887787014227,-1.29347794903808,1.11574673128727,-0.113860786417039,-0.0382639442739243,1.81411968551902,0.760911751661556,-1.39134383926002,-1.53432688309958,-0.134287870295615,3.45084399276499,16.5692619449875,-0.0330109162638679,3.38027462280804,0.372213079621086,-1.5981734571653,-0.73094801307437,1.1603029827845,0.8887876654733,0,-0.0930309953194633,4.56318537989573,1.17070102465946,1.05230491728436,1.27280760797249,0.582359322363638,-0.200026413639629,-0.0998707974396848,-0.0692112518235939,2.97941907998019,0.726778158175171,1.11786816783813,1.16729496510292,-1.22217715515,-0.767532904424768,-0.202993708003753,-0.0191459895266863,-0.303642030474405,-1.17332181098952,0.474752486526631,-1.07562282423745,-1.1603681679367,-0.527680489439249,-0.177318504788345
"522",0,-0.346763866306412,0.330795300586854,0.757106570942284,0.551737763681986,-0.634864546128108,-0.416428649433891,-0.135962069060475,-0.0247411626405223,-0.640995384823577,-0.283834597054994,1.06960504576937,1.13345756693153,0.449905794399818,-0.540830462877054,-0.1555961886108,-0.0445734002443183,-0.741918245459386,-1.11962895073218,1.56338145586488,1.43333321492626,0.452955374090734,-0.574697546273115,-0.113860786417039,-0.0382639442739243,-0.759253601238671,-0.712712404560498,1.1507788827907,1.00657188464015,0.867584711348771,-0.650039470011399,-0.048236570436645,-0.0330109162638679,-0.639535815693025,-0.267195610195108,1.09627321067543,0.950766487281889,0.819919577833732,-0.831486854781667,0,-0.0930309953194633,-0.481588184154324,-0.0608293955280974,1.36287885195866,1.27280760797249,0.582359322363638,-0.797595882078731,-0.0998707974396848,-0.0692112518235939,-0.410266899197836,-0.152854136441604,1.19219966462977,1.16729496510292,0.905209651801837,0.196401590965939,-0.202993708003753,-0.0191459895266863,-0.303642030474405,0.176836506476446,0.93422270303842,0.904845870642121,1.4177762043285,1.19265161384234,-0.177318504788345
"523",0,-0.346763866306412,1.62051638384327,0.990200011287507,0.551737763681986,0.0807774808691453,-0.416428649433891,-0.135962069060475,-0.0247411626405223,0.33995244374252,0.999757862091843,0.573225755678888,0.290358455339444,-0.20503384129629,-0.0480975708092236,-0.1555961886108,-0.0445734002443183,1.27427676266156,1.09010489057606,-0.793321208614283,-1.18029468333559,-1.29347794903808,-0.574697546273115,-0.113860786417039,0.28308179084991,3.10080632889786,1.98720127771288,-0.328228797649139,-0.58148984519718,-1.3031392155474,-0.650039470011399,-0.048236570436645,-0.0330109162638679,1.21576130976901,1.33132611434538,1.09627321067543,0.950766487281889,-0.541614041969328,-0.831486854781667,0,-0.0930309953194633,-0.481588184154324,-0.984477210668762,-0.966425658098632,0.322404541374051,0.754289828035795,-0.797595882078731,-0.0826979682112148,-0.0692112518235939,-0.410266899197836,-1.20841288998173,-0.695631165883242,0.604757054779594,0.802782297954812,-0.767532904424768,-0.202993708003753,-0.0191459895266863,-0.211225637302408,1.22873149473262,0.93422270303842,0.988572176676757,0.558394746906768,-0.527680489439249,-0.177318504788345
"524",0,-0.346763866306412,-1.17387929654563,-1.80692127285517,0.994701386553687,-0.813775052877421,-0.416428649433891,-0.135962069060475,-0.0247411626405223,-0.640995384823577,-1.93416775881521,-1.41229140468304,0.711908011135486,-1.40155863315559,-0.540830462877054,-0.1555961886108,-0.0445734002443183,-0.741918245459386,-1.62956752949562,0.721701932836606,0.453222753078071,0.135422042612768,-0.0112161204196545,-0.113860786417039,-0.0382639442739243,-0.759253601238671,-0.876448421918504,1.1507788827907,-0.263877499229713,1.36852100217096,0.443529453395639,-0.048236570436645,-0.0330109162638679,0.906545122192,1.01162176943728,0.291469464743071,0.109909237103759,1.1603029827845,-0.258062014696678,0,9.18092629712916,4.56318537989573,1.47858362970634,1.36287885195866,1.27280760797249,0.926220333707951,-0.797595882078731,-0.0998707974396848,11.3880193750541,5.40062335082163,0.550851699251816,-0.215486441817719,1.16729496510292,0.634035676862745,-0.767532904424768,-0.202993708003753,4.18808688061816,-0.303642030474405,-1.17332181098952,-1.13339327126463,0.904845870642121,0.0427658724537265,-0.527680489439249,-0.307392155975128
"525",0,-0.346763866306412,0.975655842215063,0.757106570942284,-0.555671293497266,-0.992685559626734,-0.416428649433891,-0.135962069060475,-0.0247411626405223,1.32090027230862,0.816387510785152,-0.171343179456834,1.13345756693153,-1.40155863315559,-0.540830462877054,-0.1555961886108,-0.0445734002443183,-0.1658625288534,-0.9496494244777,-0.456649399402975,1.43333321492626,-0.676776612165779,-0.574697546273115,-0.113860786417039,-0.0382639442739243,-0.759253601238671,-1.53139249135053,0.303404642107127,1.00657188464015,-0.134287870295615,-0.650039470011399,-0.048236570436645,-0.0330109162638679,-0.639535815693025,-1.2263086449194,-0.352373532002817,0.278080687139385,1.1603029827845,0.315362825388311,0,-0.0930309953194633,-0.481588184154324,-0.984477210668762,-1.12171262543579,-1.26160056962335,1.27008134505226,0.80234198973908,-0.0998707974396848,-0.0692112518235939,1.04245566330703,1.43048399386859,0.414447281445371,0.0422191444562627,1.14027554013895,-0.159645077646464,-0.202993708003753,-0.0191459895266863,0.728815661816031,0.828389277112268,0.474752486526631,0.273077520567241,-0.129110419030621,-0.527680489439249,-0.177318504788345
"526",0,-0.346763866306412,-1.17387929654563,-2.27310815354561,0.330255952246136,0.796419507866398,-0.416428649433891,-0.135962069060475,-0.0247411626405223,-0.640995384823577,-1.93416775881521,-1.41229140468304,1.13345756693153,-0.728298841317257,-0.540830462877054,-0.1555961886108,-0.0445734002443183,-0.741918245459386,-1.62956752949562,1.22670964665357,0.779926240360802,-1.29347794903808,-0.574697546273115,-0.113860786417039,-0.0382639442739243,-0.759253601238671,0.269703699587538,0.981304034653986,-1.37552071011585,-0.301266633903012,-0.376647239159639,-0.048236570436645,-0.0330109162638679,1.21576130976901,1.33132611434538,-0.236538965248245,-0.73094801307437,1.1603029827845,0.8887876654733,0,12.272245394612,4.56318537989573,1.47858362970634,0.741730982610052,0.95600658577301,1.27008134505226,-0.340470775845071,0.0109627213447006,3.74986562380231,3.24784403436332,0.726778158175171,0.608885377241471,1.16729496510292,0.127795813586543,-0.767532904424768,-0.202993708003753,-0.0191459895266863,-0.303642030474405,-1.17332181098952,-1.82259859603232,-0.0358334793011592,-0.472863001999315,-0.527680489439249,-0.177318504788345
"527",0,-0.346763866306412,-0.743972268793493,-0.408360630783831,0.994701386553687,1.15424052136502,-0.416428649433891,-0.135962069060475,-0.0247411626405223,0.0129698342204877,0.816387510785152,0.325036110633647,-0.34196587835462,1.29148053419773,-0.0480975708092236,-0.1555961886108,-0.0445734002443183,-0.453890387156393,-0.0997517932053001,-1.12999301782559,0.12651926579534,0.929255371307683,-0.292956833346385,-0.113860786417039,-0.0909846830221019,-0.759253601238671,-1.53139249135053,-0.487024807410826,1.00657188464015,0.366648420526578,-0.523079492294508,-0.048236570436645,-0.0330109162638679,-0.639535815693025,-1.2263086449194,-1.31813802712165,-0.0582622129318667,1.1603029827845,0.0286504053458163,0,-0.0930309953194633,-0.481588184154324,-0.676594605621874,-1.12171262543579,-1.26160056962335,0.926220333707951,0.80234198973908,-0.0998707974396848,-0.0692112518235939,-0.410266899197836,0.198998781405106,0.414447281445371,0.229731781230706,1.14027554013895,-0.159645077646464,-0.202993708003753,-0.0191459895266863,-0.303642030474405,-0.97315070217934,-0.214452838241053,0.508752131666208,0.005180491168327,-0.527680489439249,-0.177318504788345
"528",0,-0.346763866306412,-0.958925782669563,-0.408360630783831,0.994701386553687,1.86988254836228,1.63679146148519,-0.135962069060475,-0.0247411626405223,-0.640995384823577,0.44964680817177,0.573225755678888,-0.131191100456599,-0.223353997438511,0.198268875224692,-0.1555961886108,-0.0445734002443183,0.986248904358571,1.09010489057606,-0.793321208614283,-1.18029468333559,-1.29347794903808,-0.574697546273115,-0.113860786417039,0.220737378537908,2.45746300720844,1.08838378637757,1.1507788827907,1.00657188464015,0.032690893311783,-0.376647239159639,-0.048236570436645,-0.0330109162638679,-0.33031962811602,-0.267195610195108,0.291469464743071,0.446252137175011,1.1603029827845,1.74892492560078,0,-0.0930309953194633,-0.481588184154324,-1.069297762687,-1.12171262543579,-0.627998525224387,1.27008134505226,1.03090454285591,-0.0998707974396848,-0.122546457322864,-0.410266899197836,-1.38433934890509,-1.72437177231173,-0.145293492318181,1.14027554013895,0.245613473539072,-0.166147642852893,-0.0191459895266863,-0.303642030474405,-0.772979593369162,0.704487594782526,0.904845870642121,0.214642163938074,-0.527680489439249,-0.177318504788345
"529",0,-0.0519009247138564,1.4055628699672,0.990200011287507,-0.777153104933116,0.245850081155974,-0.416428649433891,-0.135962069060475,-0.0247411626405223,0.0129698342204877,0.999757862091843,-0.915912114592555,1.13345756693153,1.12316558623815,-0.540830462877054,-0.1555961886108,-0.0445734002443183,-0.741918245459386,1.09010489057606,0.385030123625297,1.43333321492626,-0.34087795460418,-0.574697546273115,-0.113860786417039,-0.0382639442739243,-0.759253601238671,-0.22150435248648,1.1507788827907,-0.263877499229713,-1.3031392155474,-0.650039470011399,-0.048236570436645,-0.0330109162638679,-0.639535815693025,0.212360907167038,1.09627321067543,-1.5718052632525,-1.56276425682162,-0.831486854781667,0,-0.0930309953194633,-0.481588184154324,1.3246423271829,1.36287885195866,0.00560351917457189,-1.48080674570224,-0.797595882078731,-0.0998707974396848,-0.0692112518235939,1.04245566330703,1.43048399386859,1.35581096380303,-0.145293492318181,-1.55967039733413,-0.767532904424768,-0.202993708003753,-0.0191459895266863,-0.303642030474405,0.227875950681732,0.474752486526631,-1.86781030218927,-1.1603681679367,-0.527680489439249,-0.177318504788345
"530",0,-0.299772163071681,0.545748814462924,0.290919690251838,0.108774140810285,0.259687987618459,-0.416428649433891,-0.135962069060475,-0.0247411626405223,-0.640995384823577,0.266276456865079,-0.667722469547314,0.509697554550631,1.12316558623815,-0.0480975708092236,-0.1555961886108,-0.111531751188364,-0.741918245459386,-1.62956752949562,0.0483583144139882,1.10662972764353,0.452955374090734,-0.574697546273115,-0.113860786417039,-0.0382639442739243,-0.759253601238671,-0.876448421918504,1.1507788827907,0.0537348467377536,-1.3031392155474,-0.650039470011399,-0.048236570436645,-0.0539306280597664,-0.639535815693025,-1.2263086449194,-0.0304520336298728,0.950766487281889,-0.541614041969328,-0.831486854781667,0,-0.0930309953194633,-0.481588184154324,-0.984477210668762,-1.12171262543579,-0.944799547423866,0.679363459440711,0.34521688350542,-0.0998707974396848,-0.0692112518235939,-0.410266899197836,0.198998781405106,-1.72437177231173,-1.0828566761904,1.14027554013895,0.0429841979463036,-0.202993708003753,-0.0191459895266863,-0.303642030474405,1.22873149473262,0.93422270303842,0.904845870642121,0.214642163938074,-0.281918760399022,-0.177318504788345
"531",0,-0.346763866306412,0.760702328338993,0.772972614492921,-1.22011672780482,-0.992685559626734,-0.416428649433891,-0.135962069060475,-0.0247411626405223,0.33995244374252,0.633017159478461,1.06960504576937,1.13345756693153,-0.89661378927684,-0.540830462877054,-0.1555961886108,-0.0445734002443183,1.27427676266156,0.24020725930366,-0.961657113219938,1.2699814712849,-0.658411286082146,-0.574697546273115,-0.113860786417039,-0.0382639442739243,-0.0299723851942378,-1.20392045663452,-1.56081868739673,0.52434265901492,-0.635224161117807,-0.650039470011399,-0.048236570436645,-0.0330109162638679,-0.639535815693025,-1.2263086449194,-0.0304520336298728,0.446252137175011,-1.56276425682162,-0.831486854781667,0,-0.0930309953194633,-0.481588184154324,-0.52265330309843,1.36287885195866,-0.627998525224387,-1.13173017920468,-0.797595882078731,-0.0998707974396848,-0.0692112518235939,-0.410266899197836,1.07863107602188,1.46309658299873,0.41724441800515,0.29654243467861,0.0429841979463036,-0.202993708003753,-0.0191459895266863,-0.303642030474405,0.628218168302089,0.704487594782526,0.508752131666208,0.902147329875462,0.701128155761885,-0.177318504788345
"532",0,-0.346763866306412,0.115841786710785,0.990200011287507,0.994701386553687,1.86988254836228,4.27664588980972,10.9926347477701,-0.0247411626405223,-0.640995384823577,-1.20068635358845,-0.667722469547314,-0.552740656252641,-0.0550390494789284,3.40103267366559,6.69343964519434,-0.0445734002443183,-0.741918245459386,-1.62956752949562,-1.12999301782559,-1.18029468333559,0.452955374090734,3.08793172177438,-0.113860786417039,-0.0382639442739243,-1.05107732324878,-1.53139249135053,-1.2218689911233,-0.58148984519718,1.36852100217096,0.17013722254388,-0.048236570436645,-0.0330109162638679,-0.639535815693025,0.212360907167038,0.592797533971067,0.950766487281889,1.1603029827845,1.46221250555829,0,-0.0930309953194633,-0.481588184154324,-0.52265330309843,0.275870080598593,1.11440709687275,-1.13694573435793,-0.797595882078731,-0.0998707974396848,-0.0692112518235939,-0.410266899197836,-1.38433934890509,0.997761568833671,-0.332806129092624,-1.55967039733413,-0.767532904424768,-0.0831744567900981,-0.0191459895266863,-0.303642030474405,0.42804705949191,0.93422270303842,-2.26390404116519,-1.1603681679367,-0.0327707423265681,-0.0511743298384712
"533",0,-0.346763866306412,-1.17387929654563,-0.874547511474277,0.994701386553687,1.86988254836228,4.27664588980972,8.21048554356243,-0.0247411626405223,-0.640995384823577,-1.93416775881521,-0.915912114592555,-0.552740656252641,0.113275898480654,3.40103267366559,7.67187333573793,-0.0445734002443183,-0.741918245459386,-1.62956752949562,-1.12999301782559,-1.18029468333559,-0.182111288865197,3.93315386055457,2.19433177352249,-0.0382639442739243,-0.759253601238671,-1.00424228269492,-1.56081868739673,-1.37552071011585,0.700605947741373,3.17745176191323,-0.048236570436645,-0.0330109162638679,-0.639535815693025,0.51250843865203,0.774351712302486,0.950766487281889,1.1603029827845,0.8887876654733,0,-0.0930309953194633,-0.481588184154324,-0.368712000574986,-0.189990821412867,0.480805052473791,0.238498311019326,-0.325765893140805,-0.0998707974396848,-0.0692112518235939,-0.410266899197836,-1.38433934890509,-1.33549558071953,0.979782328328481,-1.05343053405793,-0.767532904424768,-0.202993708003753,-0.0191459895266863,-0.346496238751779,-1.17332181098952,-0.444187946496948,-0.0853884767976621,-1.1603681679367,-0.811890777523021,-0.177318504788345
"534",0,0.767805440878689,0.760702328338993,0.290919690251838,0.551737763681986,1.33315102811434,1.93010862018791,-0.135962069060475,-0.0247411626405223,0.666935053264552,0.633017159478461,-0.763592468324774,-1.39583976784473,-0.728298841317257,-0.0480975708092236,-0.20775268316105,-0.0445734002443183,0.410193187752585,0.41018678555814,-1.12999301782559,-1.18029468333559,-1.29347794903808,-0.574697546273115,-0.113860786417039,-0.0382639442739243,0.849104702984884,0.924647769019562,1.1507788827907,1.00657188464015,-0.301266633903012,-0.650039470011399,-0.048236570436645,-0.0539306280597664,-0.639535815693025,-0.586899955103205,-1.47909877630812,-1.06729091314562,1.1603029827845,0.0286504053458163,0,-0.0930309953194633,-0.481588184154324,-0.984477210668762,-1.8206176522744,-1.26160056962335,0.754289828035795,0.80234198973908,-0.0998707974396848,-0.0692112518235939,-0.410266899197836,-0.856559972135023,-1.52993367651563,-0.895344039415955,1.14027554013895,0.44824274913184,-0.147488465968815,-0.0191459895266863,-0.303642030474405,0.828389277112268,0.93422270303842,0.706799001154165,0.214642163938074,-0.281918760399022,-0.177318504788345
"535",0,-0.346763866306412,0.760702328338993,0.870763777474478,0.330255952246136,1.69097204161296,4.27664588980972,2.64618713514716,-0.0247411626405223,-0.314012775301545,0.633017159478461,0.325036110633647,0.290358455339444,1.29148053419773,2.62584255317643,0.822837501932791,-0.0445734002443183,-0.741918245459386,-1.62956752949562,-1.12999301782559,-0.200184221487392,1.08802203704667,0.270524592507076,-0.113860786417039,-0.0382639442739243,-0.759253601238671,-0.712712404560498,0.642354338380556,1.00657188464015,1.36852100217096,0.232915118551356,-0.048236570436645,-0.0330109162638679,-0.33031962811602,1.33132611434538,1.09627321067543,0.782595037246263,0.479536172882967,0.0286504053458163,0,-0.0930309953194633,-0.481588184154324,-0.214770698051542,0.59364380481253,-0.152796991925168,-1.48080674570224,-0.797595882078731,-0.0998707974396848,-0.0692112518235939,-0.410266899197836,-0.152854136441604,0.779649294884244,-1.83290722328817,-1.55967039733413,-0.767532904424768,-0.202993708003753,-0.0191459895266863,-0.303642030474405,1.02856038592245,0.474752486526631,-2.26390404116519,-1.1603681679367,-0.527680489439249,-0.177318504788345
"536",0,-0.346763866306412,-0.0909231982991525,0.524013130597061,0.773219575117836,-0.634864546128108,-0.416428649433891,-0.135962069060475,-0.0247411626405223,2.06382224930285,0.795115616284018,1.06960504576937,0.681026127585218,-0.559983893357675,-0.540830462877054,-0.1555961886108,35.9943316796478,3.8665274873885,1.09010489057606,1.56338145586488,1.43333321492626,-0.975944617560112,-0.574697546273115,-0.113860786417039,26.1247079530221,1.81411968551902,-0.712712404560498,0.303404642107127,0.688959538672687,-1.3031392155474,-0.650039470011399,-0.048236570436645,-0.0330109162638679,-0.639535815693025,-1.2263086449194,0.130508715556599,0.950766487281889,-1.39257255434624,-1.02103504355062,0,-0.0930309953194633,-0.481588184154324,-0.984477210668762,0.12058311326144,1.11440709687275,-1.20096459344999,-0.797595882078731,-0.0998707974396848,-0.0692112518235939,-0.410266899197836,-1.38433934890509,0.414447281445371,0.792269691554037,-1.55967039733413,-0.767532904424768,-0.202993708003753,-0.0191459895266863,-0.303642030474405,-0.137079181326753,0.474752486526631,-0.154848077985114,-0.988491876452356,-0.527680489439249,-0.177318504788345
"537",0,-0.346763866306412,-0.314065241041354,0.524013130597061,-0.112707670625565,-0.455954039378794,-0.416428649433891,-0.135962069060475,-0.0247411626405223,-0.640995384823577,0.946173303671045,-1.90867069477352,-0.552740656252641,-0.89661378927684,-0.540830462877054,-0.1555961886108,-0.0445734002443183,-0.741918245459386,0.92012536432158,-0.961657113219938,-0.0368324778460259,0.929255371307683,2.24270958299419,-0.113860786417039,-0.0382639442739243,-0.759253601238671,-0.712712404560498,1.1507788827907,0.37134719270522,-1.3031392155474,-0.650039470011399,-0.048236570436645,-0.0330109162638679,-0.639535815693025,-0.746752127557253,1.09627321067543,-0.226433662967493,-1.56276425682162,-0.831486854781667,0,-0.205253749196291,-0.481588184154324,0.400994512042235,-0.0347038540757136,0.79760607467327,-1.48080674570224,-0.797595882078731,-0.0998707974396848,-0.0692112518235939,-0.410266899197836,0.550851699251816,0.0255710898531705,0.604757054779594,-1.55967039733413,-0.783078823094192,-0.202993708003753,-0.0191459895266863,-0.303642030474405,-0.172466266938626,0.708501743088928,-0.0853884767976621,-1.1603681679367,-0.766618340259663,-0.177318504788345
"538",0,-0.346763866306412,-0.314065241041354,-0.408360630783831,0.994701386553687,1.86988254836228,2.81006009629609,0.791420999008737,-0.0247411626405223,-0.640995384823577,0.266276456865079,0.325036110633647,0.500657020040117,0.475934445246778,1.30269347965131,-0.1555961886108,-0.0445734002443183,0.122165329449593,1.09010489057606,1.56338145586488,1.43333321492626,-0.658411286082146,-0.574697546273115,-0.113860786417039,-0.0382639442739243,0.849104702984884,1.08838378637757,-0.0355450541663019,0.847765711656421,-0.301266633903012,-0.377201113994063,-0.048236570436645,-0.0330109162638679,-0.639535815693025,-0.883513578187199,-1.47909877630812,-0.73094801307437,0.309344470407584,-0.831486854781667,0,-0.0930309953194633,-0.481588184154324,-1.26528218414346,-1.12171262543579,0.480805052473791,-0.105362700324987,-0.797595882078731,-0.0998707974396848,-0.0692112518235939,-0.712809589169205,-1.20841288998173,-0.36330510173903,0.604757054779594,-1.22217715515,-0.767532904424768,-0.202993708003753,-0.0191459895266863,-0.303642030474405,-0.372637375748804,0.245017378270736,-1.47171656321336,-1.1603681679367,-0.612904748773686,-0.177318504788345
"539",0,-0.346763866306412,0.0864474676826071,-0.408360630783831,0.773219575117836,0.975330014615711,-0.123111490731166,-0.268536691372469,-0.0247411626405223,1.32090027230862,0.999757862091843,-0.915912114592555,-0.763515434150662,1.29148053419773,0.691001767292522,-0.1555961886108,-0.0445734002443183,0.986248904358571,0.92012536432158,-0.793321208614283,0.12651926579534,0.929255371307683,-0.292956833346385,-0.113860786417039,-0.0382639442739243,-0.759253601238671,0.269703699587538,0.811829186517271,1.00657188464015,-0.802202924725205,-0.650039470011399,-0.048236570436645,-0.0330109162638679,-0.639535815693025,-1.2263086449194,0.613390963116015,0.782595037246263,-1.39257255434624,-0.831486854781667,0,-0.0930309953194633,-0.481588184154324,-0.214770698051542,1.20759188462151,1.11440709687275,-0.4492237116693,-0.797595882078731,-0.0998707974396848,-0.0692112518235939,-0.410266899197836,0.550851699251816,1.19219966462977,1.16729496510292,-0.378444049689659,-0.767532904424768,-0.202993708003753,-0.0191459895266863,-0.303642030474405,0.027704841871553,0.245017378270736,-0.0853884767976621,-0.816615584968009,-0.527680489439249,-0.177318504788345
"540",0,-0.346763866306412,-1.17387929654563,-0.408360630783831,-0.998634916368966,-1.14629053787228,-0.416428649433891,-0.135962069060475,-0.0247411626405223,-0.640995384823577,-1.75079740750852,1.06960504576937,-1.1850649899467,-1.40155863315559,-0.540830462877054,-0.1555961886108,-0.0445734002443183,-0.741918245459386,-1.62956752949562,1.39504555125922,-0.853591196052854,-0.182111288865197,0.552265305433806,-0.113860786417039,-0.0382639442739243,-0.759253601238671,-1.53139249135053,0.303404642107127,1.00657188464015,1.03456347495617,0.443529453395639,-0.0680818830095165,-0.0330109162638679,-0.33031962811602,0.691917424529183,0.0621278167845246,0.782595037246263,-0.0753426093690642,-0.831486854781667,0,-0.0930309953194633,1.87263947906903,0.605210168025429,-0.500564756087173,1.27280760797249,-1.30887624003008,-0.797595882078731,-0.261202994865812,-0.0692112518235939,0.0739739549704533,-0.755032319990864,-0.16886700594293,1.16729496510292,-1.02266165098915,-0.767532904424768,-0.202993708003753,-0.022966639729792,-0.303642030474405,-0.97315070217934,-0.214452838241053,0.706799001154165,-0.816615584968009,-0.527680489439249,-0.177318504788345
"541",0,-0.346763866306412,-1.09892454044612,-0.874547511474277,-0.555671293497266,1.15424052136502,3.10337725499881,-0.135962069060475,-0.0247411626405223,-0.640995384823577,-0.100464245748303,1.06960504576937,0.922682789033507,0.281590846440236,1.45600385600346,-0.1555961886108,-0.0445734002443183,-0.741918245459386,0.567622537096502,1.22670964665357,-1.01694293969422,-1.29347794903808,-0.574697546273115,-0.113860786417039,0.00253193544590119,0.205761381295462,1.08838378637757,0.472879490243842,-1.21671453713211,-1.3031392155474,-0.62411479742124,-0.048236570436645,-0.0330109162638679,-0.639535815693025,0.0278241833057002,0.130508715556599,0.782595037246263,0.479536172882967,-0.831486854781667,0,-0.0930309953194633,-0.481588184154324,-0.984477210668762,-1.12171262543579,0.00560351917457189,1.27008134505226,-0.797595882078731,-0.0998707974396848,-0.0692112518235939,-0.410266899197836,-1.38433934890509,-0.36330510173903,0.792269691554037,-0.547190670781726,-0.757906672924026,-0.202993708003753,-0.0191459895266863,-0.303642030474405,-1.17332181098952,0.245017378270736,-1.47171656321336,-1.1603681679367,-0.527680489439249,-0.177318504788345
"542",0,-0.346763866306412,-0.529018754917424,0.0578262499066152,-2.10604397354822,-0.992685559626734,-0.416428649433891,-0.135962069060475,-0.0247411626405223,-0.69845253217281,-0.283834597054994,1.06960504576937,-1.60661454574275,-1.40155863315559,-0.540830462877054,-0.1555961886108,-0.0445734002443183,-0.741918245459386,1.09010489057606,0.553366028230951,-1.18029468333559,-1.29347794903808,-0.501444970619496,-0.113860786417039,-0.0382639442739243,-0.43758194039396,1.08838378637757,-0.543969598576446,-1.53432688309958,-1.3031392155474,-0.650039470011399,-0.048236570436645,-0.0330109162638679,0.906545122192,1.33132611434538,0.130508715556599,0.351961586624398,-1.05218914939548,-0.831486854781667,0,-0.0930309953194633,1.5363212414657,1.47858362970634,1.36287885195866,1.27280760797249,1.27008134505226,0.34521688350542,-0.0998707974396848,-0.0692112518235939,-0.410266899197836,0.902704617098525,1.19219966462977,-0.332806129092624,1.14027554013895,0.0429841979463036,-0.202993708003753,-0.0191459895266863,-0.303642030474405,-0.97315070217934,-0.214452838241053,0.706799001154165,1.24589991284416,-0.527680489439249,-0.177318504788345
"543",0,-0.346763866306412,0.441853090787635,0.990200011287507,-2.10604397354822,-0.455954039378794,-0.416428649433891,-0.135962069060475,-0.0247411626405223,-0.444724569455584,0.816387510785152,-0.171343179456834,-1.1850649899467,1.29148053419773,-0.294464016843139,-0.1555961886108,-0.0445734002443183,-0.741918245459386,1.09010489057606,-0.456649399402975,0.289871009436705,1.24678870278565,-0.292956833346385,-0.113860786417039,-0.0382639442739243,-0.759253601238671,-0.22150435248648,0.642354338380556,0.847765711656421,0.700605947741373,-0.650039470011399,-0.048236570436645,-0.0448763867425462,-0.690886925389399,0.0525087347129891,1.09627321067543,0.446252137175011,-1.56276425682162,-0.831486854781667,0,-0.0930309953194633,-0.492515489359569,0.696592858225936,1.02169565756003,-0.152796991925168,-1.48080674570224,-0.797595882078731,-0.0998707974396848,-0.0692112518235939,0.0739739549704533,1.43048399386859,1.19219966462977,-0.520318765867068,-1.55967039733413,-0.767532904424768,-0.202993708003753,-0.0191459895266863,-0.164684628041478,0.42804705949191,0.245017378270736,-2.06585717167723,-1.1603681679367,-0.527680489439249,-0.177318504788345
"544",0,-0.346763866306412,1.62051638384327,-0.408360630783831,-0.10768744311524,0.438598494367772,0.463522826674285,-0.135962069060475,-0.0247411626405223,0.33995244374252,0.999757862091843,1.06960504576937,-0.559421099089673,0.449905794399818,0.198268875224692,-0.1555961886108,-0.0445734002443183,0.698221046055578,1.09010489057606,0.216694219019643,-1.18029468333559,-1.29347794903808,-0.574697546273115,-0.113860786417039,-0.0382639442739243,1.17077636382959,1.08838378637757,1.1507788827907,0.847765711656421,-0.301266633903012,-0.650039470011399,-0.048236570436645,-0.0330109162638679,-0.206848373242808,-0.746752127557253,-1.15717727793518,-0.0582622129318667,0.990111280309114,0.0286504053458163,0,-0.0930309953194633,-0.481588184154324,-0.984477210668762,-1.12408470407058,-0.469598014124647,1.27008134505226,-0.340470775845071,-0.0998707974396848,-0.0692112518235939,-0.457353552255233,-0.680633513211668,-0.36330510173903,1.16729496510292,-0.209697428597592,-0.767532904424768,-0.202993708003753,-0.0191459895266863,-0.303642030474405,1.62907371235298,0.474752486526631,-1.47171656321336,-1.1603681679367,-0.527680489439249,-0.177318504788345
"545",0,0.767805440878689,1.19060935609113,0.524013130597061,0.551737763681986,-0.455954039378794,-0.665311675720273,-0.135962069060475,-0.0247411626405223,1.75691736408417,1.13270660816384,-0.419532824502074,0.0795836774414227,0.954850638278565,-0.540830462877054,-0.1555961886108,-0.0445734002443183,1.56230462096456,-0.26973131945978,-1.12999301782559,0.289871009436705,0.611722039829717,-0.574697546273115,-0.113860786417039,-0.0382639442739243,0.205761381295462,-1.04018443927651,-0.205019902303017,1.00657188464015,-0.301266633903012,-0.934260003874424,-0.048236570436645,-0.0330109162638679,-0.639535815693025,-1.13428226192343,-0.191412782816345,0.614423587210637,1.1603029827845,-0.258062014696678,0,-0.0930309953194633,-0.481588184154324,-0.984477210668762,-1.12171262543579,-1.26160056962335,0.238498311019326,1.94515475532323,-0.0998707974396848,-0.0692112518235939,-0.410266899197836,-0.504707054288313,-0.75218129333123,-1.0828566761904,0.465289055770677,1.86664767828122,-0.202993708003753,-0.0191459895266863,-0.303642030474405,1.02856038592245,0.0152822700148413,0.286767384242179,1.24589991284416,0.946889884802112,-0.177318504788345
"546",0,-0.346763866306412,0.975655842215063,0.990200011287507,-0.491402415496186,0.990519779574067,3.10337725499881,5.4283363393548,-0.0247411626405223,0.0129698342204877,0.323633560591783,-0.667722469547314,-2.23893887943681,-0.0550390494789284,3.40103267366559,4.73657226410715,-0.0445734002443183,0.986248904358571,1.09010489057606,-0.119977590191666,-1.01694293969422,0.361671598214505,3.08793172177438,-0.113860786417039,0.127220760069906,1.49244802467431,1.08838378637757,0.303404642107127,0.212541019721487,1.36852100217096,2.90405953106147,-0.048236570436645,-0.0330109162638679,-0.33031962811602,0.0676371571215226,0.774351712302486,0.950766487281889,0.479536172882967,-0.258062014696678,0,-0.0930309953194633,-0.481588184154324,-0.984477210668762,0.586444015272899,0.95600658577301,-1.30887624003008,-1.03152183901157,-0.0998707974396848,-0.0692112518235939,-0.410266899197836,-1.03248643105838,1.19219966462977,-0.895344039415955,-1.55967039733413,-0.767532904424768,-0.202993708003753,-0.0191459895266863,-0.303642030474405,1.4289026035428,-0.444187946496948,-2.26390404116519,-1.1603681679367,-0.527680489439249,-0.259510390581604
"547",0,-0.346763866306412,0.545748814462924,0.362765623878088,0.330255952246136,1.33315102811434,4.27664588980972,7.28310247549322,-0.0247411626405223,-0.640995384823577,-0.650575299668376,-0.0179004197346791,0.290358455339444,0.281590846440236,3.40103267366559,3.75813857356356,-0.0445734002443183,-0.741918245459386,-1.62956752949562,-1.12999301782559,-1.18029468333559,0.452955374090734,1.67922815714073,-0.113860786417039,-0.0382639442739243,-0.759253601238671,-1.53139249135053,-1.2218689911233,-0.58148984519718,0.674662258061033,-0.376647239159639,-0.328257296443154,-0.0539306280597664,-0.639535815693025,0.212360907167038,1.09627321067543,0.950766487281889,1.1603029827845,-0.0675467186239005,0,-0.0930309953194633,-0.481588184154324,-0.450221114334933,1.05230491728436,0.79760607467327,-1.13694573435793,-0.797595882078731,-0.195781292383233,-0.0692112518235939,-0.410266899197836,-0.680633513211668,1.19219966462977,-0.895344039415955,-1.55967039733413,-0.767532904424768,-0.202993708003753,-0.0191459895266863,-0.303642030474405,1.22873149473262,-0.214452838241053,-2.26390404116519,-1.1603681679367,-0.527680489439249,-0.177318504788345
"548",0,-0.180681960153668,0.545748814462924,0.990200011287507,0.994701386553687,0.796419507866398,-0.416428649433891,-0.135962069060475,-0.0247411626405223,-0.314012775301545,0.999757862091843,0.573225755678888,0.768977797892785,1.38687130815487,-0.294464016843139,-0.1555961886108,-0.0445734002443183,-0.741918245459386,0.41018678555814,0.216694219019643,0.943277984002168,1.08802203704667,-0.292956833346385,-0.113860786417039,-0.0382639442739243,-0.583939145782654,-1.36765647399252,-0.374494750439731,1.00657188464015,-0.134287870295615,-0.650039470011399,-0.048236570436645,-0.0330109162638679,-0.639535815693025,-1.50260089847756,-0.835255779562232,0.950766487281889,-0.541614041969328,-0.831486854781667,0,-0.0930309953194633,-0.481588184154324,-0.984477210668762,-1.12171262543579,0.480805052473791,0.926220333707951,-0.797595882078731,-0.0998707974396848,-0.115207144544844,-0.410266899197836,-1.38433934890509,-1.14105748492343,0.604757054779594,0.93792970644794,-0.362274353239232,-0.202993708003753,-0.0191459895266863,-0.303642030474405,0.828389277112268,0.93422270303842,0.904845870642121,0.902147329875462,0.384410765813023,-0.177318504788345
"549",0,-0.346763866306412,-0.314065241041354,-0.175267190438608,-1.66308035067652,-0.992685559626734,-0.416428649433891,-0.135962069060475,-0.0247411626405223,-0.640995384823577,0.266276456865079,0.821415400724128,1.13345756693153,0.954850638278565,-0.540830462877054,-0.0847689949855664,-0.0445734002443183,0.410193187752585,0.92012536432158,-1.12999301782559,-0.363535965128757,0.611722039829717,1.11574673128727,-0.113860786417039,-0.0382639442739243,1.17077636382959,0.105967682229532,-1.56081868739673,-1.53432688309958,0.210619552580382,1.53709837680268,-0.048236570436645,-0.0330109162638679,1.52497749734601,0.0525087347129891,-1.47909877630812,-1.73997671328813,-0.201230637018563,0.952223235102646,0,-0.0930309953194633,1.5363212414657,1.08128517500392,-1.12171262543579,-1.10320005852361,0.454261855812976,-0.111908222728241,-0.0998707974396848,-0.0692112518235939,0.558214809138742,1.43048399386859,0.0255710898531705,0.41724441800515,0.634035676862745,-0.767532904424768,-0.202993708003753,-0.0191459895266863,-0.303642030474405,-0.401243251254188,0.245017378270736,0.112658392690295,-0.988491876452356,-0.527680489439249,-0.177318504788345
"550",0,-0.346763866306412,-0.314065241041354,-0.277346174333453,0.167520351080038,-0.0981330258801679,-0.839843633662754,-0.135962069060475,-0.0247411626405223,1.64788288183065,0.262380714882813,-1.1641017596378,-0.974290212048683,1.29148053419773,-0.540830462877054,-0.1555961886108,-0.0445734002443183,2.13836033757054,-0.60969037196874,-1.12999301782559,-1.18029468333559,0.452955374090734,0.270524592507076,-0.113860786417039,-0.0382639442739243,0.527433042140173,-1.20392045663452,-1.56081868739673,-1.37552071011585,1.03456347495617,-0.650039470011399,-0.048236570436645,-0.0330109162638679,-0.639535815693025,-1.2263086449194,-1.47909877630812,-0.0582622129318667,-0.371422339493946,-0.713537874826645,0,-0.0930309953194633,-0.481588184154324,-0.984477210668762,-0.34527778875002,0.79760607467327,-1.30887624003008,-0.797595882078731,-0.0998707974396848,-0.0692112518235939,-0.410266899197836,-0.328780595364958,1.19219966462977,-0.332806129092624,-1.55967039733413,-0.767532904424768,-0.202993708003753,-0.0191459895266863,-0.303642030474405,-0.172466266938626,-0.673923054752843,0.112658392690295,0.902147329875462,3.40450717520438,1.57294565917274
"551",0,6.34065197680419,2.26537692547148,1.00611580949065,-2.10604397354822,-0.992685559626734,-0.416428649433891,-0.135962069060475,-0.0247411626405223,-0.314012775301545,0.44964680817177,1.06960504576937,0.290358455339444,-1.40155863315559,-0.540830462877054,-0.1555961886108,-0.0445734002443183,-0.741918245459386,-1.62956752949562,0.89003783744226,0.779926240360802,-1.29347794903808,-0.574697546273115,-0.113860786417039,-0.0382639442739243,-1.16855173438668,-1.36765647399252,0.981304034653986,-0.10507132624598,-1.3031392155474,-0.650039470011399,-0.048236570436645,-0.0330109162638679,-0.639535815693025,-0.586899955103205,1.09627321067543,-1.5718052632525,-1.56276425682162,-0.831486854781667,0,-0.114542093777398,-0.481588184154324,0.449634005188278,0.586444015272899,-1.26160056962335,-1.48080674570224,-0.797595882078731,-0.0998707974396848,-0.0692112518235939,2.01093737164361,1.43048399386859,0.997761568833671,1.16729496510292,0.477915219523018,0.0429841979463036,-0.202993708003753,-0.0191459895266863,3.82618873868734,1.82924482116316,0.245017378270736,0.112658392690295,0.730271038391115,0.917592735013747,-0.177318504788345
"552",0,-0.269132940966394,-0.529018754917424,0.187613203711,0.773219575117836,0.259687987618459,-0.416428649433891,-0.135962069060475,-0.064995348517452,-0.640995384823577,-1.20068635358845,-0.667722469547314,-1.60661454574275,0.618220742359401,-0.540830462877054,-0.1555961886108,-0.0445734002443183,-0.741918245459386,0.58016631181262,0.932015721744486,0.616574496719437,-0.499644620343163,-0.574697546273115,-0.113860786417039,-0.0177637689065176,-1.03562876606105,-1.04018443927651,1.1507788827907,0.212541019721487,-1.24510224968039,-0.650039470011399,-0.048236570436645,-0.0330109162638679,-0.639535815693025,-0.906604300011301,-0.0449062448493806,-0.226433662967493,-1.56276425682162,-0.936701834414017,0,-0.0930309953194633,-0.481588184154324,0.554935814565679,-0.189990821412867,0.480805052473791,-0.4492237116693,-0.861343315951437,-0.1809533510234,-0.0692112518235939,-0.410266899197836,0.902704617098525,-1.33549558071953,-0.520318765867068,0.465289055770677,-0.767532904424768,-0.238447009712924,-0.0191459895266863,-0.303642030474405,-0.372637375748804,0.704487594782526,0.310705262178251,0.214642163938074,-0.527680489439249,-0.177318504788345
"553",0,-0.346763866306412,-0.0991117271652847,0.468349656276843,0.551737763681986,-0.813775052877421,-0.416428649433891,-0.135962069060475,-0.0247411626405223,-0.640995384823577,0.816387510785152,-1.66048104972828,-0.552740656252641,0.113275898480654,-0.540830462877054,-0.1555961886108,-0.0445734002443183,0.410193187752585,0.7501458380671,-1.12999301782559,-1.18029468333559,0.452955374090734,-0.0112161204196545,-0.113860786417039,-0.0382639442739243,1.81411968551902,1.08838378637757,-1.56081868739673,-1.53432688309958,-0.301266633903012,1.26370614595092,-0.048236570436645,-0.0330109162638679,1.83419368492302,0.691917424529183,-1.35270001223534,-1.73997671328813,-0.372987127172198,1.46221250555829,0,-0.0930309953194633,0.863684766259023,0.916009709849808,-1.12171262543579,-1.26160056962335,-0.793084723013613,1.25946709597274,-0.0998707974396848,-0.0692112518235939,0.524404676340909,1.07863107602188,-0.721295050046424,-0.978223550162062,0.127795813586543,0.245613473539072,-0.202993708003753,-0.0191459895266863,-0.303642030474405,0.027704841871553,0.474752486526631,0.310705262178251,0.214642163938074,-0.527680489439249,-0.177318504788345
"554",0,-0.346763866306412,-1.17387929654563,-2.73929503423606,-1.22011672780482,1.33315102811434,-0.123111490731166,-0.135962069060475,-0.0247411626405223,-0.640995384823577,-1.93416775881521,-2.15686033981876,1.13345756693153,-0.0961972710506443,-0.540830462877054,-0.1555961886108,-0.111531751188364,-0.741918245459386,-1.62956752949562,1.39504555125922,0.943277984002168,-1.13471128329909,-0.574697546273115,-0.113860786417039,-0.0382639442739243,-0.759253601238671,0.433439716945544,0.981304034653986,-1.37552071011585,-1.3031392155474,-0.650039470011399,-0.048236570436645,-0.0330109162638679,0.906545122192,1.33132611434538,-0.352373532002817,-0.562776563038745,0.819919577833732,-0.640603421048277,0,-0.0930309953194633,1.5363212414657,1.47858362970634,1.36287885195866,1.27280760797249,1.09815083938011,-0.111908222728241,-0.0998707974396848,-0.0692112518235939,-0.410266899197836,-1.38433934890509,-1.72437177231173,0.792269691554037,0.465289055770677,-0.376225540890364,-0.202993708003753,-0.0191459895266863,-0.303642030474405,-1.17332181098952,-2.7415390290559,-0.481482215773575,-0.0088228317646489,-0.527680489439249,-0.177318504788345
"555",0,-0.346763866306412,-0.314065241041354,0.330047957838386,0.551737763681986,-0.634864546128108,-0.416428649433891,-0.135962069060475,-0.0247411626405223,-0.640995384823577,0.235519879589756,-0.915912114592555,1.13345756693153,-1.06492873723642,-0.540830462877054,-0.1555961886108,-0.0445734002443183,-0.741918245459386,-0.60969037196874,-0.624985304008629,1.43333321492626,-1.29347794903808,-0.813586723827034,-0.113860786417039,-0.0382639442739243,-0.759253601238671,-1.53139249135053,0.472879490243842,1.00657188464015,-0.46824539751041,-0.650039470011399,-0.048236570436645,-0.0330109162638679,-0.639535815693025,-1.2263086449194,-0.352373532002817,0.782595037246263,1.1603029827845,0.315362825388311,0,-0.0930309953194633,-0.481588184154324,-0.984477210668762,-1.12171262543579,-1.26160056962335,1.27008134505226,0.116654330388589,-0.0998707974396848,-0.0692112518235939,-0.119302568019481,-0.262355779941613,0.414447281445371,0.0422191444562627,0.985163506477107,-0.159645077646464,-0.202993708003753,-0.0191459895266863,-0.303642030474405,0.027704841871553,0.245017378270736,0.310705262178251,-0.472863001999315,-0.527680489439249,-0.177318504788345
"556",0,-0.346763866306412,-1.17387929654563,-0.641454071129054,0.551737763681986,1.51206153486365,3.10337725499881,6.13982403470324,-0.0247411626405223,-0.640995384823577,-1.38405670489514,-0.915912114592555,-0.552740656252641,0.449905794399818,3.40103267366559,6.69343964519434,-0.111531751188364,-0.741918245459386,-1.62956752949562,-1.12999301782559,-1.01694293969422,0.915384078241748,2.80619100884765,-0.113860786417039,-0.0382639442739243,-0.759253601238671,-1.04018443927651,-0.882919294849875,0.212541019721487,1.03456347495617,-0.650039470011399,-0.048236570436645,-0.0330109162638679,-0.639535815693025,0.851769596983231,1.09627321067543,0.950766487281889,0.990111280309114,0.315362825388311,0,-0.0930309953194633,-0.481588184154324,-0.984477210668762,0.431157047935746,0.480805052473791,-1.48080674570224,-0.797595882078731,-0.0998707974396848,-0.0692112518235939,-0.410266899197836,-1.38433934890509,0.803323473037571,-0.145293492318181,-1.55967039733413,-0.767532904424768,-0.202993708003753,-0.0191459895266863,-0.303642030474405,-1.17332181098952,0.704487594782526,-1.47171656321336,-1.1603681679367,-0.527680489439249,-0.177318504788345
"557",0,2.99694405524889,1.62051638384327,0.990200011287507,-0.777153104933116,-0.992685559626734,-0.416428649433891,-0.135962069060475,-0.0247411626405223,3.93676114848487,0.082906105558388,0.0768464655884069,1.13345756693153,-1.40155863315559,-0.540830462877054,-0.1555961886108,-0.0445734002443183,2.13836033757054,-1.45958800324114,0.0483583144139882,1.43333321492626,-1.13471128329909,-0.574697546273115,-0.113860786417039,-0.0382639442739243,-0.759253601238671,-1.53139249135053,0.472879490243842,0.37134719270522,-1.3031392155474,-0.650039470011399,-0.048236570436645,-0.0330109162638679,-0.639535815693025,-0.107343437741059,0.935312461488958,-1.5718052632525,-1.56276425682162,-0.831486854781667,0,-0.0930309953194633,-0.481588184154324,1.3246423271829,0.12058311326144,-1.26160056962335,-1.48080674570224,-0.797595882078731,-0.0998707974396848,-0.0692112518235939,1.52669651747532,1.43048399386859,-0.16886700594293,-0.520318765867068,-0.209697428597592,0.853501300317375,-0.0051319714955633,-0.0147794972883899,1.76127335410647,1.43322204460748,0.93422270303842,0.904845870642121,1.58965249581285,2.17569853000325,-0.177318504788345
"558",0,-0.346763866306412,0.760702328338993,0.990200011287507,0.551737763681986,-0.813775052877421,-0.416428649433891,-0.135962069060475,-0.0247411626405223,0.666935053264552,0.999757862091843,0.573225755678888,0.922682789033507,-0.0550390494789284,-0.540830462877054,-0.218816990238341,-0.0445734002443183,1.56230462096456,1.09010489057606,-0.28831349479732,-0.690239452411488,1.08802203704667,-0.0112161204196545,-0.113860786417039,-0.0382639442739243,1.49244802467431,0.59717573430355,-1.56081868739673,-1.53432688309958,1.20154223856357,0.443529453395639,0.0102711057864993,-0.0330109162638679,1.83419368492302,0.691917424529183,-1.47909877630812,-1.2315456341671,0.479536172882967,0.602075245430805,0,-0.0930309953194633,1.20000300386236,1.17070102465946,-0.966425658098632,-0.598506465334108,0.926220333707951,0.116654330388589,-0.0998707974396848,-0.139831484326891,-0.410266899197836,1.43048399386859,1.19219966462977,1.16729496510292,0.634035676862745,-0.564903628832,-0.202993708003753,-0.0191459895266863,-0.303642030474405,0.42804705949191,0.474752486526631,-0.0853884767976621,-0.644739293483662,-0.527680489439249,-0.177318504788345
"559",0,-0.697145286922484,-0.529018754917424,-0.175267190438608,0.108774140810285,1.15424052136502,-0.104585112728691,-0.135962069060475,-0.0247411626405223,-0.640995384823577,0.816387510785152,0.0768464655884069,-1.39583976784473,0.954850638278565,-0.0480975708092236,-0.1555961886108,-0.0445734002443183,-0.741918245459386,0.92012536432158,0.89003783744226,-0.363535965128757,1.24678870278565,0.552265305433806,-0.113860786417039,-0.0382639442739243,-0.759253601238671,-0.548976387202492,1.1507788827907,1.00657188464015,0.867584711348771,-0.376647239159639,-0.048236570436645,-0.0330109162638679,-0.639535815693025,0.0525087347129891,0.935312461488958,0.614423587210637,0.649727875358349,-0.544774434739172,0,-0.0930309953194633,-0.145269946550987,1.3246423271829,-0.500564756087173,-0.786399036324126,1.27008134505226,0.57377943662225,-0.0998707974396848,-0.0692112518235939,1.04245566330703,1.43048399386859,-0.94661938912733,-0.707831402641512,0.734304509986256,-0.564903628832,-0.202993708003753,-0.0191459895266863,-0.303642030474405,0.628218168302089,0.474752486526631,0.310705262178251,-0.129110419030621,-0.527680489439249,-0.177318504788345
"560",0,-0.346763866306412,0.545748814462924,0.990200011287507,0.994701386553687,0.114403658576139,-0.416428649433891,-0.137369521539571,-0.0247411626405223,-0.314012775301545,0.999757862091843,0.0768464655884069,-0.552740656252641,-0.559983893357675,-0.540830462877054,-0.1555961886108,-0.0445734002443183,0.122165329449593,1.09010489057606,-0.119977590191666,-1.18029468333559,-1.29347794903808,-0.574697546273115,-0.113860786417039,-0.0382639442739243,2.45746300720844,1.08838378637757,-0.205019902303017,-1.21671453713211,-1.3031392155474,-0.56063258694914,-0.048236570436645,-0.0330109162638679,0.28811274703799,0.691917424529183,0.774351712302486,0.529814654051149,-0.371422339493946,-0.831486854781667,0,-0.0930309953194633,-0.812641764399473,-0.984477210668762,-1.10528598713172,0.00560351917457189,1.27008134505226,0.217020704845543,-0.0998707974396848,-0.0692112518235939,-0.410266899197836,0.550851699251816,-0.94661938912733,-0.707831402641512,1.14027554013895,0.245613473539072,-0.284930690185521,-0.0191459895266863,-0.303642030474405,0.828389277112268,0.93422270303842,0.904845870642121,0.902147329875462,-0.527680489439249,-0.177318504788345
"561",0,-0.346763866306412,-0.529018754917424,-0.408360630783831,0.773219575117836,1.33315102811434,1.1357518895181,-0.0337793757623514,-0.0247411626405223,0.33995244374252,0.633017159478461,0.0768464655884069,-0.90079839969796,0.618220742359401,1.18373465936035,-0.1555961886108,-0.0445734002443183,0.410193187752585,0.7501458380671,-0.456649399402975,-0.853591196052854,0.929255371307683,-0.0112161204196545,-0.113860786417039,-0.0382639442739243,-0.759253601238671,-0.712712404560498,0.981304034653986,0.688959538672687,0.032690893311783,-0.650039470011399,-0.048236570436645,-0.0330109162638679,-0.639535815693025,-0.746752127557253,0.564021006944876,0.278080687139385,0.649727875358349,-0.544774434739172,0,-0.0930309953194633,-0.481588184154324,0.554935814565679,0.12058311326144,-1.26160056962335,0.582359322363638,0.80234198973908,-0.0998707974396848,-0.246830517491647,-0.410266899197836,0.550851699251816,-0.55774319753513,-1.83290722328817,-0.0409508075055244,0.853501300317375,-0.202993708003753,-0.0191459895266863,-0.303642030474405,-0.507507687892289,-0.214452838241053,0.706799001154165,1.24589991284416,-0.0361570313587953,-0.177318504788345
"562",0,-0.346763866306412,-0.314065241041354,0.990200011287507,0.773219575117836,0.259687987618459,-0.416428649433891,-0.135962069060475,-0.0247411626405223,-0.640995384823577,-0.833945650975067,1.06960504576937,-0.131191100456599,0.786535690318983,-0.0480975708092236,0.0631840499274748,-0.0445734002443183,-1.28044879209034,-1.28960847698666,1.39504555125922,0.779926240360802,1.08802203704667,1.11574673128727,-0.113860786417039,-0.0382639442739243,-0.759253601238671,-0.565865812506318,0.811829186517271,0.847765711656421,0.867584711348771,-0.10325500830788,-0.048236570436645,-0.0330109162638679,-0.0211034405390152,1.17147394189133,0.935312461488958,0.782595037246263,-0.0310389345431809,-0.831486854781667,0,-0.0930309953194633,1.5363212414657,1.32819419581609,-0.811138690761479,-0.152796991925168,0.754289828035795,-0.797595882078731,-0.0998707974396848,-0.0692112518235939,1.04245566330703,1.43048399386859,0.220009185649271,-0.332806129092624,1.14027554013895,0.0429841979463036,-0.202993708003753,-0.0191459895266863,-0.0716763894207011,-0.372637375748804,0.0152822700148413,0.904845870642121,1.07402362135981,-0.281918760399022,-0.177318504788345
"563",0,0.767805440878689,1.19060935609113,0.990200011287507,0.330255952246136,-0.813775052877421,-0.416428649433891,-0.135962069060475,-0.0247411626405223,2.30184810087471,0.999757862091843,-0.419532824502074,0.922682789033507,-0.0550390494789284,-0.540830462877054,-0.1555961886108,-0.0445734002443183,1.27427676266156,0.58016631181262,-0.961657113219938,0.779926240360802,0.452955374090734,-0.574697546273115,-0.113860786417039,-0.0382639442739243,-0.759253601238671,-1.53139249135053,-0.71344444671316,0.847765711656421,0.19966965691918,-0.650039470011399,-0.048236570436645,-0.0330109162638679,-0.639535815693025,-1.2263086449194,1.09627321067543,0.950766487281889,1.1603029827845,1.17550008551579,0,-0.0930309953194633,-0.683115512185075,-0.984477210668762,-0.0347038540757136,-0.786399036324126,0.437370575126384,1.94515475532323,-0.0998707974396848,-0.0692112518235939,-0.410266899197836,-0.152854136441604,-0.36330510173903,0.0422191444562627,1.14027554013895,0.245613473539072,-0.202993708003753,-0.0191459895266863,-0.303642030474405,1.4289026035428,0.93422270303842,0.904845870642121,-0.129110419030621,-0.410644707688497,-0.177318504788345
"564",0,-0.346763866306412,-1.17387929654563,0.290919690251838,-0.334189482061415,-0.813775052877421,-0.506062412631784,-0.135962069060475,-0.0247411626405223,-0.640995384823577,-0.467204948361685,1.06960504576937,-0.131083176406261,-1.233243685196,-0.540830462877054,-0.149274412490939,-0.0445734002443183,-0.741918245459386,0.41018678555814,1.22670964665357,-1.18029468333559,-1.29347794903808,-0.574697546273115,-0.113860786417039,-0.0382639442739243,-0.759253601238671,1.08838378637757,0.202314328230178,-1.53432688309958,-1.3031392155474,-0.650039470011399,-0.048236570436645,-0.0330109162638679,0.28811274703799,1.33132611434538,0.613390963116015,-0.394605113003119,-1.05218914939548,-0.831486854781667,0,-0.0930309953194633,0.19104829105235,1.47858362970634,0.991380230750978,0.760074039153177,0.442658386816764,-0.111908222728241,-0.0998707974396848,-0.0692112518235939,-0.410266899197836,0.374925240328461,1.19219966462977,1.16729496510292,1.14027554013895,2.27190622946675,-0.202993708003753,-0.0912709356995593,-0.303642030474405,-1.17332181098952,-0.444187946496948,0.904845870642121,1.4177762043285,1.19265161384234,-0.177318504788345
"565",0,-0.187926393108855,0.545748814462924,0.990200011287507,-0.555671293497266,-0.992685559626734,-0.416428649433891,-0.135962069060475,-0.0247411626405223,0.666935053264552,0.816387510785152,-0.419532824502074,1.13345756693153,-1.40155863315559,-0.540830462877054,-0.1555961886108,-0.0445734002443183,0.698221046055578,-0.77966989822322,0.0483583144139882,0.779926240360802,-1.29347794903808,-0.574697546273115,-0.113860786417039,-0.0382639442739243,-0.759253601238671,-1.53139249135053,1.1507788827907,0.688959538672687,0.19966965691918,-0.650039470011399,-0.048236570436645,-0.0330109162638679,-0.639535815693025,-1.2263086449194,-0.191412782816345,-0.394605113003119,0.990111280309114,1.17550008551579,0,-0.0930309953194633,-0.481588184154324,-0.984477210668762,-1.12171262543579,-1.26160056962335,0.410428816691482,1.03090454285591,-0.0998707974396848,-0.0692112518235939,-0.410266899197836,1.25455753494524,-0.94661938912733,-0.520318765867068,0.971528919046879,-0.159645077646464,-0.202993708003753,-0.0191459895266863,-0.303642030474405,0.027704841871553,0.245017378270736,0.310705262178251,-0.129110419030621,-0.527680489439249,-0.177318504788345
"566",0,0.767805440878689,1.83546989771934,0.990200011287507,-0.777153104933116,-0.992685559626734,-0.416428649433891,-0.135962069060475,-0.0247411626405223,1.64788288183065,0.266276456865079,-0.667722469547314,1.13345756693153,-0.882029853138952,-0.540830462877054,-0.1555961886108,-0.0445734002443183,0.410193187752585,-1.28960847698666,-1.12999301782559,1.43333321492626,-1.29347794903808,-0.574697546273115,-0.113860786417039,-0.0382639442739243,-0.759253601238671,-1.36765647399252,0.133929793970413,-0.10507132624598,-1.3031392155474,-0.650039470011399,-0.048236570436645,-0.0330109162638679,-0.639535815693025,0.323459623798012,0.613390963116015,-1.5718052632525,-1.56276425682162,-0.831486854781667,0,-0.0930309953194633,-0.481588184154324,1.47858362970634,-0.966425658098632,-1.26160056962335,-1.48080674570224,-0.797595882078731,-0.0998707974396848,-0.0692112518235939,1.04245566330703,0.902704617098525,-1.14105748492343,-0.520318765867068,-0.209697428597592,0.245613473539072,-0.202993708003753,-0.0191459895266863,0.728815661816031,1.4289026035428,0.93422270303842,0.706799001154165,1.2761186643589,1.92993680096302,-0.177318504788345
"567",0,-0.346763866306412,-1.17387929654563,-1.1076409518195,0.0503573985765097,-0.0981330258801679,-0.416428649433891,-0.135962069060475,-0.0247411626405223,-0.640995384823577,-1.56742705620183,1.06960504576937,0.922682789033507,-0.89661378927684,-0.540830462877054,-0.1555961886108,-0.0445734002443183,-0.741918245459386,0.0702277330491799,1.39504555125922,-0.526887708770123,-1.29347794903808,-0.574697546273115,-0.113860786417039,-0.0382639442739243,-0.43758194039396,1.08838378637757,-0.205019902303017,-1.53432688309958,-1.3031392155474,-0.650039470011399,-0.048236570436645,-0.0330109162638679,0.906545122192,1.33132611434538,0.774351712302486,0.950766487281889,0.819919577833732,-0.0831892351365361,0,-0.0930309953194633,0.527366528655686,1.47858362970634,1.05230491728436,0.63920556357353,0.926220333707951,1.48802964908957,-0.0998707974396848,-0.0692112518235939,-0.410266899197836,0.550851699251816,0.608885377241471,-0.102803348157785,0.465289055770677,2.06927695387398,-0.202993708003753,-0.0191459895266863,-0.334353439043844,-0.97315070217934,-0.903658163008738,0.508752131666208,1.4177762043285,0.701128155761885,-0.177318504788345
"568",0,-0.346763866306412,-1.17387929654563,-0.408360630783831,-0.334189482061415,-0.992685559626734,-0.416428649433891,-0.0605628677901005,-0.0247411626405223,-0.640995384823577,-0.862922158532891,-0.287767594914539,-1.1850649899467,-0.559983893357675,-0.540830462877054,-0.1555961886108,-0.0445734002443183,-0.741918245459386,0.24020725930366,0.0816276078508748,0.12651926579534,0.611722039829717,-0.574697546273115,-0.113860786417039,0.0648763477579032,0.849104702984884,1.08838378637757,-0.178427943731063,0.239246418170221,0.366648420526578,-0.10325500830788,-0.048236570436645,-0.0330109162638679,2.76184224765403,1.33132611434538,1.09627321067543,0.791231982226264,0.990111280309114,1.46221250555829,0,-0.0930309953194633,-0.481588184154324,-0.368712000574986,0.436185064123158,0.95600658577301,-1.30887624003008,-0.797595882078731,-0.0998707974396848,-0.0692112518235939,-0.410266899197836,-1.38433934890509,-0.16886700594293,-0.145293492318181,-1.55967039733413,-0.767532904424768,-0.202993708003753,-0.0191459895266863,-0.303642030474405,-1.17332181098952,0.245017378270736,-1.47171656321336,-1.1603681679367,-0.527680489439249,-0.0711521810036666
"569",0,-0.346763866306412,-1.17387929654563,-0.408360630783831,0.994701386553687,-0.634864546128108,-0.500532604392358,-0.135962069060475,-0.0247411626405223,-0.722729437795962,-1.20068635358845,1.25948985018907,0.501133233237465,-1.233243685196,-0.540830462877054,-0.1555961886108,-0.0445734002443183,-0.741918245459386,0.0702277330491799,1.56338145586488,-0.853591196052854,-1.29347794903808,-0.574697546273115,-0.150622309987464,-0.0909846830221019,-0.759253601238671,0.59717573430355,0.133929793970413,-1.53432688309958,-1.3031392155474,-0.650039470011399,-0.048236570436645,-0.0330109162638679,0.0397902531690405,1.33132611434538,0.935312461488958,-0.0582622129318667,-1.56276425682162,-0.831486854781667,0,-0.0930309953194633,-0.481588184154324,1.17070102465946,1.36287885195866,0.79760607467327,0.238498311019326,-0.797595882078731,-0.0998707974396848,-0.0692112518235939,-0.410266899197836,0.355663086385818,1.19219966462977,-0.332806129092624,1.14027554013895,-0.564903628832,-0.202993708003753,-0.0191459895266863,-0.303642030474405,-0.97315070217934,-0.444187946496948,0.904845870642121,1.07402362135981,-0.527680489439249,-0.177318504788345
"570",0,-0.346763866306412,0.545748814462924,-1.1076409518195,-2.54900759641992,-0.992685559626734,-0.416428649433891,-0.135962069060475,-0.0247411626405223,-0.640995384823577,0.816387510785152,1.06960504576937,1.13345756693153,-0.223353997438511,-0.540830462877054,-0.1555961886108,-0.0445734002443183,-0.1658625288534,1.09010489057606,1.56338145586488,1.10662972764353,0.929255371307683,-0.0112161204196545,-0.113860786417039,-0.0382639442739243,0.527433042140173,1.00177785941321,0.13221741283128,-0.661550621756233,0.533627184133976,0.990313915099158,-0.048236570436645,-0.0330109162638679,0.28811274703799,0.851769596983231,-1.47909877630812,-1.73997671328813,0.485341311731834,1.74892492560078,0,0.0977225064065365,0.527366528655686,1.06325889978651,-1.12171262543579,-0.469598014124647,1.27008134505226,0.80234198973908,-0.0998707974396848,-0.0692112518235939,-0.410266899197836,1.25455753494524,0.414447281445371,0.792269691554037,1.14027554013895,-0.159645077646464,-0.202993708003753,-0.0912709356995593,-0.271452480870059,-0.172466266938626,0.93422270303842,0.508752131666208,0.0427658724537265,-0.527680489439249,-0.177318504788345
"571",0,-0.346763866306412,0.115841786710785,0.0578262499066152,0.330255952246136,-0.277043532629481,-0.164398801448329,-0.135962069060475,-0.0247411626405223,-0.314012775301545,0.652872050630259,-1.66048104972828,-0.552740656252641,1.12316558623815,0.198268875224692,-0.1555961886108,-0.0445734002443183,0.410193187752585,0.58016631181262,-1.12999301782559,-1.18029468333559,1.24678870278565,0.834006018360537,-0.113860786417039,-0.0177637689065176,0.371496542947703,0.924647769019562,-0.0355450541663019,0.212541019721487,1.36852100217096,1.26370614595092,-0.048236570436645,-0.0330109162638679,-0.639535815693025,-1.06645647246535,-0.191412782816345,-0.394605113003119,0.819919577833732,1.46221250555829,0,-0.0930309953194633,-0.241022680777426,-0.214770698051542,-1.12171262543579,-1.26160056962335,0.410428816691482,1.03090454285591,-0.0998707974396848,-0.0692112518235939,0.558214809138742,1.43048399386859,-0.16886700594293,-0.707831402641512,0.971528919046879,0.650872024724607,-0.202993708003753,-0.0191459895266863,-0.303642030474405,-0.572808484558983,0.474752486526631,0.706799001154165,-0.129110419030621,-0.527680489439249,-0.177318504788345
"572",0,-0.346763866306412,-1.17387929654563,-0.904986530332571,0.773219575117836,-0.634864546128108,-0.416428649433891,-0.135962069060475,-0.0247411626405223,-0.640995384823577,-1.93416775881521,0.325036110633647,1.13345756693153,-0.89661378927684,-0.540830462877054,-0.1555961886108,-0.0445734002443183,-0.741918245459386,-0.9496494244777,1.56338145586488,1.10662972764353,-1.29347794903808,-0.574697546273115,-0.113860786417039,-0.0382639442739243,-0.813327651746955,-0.385240369844486,1.1507788827907,-0.422683672213447,-1.3031392155474,-0.650039470011399,-0.048236570436645,-0.0330109162638679,-0.254743507819873,0.647307104742984,1.09627321067543,0.0165098176314803,-1.56276425682162,-0.831486854781667,0,-0.0930309953194633,-0.481588184154324,0.862818419612568,1.36287885195866,1.23940667560471,-1.48080674570224,-0.797595882078731,-0.0998707974396848,-0.00387922724064088,-0.410266899197836,0.0230723224817513,1.19219966462977,1.16729496510292,-0.209697428597592,-0.767532904424768,-0.202993708003753,-0.115134277125818,-0.303642030474405,-1.17332181098952,-1.36312837952053,1.2485504437617,1.4177762043285,-0.527680489439249,-0.177318504788345
"573",0,-0.346763866306412,0.115841786710785,0.580450653214933,0.814808859234133,0.617509001117085,-0.416428649433891,-0.190176893988759,-0.0247411626405223,0.993917662786584,0.999757862091843,-0.419532824502074,0.244982647981218,0.618220742359401,-0.540830462877054,-0.1555961886108,-0.0445734002443183,-0.453890387156393,-0.43971084571426,-1.12999301782559,0.462297619814715,0.611722039829717,-0.574697546273115,-0.13943885504114,-0.0382639442739243,-0.759253601238671,-1.20392045663452,0.103865368210777,1.00657188464015,0.032690893311783,-0.650039470011399,-0.048236570436645,-0.0330109162638679,-0.669477632534481,-0.563966797227199,0.613390963116015,0.614423587210637,1.1603029827845,1.17550008551579,0,-0.0930309953194633,-0.481588184154324,-0.830535908145318,-1.12171262543579,-1.26160056962335,0.238498311019326,1.25946709597274,-0.0998707974396848,-0.0692112518235939,-0.410266899197836,0.0256146687724952,-0.16886700594293,-0.895344039415955,0.716169033929634,0.650872024724607,-0.202993708003753,-0.0191459895266863,-0.303642030474405,0.227875950681732,0.93422270303842,0.904845870642121,0.558394746906768,-0.527680489439249,-0.177318504788345
"574",0,5.22608266961909,2.05042341159541,0.290919690251838,-2.54900759641992,-0.992685559626734,-0.416428649433891,-0.135962069060475,-0.0247411626405223,0.33995244374252,-0.100464245748303,1.06960504576937,-1.1850649899467,-1.32406274550488,-0.540830462877054,-0.1555961886108,-0.0445734002443183,-0.741918245459386,-1.62956752949562,1.22670964665357,-0.526887708770123,-1.29347794903808,-0.574697546273115,-0.113860786417039,-0.0382639442739243,-0.759253601238671,-0.548976387202492,0.811829186517271,-1.53432688309958,-1.3031392155474,-0.650039470011399,-0.048236570436645,-0.32073698441452,-0.33031962811602,1.01162176943728,-0.166122822577778,-1.73997671328813,-1.56276425682162,-0.831486854781667,0,-0.0930309953194633,1.87263947906903,1.01675972213601,-0.966425658098632,-1.26160056962335,-1.48080674570224,-0.797595882078731,-0.229914611489674,-0.0692112518235939,5.88486420498992,2.27788092083989,0.0255710898531705,0.229731781230706,-0.0409508075055244,0.245613473539072,-0.202993708003753,-0.0191459895266863,4.85864643097778,1.82924482116316,0.93422270303842,0.508752131666208,0.558394746906768,0.209604697681432,-0.177318504788345
"575",0,-0.346763866306412,-1.30082679088855,0.0578262499066152,0.994701386553687,-0.813775052877421,-0.416428649433891,-0.135962069060475,-0.0247411626405223,-0.640995384823577,-1.56742705620183,1.06960504576937,-0.552740656252641,-1.06492873723642,-0.540830462877054,-0.1555961886108,-0.0445734002443183,-0.741918245459386,-0.3176463373765,1.56338145586488,-0.363535965128757,1.08802203704667,-0.574697546273115,-0.113860786417039,-0.0382639442739243,0.703001992073397,0.924647769019562,-0.374494750439731,-0.263877499229713,0.19966965691918,0.505600866561952,-0.0111937918009328,-0.0330109162638679,1.52497749734601,1.33132611434538,0.452430213929543,0.782595037246263,1.1603029827845,2.32234976568577,0,0.614075337502758,2.54527595427571,1.3246423271829,0.431157047935746,0.690739308366809,-0.277293205997144,0.463699063709642,-0.245351152161497,-0.0692112518235939,-0.410266899197836,-1.38433934890509,0.0255710898531705,-0.520318765867068,-1.55967039733413,-0.767532904424768,-0.202993708003753,-0.0338432573430967,-0.303642030474405,-1.17332181098952,0.93422270303842,-1.47171656321336,-1.1603681679367,-0.527680489439249,-0.177318504788345
"576",0,-0.346763866306412,-1.17387929654563,-2.04001471320039,0.773219575117836,-0.0981330258801679,-0.416428649433891,-0.135962069060475,-0.0247411626405223,-0.640995384823577,-1.93416775881521,-1.41229140468304,1.13345756693153,-1.06492873723642,-0.540830462877054,-0.1555961886108,-0.111531751188364,-0.741918245459386,-1.62956752949562,-0.119977590191666,0.369660965524158,-0.698648472237614,-0.574697546273115,1.28285926987806,-0.0382639442739243,-0.759253601238671,-1.20392045663452,0.642354338380556,-0.740296018180913,0.700605947741373,-0.10325500830788,-0.048236570436645,-0.0330109162638679,0.906545122192,0.851769596983231,0.613390963116015,0.0890099627476276,1.1603029827845,-0.544774434739172,0,12.272245394612,4.89950361749906,1.60710201640672,1.36287885195866,1.27280760797249,1.09815083938011,-0.573489775742517,-0.0998707974396848,7.56894249942821,3.94790078831677,-0.152854136441604,-1.14105748492343,0.604757054779594,-0.0409508075055244,-0.767532904424768,-0.202993708003753,-0.0191459895266863,-0.303642030474405,-1.17332181098952,-1.64544687282336,0.904845870642121,-0.300986710514968,-0.527680489439249,-0.177318504788345
"577",0,-0.346763866306412,-0.958925782669563,0.990200011287507,0.330255952246136,-0.992685559626734,-0.416428649433891,-0.135962069060475,0.0498345569401277,-0.0872054928019154,-0.833945650975067,1.06960504576937,0.922682789033507,-1.40155863315559,-0.540830462877054,-0.1555961886108,-0.0445734002443183,1.27427676266156,0.932268750396659,1.32096846948735,0.779926240360802,-1.29347794903808,-0.574697546273115,-0.113860786417039,26.1247079530221,3.10080632889786,1.08838378637757,1.1507788827907,0.37134719270522,-1.3031392155474,-0.650039470011399,-0.048236570436645,-0.0539306280597664,-0.639535815693025,-0.197065392549752,0.130508715556599,0.614423587210637,-1.56276425682162,-1.21061547582268,0,-0.0930309953194633,-0.481588184154324,-0.984477210668762,0.12058311326144,0.920255692786569,-1.30887624003008,-0.797595882078731,-0.0998707974396848,-0.0692112518235939,-0.410266899197836,-1.38433934890509,0.0255710898531705,1.16729496510292,-1.55967039733413,-0.767532904424768,-0.202993708003753,-0.0191459895266863,-0.303642030474405,-1.17332181098952,0.0152822700148413,0.904845870642121,-1.1603681679367,-0.527680489439249,-0.177318504788345
"578",0,-0.346763866306412,-0.0629533378825903,0.524013130597061,0.330255952246136,-0.634864546128108,-0.318778946629612,-0.135962069060475,-0.0247411626405223,-0.314012775301545,0.816387510785152,1.06960504576937,1.13345756693153,-0.730905576114712,-0.540830462877054,-0.1555961886108,-0.0445734002443183,-0.1658625288534,0.7501458380671,1.39504555125922,-0.363535965128757,-1.29347794903808,-0.574697546273115,-0.113860786417039,-0.0382639442739243,-0.759253601238671,-0.712712404560498,0.981304034653986,-0.58148984519718,-1.10918602771567,-0.650039470011399,-0.048236570436645,-0.0330109162638679,-0.639535815693025,-1.2263086449194,-0.67429503037576,0.950766487281889,-0.371422339493946,-0.902647341996344,0,-0.0930309953194633,-0.481588184154324,-0.984477210668762,-1.12171262543579,-0.627998525224387,1.09815083938011,0.80234198973908,0.196149470763088,-0.0692112518235939,-0.410266899197836,-0.856559972135023,-0.382601976870451,0.41724441800515,1.14027554013895,1.86664767828122,0.317881225309027,-0.0191459895266863,-0.303642030474405,-0.101744278972274,0.0152822700148413,0.706799001154165,1.24589991284416,0.455366426721658,-0.177318504788345
"579",0,-0.346763866306412,0.545748814462924,-0.348748362159137,0.994701386553687,0.975330014615711,-0.416428649433891,-0.135962069060475,-0.0247411626405223,0.993917662786584,0.816387510785152,-1.1641017596378,0.525108933103069,1.45756266155419,0.198268875224692,-0.1555961886108,-0.0445734002443183,1.79170951650286,0.0702277330491799,-1.12999301782559,0.36046740631924,1.24678870278565,0.178343878446802,-0.113860786417039,-0.0382639442739243,2.77913466805315,0.760911751661556,-1.2218689911233,0.37134719270522,0.700605947741373,-0.650039470011399,-0.0762276538598208,-0.0330109162638679,-0.639535815693025,0.532065252075134,0.889286723959444,0.950766487281889,-1.22238085187086,-0.831486854781667,0,-0.0930309953194633,-0.481588184154324,-0.830535908145318,1.36287885195866,0.79760607467327,-1.30887624003008,-0.797595882078731,-0.0998707974396848,-0.0692112518235939,-0.410266899197836,-0.152854136441604,0.608885377241471,1.16729496510292,-0.209697428597592,-0.767532904424768,-0.202993708003753,-0.0191459895266863,-0.303642030474405,1.4289026035428,-0.673923054752843,0.112658392690295,0.902147329875462,-0.527680489439249,-0.177318504788345
"580",0,-0.346763866306412,-1.17387929654563,-0.175267190438608,0.108774140810285,-0.634864546128108,-0.416428649433891,-0.135962069060475,-0.064995348517452,-0.640995384823577,-0.833945650975067,1.06960504576937,1.13345756693153,0.281590846440236,-0.540830462877054,-0.1555961886108,-0.0445734002443183,-0.445700999159483,0.41018678555814,1.22670964665357,-0.200184221487392,1.24678870278565,-0.292956833346385,-0.113860786417039,-0.0382639442739243,-0.115910279549249,1.08838378637757,-0.117708622260989,-1.53432688309958,1.03456347495617,0.443529453395639,-0.048236570436645,-0.0330109162638679,0.28811274703799,1.33132611434538,-0.0304520336298728,-1.73997671328813,0.819919577833732,1.02431252260151,0,-0.0930309953194633,-0.481588184154324,1.47858362970634,0.12058311326144,-1.10320005852361,1.27008134505226,0.34521688350542,-0.0998707974396848,-0.0692112518235939,-0.410266899197836,0.198998781405106,0.803323473037571,0.41724441800515,1.14027554013895,-0.362274353239232,-0.202993708003753,-0.0191459895266863,-0.303642030474405,-0.97315070217934,-0.214452838241053,0.904845870642121,0.123800170544997,-0.527680489439249,-0.289110601939978
"581",0,-0.346763866306412,-1.17387929654563,-1.1076409518195,0.994701386553687,0.0807774808691453,-0.416428649433891,-0.135962069060475,-0.0247411626405223,0.0129698342204877,-0.283834597054994,1.06960504576937,1.13345756693153,0.449905794399818,-0.540830462877054,-0.1555961886108,-0.0445734002443183,2.13836033757054,1.09010489057606,0.89003783744226,0.943277984002168,1.24678870278565,0.0187795989807118,-0.113860786417039,-0.0382639442739243,-0.115910279549249,-0.876448421918504,-1.39134383926002,-0.422683672213447,1.36852100217096,0.716921684247398,-0.048236570436645,-0.0539306280597664,-0.639535815693025,-1.2263086449194,-1.47909877630812,-1.40363381321687,1.1603029827845,2.03563734564328,0,-0.0930309953194633,-0.481588184154324,-0.612877871267818,-1.10917334338918,-0.944799547423866,1.27008134505226,2.17371730844006,0.0687948054578348,-0.0692112518235939,-0.410266899197836,-1.38433934890509,-1.14105748492343,0.792269691554037,1.14027554013895,1.66401840268845,-0.202993708003753,-0.0191459895266863,-0.303642030474405,-1.17332181098952,-1.82259859603232,0.508752131666208,0.369321731522802,-0.0361570313587953,-0.177318504788345
"582",0,-0.346763866306412,-1.17387929654563,-1.1076409518195,-0.777153104933116,-0.992685559626734,-0.416428649433891,-0.135962069060475,-0.064995348517452,-0.640995384823577,-1.93416775881521,0.573225755678888,-1.39583976784473,-0.559983893357675,-0.540830462877054,-0.1555961886108,-0.0445734002443183,-1.16801514641672,-1.28960847698666,1.22670964665357,-0.526887708770123,0.611722039829717,-0.574697546273115,-0.113860786417039,-0.0382639442739243,-0.759253601238671,-0.057768335128474,-0.374494750439731,-0.422683672213447,0.19966965691918,-0.650039470011399,-0.048236570436645,-0.0330109162638679,-0.33031962811602,1.33132611434538,-1.15717727793518,-0.0582622129318667,0.479536172882967,0.0286504053458163,0,-0.0930309953194633,2.88159419187904,1.47858362970634,1.36287885195866,1.27280760797249,1.27008134505226,-0.111908222728241,-0.0998707974396848,-0.0692112518235939,1.52669651747532,0.0230723224817513,-0.36330510173903,0.979782328328481,-0.884683912965861,-0.767532904424768,-0.0843127703744374,-0.0191459895266863,-0.303642030474405,-1.17332181098952,-1.1275514567518,-0.0853884767976621,-0.936287961059198,-0.527680489439249,-0.177318504788345
"583",0,-0.346763866306412,0.330795300586854,0.757106570942284,0.330255952246136,-0.455954039378794,-0.416428649433891,-0.135962069060475,-0.0247411626405223,-0.640995384823577,0.999757862091843,-0.915912114592555,-0.34196587835462,0.786535690318983,-0.540830462877054,-0.1555961886108,0.00107855268828527,0.122165329449593,0.58016631181262,-0.81560972092747,-1.01694293969422,0.7704887055687,0.270524592507076,-0.113860786417039,-0.0382639442739243,1.49244802467431,0.760911751661556,-0.882919294849875,-1.53432688309958,-0.46824539751041,1.53709837680268,-0.048236570436645,-0.0330109162638679,1.83419368492302,1.33132611434538,-0.191412782816345,-1.73997671328813,0.139152767932202,1.46221250555829,0,-0.0930309953194633,1.87263947906903,1.47858362970634,0.275870080598593,-1.26160056962335,1.09815083938011,-0.111908222728241,-0.0998707974396848,-0.0692112518235939,0.558214809138742,1.43048399386859,1.19219966462977,0.229731781230706,0.802782297954812,-0.564903628832,-0.202993708003753,-0.0191459895266863,-0.303642030474405,-0.172466266938626,0.704487594782526,0.706799001154165,-0.644739293483662,-0.527680489439249,-0.177318504788345
"584",0,-0.346763866306412,0.115841786710785,-0.175267190438608,-1.66308035067652,-0.992685559626734,-0.416428649433891,-0.135962069060475,-0.0247411626405223,-0.640995384823577,0.633017159478461,0.0768464655884069,0.711908011135486,-1.233243685196,-0.698754254006456,-0.1555961886108,-0.0445734002443183,-0.741918245459386,-0.43971084571426,-1.12999301782559,1.43333321492626,-0.34087795460418,-0.574697546273115,-0.115938945752854,-0.0382639442739243,-0.759253601238671,-1.53139249135053,-1.56081868739673,0.212541019721487,0.19966965691918,-0.650039470011399,-0.048236570436645,-0.0330109162638679,-0.639535815693025,-1.2263086449194,-1.47909877630812,0.446252137175011,-1.05218914939548,-1.09112922615629,0,-0.0930309953194633,-0.481588184154324,-0.984477210668762,-0.655851723424326,0.95600658577301,-0.825564317866764,-0.797595882078731,-0.0998707974396848,-0.0692112518235939,-0.410266899197836,-0.0822294602317131,-0.0224592625435281,0.41724441800515,-0.209697428597592,0.859636714784512,-0.202993708003753,-0.0191459895266863,-0.303642030474405,1.02856038592245,0.93422270303842,0.904845870642121,1.4177762043285,2.42146025904347,-0.177318504788345
"585",0,-0.346763866306412,1.07771351518078,0.990200011287507,0.994701386553687,0.796419507866398,-0.123111490731166,-0.135962069060475,-0.0247411626405223,-0.640995384823577,-0.467204948361685,1.06960504576937,0.878998826349409,0.786535690318983,-0.294464016843139,-0.1555961886108,-0.0445734002443183,-0.741918245459386,-0.60969037196874,1.56338145586488,1.43333321492626,0.611722039829717,-0.574697546273115,-0.139612892419018,-0.0382639442739243,-0.759253601238671,-0.876448421918504,1.1507788827907,1.00657188464015,0.032690893311783,-0.650039470011399,-0.048236570436645,-0.0330109162638679,-0.639535815693025,-0.107343437741059,1.09627321067543,0.950766487281889,-0.711805744444711,-0.831486854781667,0,-0.0930309953194633,0.818751108053822,1.17070102465946,1.36287885195866,1.27280760797249,-0.96501522868577,-0.797595882078731,-0.0998707974396848,-0.0692112518235939,1.52669651747532,1.30466230663565,1.19219966462977,-0.332806129092624,-1.55967039733413,-0.767532904424768,-0.202993708003753,-0.0191459895266863,1.76127335410647,1.62907371235298,0.93422270303842,0.508752131666208,-0.816615584968009,-0.681568840584475,-0.177318504788345
"586",0,-0.346763866306412,-0.529018754917424,-0.874547511474277,0.108774140810285,-0.0213894216572183,-0.416428649433891,-0.135962069060475,-0.0247411626405223,0.993917662786584,0.999757862091843,0.325036110633647,-0.34196587835462,0.786535690318983,-0.540830462877054,-0.1555961886108,-0.0445734002443183,1.56230462096456,0.58016631181262,0.385030123625297,1.43333321492626,0.7704887055687,-0.600984015770937,-0.113860786417039,-0.0382639442739243,0.805195540239804,0.59717573430355,1.1507788827907,0.37134719270522,-1.3031392155474,-0.650039470011399,-0.048236570436645,-0.0330109162638679,0.28811274703799,1.17147394189133,0.83411728737248,0.950766487281889,0.139152767932202,-0.831486854781667,0,-0.0930309953194633,0.527366528655686,0.708877117089123,-1.12171262543579,-0.944799547423866,0.754289828035795,1.7165922022064,-0.0998707974396848,-0.0692112518235939,0.558214809138742,1.07863107602188,-1.52993367651563,-1.09268891258569,0.465289055770677,1.66401840268845,-0.202993708003753,-0.0191459895266863,-0.303642030474405,0.027704841871553,0.245017378270736,0.310705262178251,0.730271038391115,0.209604697681432,-0.177318504788345
"587",0,-0.346763866306412,-0.236700129167737,-0.874547511474277,0.551737763681986,1.69097204161296,1.21223279718246,-0.135962069060475,-0.0247411626405223,-0.640995384823577,-0.283834597054994,0.0768464655884069,-1.39583976784473,0.786535690318983,1.18373465936035,-0.1555961886108,-0.0445734002443183,-0.741918245459386,-0.357250305974062,1.05837374204791,0.12651926579534,0.929255371307683,0.270524592507076,-0.113860786417039,-0.0382639442739243,-0.759253601238671,-1.04018443927651,1.1507788827907,1.00657188464015,1.36852100217096,-0.10325500830788,-0.048236570436645,-0.0330109162638679,-0.639535815693025,-1.2263086449194,-1.47909877630812,-1.73997671328813,0.990111280309114,-0.831486854781667,0,-0.0930309953194633,-0.481588184154324,-0.52265330309843,-1.12171262543579,-1.10320005852361,1.27008134505226,-0.569033328961901,-0.0998707974396848,-0.0692112518235939,-0.410266899197836,1.07863107602188,0.608885377241471,-0.145293492318181,0.802782297954812,-0.767532904424768,-0.202993708003753,-0.0191459895266863,-0.303642030474405,-0.16009644691649,-0.444187946496948,-0.806307534987935,-0.472863001999315,-0.527680489439249,-0.177318504788345
"588",0,-0.346763866306412,1.19060935609113,0.990200011287507,-0.334189482061415,-0.319844293879837,-0.182093717726875,-0.135962069060475,-0.0247411626405223,-0.640995384823577,0.999757862091843,-0.915912114592555,0.0795836774414227,0.786535690318983,-0.294464016843139,-0.114875762312121,-0.0445734002443183,-0.243367752725122,0.58016631181262,0.0483583144139882,-0.0368324778460259,1.24678870278565,-0.173205491870948,-0.113860786417039,-0.0382639442739243,-0.759253601238671,-0.12617235164378,0.642354338380556,0.688959538672687,1.36852100217096,-0.376647239159639,-0.048236570436645,-0.0330109162638679,-0.639535815693025,-1.2263086449194,-1.47909877630812,-1.73997671328813,0.990111280309114,0.315362825388311,0,-0.0930309953194633,-0.481588184154324,-0.984477210668762,-1.12171262543579,-1.51347002228128,-0.105362700324987,1.7165922022064,-0.0998707974396848,-0.0692112518235939,0.0739739549704533,-0.152854136441604,-0.63488985411374,-0.895344039415955,0.802782297954812,0.946716966990892,-0.202993708003753,-0.0191459895266863,-0.303642030474405,0.42804705949191,0.704487594782526,0.508752131666208,0.730271038391115,0.209604697681432,-0.177318504788345
"589",0,-0.346763866306412,-0.0991117271652847,0.757106570942284,-2.10604397354822,-0.992685559626734,-0.416428649433891,-0.135962069060475,-0.064995348517452,-0.640995384823577,0.999757862091843,0.821415400724128,-2.23893887943681,-1.40155863315559,-0.540830462877054,-0.1555961886108,-0.0445734002443183,0.698221046055578,1.09010489057606,-0.119977590191666,-1.18029468333559,-1.29347794903808,-0.574697546273115,-0.113860786417039,-0.0382639442739243,1.81411968551902,1.08838378637757,-0.0397434875771061,0.212541019721487,-0.635224161117807,-0.650039470011399,-0.048236570436645,-0.0330109162638679,1.83419368492302,1.33132611434538,1.09627321067543,0.950766487281889,1.1603029827845,-0.258062014696678,0,-0.0930309953194633,1.5363212414657,1.18549250260145,0.12058311326144,-0.311197503024907,1.27008134505226,0.34521688350542,-0.0683237329094281,-0.0692112518235939,0.558214809138742,1.43048399386859,0.803323473037571,1.16729496510292,1.14027554013895,-0.0450446328533852,-0.202993708003753,-0.0191459895266863,-0.303642030474405,0.628218168302089,0.93422270303842,0.508752131666208,0.0427658724537265,-0.527680489439249,-0.177318504788345
"590",0,-0.346763866306412,-0.743972268793493,0.0578262499066152,0.330255952246136,-0.277043532629481,-0.416428649433891,-0.135962069060475,-0.0247411626405223,0.993917662786584,0.79035536227092,-1.41229140468304,-2.02816410153879,0.954850638278565,-0.540830462877054,-0.1555961886108,-0.0445734002443183,3.00244391247952,0.975104092330691,-0.28831349479732,0.779926240360802,1.08802203704667,-0.574697546273115,-0.113860786417039,-0.0177637689065176,1.04279250281122,1.18816870330165,0.879567792764522,1.00657188464015,0.700605947741373,-0.650039470011399,-0.048236570436645,-0.0330109162638679,-0.33031962811602,0.691917424529183,0.774351712302486,-1.23546236318125,-0.371422339493946,1.17550008551579,0,-0.0930309953194633,-0.481588184154324,0.247053209518791,-0.0694571015947108,-1.26160056962335,-1.48080674570224,2.17371730844006,-0.0998707974396848,-0.0692112518235939,-0.410266899197836,0.0230723224817513,-0.16886700594293,-1.30011165591317,0.465289055770677,1.86664767828122,-0.202993708003753,-0.0191459895266863,-0.553673431439929,-1.17332181098952,0.474752486526631,0.508752131666208,0.902147329875462,0.209604697681432,-0.177318504788345
"591",0,1.88237474806379,1.4055628699672,0.757106570942284,0.994701386553687,0.796419507866398,-0.123111490731166,-0.135962069060475,-0.0247411626405223,0.33995244374252,0.0375654343210827,-1.66048104972828,-0.131191100456599,1.29148053419773,0.198268875224692,-0.1555961886108,-0.0445734002443183,-0.741918245459386,-1.62956752949562,-0.28831349479732,1.2699814712849,-0.182111288865197,-0.574697546273115,-0.113860786417039,-0.0382639442739243,-0.759253601238671,-1.53139249135053,0.811829186517271,-0.263877499229713,-1.3031392155474,-0.650039470011399,-0.048236570436645,-0.0330109162638679,-0.639535815693025,-1.2263086449194,0.935312461488958,0.350668284084977,-0.919423632368101,-0.831486854781667,0,-0.0930309953194633,-0.481588184154324,-0.984477210668762,-0.500564756087173,0.95600658577301,-1.13694573435793,-0.797595882078731,-0.0998707974396848,-0.0692112518235939,0.0739739549704533,-1.03248643105838,-1.52993367651563,0.979782328328481,-0.547190670781726,-0.767532904424768,-0.206306031258253,-0.0191459895266863,1.76127335410647,1.22873149473262,0.704487594782526,0.112658392690295,-0.988491876452356,-0.527680489439249,-0.177318504788345
"592",0,-0.346763866306412,0.760702328338993,0.990200011287507,0.551737763681986,-0.277043532629481,-0.416428649433891,-0.0871497744287365,-0.0247411626405223,-0.314012775301545,-0.100464245748303,-1.10123631396595,1.13345756693153,0.786535690318983,-0.540830462877054,-0.1555961886108,-0.0445734002443183,-0.741918245459386,-1.62956752949562,-1.12999301782559,1.2699814712849,0.452955374090734,-0.574697546273115,-0.113860786417039,-0.0382639442739243,-0.759253601238671,-1.12535251952891,0.472879490243842,1.00657188464015,-0.802202924725205,-0.732470722739513,-0.048236570436645,-0.0330109162638679,-0.612352917726423,-0.906604300011301,0.774351712302486,0.950766487281889,0.649727875358349,-0.448525519586309,0,-0.0930309953194633,-0.481588184154324,-0.984477210668762,-1.12171262543579,-0.152796991925168,1.27008134505226,-0.340470775845071,-0.0998707974396848,-0.0692112518235939,-0.410266899197836,-1.20841288998173,-1.14105748492343,-0.145293492318181,0.971528919046879,-0.362274353239232,-0.202993708003753,-0.0191459895266863,-0.303642030474405,1.02856038592245,0.807451415308014,0.310705262178251,-0.644739293483662,-0.527680489439249,-0.177318504788345
"593",0,-0.346763866306412,0.545748814462924,0.990200011287507,-0.777153104933116,-0.816888424896315,-0.416428649433891,-0.135962069060475,-0.0247411626405223,-0.0265841045345619,0.907667737617791,-0.667722469547314,-0.131191100456599,0.113275898480654,-0.540830462877054,-0.1555961886108,-0.0445734002443183,0.410193187752585,0.92012536432158,-1.10860604657193,-1.18029468333559,0.351608599610909,0.15478396929501,-0.113860786417039,-0.0177637689065176,0.657661271440402,0.433439716945544,-1.56081868739673,-1.53432688309958,-0.301266633903012,0.990313915099158,-0.048236570436645,-0.0631779869705976,0.906545122192,0.691917424529183,-1.47909877630812,-1.73997671328813,-0.881997446920094,1.46221250555829,0,-0.0930309953194633,0.863684766259023,1.17070102465946,-1.12171262543579,-1.26160056962335,0.107920617006929,1.03090454285591,-0.0998707974396848,-0.0692112518235939,0.0739739549704533,1.43048399386859,-0.16886700594293,-0.332806129092624,0.802782297954812,0.0429841979463036,-0.202993708003753,-0.0191459895266863,-0.303642030474405,0.027704841871553,0.704487594782526,0.508752131666208,-0.300986710514968,-0.527680489439249,-0.177318504788345
"594",0,-0.346763866306412,-1.17387929654563,-0.453875421395263,0.330255952246136,-0.590183570371521,-0.416428649433891,-0.135962069060475,-0.0247411626405223,-0.640995384823577,-1.75079740750852,1.06960504576937,0.0795836774414227,-1.06492873723642,-0.540830462877054,-0.125708104135675,-0.0445734002443183,-0.741918245459386,-0.26973131945978,1.56338145586488,-1.18029468333559,-1.53611509164413,-0.574697546273115,-0.113860786417039,-0.0382639442739243,-0.759253601238671,0.59717573430355,0.472879490243842,-1.53432688309958,-1.3031392155474,-0.650039470011399,-0.048236570436645,-0.0330109162638679,-0.639535815693025,1.01162176943728,1.04046246339272,0.614423587210637,-0.0310389345431809,-0.831486854781667,0,-0.0930309953194633,-0.481588184154324,0.862818419612568,1.20759188462151,-0.469598014124647,0.0665678053471691,2.17371730844006,-0.0998707974396848,-0.121798197315623,-0.410266899197836,-0.856559972135023,1.19219966462977,-1.0828566761904,-0.547190670781726,2.40173545536743,2.25623249403729,-0.0191459895266863,-0.303642030474405,-1.17332181098952,-0.903658163008738,0.310705262178251,1.24589991284416,1.68417507192279,-0.177318504788345
"595",0,-0.346763866306412,-0.314065241041354,0.524013130597061,-0.290678017018392,-0.992685559626734,-0.416428649433891,-0.135962069060475,-0.0247411626405223,0.33995244374252,0.999757862091843,-0.667722469547314,0.922682789033507,0.277494733062696,-0.540830462877054,-0.1555961886108,-0.0445734002443183,1.85033247926755,0.92012536432158,-1.12999301782559,-0.526887708770123,0.929255371307683,-0.0112161204196545,-0.113860786417039,-0.0382639442739243,1.81411968551902,0.59717573430355,-1.56081868739673,-1.53432688309958,0.700605947741373,0.968885740913938,-0.048236570436645,-0.0330109162638679,1.83419368492302,0.691917424529183,-1.47909877630812,-1.73997671328813,0.309344470407584,1.17550008551579,0,-0.0930309953194633,1.5363212414657,1.17070102465946,-0.966425658098632,-1.26160056962335,0.926220333707951,0.536903495179384,-0.0998707974396848,-0.0692112518235939,-0.410266899197836,1.07863107602188,0.220009185649271,-0.00422626510105047,1.14027554013895,-0.564903628832,-0.396557330007159,-0.0191459895266863,-0.303642030474405,-0.172466266938626,0.651332180470329,0.508752131666208,-0.129110419030621,-0.527680489439249,-0.177318504788345
"596",0,-0.328021349947418,-0.743972268793493,-0.408360630783831,0.108774140810285,1.51206153486365,4.27664588980972,10.9926347477701,-0.0247411626405223,-0.640995384823577,-0.467204948361685,1.06960504576937,1.13345756693153,1.29148053419773,2.90829978159776,3.75813857356356,-0.0445734002443183,-0.741918245459386,-1.28960847698666,1.56338145586488,0.779926240360802,-0.658411286082146,-0.574697546273115,-0.113860786417039,-0.0382639442739243,-0.759253601238671,-1.36765647399252,1.1507788827907,0.847765711656421,-0.969181688332602,-0.650039470011399,-0.048236570436645,-0.0330109162638679,-0.639535815693025,-1.2263086449194,-0.191412782816345,0.950766487281889,0.455351870334804,-0.831486854781667,0,-0.0930309953194633,-0.481588184154324,-0.984477210668762,-1.12171262543579,0.79760607467327,1.27008134505226,-0.797595882078731,-0.0998707974396848,-0.0692112518235939,-0.410266899197836,-1.38433934890509,-0.389156734999852,1.16729496510292,0.29654243467861,-0.765984399638544,-0.202993708003753,-0.0191459895266863,-0.303642030474405,-0.97315070217934,0.93422270303842,-0.0853884767976621,-0.988491876452356,-0.527680489439249,-0.177318504788345
"597",0,-0.346763866306412,-1.17387929654563,0.0578262499066152,0.330255952246136,-0.813775052877421,-0.416428649433891,-0.135962069060475,-0.0247411626405223,-0.640995384823577,-0.650575299668376,1.06960504576937,-0.131191100456599,-1.233243685196,-0.540830462877054,-0.1555961886108,-0.0445734002443183,-0.741918245459386,0.24020725930366,1.05837374204791,-1.18029468333559,-1.29347794903808,-0.487757459101141,-0.113860786417039,-0.0909846830221019,-0.759253601238671,0.59717573430355,0.133929793970413,-0.899102191164647,-1.13616045194,-0.650039470011399,-0.048236570436645,-0.0330109162638679,-0.639535815693025,0.851769596983231,1.09627321067543,0.329818800503779,0.649727875358349,0.0286504053458163,0,-0.0930309953194633,0.19104829105235,1.47858362970634,1.05230491728436,-0.311197503024907,0.855422813250361,2.63084241467372,0.925988354808089,-0.0692112518235939,0.558214809138742,0.902704617098525,0.803323473037571,-0.332806129092624,0.634035676862745,2.27190622946675,1.02661939301677,-0.0191459895266863,-0.303642030474405,-0.97315070217934,0.245017378270736,0.904845870642121,1.24589991284416,0.209604697681432,-0.177318504788345
"598",0,-0.346763866306412,-1.17387929654563,-2.27310815354561,0.330255952246136,-0.813775052877421,-0.416428649433891,-0.135962069060475,-0.0247411626405223,-0.640995384823577,-1.75079740750852,0.821415400724128,0.0754581084144976,-0.719623789897371,-0.540830462877054,-0.1555961886108,-0.0445734002443183,-0.741918245459386,-0.26973131945978,1.39504555125922,-0.853591196052854,0.0678702689139103,-0.574697546273115,-0.113860786417039,-0.0382639442739243,-0.43758194039396,0.69990210908399,0.241267535661383,-1.05790836414838,1.36852100217096,0.17013722254388,-0.048236570436645,-0.0330109162638679,1.52497749734601,1.33132611434538,0.130508715556599,-0.0582622129318667,1.1603029827845,0.315362825388311,0,-0.0930309953194633,1.20000300386236,0.862818419612568,0.897017949947205,1.27280760797249,1.09815083938011,-0.340470775845071,-0.0998707974396848,-0.0692112518235939,-0.410266899197836,-1.38433934890509,-1.72437177231173,1.11235902016803,0.127795813586543,-0.767532904424768,-0.202993708003753,-0.0191459895266863,-0.303642030474405,-1.38857424351451,-2.7415390290559,0.706799001154165,-0.342777212351025,-0.527680489439249,-0.177318504788345
"599",0,-0.346763866306412,-0.0991117271652847,0.0578262499066152,0.551737763681986,-0.992685559626734,-0.416428649433891,-0.135962069060475,-0.0247411626405223,0.0129698342204877,0.633017159478461,-0.419532824502074,0.922682789033507,-1.40155863315559,-0.540830462877054,-0.224797496537422,-0.0445734002443183,0.122165329449593,0.92012536432158,0.721701932836606,0.616574496719437,-1.29347794903808,-0.574697546273115,-0.113860786417039,-0.0382639442739243,-0.115910279549249,0.433439716945544,0.981304034653986,0.220504801808579,-0.969181688332602,-0.650039470011399,-0.048236570436645,-0.0330109162638679,-0.639535815693025,-1.2263086449194,-1.47909877630812,-0.394605113003119,0.990111280309114,-0.544774434739172,0,-0.0930309953194633,-0.481588184154324,-0.984477210668762,-1.12171262543579,-1.10320005852361,0.926220333707951,0.116654330388589,-0.0998707974396848,-0.0692112518235939,-0.410266899197836,-0.478348529557774,-0.55774319753513,-1.0828566761904,0.802782297954812,-0.159645077646464,-0.202993708003753,-0.0191459895266863,-0.303642030474405,-0.572808484558983,0.245017378270736,0.817076911694036,0.558394746906768,-0.527680489439249,-0.177318504788345
"600",0,-0.346763866306412,-0.958925782669563,0.524013130597061,-2.10604397354822,-1.51120618773063,-0.416428649433891,-0.135962069060475,-0.0247411626405223,-0.778683149767715,-1.01731600228176,0.573225755678888,-1.25487753556007,-1.40155863315559,-0.540830462877054,-0.1555961886108,-0.0445734002443183,-0.741918245459386,-0.26973131945978,0.553366028230951,-1.18029468333559,-1.29347794903808,-0.575292328986465,-0.113860786417039,-0.0382639442739243,-0.759253601238671,0.433439716945544,-0.543969598576446,-1.53432688309958,-1.07359679182418,-0.650039470011399,-0.048236570436645,-0.0330109162638679,-0.639535815693025,1.33132611434538,-0.0304520336298728,0.278080687139385,-0.0310389345431809,-0.258062014696678,0,-0.0930309953194633,-0.481588184154324,1.47858362970634,0.897017949947205,0.00560351917457189,0.238498311019326,2.17371730844006,-0.0998707974396848,-0.0692112518235939,-0.410266899197836,0.550851699251816,0.414447281445371,-1.83290722328817,-0.884683912965861,2.27190622946675,-0.202993708003753,-0.0191459895266863,-0.303642030474405,-1.17332181098952,0.245017378270736,0.904845870642121,1.58965249581285,1.68417507192279,-0.177318504788345
"601",0,0.767805440878689,0.330795300586854,0.290919690251838,0.994701386553687,1.86988254836228,1.04865673945493,0.0281617991205956,0.100780795649949,0.993917662786584,0.999757862091843,0.0768464655884069,1.05506349019637,1.29148053419773,0.691001767292522,-0.1555961886108,-0.0445734002443183,-0.741918245459386,-1.45958800324114,-0.456649399402975,1.43333321492626,-0.0233446231262145,-0.574697546273115,-0.113860786417039,-0.0382639442739243,-0.759253601238671,-1.68286590474311,0.303404642107127,1.00657188464015,0.19966965691918,-0.376647239159639,-0.048236570436645,-0.0887427223330369,-0.639535815693025,-1.2263086449194,-0.304096538096643,-0.226433662967493,0.990111280309114,2.03563734564328,0,-0.0993997090120755,-0.481588184154324,-0.984477210668762,-1.12171262543579,-1.26160056962335,0.754289828035795,1.25946709597274,-0.0998707974396848,-0.0692112518235939,-0.410266899197836,-1.38433934890509,-0.94661938912733,0.0281795058902826,1.14027554013895,0.245613473539072,-0.202993708003753,-0.0191459895266863,-0.303642030474405,0.027704841871553,0.93422270303842,0.508752131666208,0.0427658724537265,-0.527680489439249,-0.177318504788345
"602",0,-0.346763866306412,0.545748814462924,0.990200011287507,0.154818329342682,-0.277043532629481,-0.416428649433891,-0.135962069060475,-0.0247411626405223,-0.640995384823577,-1.01731600228176,-1.41229140468304,0.728871636556885,0.954850638278565,-0.540830462877054,-0.1555961886108,-0.0445734002443183,-0.741918245459386,-1.62956752949562,-0.624985304008629,1.2699814712849,0.929255371307683,-0.578512178065092,-0.113860786417039,-0.0382639442739243,-0.759253601238671,-1.53139249135053,0.642354338380556,0.847765711656421,-0.635224161117807,-0.650039470011399,-0.048236570436645,-0.0330109162638679,-0.639535815693025,-1.2263086449194,-0.0304520336298728,0.278080687139385,-0.515244371297733,-0.831486854781667,0,-0.0930309953194633,-0.481588184154324,-0.984477210668762,-0.966425658098632,0.480805052473791,0.582359322363638,-0.797595882078731,-0.0998707974396848,-0.0692112518235939,-0.410266899197836,-0.856559972135023,-1.14105748492343,-0.145293492318181,1.14027554013895,0.0429841979463036,-0.202993708003753,-0.0191459895266863,-0.303642030474405,0.422934888394574,0.704487594782526,0.508752131666208,0.902147329875462,0.423060061308045,-0.177318504788345
"603",0,2.99694405524889,1.4748008242585,0.990200011287507,0.474463785857073,-0.0981330258801679,-0.416428649433891,-0.135962069060475,0.16709125331691,1.64788288183065,0.999757862091843,0.0768464655884069,0.563351002862437,1.12316558623815,-0.294464016843139,-0.1555961886108,-0.0445734002443183,0.340510750928121,-0.60969037196874,-1.12999301782559,0.616574496719437,0.322251970663717,-0.292956833346385,-0.113860786417039,-0.0382639442739243,-0.759253601238671,-0.714020477451518,1.1507788827907,1.40903952409615,-0.46824539751041,-0.650039470011399,-0.048236570436645,-0.0330109162638679,-0.639535815693025,-1.2263086449194,-0.513334281189288,0.782595037246263,0.990111280309114,-0.258062014696678,0,-0.112473743219705,-0.481588184154324,-0.984477210668762,-1.12171262543579,-0.944799547423866,1.27008134505226,0.80234198973908,-0.0998707974396848,-0.0692112518235939,1.04245566330703,0.233844827290103,-1.52993367651563,-0.707831402641512,1.14027554013895,0.0429841979463036,-0.202993708003753,-0.0191459895266863,2.41996525083095,1.22873149473262,0.93422270303842,0.904845870642121,0.386518455422421,-0.527680489439249,-0.177318504788345
"604",0,-0.346763866306412,-0.0991117271652847,0.524013130597061,0.773219575117836,0.0807774808691453,-0.416428649433891,-0.135962069060475,-0.0247411626405223,-0.314012775301545,0.999757862091843,-0.915912114592555,-0.0594929283083351,1.12316558623815,-0.0480975708092236,-0.1555961886108,-0.111531751188364,-0.741918245459386,1.09010489057606,0.553366028230951,0.129846351404078,0.675888738758188,0.834006018360537,0.0144976369718045,-0.0382639442739243,-0.759253601238671,0.269703699587538,1.1507788827907,1.00657188464015,0.19966965691918,0.0362833845726408,-0.048236570436645,-0.0330109162638679,-0.639535815693025,-0.267195610195108,1.09627321067543,0.950766487281889,1.1603029827845,0.0286504053458163,0,-0.0930309953194633,-0.481588184154324,0.400994512042235,0.897017949947205,-1.26160056962335,0.238498311019326,0.80234198973908,-0.0998707974396848,-0.0692112518235939,-0.410266899197836,0.726778158175171,0.0255710898531705,-0.332806129092624,0.971528919046879,-0.362274353239232,-0.202993708003753,-0.0191459895266863,-0.303642030474405,0.227875950681732,0.93422270303842,0.310705262178251,-0.300986710514968,-0.527680489439249,-0.177318504788345
"605",0,-0.346763866306412,0.330795300586854,0.290919690251838,0.994701386553687,0.438598494367772,-0.416428649433891,-0.135962069060475,-0.0247411626405223,0.545115854015323,0.999757862091843,0.0768464655884069,-0.552740656252641,1.29148053419773,-0.0480975708092236,-0.1555961886108,-0.0445734002443183,0.410193187752585,-0.43971084571426,-1.12999301782559,-0.200184221487392,1.08802203704667,-0.292956833346385,-0.113860786417039,-0.0382639442739243,-0.759253601238671,-0.325890037678,0.642354338380556,1.00657188464015,0.032690893311783,-0.650039470011399,-0.048236570436645,-0.0887427223330369,-0.639535815693025,-0.267195610195108,0.613390963116015,0.782595037246263,1.1603029827845,0.0286504053458163,0,-0.0530871029039279,-0.481588184154324,-0.984477210668762,-1.12171262543579,-0.944799547423866,0.410428816691482,1.94515475532323,-0.0998707974396848,-0.0692112518235939,-0.410266899197836,-0.152854136441604,-0.36330510173903,-1.0718208073574,0.802782297954812,1.66401840268845,-0.202993708003753,-0.0191459895266863,-0.303642030474405,0.828389277112268,0.93422270303842,0.904845870642121,1.24589991284416,0.455366426721658,-0.177318504788345
"606",0,-0.346763866306412,-0.529018754917424,0.524013130597061,-0.334189482061415,-0.992685559626734,-0.416428649433891,-0.135962069060475,-0.064995348517452,-0.640995384823577,0.44964680817177,0.573225755678888,0.922682789033507,0.281590846440236,-0.540830462877054,-0.1555961886108,-0.0445734002443183,-0.1658625288534,1.09010489057606,-0.28831349479732,0.12651926579534,1.24678870278565,0.270524592507076,-0.113860786417039,-0.0382639442739243,0.527433042140173,0.760911751661556,-1.56081868739673,-0.766107390958711,1.36852100217096,-0.376647239159639,-0.048236570436645,-0.0955165002945717,0.597328934614995,1.33132611434538,-1.47909877630812,-1.23546236318125,0.990111280309114,-0.544774434739172,0,-0.0930309953194633,0.863684766259023,1.47858362970634,-0.966425658098632,-1.26160056962335,0.582359322363638,0.116654330388589,-0.0998707974396848,-0.0692112518235939,0.0739739549704533,1.01595605188455,0.220009185649271,-0.145293492318181,1.14027554013895,-0.159645077646464,-0.202993708003753,-0.0721480760967669,-0.303642030474405,-0.572808484558983,0.0152822700148413,0.112658392690295,-0.472863001999315,-0.527680489439249,-0.177318504788345
"607",0,0.767805440878689,0.975655842215063,0.990200011287507,0.994701386553687,0.180937664508158,-0.416428649433891,-0.135962069060475,-0.0247411626405223,2.95581331991878,0.816387510785152,-0.915912114592555,0.922682789033507,0.618220742359401,-0.540830462877054,-0.1555961886108,-0.0445734002443183,0.122165329449593,-1.28960847698666,-0.793321208614283,1.43333321492626,0.135422042612768,-0.686793606798287,-0.113860786417039,-0.0382639442739243,-0.759253601238671,-1.53139249135053,-0.374494750439731,1.00657188464015,-0.635224161117807,-0.650039470011399,-0.048236570436645,-0.0330109162638679,-0.639535815693025,-1.2263086449194,-1.15717727793518,0.254705616586215,0.309344470407584,-0.831486854781667,0,-0.2305328453566,-0.57457303619538,-0.984477210668762,-1.12171262543579,-0.614447014781793,1.27008134505226,1.07993433500142,-0.0998707974396848,-0.0692112518235939,-0.410266899197836,-0.856559972135023,-0.55774319753513,-0.707831402641512,1.24058624052792,1.66401840268845,-0.202993708003753,-0.0191459895266863,-0.303642030474405,1.22873149473262,0.93422270303842,0.522924152237,1.24589991284416,0.701128155761885,-0.177318504788345
"608",0,-0.346763866306412,-1.17387929654563,-2.04001471320039,-0.112707670625565,1.86988254836228,-0.416428649433891,-0.135962069060475,-0.0247411626405223,-0.640995384823577,-1.01731600228176,1.06960504576937,0.0795836774414227,0.786535690318983,1.18373465936035,-0.1555961886108,-0.0445734002443183,0.122165329449593,0.92012536432158,0.216694219019643,-1.01694293969422,1.08802203704667,1.11574673128727,-0.113860786417039,-0.0382639442739243,2.77913466805315,1.08838378637757,0.70366280550571,1.00657188464015,1.36852100217096,2.0838828385062,-0.048236570436645,-0.0215921147357923,-0.33031962811602,-0.586899955103205,-0.371913511910968,0.446252137175011,0.139152767932202,-0.258062014696678,0,-0.0930309953194633,-0.481588184154324,-0.984477210668762,-1.12171262543579,1.11440709687275,-0.793084723013613,-0.797595882078731,-0.0998707974396848,-0.0692112518235939,-0.410266899197836,-1.38433934890509,-1.33549558071953,1.16729496510292,-1.55967039733413,-0.767532904424768,-0.241258343982871,-0.0191459895266863,-0.303642030474405,-1.17332181098952,-2.5118039208,-1.12931073756557,-1.26203612518711,-0.527680489439249,-0.177318504788345
"609",0,-0.346763866306412,0.330795300586854,0.0578262499066152,0.773219575117836,-0.0981330258801679,-0.416428649433891,-0.135962069060475,-0.0247411626405223,0.114267621603532,-0.100464245748303,-0.915912114592555,0.501133233237465,0.618220742359401,-0.540830462877054,-0.1555961886108,-0.0445734002443183,-0.741918245459386,-1.62956752949562,-1.12999301782559,0.779926240360802,0.294188708351751,-0.574697546273115,-0.113860786417039,-0.0382639442739243,-0.759253601238671,-1.53139249135053,-0.71344444671316,1.00657188464015,1.03456347495617,1.26370614595092,-0.048236570436645,-0.0330109162638679,0.28811274703799,1.33132611434538,1.09627321067543,1.17823388876439,-0.0310389345431809,-0.258062014696678,0,-0.0930309953194633,-0.481588184154324,-0.368712000574986,0.897017949947205,0.322404541374051,-1.48080674570224,-0.797595882078731,-0.0998707974396848,-0.0692112518235939,-0.366167320754653,-0.504707054288313,0.803323473037571,-1.64539458651373,-1.55967039733413,-0.767532904424768,-0.202993708003753,-0.0191459895266863,-0.0389449255788879,1.4289026035428,-0.216731687812803,-2.26390404116519,-1.1603681679367,-0.527680489439249,-0.177318504788345
"610",0,-0.346763866306412,-1.17387929654563,-0.795602895027423,-0.555671293497266,-0.992685559626734,-0.46266822940279,-0.135962069060475,-0.0247411626405223,-0.640995384823577,-0.650575299668376,0.821415400724128,-1.60661454574275,-1.18040397897325,-0.540830462877054,-0.1555961886108,-0.0445734002443183,-0.741918245459386,0.24020725930366,0.216694219019643,-1.36484337693289,-1.29347794903808,-0.574697546273115,-0.113860786417039,-0.0382639442739243,-0.759253601238671,0.760911751661556,-0.882919294849875,-1.21671453713211,-0.802202924725205,-0.650039470011399,-0.048236570436645,-0.0330109162638679,-0.639535815693025,0.691917424529183,0.452430213929543,-0.0100161179203978,0.479536172882967,-0.0418864041224126,0,-0.139036075300454,-0.481588184154324,0.400994512042235,1.05230491728436,0.00560351917457189,-1.48080674570224,1.03090454285591,20.1184173064608,-0.0692112518235939,-0.410266899197836,-0.680633513211668,-0.16886700594293,-1.64539458651373,-1.22217715515,2.06927695387398,5.94507179709886,10.1533601460061,-0.303642030474405,-1.17332181098952,-1.36312837952053,-0.0853884767976621,1.24589991284416,1.43841334288257,-0.177318504788345
"611",0,-0.346763866306412,-1.17387929654563,-2.27310815354561,0.108774140810285,-0.813775052877421,-0.416428649433891,-0.135962069060475,-0.064995348517452,-0.640995384823577,-1.93416775881521,-0.419532824502074,0.501133233237465,-1.42586775068507,-0.540830462877054,-0.1555961886108,-0.0445734002443183,-0.741918245459386,-1.62956752949562,1.39504555125922,-0.526887708770123,-1.29347794903808,-0.574697546273115,-0.113860786417039,-0.0382639442739243,-0.4280743497193,-0.0412446662906312,-0.126068878753265,-1.53432688309958,-0.134287870295615,-0.376647239159639,-0.048236570436645,-0.0330109162638679,0.906545122192,1.33132611434538,-1.15717727793518,-0.563125736634038,1.1603029827845,0.315362825388311,0,-0.0930309953194633,4.56318537989573,1.47858362970634,0.897017949947205,1.27280760797249,1.11775219674771,-0.797595882078731,-0.0998707974396848,3.74986562380231,2.4951782258119,0.0230723224817513,-0.16886700594293,1.16729496510292,-0.378444049689659,-0.767532904424768,-0.202993708003753,-0.0191459895266863,-0.303642030474405,-1.17332181098952,-2.05233370428821,0.706799001154165,-0.988491876452356,-0.527680489439249,-0.177318504788345
"612",0,-0.346763866306412,-0.743972268793493,0.757106570942284,-0.112707670625565,-0.813775052877421,-0.416428649433891,-0.135962069060475,-0.0247411626405223,-0.640995384823577,-0.833945650975067,1.06960504576937,1.13345756693153,0.954850638278565,-0.540830462877054,-0.1555961886108,-0.0445734002443183,-0.741918245459386,-1.11962895073218,1.39504555125922,1.43333321492626,1.24678870278565,0.834006018360537,-0.113860786417039,-0.0909846830221019,-0.759253601238671,-1.53139249135053,-0.71344444671316,-0.422683672213447,1.23108878145109,1.81049060765444,-0.048236570436645,-0.0330109162638679,-0.639535815693025,-1.07619903584294,-1.47909877630812,-1.59704536389185,0.649727875358349,2.89577460577076,0,-0.0930309953194633,-0.481588184154324,-0.984477210668762,-1.98536331242531,-1.10320005852361,1.27008134505226,1.03090454285591,-0.0998707974396848,-0.0692112518235939,-0.410266899197836,-1.38433934890509,-1.52993367651563,0.604757054779594,1.14027554013895,0.245613473539072,-0.202993708003753,-0.0191459895266863,-0.303642030474405,-0.172466266938626,0.704487594782526,0.904845870642121,-0.129110419030621,-0.527680489439249,-0.00295146782928712
"613",0,2.99694405524889,1.4055628699672,-0.175267190438608,-1.22011672780482,-0.992685559626734,-0.416428649433891,-0.135962069060475,0.299712168650831,2.95581331991878,0.816387510785152,-0.915912114592555,1.13345756693153,0.257122822059935,-0.540830462877054,-0.1555961886108,-0.0445734002443183,2.13836033757054,0.24020725930366,-0.961657113219938,0.943277984002168,1.08802203704667,-0.292956833346385,-0.113860786417039,-0.0382639442739243,-0.115910279549249,0.760911751661556,1.1507788827907,0.847765711656421,1.20154223856357,1.53709837680268,-0.048236570436645,-0.0330109162638679,-0.639535815693025,-1.06645647246535,-0.835255779562232,-1.73997671328813,0.819919577833732,-0.258062014696678,0,-0.0930309953194633,-0.481588184154324,-0.984477210668762,-0.915823903274382,-0.786399036324126,1.27008134505226,-0.569033328961901,-0.0998707974396848,-0.0692112518235939,0.0739739549704533,-0.10161972992288,-0.16886700594293,0.792269691554037,-0.209697428597592,-0.767532904424768,-0.202993708003753,-0.0191459895266863,1.76127335410647,1.82924482116316,0.0266915660693769,-0.283435346285619,-1.1603681679367,-0.527680489439249,-0.177318504788345
"614",0,-0.455615383056023,-0.0991117271652847,0.0578262499066152,-0.777153104933116,-0.992685559626734,-0.416428649433891,-0.135962069060475,-0.0247411626405223,-0.640995384823577,0.44964680817177,-1.41229140468304,-2.02816410153879,-1.40155863315559,-0.540830462877054,-0.1555961886108,-0.0445734002443183,-0.1658625288534,0.7501458380671,-0.961657113219938,-1.18029468333559,-1.29347794903808,-0.196175783191005,-0.113860786417039,-0.0382639442739243,0.527433042140173,0.81856716541402,-0.915919289587115,-1.05790836414838,-0.667819027589015,0.175141715710619,-0.048236570436645,-0.0330109162638679,1.52497749734601,1.54634405219357,0.613390963116015,0.446252137175011,0.649727875358349,0.602075245430805,0,-0.0930309953194633,0.863684766259023,1.47858362970634,0.186814818666975,-1.26160056962335,-1.13694573435793,0.444121714965802,-0.0998707974396848,-0.137156312557327,0.0739739549704533,1.25455753494524,-0.75218129333123,-1.45788194973929,0.465289055770677,-0.159645077646464,-0.202993708003753,-0.0191459895266863,-0.303642030474405,0.027704841871553,0.245017378270736,0.112658392690295,-0.472863001999315,-0.527680489439249,-0.177318504788345
"615",0,0.767805440878689,1.83546989771934,0.990200011287507,0.551737763681986,-0.277043532629481,-0.416428649433891,-0.135962069060475,-0.0247411626405223,0.33995244374252,0.999757862091843,-0.915912114592555,-0.552740656252641,0.954850638278565,-0.540830462877054,-0.1555961886108,-0.0445734002443183,-0.741918245459386,-0.472578837001273,1.22670964665357,0.943277984002168,0.135422042612768,-0.574697546273115,-0.113860786417039,-0.0909846830221019,-0.759253601238671,-1.04018443927651,0.303404642107127,1.00657188464015,-0.635224161117807,-0.650039470011399,-0.048236570436645,-0.0330109162638679,-0.639535815693025,-1.2263086449194,-1.47909877630812,-0.238079947404751,0.479536172882967,-0.831486854781667,0,-0.0930309953194633,-0.481588184154324,-0.984477210668762,-1.12171262543579,-0.627998525224387,1.27008134505226,-0.111908222728241,-0.0998707974396848,-0.0692112518235939,-0.410266899197836,-0.856559972135023,-1.14105748492343,-1.27036931296484,1.14027554013895,-0.564903628832,-0.630993743844318,-0.0912709356995593,-0.303642030474405,1.22873149473262,0.474752486526631,0.904845870642121,1.24589991284416,-0.281918760399022,-0.428314520287505
"616",0,-0.346763866306412,-0.964395133209406,0.0578262499066152,-2.54900759641992,-0.992685559626734,-0.416428649433891,-0.135962069060475,-0.064995348517452,-0.640995384823577,-1.20068635358845,0.573225755678888,-2.23893887943681,-1.40155863315559,-0.540830462877054,-0.1555961886108,-0.0445734002443183,-0.741918245459386,0.24020725930366,0.385030123625297,-1.18029468333559,-1.29347794903808,-0.574697546273115,-0.113860786417039,-0.0382639442739243,-0.759253601238671,0.59717573430355,0.133929793970413,-1.21671453713211,-1.3031392155474,-0.650039470011399,-0.048236570436645,-0.0330109162638679,0.597328934614995,1.33132611434538,1.09627321067543,0.950766487281889,0.649727875358349,-0.544774434739172,0,-0.0930309953194633,0.36401417208545,1.47858362970634,0.736878186923688,-0.627998525224387,0.754289828035795,1.7165922022064,-0.0998707974396848,-0.0692112518235939,-0.410266899197836,0.598875548964382,0.608885377241471,-1.45788194973929,0.29654243467861,1.46138912709568,-0.202993708003753,-0.0191459895266863,-0.303642030474405,-1.17332181098952,-0.214452838241053,0.904845870642121,1.24589991284416,0.209604697681432,-0.177318504788345
"617",0,-0.346763866306412,-1.23278049021165,-1.80692127285517,0.514870366361716,0.259687987618459,-0.416428649433891,-0.135962069060475,-0.0247411626405223,-0.640995384823577,-1.93416775881521,0.821415400724128,0.922682789033507,-1.233243685196,-0.540830462877054,-0.1555961886108,-0.0445734002443183,-0.741918245459386,-0.26973131945978,1.56338145586488,-0.853591196052854,-1.29347794903808,-0.574697546273115,-0.113860786417039,-0.0382639442739243,0.527433042140173,1.08838378637757,-0.374494750439731,-0.58148984519718,0.19966965691918,-0.650039470011399,-0.048236570436645,-0.0330109162638679,2.45262606007703,1.33132611434538,0.613390963116015,0.950766487281889,1.1603029827845,-0.142222460870164,0,6.08960719964629,4.20202152332249,1.47858362970634,0.741730982610052,1.11440709687275,0.410428816691482,-0.797595882078731,-0.0998707974396848,15.20709625068,3.94790078831677,-0.680633513211668,-1.33549558071953,1.16729496510292,-0.378444049689659,-0.892655774944692,-0.202993708003753,-0.0191459895266863,-0.303642030474405,-1.17332181098952,-1.59286348777642,0.904845870642121,-0.300986710514968,-0.527680489439249,-0.177318504788345
"618",0,-0.346763866306412,-1.17387929654563,-2.73929503423606,0.108774140810285,-0.455954039378794,-0.416428649433891,-0.135962069060475,-0.0247411626405223,-0.640995384823577,-1.93416775881521,-2.405049984864,0.922682789033507,-1.40155863315559,-0.540830462877054,-0.1555961886108,-0.111531751188364,-0.741918245459386,-1.59889464371051,0.385030123625297,0.289871009436705,-1.29347794903808,-0.574697546273115,-0.113860786417039,-0.0382639442739243,-0.759253601238671,-1.04018443927651,-0.57081280377641,-1.53432688309958,-0.802202924725205,2.0838828385062,-0.048236570436645,-0.0330109162638679,-0.33031962811602,1.01162176943728,-0.996216528748704,-1.73997671328813,0.819919577833732,0.8887876654733,0,1.02120633258922,2.88159419187904,1.47858362970634,1.20759188462151,0.79760607467327,1.27008134505226,-0.569033328961901,-0.0998707974396848,-0.0692112518235939,3.94790078831677,0.374925240328461,-0.369914796791843,0.964643452468908,0.29654243467861,-0.767532904424768,-0.202993708003753,-0.0191459895266863,-0.303642030474405,-1.17332181098952,-2.7415390290559,0.112658392690295,-0.816615584968009,-0.527680489439249,-0.177318504788345
"619",0,0.767805440878689,1.4055628699672,0.990200011287507,0.122092248673903,-0.0981330258801679,-0.416428649433891,-0.135962069060475,-0.0247411626405223,0.571815838850838,0.44964680817177,-0.667722469547314,1.13345756693153,0.618220742359401,-0.540830462877054,-0.1555961886108,-0.0445734002443183,-0.741918245459386,-1.45958800324114,0.721701932836606,1.43333321492626,-0.34087795460418,-0.574697546273115,-0.113860786417039,-0.0382639442739243,-0.759253601238671,-0.22150435248648,1.1507788827907,-0.10507132624598,-1.3031392155474,-0.721003714493002,-0.0111937918009328,-0.0330109162638679,-0.639535815693025,-0.746752127557253,0.3254511297881,0.446252137175011,-1.56276425682162,-0.831486854781667,0,-0.0930309953194633,-0.481588184154324,-0.984477210668762,-0.811138690761479,1.11440709687275,0.0665678053471691,-0.797595882078731,-0.204059283211876,-0.0692112518235939,-0.410266899197836,-0.856559972135023,-0.36330510173903,0.41724441800515,0.707627003778567,-0.159645077646464,-0.202993708003753,-0.0191459895266863,0.642210059291312,1.62907371235298,1.18956147136197,0.904845870642121,1.58965249581285,1.19265161384234,0.501372339294522
"620",0,-0.346763866306412,0.115841786710785,0.990200011287507,-0.777153104933116,-0.992685559626734,-0.213348763741853,-0.135962069060475,-0.0247411626405223,0.0129698342204877,0.448421545955647,0.573225755678888,0.922682789033507,-1.40155863315559,-0.540830462877054,-0.1555961886108,-0.0445734002443183,-0.1658625288534,1.09010489057606,1.05837374204791,1.43333321492626,0.135422042612768,-0.574697546273115,-0.113860786417039,-0.0382639442739243,-0.759253601238671,-0.22150435248648,0.981304034653986,1.00657188464015,1.03456347495617,-0.376647239159639,-0.048236570436645,-0.0330109162638679,-0.97582679569022,-0.979596974851381,-1.47909877630812,-1.73997671328813,0.649727875358349,1.17550008551579,0,-0.0930309953194633,-0.481588184154324,-0.984477210668762,-1.12171262543579,-1.26160056962335,-0.96501522868577,2.17371730844006,-0.0998707974396848,-0.0692112518235939,-0.410266899197836,-0.856559972135023,-1.14105748492343,-1.0828566761904,0.0265692580829241,2.27190622946675,-0.202993708003753,-0.0191459895266863,-0.303642030474405,0.227875950681732,0.245017378270736,0.904845870642121,1.07402362135981,1.68417507192279,-0.177318504788345
"621",0,-0.346763866306412,-1.17387929654563,-0.175267190438608,-1.66308035067652,-0.992685559626734,-0.524630865025803,-0.135962069060475,-0.0247411626405223,-0.640995384823577,-1.93416775881521,0.573225755678888,-1.1850649899467,-1.233243685196,-0.540830462877054,-0.1555961886108,-0.0445734002443183,-0.741918245459386,-0.386290232427477,1.05837374204791,0.12651926579534,-0.0233446231262145,-0.574697546273115,-0.113860786417039,-0.0382639442739243,-0.759253601238671,0.105967682229532,-0.200800220676272,0.0537348467377536,-0.301266633903012,-0.650039470011399,-0.048236570436645,-0.0330109162638679,1.45006933246656,1.33132611434538,-0.67429503037576,0.614423587210637,0.479536172882967,0.0286504053458163,0,-0.0930309953194633,2.20895771667237,1.47858362970634,0.507698939139786,1.11440709687275,0.926220333707951,0.57377943662225,-0.0998707974396848,-0.0692112518235939,-0.410266899197836,-0.680633513211668,-0.36330510173903,-0.332806129092624,-0.740775425659079,-0.767532904424768,-0.202993708003753,-0.0191459895266863,-0.303642030474405,-1.17332181098952,-0.903658163008738,-0.714403944773493,-1.1603681679367,-0.527680489439249,-0.177318504788345
"622",0,-0.346763866306412,0.545748814462924,0.290919690251838,-0.998634916368966,-0.0981330258801679,-0.416428649433891,-0.135962069060475,-0.0247411626405223,0.0129698342204877,0.999757862091843,0.573225755678888,0.170905772310291,1.12316558623815,-0.0480975708092236,-0.1555961886108,-0.0445734002443183,0.917478738846081,0.0702277330491799,-0.433395408624967,-0.606357038239759,-0.0233446231262145,0.552265305433806,-0.0407717787552761,-0.0382639442739243,1.81411968551902,-0.22150435248648,-1.56081868739673,-1.53432688309958,-0.635224161117807,1.53709837680268,-0.048236570436645,-0.0330109162638679,1.83419368492302,0.0525087347129891,-1.47909877630812,-1.73997671328813,-0.0431796794980392,1.46221250555829,0,-0.0930309953194633,0.863684766259023,1.01675972213601,-1.12171262543579,-1.26160056962335,0.754289828035795,0.80234198973908,0.371183773346114,-0.0692112518235939,-0.410266899197836,1.07863107602188,0.0255710898531705,0.133336559479857,0.971528919046879,-0.159645077646464,-0.136957735933647,-0.0191459895266863,-0.303642030474405,0.027704841871553,0.663015031956443,0.508752131666208,0.08915038461019,-0.527680489439249,-0.177318504788345
"623",0,-0.346763866306412,0.545748814462924,0.757106570942284,0.773219575117836,-0.0981330258801679,-0.416428649433891,-0.2360368112321,-0.0247411626405223,1.32090027230862,0.999757862091843,-1.1641017596378,-1.1850649899467,0.954850638278565,0.273005154626498,-0.0514425934462719,-0.0445734002443183,1.56230462096456,1.09010489057606,-0.119977590191666,-0.00547501540073438,1.24678870278565,0.270524592507076,-0.113860786417039,-0.0382639442739243,-0.759253601238671,0.647507571547608,1.1507788827907,0.531215771828035,0.19966965691918,-0.650039470011399,-0.048236570436645,-0.0330109162638679,-0.33031962811602,0.691917424529183,1.09627321067543,0.446252137175011,-1.56276425682162,-0.831486854781667,0,-0.0930309953194633,0.527366528655686,1.3246423271829,-0.500564756087173,0.79760607467327,-0.277293205997144,-0.797595882078731,-0.0998707974396848,-0.0692112518235939,1.04245566330703,0.0230723224817513,-0.798725468536478,0.0422191444562627,-0.0409508075055244,-0.767532904424768,-0.202993708003753,-0.0191459895266863,-0.303642030474405,0.227875950681732,0.907491239195563,0.508752131666208,0.016047920048559,-0.527680489439249,-0.177318504788345
"624",0,-0.346763866306412,1.16308821042451,0.990200011287507,0.994701386553687,1.33315102811434,0.756839985377011,-0.135962069060475,-0.0247411626405223,0.0129698342204877,0.999757862091843,0.573225755678888,-0.34196587835462,-0.0550390494789284,1.43010110539427,-0.1555961886108,-0.0445734002443183,1.27427676266156,1.09010489057606,-0.456649399402975,-1.18029468333559,-1.29347794903808,-0.574697546273115,-0.113860786417039,-0.0382639442739243,3.10080632889786,1.08838378637757,0.23675449914561,0.37134719270522,-1.13616045194,-0.650039470011399,-0.048236570436645,-0.0330109162638679,-0.0211034405390152,0.0565707946208551,0.130508715556599,0.950766487281889,-0.0310389345431809,-0.831486854781667,0,-0.0930309953194633,-0.481588184154324,-0.830535908145318,-1.12171262543579,0.63920556357353,0.582359322363638,-0.797595882078731,-0.0998707974396848,-0.17930030658581,-0.410266899197836,1.25455753494524,0.414447281445371,1.16729496510292,-0.547190670781726,-0.767532904424768,-0.202993708003753,-0.0191459895266863,-0.303642030474405,1.4289026035428,0.93422270303842,-0.481482215773575,-1.1603681679367,-0.527680489439249,-0.177318504788345
"625",0,-0.346763866306412,2.26537692547148,0.390082634492998,0.994701386553687,1.1577007860955,2.51674293759336,-0.135962069060475,-0.0247411626405223,-0.640995384823577,0.082906105558388,-1.1641017596378,-1.39583976784473,-1.06492873723642,-0.0480975708092236,-0.1555961886108,-0.0445734002443183,-0.741918245459386,0.24020725930366,-0.961657113219938,-1.18029468333559,-1.29347794903808,-0.917077528185116,-0.113860786417039,-0.0382639442739243,0.849104702984884,0.924647769019562,-0.543969598576446,-1.37552071011585,-1.3031392155474,-0.650039470011399,-0.048236570436645,-0.0330109162638679,-0.0211034405390152,0.0525087347129891,0.130508715556599,0.782595037246263,-0.196466988317282,-0.831486854781667,0,-0.0930309953194633,-0.481588184154324,-0.984477210668762,-1.12171262543579,-0.627998525224387,0.410428816691482,-0.797595882078731,-0.0998707974396848,-0.0692112518235939,0.558214809138742,0.198998781405106,-1.91880986810783,-0.332806129092624,-0.209697428597592,-0.767532904424768,-0.224208841924749,-0.0191459895266863,-0.303642030474405,1.02856038592245,0.102034582529982,0.310705262178251,-0.988491876452356,-0.527680489439249,-0.177318504788345
"626",0,-0.346763866306412,0.115841786710785,0.990200011287507,0.994701386553687,0.259687987618459,-0.416428649433891,-0.135962069060475,-0.0247411626405223,-0.314012775301545,0.816387510785152,1.06960504576937,-0.0293884625721717,0.281590846440236,-0.540830462877054,-0.1555961886108,-0.0445734002443183,-0.741918245459386,0.92012536432158,0.721701932836606,-1.18029468333559,-1.29347794903808,-0.574697546273115,-0.113860786417039,-0.0382639442739243,-0.759253601238671,-0.548976387202492,1.1507788827907,-1.21671453713211,-1.3031392155474,-0.650039470011399,-0.048236570436645,-0.0330109162638679,-0.995619440431504,-1.2263086449194,0.130508715556599,-0.0582622129318667,-1.56276425682162,-0.831486854781667,0,-0.0930309953194633,-0.481588184154324,-0.984477210668762,-0.0347038540757136,0.95600658577301,-1.48080674570224,-0.797595882078731,-0.0998707974396848,-0.0692112518235939,-0.410266899197836,-0.504707054288313,0.414447281445371,1.16729496510292,-0.937390382396875,-0.767532904424768,-0.202993708003753,-0.0191459895266863,-0.303642030474405,0.628218168302089,0.93422270303842,-0.283435346285619,-1.1603681679367,-0.527680489439249,0.0136143433033553
"627",0,-0.346763866306412,-0.0991117271652847,0.757106570942284,-0.334189482061415,0.266513079558211,0.756839985377011,-0.135962069060475,-0.0247411626405223,-0.640995384823577,0.266276456865079,0.0768464655884069,-0.843119445773778,0.954850638278565,1.43010110539427,0.0868684210879407,-0.0445734002443183,-0.741918245459386,0.24020725930366,0.0483583144139882,-1.01694293969422,1.08802203704667,0.834006018360537,-0.113860786417039,-0.0382639442739243,-0.759253601238671,-0.548976387202492,0.981304034653986,-0.263877499229713,1.03456347495617,-0.650039470011399,-0.048236570436645,-0.0330109162638679,-0.452365989461993,-0.586899955103205,0.774351712302486,0.950766487281889,-1.22238085187086,-0.831486854781667,0,-0.0930309953194633,0.527366528655686,1.47858362970634,0.586444015272899,0.63920556357353,-0.621154217341457,-0.797595882078731,-0.0998707974396848,-0.0692112518235939,2.97941907998019,1.07863107602188,-0.55774319753513,-0.707831402641512,0.802782297954812,-0.767532904424768,-0.202993708003753,-0.0191459895266863,-0.303642030474405,0.227875950681732,0.245017378270736,0.904845870642121,0.548540309908147,-0.527680489439249,-0.177318504788345
"628",0,-0.346763866306412,-1.17387929654563,-0.636812777492832,0.551737763681986,1.33315102811434,0.756839985377011,-0.135962069060475,-0.0247411626405223,-0.640995384823577,-0.833945650975067,0.573225755678888,-0.974290212048683,0.281590846440236,2.41556688952993,-0.1555961886108,-0.0445734002443183,-0.741918245459386,-0.0997517932053001,0.89003783744226,-0.200184221487392,1.08802203704667,1.397487444214,-0.346014556235589,-0.0382639442739243,-0.43758194039396,0.269703699587538,1.1507788827907,0.847765711656421,-0.46824539751041,-0.650039470011399,-0.048236570436645,-0.0330109162638679,1.52497749734601,1.33132611434538,1.09627321067543,0.85820867114031,-1.56276425682162,-0.831486854781667,0,-0.0930309953194633,1.87263947906903,1.47858362970634,0.275870080598593,0.678959255671311,0.0665678053471691,-0.797595882078731,-0.0998707974396848,0.0570442768917309,0.0739739549704533,0.550851699251816,-0.36330510173903,-0.520318765867068,1.14027554013895,-0.767532904424768,-0.202993708003753,-0.0191459895266863,-0.303642030474405,-0.772979593369162,-0.214452838241053,0.112658392690295,1.07402362135981,-0.527680489439249,-0.177318504788345
"629",0,-0.346763866306412,-0.743972268793493,0.290919690251838,-0.555671293497266,-0.813775052877421,-0.416428649433891,-0.135962069060475,-0.0247411626405223,-0.314012775301545,0.44964680817177,-1.1641017596378,0.922682789033507,-0.559983893357675,-0.540830462877054,-0.1555961886108,7.16320761573411,3.57849962908551,-0.0997517932053001,-1.12999301782559,1.2699814712849,-0.975944617560112,-0.574697546273115,-0.113860786417039,-0.0382639442739243,1.17077636382959,0.59717573430355,-0.374494750439731,0.530153365688954,-1.3031392155474,-0.650039470011399,-0.048236570436645,-0.0330109162638679,-0.639535815693025,-0.427047782649156,1.09627321067543,-0.394605113003119,-1.56276425682162,-0.831486854781667,0,-0.0930309953194633,-0.481588184154324,-0.830535908145318,1.20759188462151,0.95600658577301,-1.13694573435793,-0.797595882078731,-0.0998707974396848,-0.0692112518235939,-0.410266899197836,-0.680633513211668,0.414447281445371,-0.707831402641512,0.29654243467861,-0.767532904424768,-0.202993708003753,-0.0912709356995593,-0.303642030474405,-1.17332181098952,-0.214452838241053,0.904845870642121,0.214642163938074,-0.527680489439249,-0.291727751641835
"630",0,4.11151336243399,2.05042341159541,0.990200011287507,0.994701386553687,1.86988254836228,1.05015714407974,-0.135962069060475,-0.0247411626405223,1.64788288183065,0.999757862091843,0.325036110633647,-0.974290212048683,-0.728298841317257,-0.294464016843139,-0.1555961886108,-0.0445734002443183,2.13836033757054,1.09010489057606,-0.119977590191666,-0.853591196052854,-1.29347794903808,-0.574697546273115,-0.113860786417039,-0.0382639442739243,2.13579134636373,1.08838378637757,1.1507788827907,1.00657188464015,-0.635224161117807,-0.650039470011399,-0.049335153206293,-0.0330109162638679,-0.639535815693025,-0.975743601441366,-1.31813802712165,0.614423587210637,0.139152767932202,-0.831486854781667,0,-0.0930309953194633,-0.481588184154324,-0.984477210668762,-1.12171262543579,0.63920556357353,0.582359322363638,-0.797595882078731,-0.0998707974396848,-0.0692112518235939,1.04245566330703,0.198998781405106,0.220009185649271,1.16729496510292,-0.378444049689659,-0.767532904424768,-0.202993708003753,-0.0191459895266863,2.7937310463969,1.82924482116316,0.93422270303842,-1.07562282423745,-1.1603681679367,-0.527680489439249,-0.177318504788345
"631",0,0.767805440878689,0.975655842215063,0.990200011287507,0.330255952246136,-0.316358199026587,-0.550592760203398,-0.135962069060475,-0.0247411626405223,1.64788288183065,0.999757862091843,-1.41229140468304,0.290358455339444,0.618220742359401,-0.294464016843139,-0.1555961886108,-0.0445734002443183,2.13836033757054,0.58016631181262,-1.12999301782559,0.289871009436705,1.24678870278565,0.552265305433806,-0.113860786417039,-0.0382639442739243,0.527433042140173,1.08838378637757,-0.0355450541663019,0.688959538672687,1.36852100217096,0.716921684247398,-0.048236570436645,-0.0330109162638679,-0.639535815693025,-0.427047782649156,-0.191412782816345,0.109909237103759,1.1603029827845,0.742173663091538,0,-0.0930309953194633,-0.481588184154324,-0.984477210668762,-1.12171262543579,-1.26160056962335,1.27008134505226,1.25946709597274,-0.0998707974396848,-0.345527980963434,-0.410266899197836,0.0703400094661169,-0.95040520434581,-1.64539458651373,0.802782297954812,1.05613057591014,-0.202993708003753,-0.0191459895266863,-0.303642030474405,1.22873149473262,0.93422270303842,0.904845870642121,1.67025033314707,1.19265161384234,-0.177318504788345
"632",0,0.0911023615564485,0.760702328338993,-0.0229860552808977,0.108774140810285,0.0807774808691453,-0.0842078086298505,-0.135962069060475,-0.0247411626405223,0.993917662786584,0.999757862091843,0.325036110633647,-0.552740656252641,0.281590846440236,-0.0480975708092236,-0.1555961886108,-0.0445734002443183,0.410193187752585,0.7501458380671,-0.961657113219938,-1.18029468333559,-1.29347794903808,-0.574697546273115,-0.113860786417039,-0.0286402707100998,-0.115910279549249,1.08838378637757,0.811829186517271,-0.899102191164647,-1.3031392155474,-0.650039470011399,-0.048236570436645,-0.0330109162638679,0.906545122192,1.33132611434538,0.935312461488958,0.950766487281889,-0.881997446920094,-0.831486854781667,0,-0.0930309953194633,-0.481588184154324,-0.984477210668762,-0.966425658098632,0.480805052473791,1.27008134505226,-0.111908222728241,-0.0998707974396848,-0.0692112518235939,-0.410266899197836,-0.328780595364958,-0.75218129333123,0.979782328328481,0.971528919046879,-0.564903628832,-0.202993708003753,-0.0191459895266863,-0.303642030474405,0.227875950681732,0.245017378270736,-0.283435346285619,-0.644739293483662,-0.527680489439249,-0.177318504788345
"633",0,-0.346763866306412,1.62051638384327,0.990200011287507,-1.44159853924067,-0.992685559626734,-0.416428649433891,-0.135962069060475,-0.0247411626405223,0.457617977899304,0.999757862091843,0.0768464655884069,0.922682789033507,-1.40155863315559,-0.540830462877054,-0.1555961886108,-0.0445734002443183,-0.741918245459386,-1.11962895073218,-0.624985304008629,0.779926240360802,-0.658411286082146,-0.574697546273115,-0.113860786417039,-0.0382639442739243,-0.759253601238671,-1.53139249135053,-1.56081868739673,0.37134719270522,-0.301266633903012,-0.650039470011399,-0.048236570436645,-0.0539306280597664,-0.639535815693025,-1.2263086449194,-1.47909877630812,0.614423587210637,-0.371422339493946,-0.831486854781667,0,-0.0930309953194633,-0.481588184154324,-0.984477210668762,-0.811138690761479,1.27280760797249,-0.621154217341457,-0.797595882078731,-0.0998707974396848,-0.0692112518235939,-0.410266899197836,-0.504707054288313,0.803323473037571,0.676521209365623,-0.0409508075055244,0.0429841979463036,-0.202993708003753,-0.0191459895266863,-0.303642030474405,1.82924482116316,0.93422270303842,0.310705262178251,0.902147329875462,3.40450717520438,1.57294565917274
"634",0,0.767805440878689,2.05042341159541,-1.34073439216472,-2.54900759641992,-0.992685559626734,-0.416428649433891,-0.0769963983132041,-0.0247411626405223,1.64788288183065,0.999757862091843,-0.150048287811654,-2.23893887943681,-1.40155863315559,-0.540830462877054,-0.1555961886108,-0.0445734002443183,2.42638819587353,0.7501458380671,0.404297570732411,-0.642478124124006,-1.29347794903808,-0.574697546273115,-0.113860786417039,-0.0382639442739243,-0.115910279549249,-0.22150435248648,0.981304034653986,-1.53432688309958,-1.3031392155474,-0.352569626985403,-0.0111937918009328,-0.267605534973144,-0.639535815693025,1.01162176943728,0.130508715556599,-1.73997671328813,-1.56276425682162,-0.692714903995972,0,-0.0930309953194633,1.20000300386236,1.47858362970634,-0.655851723424326,-1.26160056962335,-1.48080674570224,-0.797595882078731,-0.0998707974396848,-0.0692112518235939,4.43214164248506,1.43048399386859,0.572269745668851,1.16729496510292,0.465289055770677,0.245613473539072,-0.202993708003753,-0.0191459895266863,2.7937310463969,1.82236850968955,0.93422270303842,0.112658392690295,1.24589991284416,2.91298371712393,-0.177318504788345
"635",0,-0.346763866306412,0.760702328338993,0.990200011287507,-1.22011672780482,-0.981995761843428,-0.416428649433891,-0.135962069060475,-0.0247411626405223,0.0129698342204877,0.633017159478461,1.06960504576937,1.13345756693153,-0.0550390494789284,0.198268875224692,-0.1555961886108,-0.0445734002443183,-0.741918245459386,0.7501458380671,1.56338145586488,1.43333321492626,1.24678870278565,2.52445029592092,-0.113860786417039,-0.0382639442739243,-0.759253601238671,0.760911751661556,1.1507788827907,0.37134719270522,-0.46824539751041,-0.376647239159639,-0.048236570436645,-0.0330109162638679,-0.639535815693025,0.212360907167038,1.09627321067543,-0.132215988359339,-1.56276425682162,-0.831486854781667,0,-0.0930309953194633,-0.294559186103933,1.3246423271829,1.36287885195866,0.499591920143316,-1.48080674570224,-0.797595882078731,-0.0998707974396848,-0.0692112518235939,-0.410266899197836,1.43048399386859,1.73614611279759,-0.332806129092624,-1.55967039733413,-0.771884780573822,-0.202993708003753,-0.0191459895266863,-0.303642030474405,0.828389277112268,0.245017378270736,-2.06585717167723,-1.1603681679367,-0.527680489439249,-0.177318504788345
"636",0,-0.346763866306412,0.975655842215063,0.524013130597061,0.108774140810285,-0.992685559626734,-0.416428649433891,-0.135962069060475,-0.0247411626405223,0.0129698342204877,0.999757862091843,-0.915912114592555,-1.60661454574275,-1.40155863315559,-0.540830462877054,-0.1555961886108,-0.0445734002443183,0.698221046055578,1.09010489057606,0.89003783744226,0.616574496719437,-1.13471128329909,-0.574697546273115,-0.113860786417039,-0.0382639442739243,-0.115910279549249,0.433439716945544,1.0969962064549,0.0537348467377536,-0.409211756249261,-0.376647239159639,-0.048236570436645,-0.0330109162638679,-0.639535815693025,-1.2263086449194,-1.47909877630812,-1.73997671328813,0.479536172882967,0.677344193157609,0,-0.0930309953194633,-0.481588184154324,-0.984477210668762,-1.12171262543579,-1.26160056962335,0.47627324264213,1.94515475532323,-0.0998707974396848,-0.0692112518235939,0.558214809138742,1.07863107602188,-1.14105748492343,-1.0828566761904,0.634035676862745,1.05613057591014,-0.202993708003753,-0.0191459895266863,-0.303642030474405,0.828389277112268,0.474752486526631,0.706799001154165,0.472794171337226,-0.281918760399022,-0.177318504788345
"637",0,-0.346763866306412,-0.958925782669563,0.757106570942284,0.330255952246136,-0.813775052877421,-0.416428649433891,-0.135962069060475,-0.0247411626405223,-0.640995384823577,-0.467204948361685,1.06960504576937,0.88093837380755,-0.0550390494789284,-0.540830462877054,-0.1555961886108,21.578769647691,3.00244391247952,1.09010489057606,0.602541338708464,1.43333321492626,-0.34087795460418,-0.628785672218539,-0.093550941189628,-0.0382639442739243,2.13579134636373,-0.22150435248648,-0.0355450541663019,1.00657188464015,-0.301266633903012,-0.650039470011399,-0.048236570436645,-0.0330109162638679,-0.639535815693025,-1.2263086449194,0.130508715556599,0.950766487281889,-1.39257255434624,-0.831486854781667,0,-0.0930309953194633,-0.481588184154324,-0.984477210668762,0.741730982610052,1.27280760797249,-1.3088479640579,-0.797595882078731,-0.0998707974396848,0.16945755468768,-0.410266899197836,-1.38433934890509,1.19219966462977,0.792269691554037,-1.39092377624206,-0.767532904424768,-0.286054165429659,-0.0191459895266863,-0.329408154377447,-1.17332181098952,0.539610339150189,0.904845870642121,-0.336409613308123,-0.527680489439249,-0.177318504788345
"638",0,-0.346763866306412,-1.17387929654563,-2.24722103155013,-0.112707670625565,1.69097204161296,0.385923077309685,-0.135962069060475,-0.0247411626405223,-0.640995384823577,-1.61884807715959,-0.08249212209035,1.13345756693153,1.29148053419773,0.198268875224692,-0.161003150757022,-0.0445734002443183,-0.00957724395501708,0.0702277330491799,1.56338145586488,1.43333321492626,0.776286241588224,-0.344287256179087,-0.113860786417039,-0.0382639442739243,2.13579134636373,1.08838378637757,1.1507788827907,1.00657188464015,0.867584711348771,-0.650039470011399,-0.048236570436645,-0.0330109162638679,2.76184224765403,1.01162176943728,-0.191412782816345,0.950766487281889,-0.0310389345431809,-0.831486854781667,0,-0.261018597532934,-0.481588184154324,-0.984477210668762,-1.12171262543579,1.27280760797249,0.739959093150539,-0.797595882078731,-0.0998707974396848,-0.0692112518235939,-0.410266899197836,-1.38433934890509,-1.91880986810783,0.979782328328481,0.634035676862745,-0.767532904424768,-0.202993708003753,-0.0191459895266863,-0.303642030474405,-1.17332181098952,-2.7415390290559,0.112658392690295,0.558394746906768,-0.527680489439249,-0.177318504788345
"639",0,0.767805440878689,1.62051638384327,0.990200011287507,-1.35478320905217,-0.992685559626734,-0.416428649433891,-0.135962069060475,0.13393602448343,1.32090027230862,0.999757862091843,0.573225755678888,0.818835024981334,-1.40155863315559,-0.540830462877054,-0.1555961886108,-0.0445734002443183,0.698221046055578,0.24020725930366,0.216694219019643,1.2699814712849,-1.29347794903808,-0.758938522130264,-0.113860786417039,-0.0382639442739243,-0.759253601238671,-1.53139249135053,0.472879490243842,-0.10507132624598,-1.3031392155474,-0.650039470011399,-0.048236570436645,-0.0330109162638679,-0.639535815693025,-0.301019723420819,1.09627321067543,-0.73094801307437,-1.56276425682162,-0.831486854781667,0,-0.0930309953194633,-0.145269946550987,1.01675972213601,0.897017949947205,-1.10320005852361,-1.48080674570224,-0.797595882078731,-0.0998707974396848,-0.0692112518235939,4.91638249665334,1.43048399386859,1.19219966462977,1.16729496510292,1.14027554013895,0.245613473539072,-0.202993708003753,-0.0191459895266863,1.41514015772695,1.22873149473262,0.474752486526631,0.706799001154165,1.58965249581285,0.701128155761885,-0.177318504788345
"640",0,-0.346763866306412,0.330795300586854,0.221955620998731,-0.112707670625565,-0.992685559626734,-0.416428649433891,-0.135962069060475,-0.0247411626405223,2.30184810087471,-0.100464245748303,0.165247484783067,-0.46431414076327,0.618220742359401,-0.540830462877054,-0.148510960911197,-0.0445734002443183,1.85033247926755,0.803487431732771,-1.12999301782559,-1.18029468333559,-0.658411286082146,-0.292956833346385,-0.113860786417039,-0.0382639442739243,1.49244802467431,1.08838378637757,0.811829186517271,-0.10507132624598,-1.3031392155474,-0.650039470011399,-0.0885116476043009,-0.0330109162638679,-0.639535815693025,-0.107343437741059,0.613390963116015,0.950766487281889,-0.541614041969328,-1.21733462241585,0,-0.0930309953194633,-0.481588184154324,-0.984477210668762,-1.12171262543579,0.63920556357353,0.0665678053471691,-0.797595882078731,-0.0998707974396848,-0.0692112518235939,-0.410266899197836,-0.806990518382957,0.0255710898531705,1.16729496510292,-0.209697428597592,-0.767532904424768,-0.202993708003753,-0.0191459895266863,-0.303642030474405,-0.172466266938626,0.93422270303842,0.508752131666208,-0.644739293483662,-0.527680489439249,-0.177318504788345
"641",0,-0.256730606621016,-0.743972268793493,0.757106570942284,-1.88456216211237,-1.01825784345702,-0.416428649433891,-0.135962069060475,-0.0247411626405223,-0.640995384823577,-1.56742705620183,0.573225755678888,-0.131191100456599,-1.40155863315559,-0.540830462877054,-0.1555961886108,-0.0445734002443183,-0.741918245459386,0.92012536432158,1.56338145586488,1.10662972764353,-1.29347794903808,-0.574697546273115,-0.113860786417039,-0.0382639442739243,-0.759253601238671,-0.548976387202492,0.472879490243842,1.00657188464015,-1.3031392155474,-0.650039470011399,-0.048236570436645,-0.0330109162638679,-0.639535815693025,-1.2263086449194,-1.31813802712165,0.950766487281889,-1.22238085187086,-0.831486854781667,0,-0.0136621966722323,-0.481588184154324,-0.984477210668762,-1.12171262543579,0.79760607467327,-0.4492237116693,-0.797595882078731,-0.0998707974396848,-0.00222995130036658,-0.410266899197836,0.0230723224817513,0.803323473037571,0.792269691554037,0.135715562196203,0.853501300317375,3.48584559505782,-0.0191459895266863,-0.303642030474405,-0.772979593369162,-0.214452838241053,0.112658392690295,0.902147329875462,2.6672219880837,7.69887023303652
"642",0,-0.0826615678737777,0.0251127074434551,-0.216238113545616,0.330255952246136,1.86988254836228,2.22342577889064,-0.135962069060475,-0.0247411626405223,0.0129698342204877,0.999757862091843,1.06960504576937,0.0795836774414227,-0.0550390494789284,-0.0480975708092236,-0.244137988809859,-0.0445734002443183,-0.453890387156393,0.92012536432158,0.385030123625297,-1.18029468333559,-1.29347794903808,-0.574697546273115,-0.113860786417039,-0.0909846830221019,-0.759253601238671,-0.057768335128474,1.1507788827907,-0.10507132624598,-1.13616045194,-0.650039470011399,-0.048236570436645,-0.0330109162638679,-0.639535815693025,-1.2263086449194,-1.31813802712165,0.446252137175011,0.119388255400938,-0.831486854781667,0,-0.0930309953194633,-0.481588184154324,-0.984477210668762,-1.12171262543579,-0.944799547423866,1.09815083938011,-0.797595882078731,-0.0998707974396848,-0.196458170731973,-0.410266899197836,-1.38433934890509,-1.14105748492343,0.979782328328481,-0.715937291873794,-0.767532904424768,-0.202993708003753,-0.0191459895266863,-0.303642030474405,0.227875950681732,0.474752486526631,-1.66976343270132,-1.1603681679367,-0.527680489439249,-0.177318504788345
"643",0,1.88237474806379,1.62051638384327,0.990200011287507,0.551737763681986,-0.455954039378794,-0.416428649433891,-0.135962069060475,-0.0247411626405223,0.0129698342204877,-0.0305617749590959,-0.171343179456834,1.13345756693153,-0.0550390494789284,-0.540830462877054,-0.1555961886108,-0.0445734002443183,-0.741918245459386,-1.11962895073218,1.56338145586488,0.779926240360802,-1.13471128329909,-0.574697546273115,-0.113860786417039,-0.0382639442739243,-0.759253601238671,-1.36765647399252,0.303404642107127,0.688959538672687,-0.969181688332602,-0.650039470011399,-0.048236570436645,-0.0330109162638679,-0.639535815693025,-1.2263086449194,-1.47909877630812,-0.562776563038745,0.649727875358349,-0.831486854781667,0,-0.0930309953194633,-0.481588184154324,-0.984477210668762,-1.12171262543579,-1.26160056962335,0.91001246728922,0.80234198973908,-0.0998707974396848,-0.0692112518235939,0.593241847657434,-0.0930766589863907,-1.14105748492343,-1.0828566761904,0.634035676862745,0.650872024724607,-0.202993708003753,-0.0191459895266863,1.76127335410647,1.02856038592245,0.93422270303842,0.112658392690295,0.558394746906768,-0.527680489439249,-0.177318504788345
"644",0,0.767805440878689,1.19060935609113,0.990200011287507,0.551737763681986,0.259687987618459,-0.416428649433891,-0.135962069060475,-0.0247411626405223,1.32090027230862,0.999757862091843,-0.419532824502074,-0.64162152268531,-0.728298841317257,-0.540830462877054,-0.213853132485106,-0.0445734002443183,-0.741918245459386,1.09010489057606,-0.961657113219938,-1.18029468333559,-1.29347794903808,-0.574697546273115,-0.113860786417039,-0.0382639442739243,-0.43758194039396,1.08838378637757,-0.0355450541663019,-0.740296018180913,-1.3031392155474,-0.650039470011399,-0.048236570436645,-0.0179575742192926,0.126640771103329,0.691917424529183,0.452430213929543,0.782595037246263,-1.22238085187086,-0.831486854781667,0,-0.0930309953194633,-0.481588184154324,-0.984477210668762,-0.515257232430064,0.164004030274312,-0.105362700324987,-0.797595882078731,-0.0998707974396848,-0.0692112518235939,-0.410266899197836,0.198998781405106,-0.36330510173903,0.792269691554037,-0.0409508075055244,-0.767532904424768,-0.202993708003753,-0.0191459895266863,-0.303642030474405,0.628218168302089,0.704487594782526,0.114533805230809,-0.988491876452356,-0.527680489439249,-0.0889899525627233
"645",0,-0.346763866306412,-0.0991117271652847,0.524013130597061,-0.356354305468059,-0.634864546128108,-0.416428649433891,-0.134111793457807,-0.0247411626405223,-0.640995384823577,0.082906105558388,1.06960504576937,0.290358455339444,-1.233243685196,-0.540830462877054,-0.1555961886108,-0.0445734002443183,-0.784492438529426,-0.43971084571426,1.56338145586488,0.943277984002168,0.0750466355471151,-0.574697546273115,-0.113860786417039,-0.0382639442739243,-0.759253601238671,-1.36765647399252,0.303404642107127,0.688959538672687,1.20154223856357,-0.10325500830788,-0.048236570436645,-0.0966656094424419,-0.639535815693025,-1.2263086449194,-1.47909877630812,-1.73997671328813,0.139152767932202,2.03563734564328,0,-0.0930309953194633,-0.145269946550987,0.247053209518791,-0.966425658098632,-1.26160056962335,-0.86453753645322,2.63084241467372,4.95470122853544,-0.0692112518235939,0.558214809138742,0.902704617098525,0.0255710898531705,-0.895344039415955,-0.378444049689659,2.47453550505952,2.25623249403729,-0.0191459895266863,-0.303642030474405,-0.372637375748804,0.245017378270736,0.904845870642121,1.58965249581285,2.91298371712393,-0.177318504788345
"646",0,-0.346763866306412,-0.529018754917424,-0.641454071129054,0.551737763681986,-0.157158522689292,-0.416428649433891,-0.135962069060475,-0.0247411626405223,-0.267547880077644,0.999757862091843,0.821415400724128,0.501133233237465,0.281590846440236,-0.0480975708092236,0.372722926100649,-0.0445734002443183,-0.453890387156393,0.92012536432158,-0.28831349479732,-1.01694293969422,0.7704887055687,2.80619100884765,-0.113860786417039,-0.0382639442739243,-0.759253601238671,0.035654457882251,0.472879490243842,0.212541019721487,1.36852100217096,0.17013722254388,-0.048236570436645,-0.0330109162638679,-0.639535815693025,-0.586899955103205,1.09627321067543,0.89218149032175,-0.0310389345431809,-0.831486854781667,0,-0.0930309953194633,-0.158212174420566,0.708877117089123,1.36287885195866,1.27280760797249,-0.277293205997144,-0.954759900975973,-0.0998707974396848,-0.0692112518235939,-0.410266899197836,1.25455753494524,1.19219966462977,1.16729496510292,-0.209697428597592,-0.833532143977695,-0.202993708003753,-0.0191459895266863,-0.303642030474405,-0.572808484558983,0.245017378270736,0.706799001154165,-0.472863001999315,-0.527680489439249,-0.177318504788345
"647",0,-0.346763866306412,1.62051638384327,0.990200011287507,-1.44159853924067,-0.992685559626734,-0.416428649433891,-0.135962069060475,-0.0247411626405223,0.666935053264552,0.816387510785152,0.81872411262453,0.501133233237465,-1.40155863315559,-0.540830462877054,-0.1555961886108,-0.0445734002443183,1.27427676266156,0.00903704621828551,-0.280544188671026,1.43333321492626,-1.00487094922779,-0.574697546273115,-0.113860786417039,-0.0382639442739243,2.13579134636373,-1.04018443927651,-0.882919294849875,1.00657188464015,-1.3031392155474,-0.650039470011399,-0.048236570436645,-0.0330109162638679,-0.639535815693025,-1.2263086449194,-0.191412782816345,-0.0582622129318667,-1.56276425682162,-0.831486854781667,0,-0.0930309953194633,-0.481588184154324,-0.676594605621874,1.20759188462151,-0.469598014124647,-1.48080674570224,-0.458601193731203,-0.0998707974396848,-0.0692112518235939,-0.410266899197836,0.726778158175171,1.19219966462977,1.16729496510292,1.14027554013895,0.650872024724607,-0.202993708003753,-0.0191459895266863,-0.303642030474405,1.39210396476921,0.0152822700148413,-0.481482215773575,1.4177762043285,1.19265161384234,0.506658359536841
"648",0,-0.346763866306412,-1.20473088106518,-2.27310815354561,0.108774140810285,0.975330014615711,-0.416428649433891,-0.135962069060475,-0.0247411626405223,-0.640995384823577,-1.93416775881521,0.325036110633647,1.13345756693153,0.281590846440236,-0.540830462877054,-0.1555961886108,-0.0152492710856271,-0.406515271725278,-0.0997517932053001,1.56338145586488,1.43333321492626,0.135422042612768,-0.574697546273115,-0.113860786417039,-0.0382639442739243,0.527433042140173,1.08838378637757,0.811829186517271,1.00657188464015,-0.301266633903012,-0.650039470011399,-0.048236570436645,-0.0330109162638679,-0.33031962811602,-0.267195610195108,-0.352373532002817,0.950766487281889,-0.541614041969328,-0.831486854781667,0,-0.0930309953194633,-0.481588184154324,-0.984477210668762,-0.34527778875002,1.27280760797249,-0.4492237116693,-1.03942057827574,-0.0998707974396848,-0.0692112518235939,-0.410266899197836,-1.38433934890509,-1.33549558071953,1.03158204159749,-0.884683912965861,-0.767532904424768,-0.0557305035688362,-0.0191459895266863,-0.31305566976131,-1.17332181098952,-2.7415390290559,0.112658392690295,-0.472863001999315,-0.527680489439249,-0.177318504788345
"649",0,-0.346763866306412,0.330795300586854,0.524013130597061,0.108774140810285,-0.277043532629481,-0.416428649433891,-0.135962069060475,-0.0247411626405223,-0.640995384823577,-0.100464245748303,0.0768464655884069,-0.549193306601319,0.618220742359401,-0.0480975708092236,-0.1555961886108,-0.0152492710856271,-0.709767225939002,-0.0997517932053001,-0.28831349479732,-0.690239452411488,0.929255371307683,0.270524592507076,-0.113860786417039,-0.0382639442739243,-0.759253601238671,-0.876448421918504,0.642354338380556,0.847765711656421,-0.340293343307495,-0.650039470011399,-0.048236570436645,-0.0330109162638679,-0.639535815693025,0.0525087347129891,1.09627321067543,0.852116647521304,-1.56276425682162,-0.831486854781667,0,-0.0930309953194633,-0.481588184154324,1.3246423271829,-0.500564756087173,0.95600658577301,-1.30887624003008,-0.877123576146785,-0.143203384408483,-0.0692112518235939,-0.21589361261715,0.902704617098525,-0.94661938912733,-0.145293492318181,-0.378444049689659,-0.767532904424768,-0.202993708003753,-0.0191459895266863,-0.0510497551787717,0.132914646241071,0.0152822700148413,0.904845870642121,0.558394746906768,-0.527680489439249,-0.177318504788345
"650",0,-0.346763866306412,-1.17387929654563,-2.50620159389084,0.551737763681986,-0.634864546128108,-0.416428649433891,-0.135962069060475,-0.0247411626405223,-0.640995384823577,-1.95660750900728,-0.419532824502074,0.501133233237465,-1.40155863315559,-0.294464016843139,-0.1555961886108,-0.0445734002443183,-0.741918245459386,-0.60969037196874,1.05837374204791,-0.853591196052854,-0.34087795460418,1.96096887006746,-0.113860786417039,-0.0382639442739243,-0.43758194039396,0.924647769019562,-0.882919294849875,-1.53432688309958,0.777474170993632,0.990313915099158,-0.048236570436645,-0.0330109162638679,1.21576130976901,1.01162176943728,-0.513334281189288,-0.562776563038745,1.1603029827845,-0.258062014696678,0,-0.0930309953194633,-0.145269946550987,0.400994512042235,0.897017949947205,1.27280760797249,0.926220333707951,-0.69550750922483,-0.172309094840283,-0.0692112518235939,-0.410266899197836,-1.38433934890509,-1.91880986810783,1.16729496510292,-1.22217715515,-0.767532904424768,-0.202993708003753,-0.0191459895266863,-0.303642030474405,-1.17332181098952,-2.7415390290559,0.508752131666208,-1.1603681679367,-0.527680489439249,-0.177318504788345
"651",0,0.767805440878689,1.62051638384327,0.990200011287507,0.330255952246136,-0.0981330258801679,0.17020566797156,-0.135962069060475,-0.0247411626405223,0.0129698342204877,0.999757862091843,-0.667722469547314,0.501133233237465,0.954850638278565,-0.540830462877054,-0.1555961886108,-0.0445734002443183,-0.741918245459386,0.24020725930366,1.05837374204791,1.2699814712849,-0.499644620343163,-0.574697546273115,-0.113860786417039,-0.0382639442739243,-0.759253601238671,-0.576156303381862,1.1507788827907,0.530153365688954,-1.3031392155474,-0.650039470011399,-0.048236570436645,-0.0330109162638679,-0.639535815693025,-0.746752127557253,1.09627321067543,-0.394605113003119,-1.56276425682162,-0.831486854781667,0,-0.0930309953194633,-0.481588184154324,0.554935814565679,1.36287885195866,0.63920556357353,-1.48080674570224,-0.797595882078731,-0.0998707974396848,-0.0692112518235939,0.0739739549704533,1.25455753494524,1.19219966462977,0.41724441800515,-1.55967039733413,-0.767532904424768,-0.202993708003753,-0.0191459895266863,0.800886699616993,1.59988189368129,-0.444187946496948,-2.06585717167723,-1.1603681679367,-0.527680489439249,-0.0941044832413909
"652",0,-0.346763866306412,-1.17387929654563,-1.46426820407394,0.103079462875609,-0.634864546128108,-0.416428649433891,-0.135962069060475,-0.064995348517452,-0.640995384823577,-1.93416775881521,0.0768464655884069,0.501133233237465,-1.40155863315559,-0.540830462877054,-0.1555961886108,-0.0445734002443183,-0.741918245459386,-0.26973131945978,1.39504555125922,-0.853591196052854,-1.29347794903808,-0.574697546273115,-0.113860786417039,-0.0382639442739243,0.205761381295462,1.08838378637757,-0.205019902303017,-1.37552071011585,0.533627184133976,1.26370614595092,-0.048236570436645,0.185133651562495,3.68949081038505,1.33132611434538,1.09627321067543,0.950766487281889,1.1603029827845,2.03563734564328,0,-0.0930309953194633,1.20000300386236,0.862818419612568,0.741730982610052,1.27280760797249,1.27008134505226,0.116654330388589,-0.0998707974396848,-0.0692112518235939,-0.410266899197836,-1.38433934890509,-1.33549558071953,1.16729496510292,-0.0409508075055244,-0.767532904424768,-0.202993708003753,-0.0191459895266863,-0.303642030474405,-1.17332181098952,-1.54656638555065,0.904845870642121,-0.300986710514968,-0.527680489439249,-0.177318504788345
"653",0,-0.346763866306412,0.545748814462924,0.689591759758676,-0.112707670625565,-0.277043532629481,-0.416428649433891,-0.135962069060475,-0.0247411626405223,1.64788288183065,0.816387510785152,0.325036110633647,0.711908011135486,1.29148053419773,-0.0480975708092236,-0.1555961886108,-0.0445734002443183,1.11726134708847,0.7501458380671,-1.12999301782559,0.453222753078071,1.24678870278565,0.552265305433806,-0.113860786417039,-0.0382639442739243,-0.759253601238671,0.760911751661556,0.981304034653986,1.00657188464015,0.700605947741373,-0.376647239159639,-0.048236570436645,-0.0330109162638679,-0.639535815693025,0.212360907167038,1.09627321067543,0.446252137175011,-1.39257255434624,-0.831486854781667,0,-0.0930309953194633,-0.481588184154324,1.17070102465946,1.36287885195866,0.480805052473791,-1.48080674570224,-0.797595882078731,-0.0998707974396848,-0.0692112518235939,-0.410266899197836,1.25455753494524,1.19219966462977,1.16729496510292,-1.22217715515,-0.767532904424768,-0.202993708003753,-0.0191459895266863,-0.464822062140573,0.42804705949191,0.93422270303842,0.706799001154165,-0.644739293483662,-0.527680489439249,-0.177318504788345
"654",0,-0.346763866306412,-1.17387929654563,-0.641454071129054,0.994701386553687,0.0807774808691453,0.221556362224459,-0.135962069060475,-0.0247411626405223,-0.640995384823577,-0.467204948361685,1.06960504576937,0.0795836774414227,-1.233243685196,-0.540830462877054,-0.1555961886108,-0.0445734002443183,0.122165329449593,1.09010489057606,0.216694219019643,-1.18029468333559,-1.29347794903808,-0.574697546273115,-0.113860786417039,-0.0382639442739243,2.77913466805315,0.924647769019562,-1.56081868739673,-1.53432688309958,0.19966965691918,1.81049060765444,-0.048236570436645,-0.0330109162638679,1.83419368492302,1.33132611434538,1.09627321067543,0.950766487281889,1.1603029827845,1.46221250555829,0,-0.0930309953194633,-0.481588184154324,-0.0608293955280974,0.12058311326144,1.11440709687275,0.926220333707951,-0.569033328961901,-0.0998707974396848,-0.0692112518235939,-0.410266899197836,-1.38433934890509,-0.94661938912733,1.16729496510292,-0.715937291873794,-0.767532904424768,-0.248809027546367,-0.0912709356995593,-0.303642030474405,-1.17332181098952,0.0152822700148413,0.706799001154165,-0.988491876452356,-0.784012515790447,-0.213021511480821
"655",0,-0.346763866306412,-0.0991117271652847,0.473468935190537,0.994701386553687,0.0807774808691453,-0.416428649433891,-0.135962069060475,-0.0247411626405223,0.0129698342204877,0.816387510785152,-0.419532824502074,-0.763515434150662,1.12316558623815,-0.540830462877054,-0.1555961886108,-0.0445734002443183,-0.741918245459386,-1.11962895073218,-0.876300263104997,0.289871009436705,-0.182111288865197,-0.574697546273115,-0.113860786417039,-0.0382639442739243,-0.736673965415261,-1.53139249135053,-0.543969598576446,1.00657188464015,-0.46824539751041,-0.646784025039286,-0.048236570436645,-0.0330109162638679,-0.639535815693025,-1.2263086449194,-1.15717727793518,0.109909237103759,1.1603029827845,0.311810756660401,0,-0.0930309953194633,-0.481588184154324,-0.984477210668762,-1.12171262543579,-0.994833578541867,0.410428816691482,0.80234198973908,-0.0998707974396848,-0.0692112518235939,-0.00817639106777183,-0.1923888177836,-0.36330510173903,-0.520318765867068,0.971528919046879,-0.159645077646464,-0.202993708003753,-0.0191459895266863,-0.303642030474405,0.227875950681732,0.704487594782526,0.310705262178251,-0.129110419030621,-0.527680489439249,-0.177318504788345
"656",0,-0.318898448466976,0.330795300586854,0.524013130597061,0.551737763681986,0.964772947549749,0.463522826674285,-0.135962069060475,-0.0247411626405223,-0.640995384823577,0.633017159478461,-1.1641017596378,-1.39583976784473,0.113275898480654,0.937368213326437,-0.1555961886108,-0.0445734002443183,0.410193187752585,0.705137714122278,-1.12999301782559,-1.18029468333559,-1.29347794903808,-0.574697546273115,-0.113860786417039,-0.0382639442739243,1.17077636382959,1.08838378637757,0.811829186517271,0.189907150014122,-1.13616045194,-0.650039470011399,-0.048236570436645,-0.0330109162638679,-0.639535815693025,-1.2263086449194,-0.325298840296676,-0.226433662967493,0.649727875358349,-0.831486854781667,0,-0.0930309953194633,-0.481588184154324,-0.984477210668762,-1.12171262543579,-1.26160056962335,0.754289828035795,0.0405961663157453,-0.0998707974396848,-0.366665295400267,-0.410266899197836,0.198998781405106,-1.91880986810783,-1.27036931296484,0.802782297954812,-0.767532904424768,-0.202993708003753,-0.0191459895266863,-0.303642030474405,1.02856038592245,0.93422270303842,0.508752131666208,-0.644739293483662,-1.01767664449586,-0.177318504788345
"657",0,-0.346763866306412,-0.0991117271652847,0.328587085125871,-0.334189482061415,-0.381525535097076,-0.416428649433891,-0.135962069060475,-0.0247411626405223,0.33995244374252,0.999757862091843,-1.1641017596378,-0.131191100456599,0.449905794399818,-0.540830462877054,-0.259503876152986,0.263835928400467,2.13836033757054,1.09010489057606,-0.205051046824228,1.2699814712849,1.24678870278565,-0.574697546273115,-0.113860786417039,-0.0382639442739243,0.527433042140173,0.433439716945544,0.472879490243842,0.0537348467377536,1.36852100217096,0.142117798604619,-0.048236570436645,-0.0330109162638679,-0.639535815693025,-1.2263086449194,-1.47909877630812,-1.73997671328813,1.1603029827845,0.602075245430805,0,-0.0930309953194633,-0.481588184154324,-0.984477210668762,-1.12171262543579,-1.26160056962335,0.582359322363638,1.03090454285591,-0.0998707974396848,-0.0692112518235939,-0.410266899197836,0.0230723224817513,-0.94661938912733,-0.443902683200424,0.971528919046879,0.44824274913184,-0.294723434360332,-0.0191459895266863,-0.303642030474405,0.027704841871553,0.704487594782526,0.706799001154165,0.386518455422421,-0.527680489439249,-0.177318504788345
"658",0,-0.346763866306412,-1.17387929654563,-1.80692127285517,0.551737763681986,-0.277043532629481,-0.416428649433891,-0.135962069060475,-0.0247411626405223,-0.640995384823577,-1.38405670489514,1.16093708038276,0.711908011135486,-0.728298841317257,-0.540830462877054,-0.1555961886108,-0.111531751188364,-0.741918245459386,-0.26973131945978,1.56338145586488,-0.363535965128757,-0.574996801751415,-0.574697546273115,-0.113860786417039,-0.0382639442739243,-0.759253601238671,0.924647769019562,0.472879490243842,0.212541019721487,0.0341857011190706,-0.376647239159639,-0.048236570436645,-0.0589119145433222,0.0884996171397686,1.33132611434538,1.09627321067543,0.950766487281889,0.704597206504827,1.46221250555829,0,-0.0930309953194633,0.19104829105235,1.47858362970634,1.36287885195866,-0.627998525224387,0.104532923323287,2.40227986155689,0.681017129254488,-0.0692112518235939,-0.410266899197836,0.374925240328461,1.19219966462977,-0.895344039415955,0.127795813586543,2.47453550505952,1.02661939301677,-0.0191459895266863,-0.303642030474405,-1.17332181098952,-1.13339327126463,0.310705262178251,1.24589991284416,1.92993680096302,0.574057590132422
"659",0,-0.346763866306412,-1.17387929654563,-1.1076409518195,0.108774140810285,1.51206153486365,0.17020566797156,-0.135962069060475,-0.0247411626405223,-0.640995384823577,-1.38405670489514,0.573225755678888,-0.763515434150662,0.786535690318983,1.43010110539427,-0.1555961886108,-0.0445734002443183,-0.741918245459386,-0.60969037196874,1.22670964665357,0.616574496719437,1.24678870278565,0.834006018360537,-0.113860786417039,-0.0382639442739243,-0.115910279549249,0.191528481977209,1.1507788827907,0.847765711656421,0.032690893311783,-0.376647239159639,-0.048236570436645,-0.0330109162638679,0.906545122192,0.691917424529183,-0.513334281189288,0.782595037246263,-1.56276425682162,-0.831486854781667,0,0.577863144699123,1.87263947906903,0.554935814565679,-1.12171262543579,0.00560351917457189,0.238498311019326,-0.797595882078731,-0.0998707974396848,-0.0692112518235939,0.558214809138742,0.726778158175171,-0.55774319753513,-0.895344039415955,1.14027554013895,-0.159645077646464,-0.202993708003753,-0.0191459895266863,-0.303642030474405,-1.17332181098952,-0.673923054752843,0.310705262178251,1.24589991284416,-0.0361570313587953,-0.177318504788345
"660",0,-0.346763866306412,-0.529018754917424,0.524013130597061,-0.112707670625565,-0.813775052877421,-0.416428649433891,-0.135962069060475,-0.0247411626405223,-0.314012775301545,0.816387510785152,-0.33074048251883,1.13345756693153,-0.559983893357675,-0.540830462877054,-0.1555961886108,-0.0445734002443183,-0.1658625288534,0.0702277330491799,-0.793321208614283,1.43333321492626,-0.817177951821129,-0.574697546273115,-0.113860786417039,-0.0382639442739243,-0.759253601238671,-1.53139249135053,-0.227922017215103,1.00657188464015,-0.301266633903012,-0.650039470011399,-0.048236570436645,-0.0330109162638679,-0.639535815693025,-1.2263086449194,-1.47909877630812,-0.226433662967493,0.990111280309114,0.0286504053458163,0,-0.0930309953194633,-0.481588184154324,-0.0608293955280974,-1.12171262543579,-1.26160056962335,0.238498311019326,1.25946709597274,-0.0998707974396848,-0.0692112518235939,0.558214809138742,1.43048399386859,-0.55774319753513,-1.0828566761904,0.634035676862745,1.25875985150291,-0.202993708003753,-0.0191459895266863,-0.303642030474405,-0.172466266938626,-0.214452838241053,0.508752131666208,0.730271038391115,-0.281918760399022,-0.177318504788345
"661",0,-0.346763866306412,-1.17387929654563,-2.73929503423606,0.458084555856155,-0.0981330258801679,-0.416428649433891,-0.135962069060475,-0.0247411626405223,-0.453018762360831,-1.97048919333582,-2.405049984864,1.13345756693153,-0.909076347418772,-0.540830462877054,-0.1555961886108,-0.0445734002443183,-0.741918245459386,-1.62956752949562,0.385030123625297,0.779926240360802,-1.29347794903808,-0.574697546273115,-0.113860786417039,-0.0382639442739243,-0.759253601238671,-0.548976387202492,0.811829186517271,-1.37552071011585,-0.46824539751041,0.443529453395639,-0.048236570436645,-0.0330109162638679,1.48198280893491,1.17147394189133,-0.996216528748704,-1.40363381321687,0.819919577833732,0.8887876654733,0,-0.0930309953194633,3.55423066708572,1.47858362970634,1.05230491728436,1.27280760797249,1.27008134505226,-0.569033328961901,-0.0998707974396848,-0.0692112518235939,2.97941907998019,0.0230723224817513,-0.94661938912733,0.792269691554037,0.127795813586543,-0.677007484065723,-0.266126893640323,-0.0191459895266863,-0.303642030474405,-1.17332181098952,-2.7415390290559,0.112658392690295,-0.348918346682173,-0.527680489439249,-0.177318504788345
"662",0,-0.346763866306412,-1.17387929654563,-0.816232471264898,0.773219575117836,-0.277043532629481,-0.416428649433891,-0.135962069060475,-0.0247411626405223,-0.640995384823577,-1.20068635358845,1.06960504576937,0.0795836774414227,-0.983002767088373,-0.540830462877054,-0.1555961886108,-0.0445734002443183,-0.741918245459386,0.92012536432158,1.05837374204791,-1.18029468333559,-1.29347794903808,-0.574697546273115,-0.113860786417039,-0.0382639442739243,0.849104702984884,1.26843967482481,-0.387868632767827,-1.53432688309958,-1.0086123049816,-0.650039470011399,-0.048236570436645,0.0116578396201346,1.52497749734601,1.33132611434538,0.613390963116015,0.542252425055825,0.479536172882967,-0.544774434739172,0,-0.0930309953194633,0.802009899789435,1.47858362970634,1.20759188462151,0.63920556357353,1.09815083938011,1.94515475532323,-0.0998707974396848,-0.0692112518235939,-0.410266899197836,0.550851699251816,0.997761568833671,0.273905892803967,0.971528919046879,1.86664767828122,-0.202993708003753,-0.0191459895266863,-0.303642030474405,-1.17332181098952,-0.903658163008738,0.706799001154165,1.07402362135981,0.946889884802112,-0.177318504788345
"663",0,-0.346763866306412,-1.17387929654563,-1.57382783250995,0.773219575117836,-0.992685559626734,-0.416428649433891,-0.135962069060475,-0.0247411626405223,-0.640995384823577,-1.75079740750852,0.573225755678888,0.290358455339444,-0.223353997438511,0.198268875224692,0.0177986587149438,-0.0445734002443183,-0.741918245459386,0.0702277330491799,1.39504555125922,-0.363535965128757,1.24678870278565,0.670482623236251,-0.113860786417039,-0.0382639442739243,1.12758237444723,1.08838378637757,-0.374494750439731,-0.387467113049352,1.36852100217096,0.17013722254388,-0.048236570436645,-0.0330109162638679,3.07105843523104,1.33132611434538,0.329556214720643,0.782595037246263,1.1603029827845,0.753281092336411,0,-0.0930309953194633,0.863684766259023,0.862818419612568,0.897017949947205,1.27280760797249,0.754289828035795,-0.111908222728241,-0.0998707974396848,-0.0692112518235939,-0.538378789107793,-1.38433934890509,-0.55774319753513,1.16729496510292,-0.715937291873794,-0.767532904424768,-0.202993708003753,-0.0191459895266863,-0.303642030474405,-1.34921378937009,-1.13339327126463,0.706799001154165,-1.1603681679367,-0.527680489439249,-0.177318504788345
"664",0,0.767805440878689,0.545748814462924,0.515727689078332,0.773219575117836,-0.813775052877421,-0.416428649433891,-0.135962069060475,-0.0247411626405223,1.97486549135268,0.266276456865079,0.573225755678888,1.13345756693153,-1.40155863315559,-0.540830462877054,-0.1555961886108,-0.0445734002443183,-0.741918245459386,-1.45958800324114,0.546824284277904,0.779150346018725,-1.29347794903808,-0.610827525275476,-0.160073758712052,-0.0382639442739243,-0.759253601238671,-0.876448421918504,1.1507788827907,0.37134719270522,-0.969181688332602,-0.650039470011399,-0.048236570436645,-0.0330109162638679,-0.639535815693025,-1.06645647246535,-0.0304520336298728,0.782595037246263,1.1603029827845,-0.258062014696678,0,-0.083842979126993,-0.481588184154324,-0.676594605621874,-1.12171262543579,-1.26160056962335,0.97000713911403,1.03090454285591,-0.0998707974396848,-0.0692112518235939,0.0739739549704533,1.43048399386859,0.803323473037571,-0.895344039415955,0.971528919046879,0.650872024724607,-0.202993708003753,-0.0191459895266863,-0.303642030474405,0.227875950681732,0.245017378270736,0.508752131666208,0.558394746906768,-0.281918760399022,-0.177318504788345
"665",0,-0.346763866306412,0.975655842215063,0.990200011287507,0.994701386553687,1.86988254836228,1.29654031039659,-0.135962069060475,-0.0247411626405223,-0.640995384823577,-1.56742705620183,-0.627647690378147,-0.131191100456599,1.29148053419773,0.691001767292522,-0.1555961886108,-0.111531751188364,-0.741918245459386,-1.62956752949562,-1.12999301782559,0.289871009436705,0.611722039829717,-0.574697546273115,-0.113860786417039,-0.0382639442739243,-0.759253601238671,-0.876448421918504,0.811829186517271,1.00657188464015,0.867584711348771,0.990313915099158,-0.048236570436645,-0.0330109162638679,-0.639535815693025,-0.267195610195108,0.935312461488958,0.950766487281889,0.990111280309114,1.17550008551579,0,-0.0930309953194633,-0.423265543490192,-0.984477210668762,1.05230491728436,0.322404541374051,-1.48080674570224,-0.797595882078731,-0.0998707974396848,-0.0692112518235939,-0.410266899197836,-0.328780595364958,1.19219966462977,-0.520318765867068,-1.55967039733413,-0.767532904424768,-0.202993708003753,-0.0191459895266863,-0.303642030474405,1.02856038592245,0.704487594782526,-2.26390404116519,-1.1603681679367,-0.527680489439249,-0.177318504788345
"666",0,-0.289420803142166,-1.17387929654563,-2.73929503423606,0.108774140810285,1.69097204161296,0.17020566797156,-0.135962069060475,-0.0247411626405223,-0.640995384823577,-1.93416775881521,-2.90142927495448,0.290358455339444,1.29148053419773,0.444635321258607,-0.1555961886108,-0.0445734002443183,-0.1658625288534,-0.9496494244777,-0.119977590191666,1.43333321492626,1.24678870278565,0.0339725282277353,-0.113860786417039,-0.0382639442739243,2.13579134636373,1.08838378637757,1.1507788827907,1.00657188464015,1.36852100217096,-0.650039470011399,-0.048236570436645,-0.0330109162638679,-0.33031962811602,0.0525087347129891,-0.384263457147602,0.782595037246263,1.1603029827845,-0.831486854781667,0,-0.0930309953194633,-0.481588184154324,-0.984477210668762,-1.12171262543579,1.27280760797249,1.27008134505226,0.116654330388589,-0.0998707974396848,-0.0692112518235939,-0.410266899197836,-1.38433934890509,-1.91880986810783,0.979782328328481,1.14027554013895,0.245613473539072,-0.202993708003753,-0.0191459895266863,-0.303642030474405,-1.17332181098952,-2.7415390290559,-0.481482215773575,1.58965249581285,1.43841334288257,-0.177318504788345
"667",0,1.88237474806379,1.19060935609113,-2.04001471320039,-2.54900759641992,-0.634864546128108,-0.416428649433891,-0.135962069060475,-0.0247411626405223,0.0129698342204877,0.44964680817177,0.0768464655884069,-1.1850649899467,1.12316558623815,0.937368213326437,-0.1555961886108,-0.0445734002443183,-0.741918245459386,0.24020725930366,1.22670964665357,1.10662972764353,0.595566989297211,-0.574697546273115,-0.113860786417039,-0.0382639442739243,-0.759253601238671,-0.385240369844486,0.981304034653986,-1.37552071011585,-1.3031392155474,-0.650039470011399,-0.048236570436645,-0.0330109162638679,-0.639535815693025,1.17147394189133,0.452430213929543,-1.13283981246059,-1.56276425682162,-0.831486854781667,0,-0.0930309953194633,0.863684766259023,0.554935814565679,-0.500564756087173,0.00560351917457189,-1.48080674570224,-0.797595882078731,-0.0998707974396848,-0.0873416238147392,0.606918871602361,0.198998781405106,-0.55774319753513,-0.332806129092624,-1.18269701316193,-0.672606676667533,-0.197180869693344,-0.0191459895266863,1.76127335410647,1.62907371235298,0.704487594782526,-1.2736696937254,-1.1603681679367,-0.527680489439249,-0.177318504788345
"668",0,-0.346763866306412,0.330795300586854,-0.641454071129054,0.330255952246136,1.51206153486365,0.756839985377011,-0.135962069060475,-0.0247411626405223,-0.640995384823577,-0.231040900468971,-1.1641017596378,-0.974290212048683,1.29148053419773,1.43010110539427,-0.1555961886108,-0.0445734002443183,-0.741918245459386,-1.62956752949562,-0.961657113219938,0.380377338548465,0.294188708351751,-0.574697546273115,-0.113860786417039,-0.0382639442739243,-0.759253601238671,-1.53139249135053,0.811829186517271,1.16766260165837,-1.13616045194,-1.48142327335623,-0.048236570436645,-0.0330109162638679,-0.639535815693025,-1.2263086449194,0.130508715556599,0.950766487281889,-0.17207183617609,-0.831486854781667,0,-0.0930309953194633,-0.481588184154324,-0.984477210668762,-0.811138690761479,0.480805052473791,0.926220333707951,-0.797595882078731,-0.0998707974396848,-0.0692112518235939,0.0739739549704533,-0.182997624226241,-0.16886700594293,-0.332806129092624,1.14027554013895,-0.159645077646464,-0.202993708003753,-0.0191459895266863,0.728815661816031,0.411881643561867,0.0257089301871294,0.112658392690295,0.214642163938074,-0.527680489439249,-0.241319813041121
"669",0,1.88237474806379,1.65239605248897,0.990200011287507,0.994701386553687,1.86988254836228,3.39669441370154,-0.135962069060475,-0.0247411626405223,0.993917662786584,0.266276456865079,-0.419532824502074,-0.552740656252641,0.786535690318983,3.40103267366559,-0.1555961886108,-0.0445734002443183,-0.741918245459386,-1.62956752949562,-1.97528576920807,-1.01694293969422,1.08802203704667,2.52445029592092,-0.113860786417039,-0.0382639442739243,-0.874234080930754,-1.53139249135053,-1.56081868739673,0.530153365688954,0.867584711348771,-0.650039470011399,-0.048236570436645,-0.0330109162638679,-0.639535815693025,-0.957045078370227,-0.191412782816345,0.950766487281889,-1.22238085187086,-0.831486854781667,0,-0.0930309953194633,-0.481588184154324,-0.52265330309843,1.20759188462151,0.00560351917457189,-1.48080674570224,-0.797595882078731,-0.0998707974396848,-0.0692112518235939,-0.410266899197836,0.550851699251816,0.997761568833671,-1.83290722328817,-1.91110896785356,-0.767532904424768,-0.202993708003753,-0.0191459895266863,1.63492522205088,2.02941592997334,-0.444187946496948,-2.26390404116519,-1.1603681679367,-0.527680489439249,-0.177318504788345
"670",0,-0.685187327373686,-0.743972268793493,-0.408360630783831,-0.998634916368966,-0.461484488021857,-0.416428649433891,-0.135962069060475,-0.0247411626405223,0.33995244374252,0.999757862091843,-0.171343179456834,-0.552740656252641,-0.391668945398093,-0.540830462877054,-0.169913090421149,-0.0445734002443183,0.410193187752585,0.58016631181262,-1.12999301782559,-1.18029468333559,-0.0233446231262145,-0.574697546273115,-0.113860786417039,-0.0382639442739243,0.527433042140173,1.08838378637757,-0.0355450541663019,0.179023766139222,0.533627184133976,-0.650039470011399,-0.049335153206293,-0.0330109162638679,-0.639535815693025,0.372213079621086,1.09627321067543,0.950766487281889,0.990111280309114,-0.258062014696678,0,-0.0930309953194633,-0.767756120361385,-0.368712000574986,1.36287885195866,-0.627998525224387,-0.96501522868577,1.03090454285591,-0.0998707974396848,-0.0692112518235939,-0.410266899197836,0.0230723224817513,-0.16886700594293,-1.83290722328817,-1.22217715515,1.05613057591014,-0.202993708003753,-0.0191459895266863,-0.750324939607542,-0.572808484558983,-0.399522232791153,-0.679529085261532,0.214642163938074,0.24391075117364,-0.177318504788345
"671",0,-0.346763866306412,0.115841786710785,0.0578262499066152,0.108774140810285,1.15424052136502,0.17020566797156,-0.135962069060475,-0.0247411626405223,-0.314012775301545,0.999757862091843,0.0768464655884069,0.290358455339444,0.618220742359401,0.691001767292522,-0.1555961886108,0.0761520886060514,0.698221046055578,1.47102206345777,-0.28831349479732,-1.01694293969422,-1.29347794903808,-0.574697546273115,-0.113860786417039,-0.0382639442739243,1.81411968551902,1.08838378637757,1.1507788827907,0.688959538672687,-1.21283696019194,-0.650039470011399,-0.048236570436645,-0.0330109162638679,-0.0211034405390152,-0.474558181714752,-1.47909877630812,0.950766487281889,-1.39257255434624,-0.831486854781667,0,-0.0930309953194633,-0.481588184154324,-0.984477210668762,-1.12171262543579,1.11440709687275,-1.08267374219941,-0.797595882078731,-0.0998707974396848,-0.0692112518235939,-0.410266899197836,0.0230723224817513,0.220009185649271,0.209920059189139,-1.55967039733413,-0.767532904424768,-0.266578718055601,-0.0191459895266863,-0.303642030474405,0.628218168302089,-0.673923054752843,-1.4115748860874,-1.1603681679367,-0.527680489439249,-0.177318504788345
"672",0,-0.346763866306412,-0.314065241041354,0.290919690251838,0.330255952246136,0.438598494367772,-0.416428649433891,-0.135962069060475,-0.0247411626405223,-0.640995384823577,0.999757862091843,-2.65323962990924,-2.02816410153879,0.449905794399818,-0.0480975708092236,-0.1555961886108,-0.0445734002443183,0.410193187752585,0.58016631181262,-1.12999301782559,-0.933970885064255,-0.34087795460418,1.397487444214,-0.113860786417039,-0.0177637689065176,0.187133863439681,0.760911751661556,-1.56081868739673,-0.10507132624598,1.03456347495617,0.91579893699262,-0.048236570436645,-0.0330109162638679,-0.639535815693025,0.212360907167038,0.935312461488958,0.614423587210637,-1.39257255434624,-0.831486854781667,0,-0.0930309953194633,-0.481588184154324,-0.214770698051542,1.36287885195866,0.164004030274312,-1.48080674570224,-0.797595882078731,-0.0998707974396848,-0.0692112518235939,-0.410266899197836,0.0230723224817513,0.414447281445371,0.979782328328481,-1.22217715515,-0.767532904424768,-0.202993708003753,-0.0912709356995593,-0.303642030474405,-0.372637375748804,0.704487594782526,0.310705262178251,-0.816615584968009,-0.527680489439249,-0.177318504788345
"673",0,-0.346763866306412,-1.17387929654563,-0.408360630783831,0.994701386553687,-0.418930151558335,-0.416428649433891,-0.192534780835427,-0.0247411626405223,-0.640995384823577,-0.283834597054994,1.06960504576937,0.711908011135486,-1.06492873723642,-0.540830462877054,-0.215664970744243,-0.073994983229481,-0.453890387156393,1.09010489057606,1.05837374204791,-1.18029468333559,-1.29347794903808,-0.574697546273115,-0.113860786417039,-0.0382639442739243,0.527433042140173,1.08838378637757,0.303404642107127,-0.869297275082594,-1.3031392155474,-0.650039470011399,-0.048236570436645,-0.0330109162638679,1.52497749734601,1.33132611434538,0.687260464979773,0.950766487281889,0.990111280309114,-0.258062014696678,0,-0.0930309953194633,-0.145269946550987,1.3246423271829,0.63269509775571,-0.627998525224387,0.754289828035795,2.17371730844006,-0.0998707974396848,-0.0692112518235939,-0.410266899197836,0.510339497321667,1.19219966462977,0.979782328328481,1.14027554013895,2.27190622946675,-0.202993708003753,-0.0191459895266863,-0.303642030474405,-1.17332181098952,-1.13339327126463,0.904845870642121,1.58965249581285,1.19265161384234,-0.177318504788345
"674",0,-0.346763866306412,0.330795300586854,0.990200011287507,0.773219575117836,-0.15815502628148,-0.416428649433891,-0.135962069060475,-0.064995348517452,-0.640995384823577,0.999757862091843,-0.419532824502074,-0.552740656252641,1.12316558623815,-0.540830462877054,-0.1555961886108,-0.0445734002443183,-0.741918245459386,-0.77966989822322,-0.134087025178953,0.289871009436705,1.08802203704667,-0.574697546273115,-0.137461525565701,-0.0909846830221019,-0.759253601238671,-0.712712404560498,1.1507788827907,1.00657188464015,0.032690893311783,-0.655789611719854,-0.048236570436645,-0.0330109162638679,-0.639535815693025,-0.906604300011301,-0.67429503037576,0.0260132068752829,0.819919577833732,0.0286504053458163,0,-0.0930309953194633,-0.481588184154324,-0.984477210668762,-1.12171262543579,-1.26160056962335,-0.105362700324987,1.94515475532323,-0.0998707974396848,-0.0692112518235939,-0.410266899197836,0.374925240328461,0.0255710898531705,-0.520318765867068,0.634035676862745,1.66401840268845,-0.202993708003753,-0.0191459895266863,-0.303642030474405,0.027704841871553,0.0152822700148413,0.904845870642121,0.730271038391115,0.455366426721658,-0.177318504788345
"675",0,2.99694405524889,1.62051638384327,0.757106570942284,0.994701386553687,0.0807774808691453,-0.416428649433891,-0.135962069060475,-0.0247411626405223,2.09033256054869,1.0607236247759,0.325036110633647,-0.34196587835462,1.29148053419773,0.691001767292522,-0.1555961886108,-0.0445734002443183,2.42638819587353,1.09010489057606,-0.793321208614283,-1.18029468333559,-0.658411286082146,0.270524592507076,-0.113860786417039,-0.0382639442739243,-0.115910279549249,0.924647769019562,-0.0355450541663019,-1.53432688309958,-1.3031392155474,-0.650039470011399,-0.048236570436645,-0.0330109162638679,-0.639535815693025,-0.107343437741059,1.09627321067543,-1.5718052632525,-1.56276425682162,-0.422990536020423,0,-0.0930309953194633,-0.481588184154324,-0.52265330309843,1.20759188462151,-0.469598014124647,-1.48080674570224,-0.797595882078731,-0.0998707974396848,-0.0692112518235939,-0.410266899197836,-0.328780595364958,1.19219966462977,-0.681192725929021,-1.55967039733413,-0.767532904424768,-0.202993708003753,-0.0912709356995593,3.82618873868734,2.02941592997334,-0.444187946496948,-2.26390404116519,-1.1603681679367,-0.527680489439249,-0.177318504788345
"676",0,-0.346763866306412,0.330795300586854,0.741325953319225,0.773219575117836,-0.153364035923843,-0.416428649433891,-0.135962069060475,-0.0247411626405223,2.30184810087471,0.999757862091843,-0.419532824502074,1.13345756693153,0.281590846440236,-0.540830462877054,-0.1555961886108,-0.111531751188364,-0.741918245459386,-1.11962895073218,-1.12999301782559,1.10662972764353,0.611722039829717,-0.574697546273115,-0.113860786417039,-0.0382639442739243,-0.759253601238671,-1.53139249135053,-1.2218689911233,1.00657188464015,-0.46824539751041,-0.650039470011399,-0.049335153206293,-0.0330109162638679,-0.639535815693025,-1.06645647246535,0.774351712302486,0.109909237103759,-1.56276425682162,-0.831486854781667,0,-0.0930309953194633,-0.481588184154324,0.862818419612568,1.36287885195866,-1.26160056962335,-1.48080674570224,-0.797595882078731,-0.0998707974396848,-0.0692112518235939,-0.410266899197836,0.726778158175171,1.19219966462977,-0.895344039415955,-0.884683912965861,-0.159645077646464,-0.202993708003753,-0.0191459895266863,-0.303642030474405,0.489406434025122,0.474752486526631,0.3872644487464,1.4177762043285,1.43841334288257,-0.177318504788345
"677",0,-0.346763866306412,-1.17387929654563,-0.175267190438608,-0.998634916368966,-0.0981330258801679,1.93010862018791,-0.135962069060475,-0.0247411626405223,-0.640995384823577,-1.01731600228176,1.06960504576937,-2.02816410153879,1.12316558623815,1.43010110539427,0.126143790316777,-0.0445734002443183,-0.453890387156393,0.377070421886722,0.385030123625297,-0.363535965128757,1.24678870278565,0.246228836445784,0.0360488807303195,-0.0382639442739243,1.17077636382959,0.760911751661556,-1.39134383926002,0.37134719270522,0.533627184133976,-0.10325500830788,-0.048236570436645,-0.0330109162638679,3.07105843523104,1.01162176943728,-0.191412782816345,0.950766487281889,1.1603029827845,0.298756783099528,0,-0.0930309953194633,1.28831786065461,0.564901127879347,1.36287885195866,1.11440709687275,-0.621154217341457,-0.797595882078731,-0.0998707974396848,-0.0692112518235939,-0.410266899197836,-1.20841288998173,0.0255710898531705,0.41724441800515,-1.55967039733413,-0.767532904424768,-0.202993708003753,-0.0191459895266863,-0.303642030474405,-1.17332181098952,-0.214452838241053,-0.481482215773575,-1.1603681679367,-0.527680489439249,-0.177318504788345
"678",0,-0.346763866306412,-0.529018754917424,0.524013130597061,0.994701386553687,1.86988254836228,0.756839985377011,-0.135962069060475,-0.0247411626405223,-0.640995384823577,-0.647857104791621,-0.253604700143306,-0.131191100456599,1.29148053419773,0.691001767292522,-0.1555961886108,-0.0445734002443183,-0.741918245459386,-1.62956752949562,-0.462917140811675,-0.0368324778460259,1.24678870278565,-0.0112161204196545,-0.113860786417039,-0.0382639442739243,-0.759253601238671,-0.684510034130429,-0.205019902303017,0.530153365688954,1.36852100217096,1.26370614595092,-0.048236570436645,-0.0330109162638679,-0.33031962811602,1.33132611434538,1.09627321067543,0.950766487281889,1.1603029827845,1.74892492560078,0,-0.0930309953194633,-0.481588184154324,0.0931119069953467,0.586444015272899,1.11440709687275,-0.96501522868577,-0.797595882078731,-0.0998707974396848,-0.0692112518235939,-0.410266899197836,-0.813019302639505,0.997761568833671,0.41724441800515,-1.55967039733413,-0.767532904424768,-0.202993708003753,-0.0191459895266863,-0.303642030474405,-0.2587187396506,0.93422270303842,-1.2736696937254,-1.1603681679367,-0.527680489439249,-0.177318504788345
"679",0,0.767805440878689,0.545748814462924,0.339565096900437,0.994701386553687,0.0807774808691453,-0.416428649433891,-0.135962069060475,-0.0247411626405223,0.819871370946935,0.816387510785152,-0.419532824502074,0.501133233237465,0.281590846440236,-0.540830462877054,-0.111234048009444,-0.0445734002443183,-0.453890387156393,-1.28960847698666,0.0483583144139882,1.43333321492626,-0.499644620343163,-0.574697546273115,-0.113860786417039,-0.0382639442739243,-0.759253601238671,-0.876448421918504,1.1507788827907,-0.10507132624598,-1.3031392155474,-0.650039470011399,-0.049335153206293,-0.0330109162638679,-0.639535815693025,-0.586899955103205,1.09627321067543,0.109909237103759,-1.22238085187086,-0.831486854781667,0,-0.0930309953194633,-0.481588184154324,-0.984477210668762,-0.500564756087173,0.79760607467327,1.27008134505226,1.25946709597274,-0.0291041216838634,-0.0692112518235939,0.0739739549704533,0.0230723224817513,-1.14105748492343,-1.0828566761904,0.634035676862745,1.86664767828122,-0.202993708003753,-0.0191459895266863,-0.303642030474405,0.628218168302089,0.474752486526631,0.904845870642121,1.07402362135981,1.19265161384234,-0.177318504788345
"680",0,-0.346763866306412,-0.743972268793493,-0.408360630783831,0.773219575117836,-0.0981330258801679,-0.416428649433891,-0.135962069060475,-0.0247411626405223,-0.640995384823577,-0.100464245748303,0.821415400724128,-1.1850649899467,-1.233243685196,-0.540830462877054,-0.1555961886108,-0.0445734002443183,-0.453890387156393,1.09010489057606,-0.793321208614283,-1.18029468333559,-1.29347794903808,-0.383595141606497,-0.113860786417039,-0.0382639442739243,0.527433042140173,0.760911751661556,-1.56081868739673,-1.53432688309958,-1.3031392155474,-0.650039470011399,-0.0762276538598208,-0.0330109162638679,0.906545122192,0.691917424529183,-1.15717727793518,-0.562776563038745,-0.0310389345431809,-0.258062014696678,0,-0.0930309953194633,-0.145269946550987,1.47858362970634,1.20759188462151,-0.501979383716448,0.582359322363638,1.94515475532323,-0.0998707974396848,-0.0692112518235939,-0.410266899197836,1.25455753494524,0.220009185649271,-0.520318765867068,0.971528919046879,0.44824274913184,-0.202993708003753,-0.0191459895266863,-0.303642030474405,-0.372637375748804,0.245017378270736,0.706799001154165,0.14892123569809,-0.527680489439249,-0.177318504788345
"681",0,-0.346763866306412,-0.743972268793493,0.524013130597061,-2.32752578498407,-0.992685559626734,-0.416428649433891,-0.135962069060475,-0.0247411626405223,-0.346728086272279,-0.283834597054994,-0.171343179456834,-2.23893887943681,-1.40155863315559,-0.540830462877054,-0.1555961886108,-0.0152492710856271,0.165025927807516,1.09010489057606,-0.456649399402975,-1.18029468333559,-1.29347794903808,-0.574697546273115,-0.113860786417039,-0.0382639442739243,0.527433042140173,1.08838378637757,-1.56081868739673,-1.53432688309958,-1.3031392155474,-0.650039470011399,-0.048236570436645,-0.0330109162638679,0.28811274703799,0.7644074181276,-1.15717727793518,-0.394605113003119,-0.201230637018563,0.0286504053458163,0,-0.0930309953194633,-0.481588184154324,1.47858362970634,1.05230491728436,0.00560351917457189,0.582359322363638,1.94515475532323,0.0980188607962201,-0.0692112518235939,0.0739739549704533,0.374925240328461,0.414447281445371,-1.0828566761904,0.127795813586543,1.86664767828122,-0.202993708003753,-0.0191459895266863,-0.303642030474405,-0.772979593369162,-0.214452838241053,0.508752131666208,1.24589991284416,0.455366426721658,-0.177318504788345
"682",0,-0.628841201465095,-1.17387929654563,0.290919690251838,0.330255952246136,-0.813775052877421,-0.416428649433891,-0.135962069060475,-0.0247411626405223,-0.640995384823577,0.082906105558388,0.554772684382098,0.922682789033507,-0.0550390494789284,-0.481778399576673,-0.208470140123443,-0.0445734002443183,0.986248904358571,1.09010489057606,-0.624985304008629,0.453222753078071,-0.182111288865197,-0.574697546273115,-0.113860786417039,-0.0382639442739243,1.81411968551902,1.08838378637757,-0.882919294849875,0.37134719270522,0.032690893311783,-0.650039470011399,-0.048236570436645,-0.0330109162638679,-0.33031962811602,-0.326811458809328,-0.835255779562232,0.782595037246263,-1.39257255434624,-1.14568136946859,0,-0.0930309953194633,-0.481588184154324,-0.676594605621874,0.897017949947205,0.63920556357353,-1.48080674570224,-0.797595882078731,-0.469380388324307,-0.0692112518235939,-0.410266899197836,-0.45210015638473,1.19219966462977,1.16729496510292,0.465289055770677,0.650872024724607,-0.202993708003753,-0.0191459895266863,-0.303642030474405,-0.572808484558983,-0.673923054752843,-0.679529085261532,0.730271038391115,2.6672219880837,-0.177318504788345
"683",0,-0.346763866306412,-0.314065241041354,0.524013130597061,0.773219575117836,-0.203086963289253,-0.416428649433891,-0.135962069060475,-0.0247411626405223,-0.314012775301545,0.999757862091843,0.573225755678888,0.922682789033507,0.786535690318983,-0.540830462877054,-0.1555961886108,-0.0445734002443183,0.454588802074537,1.09010489057606,0.0483583144139882,-0.526887708770123,0.938058713722692,0.270524592507076,-0.113860786417039,-0.0382639442739243,0.849104702984884,1.08838378637757,-1.05239414298659,-1.53432688309958,0.700605947741373,0.443529453395639,-0.048236570436645,-0.0330109162638679,0.597328934614995,0.779443042873207,-1.15717727793518,-1.73997671328813,0.309344470407584,1.46221250555829,0,-0.0930309953194633,0.19104829105235,1.47858362970634,-0.189990821412867,-1.10320005852361,1.09815083938011,0.116654330388589,-0.0998707974396848,-0.0692112518235939,-0.410266899197836,0.726778158175171,0.608885377241471,0.604757054779594,0.802782297954812,-0.564903628832,-0.278779265634314,-0.0191459895266863,-0.303642030474405,-0.572808484558983,0.93422270303842,0.706799001154165,-0.472863001999315,-0.527680489439249,-0.177318504788345
"684",0,-0.346763866306412,-0.529018754917424,0.524013130597061,0.108774140810285,0.975330014615711,2.81006009629609,-0.135962069060475,-0.0247411626405223,-0.640995384823577,-0.650575299668376,-0.419532824502074,-0.763515434150662,0.786535690318983,1.77012112983247,-0.1555961886108,-0.111531751188364,-0.741918245459386,0.92012536432158,-0.624985304008629,-0.487764155156388,0.929255371307683,-0.574697546273115,-0.113860786417039,-0.0382639442739243,-0.759253601238671,-0.876448421918504,-1.56081868739673,0.0537348467377536,-0.134287870295615,-0.650039470011399,-0.048236570436645,-0.0330109162638679,-0.639535815693025,0.532065252075134,0.935312461488958,0.950766487281889,1.1603029827845,0.0286504053458163,0,-0.0930309953194633,-0.481588184154324,-0.52265330309843,0.431157047935746,0.480805052473791,-0.793084723013613,-0.797595882078731,-0.0998707974396848,-0.038028929999657,-0.410266899197836,-1.38433934890509,0.803323473037571,-0.895344039415955,-1.66659740170752,-0.767532904424768,-0.202993708003753,-0.0191459895266863,-0.303642030474405,-0.572808484558983,0.93422270303842,-1.53314441686459,-1.1603681679367,-0.527680489439249,-0.177318504788345
"685",0,-0.346763866306412,0.330795300586854,-0.408360630783831,0.108774140810285,1.86988254836228,3.69001157240427,1.27279969941401,-0.064995348517452,-0.640995384823577,-0.100464245748303,0.821415400724128,0.290358455339444,1.12316558623815,3.15466622763167,0.822837501932791,-0.0445734002443183,-0.741918245459386,-1.62956752949562,-1.12999301782559,-1.01694293969422,0.7704887055687,2.52445029592092,-0.113860786417039,-0.0382639442739243,-0.759253601238671,-1.53139249135053,-1.60549091252489,-0.740296018180913,1.36852100217096,2.0838828385062,-0.048236570436645,-0.0330109162638679,-0.639535815693025,-0.107343437741059,0.452430213929543,0.782595037246263,1.1603029827845,1.74892492560078,0,-0.0930309953194633,-0.481588184154324,0.400994512042235,1.20759188462151,0.68600417073232,-0.96501522868577,-0.797595882078731,-0.0998707974396848,-0.0692112518235939,-0.410266899197836,-0.856559972135023,0.997761568833671,-0.09511502555132,-1.65568276733657,-0.767532904424768,-0.202993708003753,-0.0191459895266863,-0.303642030474405,0.628218168302089,0.704487594782526,-1.86781030218927,-1.1603681679367,-0.527680489439249,-0.177318504788345
"686",0,-0.346763866306412,0.0519766418606768,0.290919690251838,0.108774140810285,0.617509001117085,-0.123111490731166,-0.429420954393181,-0.0247411626405223,0.666935053264552,0.999757862091843,-0.171343179456834,-0.974290212048683,0.786535690318983,1.18373465936035,-0.1555961886108,-0.0445734002443183,1.27427676266156,1.09010489057606,-0.119977590191666,-0.853591196052854,0.7704887055687,1.67922815714073,-0.113860786417039,-0.0382639442739243,-0.43758194039396,0.760911751661556,0.981304034653986,0.401706109394262,0.867584711348771,0.17013722254388,-0.048236570436645,-0.139400590825117,-0.639535815693025,-0.107343437741059,1.09627321067543,0.950766487281889,-0.711805744444711,-0.831486854781667,0,-0.0930309953194633,0.19104829105235,1.47858362970634,0.275870080598593,0.79760607467327,0.926220333707951,-0.797595882078731,-0.0998707974396848,-0.0692112518235939,0.0739739549704533,1.25455753494524,-0.36330510173903,-0.520318765867068,0.374359052617763,-0.159645077646464,-0.202993708003753,-0.0191459895266863,-0.303642030474405,0.027704841871553,0.93422270303842,0.706799001154165,0.0427658724537265,-0.527680489439249,-0.177318504788345
"687",0,0.00703240654263829,1.00526263083615,0.290919690251838,-0.998634916368966,-0.813775052877421,-0.416428649433891,-0.135962069060475,-0.0247411626405223,1.32090027230862,0.999757862091843,0.821415400724128,1.13345756693153,-0.559983893357675,-0.540830462877054,-0.1555961886108,-0.0445734002443183,1.85033247926755,-0.0997517932053001,-0.583689417976327,1.43333321492626,0.0585177479104008,-0.574697546273115,-0.113860786417039,-0.0382639442739243,0.47843874115629,-1.20392045663452,-1.39134383926002,1.00657188464015,0.032690893311783,-0.713986608272957,-0.048236570436645,-0.0330109162638679,-0.639535815693025,-1.2263086449194,-1.47909877630812,0.123915551637078,1.1603029827845,-0.544774434739172,0,-0.0930309953194633,-0.481588184154324,-0.984477210668762,-1.12171262543579,-0.944799547423866,1.05773425526835,1.48802964908957,0.0354518277814595,-0.0692112518235939,-0.410266899197836,-0.152854136441604,0.220009185649271,0.792269691554037,0.971528919046879,0.650872024724607,-0.202993708003753,-0.0191459895266863,-0.303642030474405,1.02856038592245,0.245017378270736,0.112658392690295,-0.644739293483662,-0.527680489439249,-0.177318504788345
"688",0,-0.346763866306412,-1.17387929654563,-2.73929503423606,0.773219575117836,-0.0981330258801679,-0.416428649433891,-0.135962069060475,-0.0525224841811277,-0.578772918294015,-1.93416775881521,-1.66048104972828,1.13345756693153,0.113275898480654,-0.540830462877054,-0.191170168157237,-0.111531751188364,-0.741918245459386,-1.45958800324114,1.39504555125922,1.43333321492626,-0.499644620343163,-0.574697546273115,-0.113860786417039,-0.0382639442739243,1.17077636382959,0.59717573430355,1.1507788827907,1.00657188464015,-0.134287870295615,-0.650039470011399,-0.048236570436645,-0.0330109162638679,1.52497749734601,1.33132611434538,0.130508715556599,0.950766487281889,-0.541614041969328,-0.831486854781667,0,-0.0930309953194633,-0.481588184154324,-0.984477210668762,-0.811138690761479,1.27280760797249,-0.4492237116693,-0.797595882078731,-0.0998707974396848,-0.0692112518235939,-0.419409052637894,-1.38433934890509,-1.52993367651563,1.16729496510292,-0.547190670781726,-0.767532904424768,-0.202993708003753,-0.0191459895266863,-0.303642030474405,-1.17332181098952,-2.5118039208,0.706799001154165,0.902147329875462,-0.527680489439249,-0.177318504788345
"689",0,-0.364129692864017,-0.401990510170632,0.757106570942284,0.773219575117836,-0.455954039378794,-0.416428649433891,-0.135962069060475,-0.0247411626405223,-0.640995384823577,0.082906105558388,0.288980974263051,-0.763515434150662,0.786535690318983,-0.540830462877054,-0.1555961886108,-0.111531751188364,-0.741918245459386,0.24020725930366,0.721701932836606,0.486310159800107,1.34933983165699,-0.574697546273115,-0.113860786417039,-0.0382639442739243,-0.759253601238671,-1.04018443927651,1.1507788827907,1.57480872063596,1.36852100217096,-0.650039470011399,-0.048236570436645,-0.0330109162638679,-0.639535815693025,-0.267195610195108,1.09627321067543,0.614423587210637,-0.612613552785859,-0.831486854781667,0,-0.0930309953194633,-0.481588184154324,1.47858362970634,0.431157047935746,1.11440709687275,-1.30887624003008,-0.797595882078731,-0.16759851841447,-0.0692112518235939,-0.410266899197836,1.07863107602188,0.135336114906972,0.792269691554037,-1.05343053405793,-0.767532904424768,-0.202993708003753,-0.0191459895266863,-0.303642030474405,-0.372637375748804,0.690096764408373,0.904845870642121,-0.472863001999315,-0.527680489439249,-0.177318504788345
"690",0,-0.346763866306412,-1.17387929654563,0.0578262499066152,0.994701386553687,-0.634864546128108,-0.416428649433891,-0.135962069060475,-0.0247411626405223,-0.640995384823577,-1.04433711005055,1.06960504576937,0.290358455339444,-1.233243685196,-0.540830462877054,-0.1555961886108,-0.0445734002443183,-0.741918245459386,0.62117833128584,1.56338145586488,-0.318230426282333,-1.29347794903808,-0.574697546273115,-0.113860786417039,-0.0382639442739243,-0.759253601238671,1.08838378637757,0.133929793970413,-1.53432688309958,-1.3031392155474,-0.650039470011399,-0.049335153206293,-0.0330109162638679,-0.33031962811602,1.33132611434538,-0.191412782816345,-0.899119463109996,-1.56276425682162,-0.831486854781667,0,-0.0930309953194633,0.0429109845707357,1.17070102465946,1.36287885195866,1.27280760797249,-0.26899545617451,-0.569033328961901,-0.0998707974396848,-0.0692112518235939,-0.410266899197836,-0.152854136441604,0.997761568833671,-0.520318765867068,0.971528919046879,1.86664767828122,-0.202993708003753,-0.0191459895266863,-0.303642030474405,-0.97315070217934,-0.673923054752843,0.904845870642121,1.58965249581285,3.40450717520438,2.44807774115328
"691",0,0.0855945570091019,1.19060935609113,0.757106570942284,-0.501159992268135,-0.813775052877421,-0.416428649433891,-0.135962069060475,-0.0247411626405223,0.993917662786584,0.816387510785152,-0.667722469547314,0.922682789033507,0.618220742359401,-0.540830462877054,-0.1555961886108,-0.0445734002443183,1.56230462096456,0.41018678555814,-1.12999301782559,0.779926240360802,1.24678870278565,-0.574697546273115,-0.113860786417039,-0.0382639442739243,0.849104702984884,1.08838378637757,-0.0355450541663019,0.847765711656421,1.36852100217096,-0.650039470011399,-0.048236570436645,-0.0330109162638679,-0.639535815693025,-0.586899955103205,0.130508715556599,0.446252137175011,1.1603029827845,-0.258062014696678,0,-0.0930309953194633,-0.481588184154324,-1.1271368097962,-1.12171262543579,-1.10320005852361,1.27008134505226,0.57377943662225,-0.0998707974396848,-0.0692112518235939,-0.410266899197836,0.0518407527945054,-0.94661938912733,-0.332806129092624,1.14027554013895,0.650872024724607,-0.202993708003753,-0.0191459895266863,-0.303642030474405,1.22873149473262,0.0152822700148413,-0.283435346285619,0.0427658724537265,-0.281918760399022,-0.177318504788345
"692",0,-0.346763866306412,0.760702328338993,0.290919690251838,0.330255952246136,0.617509001117085,-0.123111490731166,-0.135962069060475,-0.064995348517452,-0.640995384823577,0.999757862091843,-0.667722469547314,-1.39583976784473,0.954850638278565,0.937368213326437,-0.1555961886108,-0.0445734002443183,-0.741918245459386,-1.28960847698666,-1.12999301782559,0.12651926579534,0.7704887055687,-0.574697546273115,-0.113860786417039,-0.0382639442739243,-0.759253601238671,-1.53139249135053,0.133929793970413,1.00657188464015,-0.134287870295615,-0.650039470011399,-0.048236570436645,-0.0330109162638679,-0.639535815693025,-1.2263086449194,-1.15717727793518,-0.73094801307437,0.990111280309114,0.597890033209804,0,-0.0930309953194633,-0.300368331882818,-0.984477210668762,-1.12171262543579,-1.26160056962335,-0.105362700324987,1.03090454285591,-0.0998707974396848,-0.0692112518235939,0.0109448332868266,-0.680633513211668,-1.91880986810783,-1.45788194973929,0.971528919046879,0.0429841979463036,-0.202993708003753,-0.0191459895266863,-0.20736297847546,0.630749522910467,0.704487594782526,0.706799001154165,0.0427658724537265,-0.527680489439249,-0.177318504788345
"693",0,-0.346763866306412,-1.17387929654563,-1.57382783250995,0.994701386553687,0.796419507866398,-0.416428649433891,-0.135962069060475,-0.0247411626405223,-0.640995384823577,-1.93416775881521,0.325036110633647,0.711908011135486,-1.40155863315559,-0.540830462877054,-0.1555961886108,-0.0445734002443183,-0.97503667456173,-1.11962895073218,1.56338145586488,0.289871009436705,-1.29347794903808,-0.574697546273115,-0.113860786417039,-0.0382639442739243,-0.759253601238671,-0.385240369844486,1.1507788827907,-0.899102191164647,-1.3031392155474,-0.650039470011399,-0.048236570436645,-0.0330109162638679,-0.639535815693025,0.372213079621086,1.09627321067543,0.57674945620934,-0.201230637018563,-0.544774434739172,0,-0.0930309953194633,0.19104829105235,1.47858362970634,1.36287885195866,1.27280760797249,1.27008134505226,1.7165922022064,-0.0998707974396848,-0.0692112518235939,0.0739739549704533,0.198998781405106,1.19219966462977,0.229731781230706,0.465289055770677,2.47453550505952,0.754667558016163,-0.0721480760967669,-0.303642030474405,-1.215461502733,-1.36312837952053,0.904845870642121,1.58965249581285,1.92993680096302,-0.177318504788345
"694",0,-0.346763866306412,1.83546989771934,-1.80692127285517,-1.66308035067652,-0.992685559626734,-0.416428649433891,-0.135962069060475,0.23340171098387,2.30184810087471,0.999757862091843,1.06960504576937,1.13345756693153,0.113275898480654,-0.540830462877054,-0.1555961886108,-0.0445734002443183,0.122165329449593,0.24020725930366,-0.28831349479732,1.10662972764353,1.08802203704667,-0.574697546273115,-0.113860786417039,-0.0382639442739243,-0.895680091261094,-1.53139249135053,0.811829186517271,1.00657188464015,0.366648420526578,-0.650039470011399,-0.048236570436645,-0.0330109162638679,-0.639535815693025,-1.2263086449194,-0.0304520336298728,0.950766487281889,1.1603029827845,0.8887876654733,0,-0.0930309953194633,-0.481588184154324,-0.830535908145318,-1.12171262543579,-1.26160056962335,-0.277293205997144,2.85940496779055,-0.0998707974396848,-0.0692112518235939,0.558214809138742,1.25455753494524,-1.14105748492343,-0.895344039415955,0.465289055770677,2.27190622946675,-0.202993708003753,-0.0191459895266863,-0.303642030474405,0.828389277112268,0.93422270303842,0.904845870642121,1.4177762043285,0.209604697681432,-0.177318504788345
"695",0,0.767805440878689,1.83546989771934,0.290919690251838,0.994701386553687,1.15424052136502,-0.123111490731166,-0.135962069060475,-0.0247411626405223,2.30184810087471,0.999757862091843,0.325036110633647,-0.763515434150662,-0.0550390494789284,-0.294464016843139,-0.21957228548995,-0.0445734002443183,2.13836033757054,1.09010489057606,0.721701932836606,-0.0368324778460259,-1.29347794903808,-0.574697546273115,-0.113860786417039,-0.0382639442739243,-0.43758194039396,0.59717573430355,1.1507788827907,1.00657188464015,-0.301266633903012,-0.650039470011399,-0.048236570436645,-0.0330109162638679,-0.639535815693025,-1.2263086449194,-1.47909877630812,-0.899119463109996,0.479536172882967,-0.831486854781667,0,-0.0930309953194633,-0.481588184154324,-0.984477210668762,-1.12171262543579,-0.469598014124647,0.410428816691482,-0.797595882078731,-0.0998707974396848,-0.0692112518235939,-0.410266899197836,-1.20841288998173,-0.75218129333123,0.979782328328481,-0.0409508075055244,-0.767532904424768,-0.202993708003753,-0.0191459895266863,-0.303642030474405,1.4289026035428,0.704487594782526,-0.679529085261532,-0.988491876452356,-0.385546565530498,-0.177318504788345
"696",0,-0.346763866306412,-1.17387929654563,-1.80692127285517,0.994701386553687,-0.277043532629481,-0.416428649433891,-0.135962069060475,-0.0525224841811277,-0.907783908131419,-1.89183245064471,0.573225755678888,0.711908011135486,-1.06492873723642,-0.540830462877054,-0.1555961886108,-0.0445734002443183,-0.741918245459386,-0.43971084571426,1.56338145586488,-0.363535965128757,-1.13471128329909,0.270524592507076,-0.113860786417039,0.0337041416019022,0.527433042140173,1.08838378637757,0.303404642107127,-1.37552071011585,0.867584711348771,2.35727506935795,-0.048236570436645,-0.0330109162638679,2.02129298828585,1.33132611434538,0.613390963116015,0.446252137175011,1.1603029827845,1.46221250555829,0,0.613301798251071,2.54527595427571,1.47858362970634,1.36287885195866,1.27280760797249,1.27008134505226,0.116654330388589,-0.0998707974396848,-0.0692112518235939,0.38963342047255,-1.38433934890509,-1.14105748492343,1.16729496510292,-0.378444049689659,-0.767532904424768,-0.202993708003753,-0.0191459895266863,-0.303642030474405,-1.17332181098952,-1.59286348777642,1.21211613104992,0.386518455422421,-0.527680489439249,-0.177318504788345
"697",0,-0.142063354103104,0.545748814462924,0.990200011287507,0.994701386553687,0.259687987618459,-0.548268274360979,-0.135962069060475,-0.0247411626405223,0.0129698342204877,0.999757862091843,0.573225755678888,-0.763515434150662,1.29148053419773,-0.540830462877054,-0.21881650938386,-0.0445734002443183,0.122165329449593,0.92012536432158,-0.961657113219938,-0.363535965128757,1.24678870278565,-0.292956833346385,-0.113860786417039,-0.0382639442739243,-0.43758194039396,0.760911751661556,0.642354338380556,0.530153365688954,1.36852100217096,0.17013722254388,-0.048236570436645,-0.0330109162638679,-0.639535815693025,-1.06645647246535,-0.191412782816345,-0.333163996056336,0.819919577833732,0.8887876654733,0,-0.0930309953194633,-0.481588184154324,-0.984477210668762,-1.63233763566315,-1.26160056962335,0.238498311019326,1.48802964908957,-0.0998707974396848,-0.0692112518235939,-0.410266899197836,-0.0440003219575127,-1.72437177231173,-1.45788194973929,0.971528919046879,1.05613057591014,-0.202993708003753,-0.0912709356995593,-0.303642030474405,0.828389277112268,0.93422270303842,0.904845870642121,1.58965249581285,0.455366426721658,-0.177318504788345
"698",0,0.767805440878689,1.83546989771934,0.757106570942284,-1.44159853924067,-0.992685559626734,-0.416428649433891,-0.135962069060475,-0.0247411626405223,0.33995244374252,0.999757862091843,0.821415400724128,0.459753010601513,-1.0592063198703,-0.540830462877054,-0.1555961886108,-0.0445734002443183,0.122165329449593,1.09010489057606,0.385030123625297,1.43333321492626,-0.499644620343163,-0.574697546273115,-0.113860786417039,-0.0382639442739243,-0.309951115226098,-0.389082861550644,-0.543969598576446,1.00657188464015,-0.312715590085304,-0.650039470011399,-0.048236570436645,-0.0330109162638679,-0.639535815693025,-1.2263086449194,-0.191412782816345,0.782595037246263,-1.39257255434624,-0.831486854781667,0,-0.0930309953194633,-0.481588184154324,-0.984477210668762,1.05230491728436,0.480805052473791,-1.48080674570224,-0.797595882078731,-0.0998707974396848,-0.0692112518235939,-0.410266899197836,0.198998781405106,1.19219966462977,0.792269691554037,-0.209697428597592,0.650872024724607,1.10841102367894,-0.0191459895266863,-0.303642030474405,1.82924482116316,0.93422270303842,0.904845870642121,1.58965249581285,3.40450717520438,2.12150211140278
"699",0,-0.346763866306412,-0.743972268793493,-0.175267190438608,0.994701386553687,1.86988254836228,2.81006009629609,-0.135962069060475,-0.0247411626405223,-0.640995384823577,0.44964680817177,-0.171343179456834,-1.39583976784473,0.786535690318983,2.66193333556384,-0.1555961886108,-0.0445734002443183,-0.741918245459386,0.41018678555814,1.22670964665357,1.2699814712849,0.929255371307683,-0.0112161204196545,-0.113860786417039,-0.0909846830221019,-0.759253601238671,0.433439716945544,1.1507788827907,0.847765711656421,-0.46824539751041,-0.796994358631759,-0.048236570436645,-0.0330109162638679,-0.639535815693025,0.0525087347129891,1.09627321067543,0.313528489991504,-1.56276425682162,-0.831486854781667,0,-0.023225037239004,0.19104829105235,1.47858362970634,0.815435159782205,1.27280760797249,-0.793084723013613,-0.797595882078731,-0.0998707974396848,-0.0692112518235939,1.52669651747532,1.43048399386859,-0.75218129333123,0.792269691554037,0.127795813586543,-0.767532904424768,-0.202993708003753,-0.0191459895266863,-0.303642030474405,-0.572808484558983,0.0152822700148413,0.706799001154165,-0.129110419030621,-0.527680489439249,-0.404604590565892
"700",0,0.767805440878689,1.19439798078868,0.990200011287507,0.994701386553687,0.438598494367772,-0.416428649433891,-0.135962069060475,-0.0247411626405223,-0.314012775301545,-0.320318423425684,-1.66048104972828,-0.34196587835462,0.618220742359401,-0.540830462877054,-0.1555961886108,-0.0445734002443183,-0.741918245459386,-1.62956752949562,-1.12999301782559,0.616574496719437,-0.0233446231262145,-0.574697546273115,-0.113860786417039,-0.0382639442739243,-0.759253601238671,-1.14238462005426,0.2354571137346,0.688959538672687,0.366648420526578,0.716921684247398,-0.048236570436645,-0.0330109162638679,-0.639535815693025,-0.746752127557253,0.935312461488958,0.614423587210637,0.479536172882967,0.528096039244161,0,-0.0930309953194633,-0.481588184154324,-0.676594605621874,1.36287885195866,-0.786399036324126,-1.48080674570224,-0.797595882078731,-0.0998707974396848,-0.0692112518235939,-0.410266899197836,0.374925240328461,0.357152876728854,-1.83290722328817,-1.55967039733413,-0.767532904424768,-0.202993708003753,-0.0191459895266863,-0.303642030474405,1.4289026035428,-2.28206881254411,-2.26390404116519,-1.1603681679367,-0.527680489439249,-0.177318504788345
"701",0,-0.346763866306412,-0.529018754917424,-0.385911950791106,0.75733623808618,1.86988254836228,0.756839985377011,-0.135962069060475,-0.0247411626405223,2.30184810087471,0.999757862091843,1.06960504576937,0.151127666380242,0.113275898480654,0.198268875224692,-0.1555961886108,-0.0445734002443183,3.57849962908551,0.7501458380671,-0.119977590191666,-0.853591196052854,-1.29347794903808,-0.574697546273115,-0.124308641962952,-0.0382639442739243,2.45746300720844,1.08838378637757,-0.0344980443682602,-1.53432688309958,-1.50437988853741,-0.650039470011399,-0.048236570436645,-0.0330109162638679,0.28811274703799,0.851769596983231,0.935312461488958,-0.899119463109996,-1.56276425682162,-0.831486854781667,0,-0.0930309953194633,-0.481588184154324,-0.830535908145318,0.431157047935746,1.11440709687275,-0.4492237116693,-0.967735750778781,-0.0998707974396848,-0.0692112518235939,-0.571649502308671,-1.38433934890509,-0.55774319753513,0.979782328328481,0.971528919046879,-0.767532904424768,-0.202993708003753,-0.0758585761396516,-0.303642030474405,-0.772979593369162,0.704487594782526,0.904845870642121,1.4177762043285,-0.527680489439249,-0.177318504788345
"702",0,-0.346763866306412,-0.314065241041354,-0.175267190438608,0.108774140810285,0.259687987618459,-0.416428649433891,-0.135962069060475,-0.0247411626405223,0.0626433403521525,0.999757862091843,0.325036110633647,0.711908011135486,0.618220742359401,-0.540830462877054,-0.1555961886108,-0.0152492710856271,0.371793636198246,1.09010489057606,-0.28831349479732,0.44652143330644,0.929255371307683,-0.574697546273115,-0.113860786417039,-0.0382639442739243,-0.43758194039396,0.692643396645097,1.1507788827907,1.00657188464015,1.03456347495617,-0.650039470011399,-0.049335153206293,-0.0539306280597664,-0.639535815693025,-0.267195610195108,0.452430213929543,0.278080687139385,1.1603029827845,0.8887876654733,0,-0.0930309953194633,-0.481588184154324,-0.830535908145318,-0.655851723424326,-0.944799547423866,1.09815083938011,0.34521688350542,-0.0998707974396848,-0.0692112518235939,-0.410266899197836,-0.152854136441604,1.19219966462977,1.16729496510292,1.14027554013895,-0.362274353239232,-0.202993708003753,-0.0912709356995593,-0.303642030474405,-0.97315070217934,0.281479830077592,0.290416554129727,-0.282679711981361,-0.495461711113502,-0.177318504788345
"703",0,-0.346763866306412,-1.17387929654563,-0.641454071129054,0.994701386553687,0.796419507866398,-0.123111490731166,-0.417584628913963,-0.0247411626405223,-0.640995384823577,-0.283834597054994,0.325036110633647,-1.39583976784473,0.954850638278565,1.43010110539427,-0.1555961886108,-0.0445734002443183,0.410193187752585,0.92012536432158,-0.119977590191666,0.453222753078071,1.24678870278565,1.34573562622824,-0.113860786417039,-0.0382639442739243,0.849104702984884,1.08838378637757,0.811829186517271,0.212541019721487,1.36852100217096,0.443529453395639,-0.048236570436645,-0.0330109162638679,-0.639535815693025,-0.494265467339485,-1.47909877630812,-0.644856007273659,0.990111280309114,-0.544774434739172,0,-0.0930309953194633,-0.481588184154324,-0.984477210668762,-0.640161386852797,0.95600658577301,-0.277293205997144,-0.797595882078731,-0.0998707974396848,-0.0692112518235939,-0.410266899197836,-1.38433934890509,-0.55774319753513,0.41724441800515,-1.55967039733413,-0.767532904424768,-0.202993708003753,-0.0191459895266863,-0.303642030474405,-1.17332181098952,-0.214452838241053,-0.871383705171572,-1.1603681679367,-0.527680489439249,-0.177318504788345
"704",0,-0.346763866306412,-0.529018754917424,0.290919690251838,-0.00626285242063059,-0.455954039378794,-0.416428649433891,-0.135962069060475,-0.0247411626405223,-0.640995384823577,0.27044489679069,1.06960504576937,1.13345756693153,0.602272121876261,-0.540830462877054,-0.298754460052206,-0.0445734002443183,0.410193187752585,1.09010489057606,0.216694219019643,-0.200184221487392,1.24678870278565,-0.574697546273115,-0.113860786417039,-0.0382639442739243,0.849104702984884,1.08838378637757,-0.374494750439731,-1.37552071011585,1.20154223856357,0.17013722254388,-0.048236570436645,-0.0330109162638679,1.83419368492302,1.33132611434538,-0.513334281189288,-1.35288256194504,1.1603029827845,0.602075245430805,0,-0.0930309953194633,0.863684766259023,1.47858362970634,-0.325407156831228,-1.26160056962335,1.09815083938011,0.57377943662225,-0.0175566169891679,0.0535799078998477,1.04245566330703,1.25455753494524,0.803323473037571,0.41724441800515,1.14027554013895,0.0429841979463036,-0.202993708003753,-0.0191459895266863,-0.303642030474405,-0.589737078317481,0.704487594782526,0.706799001154165,0.0861298511265585,-0.527680489439249,-0.33982510148093
"705",0,-0.346763866306412,1.4055628699672,-1.1076409518195,-2.54900759641992,-0.992685559626734,-0.416428649433891,-0.135962069060475,-0.0247411626405223,0.33995244374252,0.999757862091843,-1.90867069477352,-2.23893887943681,-1.71644741096933,-0.540830462877054,-0.1555961886108,-0.0445734002443183,1.27427676266156,0.92012536432158,-1.12999301782559,-1.18029468333559,-1.29347794903808,-0.574697546273115,-0.113860786417039,-0.0382639442739243,1.81411968551902,0.433439716945544,-1.05239414298659,-0.263877499229713,-0.969181688332602,-0.650039470011399,-0.048236570436645,-0.0330109162638679,3.07105843523104,1.01162176943728,1.09627321067543,0.950766487281889,1.1603029827845,0.315362825388311,0,-0.0930309953194633,2.54527595427571,1.47858362970634,0.897017949947205,-0.303715961761699,0.0665678053471691,2.17371730844006,-0.0998707974396848,-0.0692112518235939,1.35570292609711,1.43048399386859,-0.16886700594293,-0.895344039415955,0.634035676862745,1.66401840268845,-0.202993708003753,-0.0191459895266863,-0.303642030474405,0.828389277112268,0.93422270303842,0.904845870642121,1.07402362135981,-0.281918760399022,-0.177318504788345
"706",0,-0.346763866306412,-1.17387929654563,-0.874547511474277,0.551737763681986,1.86988254836228,1.34347430278246,-0.135962069060475,-0.0247411626405223,0.33995244374252,-0.00691031750757359,1.06960504576937,0.501133233237465,1.05528739304077,2.90829978159776,-0.1555961886108,0.00107855268828527,0.122165329449593,0.41018678555814,-0.119977590191666,-1.18029468333559,0.680028365089829,3.93315386055457,-0.113860786417039,-0.0382639442739243,-0.759253601238671,-1.53139249135053,-1.56081868739673,-0.899102191164647,1.20154223856357,2.90405953106147,-0.048236570436645,-0.0330109162638679,-0.639535815693025,-1.2263086449194,0.452430213929543,-0.0577206515304677,1.1603029827845,2.32234976568577,0,-0.0930309953194633,-0.481588184154324,-0.830535908145318,0.586444015272899,1.27280760797249,0.410428816691482,-0.797595882078731,-0.0998707974396848,-0.0692112518235939,-0.410266899197836,-1.38433934890509,-0.55774319753513,1.16729496510292,-0.715937291873794,-0.767532904424768,-0.202993708003753,-0.0191459895266863,-0.48726305271532,-1.17332181098952,-0.214452838241053,-0.566869415055848,-1.1603681679367,-0.527680489439249,-0.177318504788345
"707",0,-0.346763866306412,-0.0991117271652847,-0.175267190438608,0.773219575117836,-0.0981330258801679,-0.416428649433891,-0.135962069060475,-0.0247411626405223,1.32090027230862,0.44964680817177,-2.405049984864,-1.60661454574275,0.773281582373749,0.198268875224692,-0.1555961886108,-0.0445734002443183,1.27427676266156,0.58016631181262,0.216694219019643,0.616574496719437,1.24678870278565,1.67922815714073,0.203177623310883,-0.0382639442739243,-0.43758194039396,-0.057768335128474,0.472879490243842,-0.263877499229713,0.032690893311783,1.53709837680268,-0.048236570436645,-0.0330109162638679,-0.639535815693025,-1.2263086449194,-1.47909877630812,-1.5718052632525,0.649727875358349,0.315362825388311,0,-0.0930309953194633,-0.481588184154324,-0.984477210668762,-1.12171262543579,0.164004030274312,0.582359322363638,-0.797595882078731,-0.0998707974396848,-0.0692112518235939,-0.630310764649633,-1.38433934890509,-0.36330510173903,0.604757054779594,-1.55967039733413,-0.767532904424768,-0.202993708003753,-0.0191459895266863,-0.303642030474405,0.227875950681732,0.0139994776260074,-2.06585717167723,-1.1603681679367,-0.564331837275432,-0.177318504788345
"708",0,-0.346763866306412,0.115841786710785,0.0789510789106483,0.639257122840637,1.15424052136502,-0.123111490731166,-0.135962069060475,-0.0247411626405223,0.0129698342204877,0.999757862091843,0.0768464655884069,1.13345756693153,0.954850638278565,1.43010110539427,-0.1555961886108,-0.0445734002443183,0.122165329449593,0.92012536432158,-0.456649399402975,-1.01694293969422,0.7704887055687,0.552265305433806,-0.113860786417039,-0.0382639442739243,-0.759253601238671,-0.057768335128474,0.981304034653986,0.688959538672687,0.700605947741373,-0.650039470011399,-0.048236570436645,-0.0330109162638679,-0.639535815693025,0.294154035059296,1.09627321067543,0.950766487281889,-0.0310389345431809,-0.831486854781667,0,-0.0930309953194633,0.19104829105235,1.3246423271829,0.12058311326144,-0.311197503024907,0.582359322363638,-0.797595882078731,-0.0998707974396848,-0.0692112518235939,1.52669651747532,1.43048399386859,0.0255710898531705,0.41724441800515,0.736823205927317,-0.767532904424768,-0.202993708003753,-0.0147794972883899,-0.303642030474405,-0.172466266938626,-0.0318975200195357,0.112658392690295,0.0427658724537265,-0.527680489439249,-0.177318504788345
"709",0,-0.346763866306412,0.330795300586854,0.524013130597061,-1.66308035067652,-0.992685559626734,-0.416428649433891,-0.135962069060475,-0.0247411626405223,-0.314012775301545,0.999757862091843,1.06960504576937,1.13345756693153,-0.223353997438511,-0.540830462877054,-0.1555961886108,-0.0445734002443183,0.410193187752585,1.09010489057606,1.56338145586488,1.43333321492626,0.929255371307683,-0.429730418384516,-0.113860786417039,-0.0382639442739243,-0.759253601238671,0.59717573430355,1.1507788827907,1.06154183924627,0.533627184133976,-0.650039470011399,-0.048236570436645,-0.0539306280597664,-0.639535815693025,0.0525087347129891,1.17735709711508,0.950766487281889,-0.774653459842505,-0.831486854781667,0,-0.0930309953194633,-0.481588184154324,0.554935814565679,1.36287885195866,1.27280760797249,-0.101806374781063,-0.797595882078731,-0.0998707974396848,-0.0692112518235939,-0.410266899197836,0.550851699251816,1.19219966462977,1.16729496510292,0.634035676862745,-0.767532904424768,-0.202993708003753,-0.0912709356995593,-0.303642030474405,0.0913467382450276,0.0152822700148413,0.310705262178251,0.558394746906768,-0.527680489439249,-0.177318504788345
"710",0,-0.346763866306412,-0.410137506726265,0.757106570942284,-0.112707670625565,-0.813775052877421,-0.312687817116659,-0.135962069060475,-0.0247411626405223,-0.640995384823577,0.314269557813839,0.0768464655884069,0.711908011135486,0.786535690318983,-0.0480975708092236,-0.1555961886108,-0.0445734002443183,-0.1658625288534,0.92012536432158,-0.793321208614283,-1.01694293969422,0.7704887055687,0.698335994853138,-0.113860786417039,-0.0382639442739243,1.49244802467431,0.995233116584471,-1.56081868739673,-1.53432688309958,0.19966965691918,1.53709837680268,-0.048236570436645,-0.0330109162638679,0.597328934614995,1.33132611434538,-1.47909877630812,-1.73997671328813,0.139152767932202,1.17550008551579,0,-0.0930309953194633,0.527366528655686,1.47858362970634,-0.417155017758897,-0.944799547423866,0.926220333707951,-0.340470775845071,-0.0998707974396848,-0.0692112518235939,-0.410266899197836,1.07863107602188,0.803323473037571,0.792269691554037,-0.0409508075055244,-0.767532904424768,-0.202993708003753,-0.0191459895266863,-0.303642030474405,-0.572808484558983,-0.214452838241053,0.310705262178251,-0.988491876452356,-0.527680489439249,-0.0651854381067985
"711",0,-0.346763866306412,-0.743972268793493,0.290919690251838,-0.777153104933116,-0.992685559626734,-0.416428649433891,-0.135962069060475,-0.0247411626405223,-0.640995384823577,0.266276456865079,0.821415400724128,1.13345756693153,0.449905794399818,-0.540830462877054,-0.1555961886108,-0.0445734002443183,-0.1658625288534,0.976867457003467,-0.624985304008629,-0.690239452411488,0.727791665054187,0.552265305433806,-0.113860786417039,-0.0382639442739243,0.849104702984884,0.59717573430355,-1.56081868739673,-1.53432688309958,0.19966965691918,1.26370614595092,-0.048236570436645,-0.0330109162638679,1.52497749734601,0.0525087347129891,-1.47909877630812,-1.73997671328813,-0.0552102104323702,0.0286504053458163,0,-0.0930309953194633,0.527366528655686,1.17070102465946,-1.12171262543579,-1.10320005852361,1.09815083938011,-0.340470775845071,-0.0998707974396848,-0.0692112518235939,-0.410266899197836,1.07863107602188,0.0255710898531705,0.41724441800515,0.465289055770677,-0.767532904424768,-0.202993708003753,-0.0191459895266863,-0.303642030474405,-0.772979593369162,0.245017378270736,0.112658392690295,-0.644739293483662,-0.527680489439249,-0.177318504788345
"712",0,-0.346763866306412,-1.17387929654563,-0.641454071129054,-0.334189482061415,-0.992685559626734,-0.416428649433891,-0.135962069060475,-0.0247411626405223,-0.640995384823577,-0.833945650975067,1.06960504576937,-0.594484397686191,-1.40155863315559,-0.540830462877054,-0.1555961886108,-0.0152492710856271,-0.252700497260132,0.92012536432158,0.385030123625297,-1.18029468333559,-1.29347794903808,-0.574697546273115,-0.113860786417039,-0.0382639442739243,0.527433042140173,1.08838378637757,-0.882919294849875,-1.53432688309958,-1.3031392155474,-0.650039470011399,-0.048236570436645,-0.0330109162638679,1.52497749734601,1.33132611434538,0.774351712302486,0.782595037246263,-0.541614041969328,-0.381353931865168,0,-0.0930309953194633,0.19104829105235,1.3246423271829,-0.34527778875002,-0.944799547423866,0.582359322363638,0.57377943662225,-0.0998707974396848,-0.0692112518235939,-0.410266899197836,0.391395878086075,0.803323473037571,-1.27036931296484,-0.547190670781726,2.47453550505952,0.57588178308182,-0.0191459895266863,-0.374665784998135,-1.17332181098952,-0.903658163008738,0.35729792192483,1.24589991284416,2.42146025904347,-0.177318504788345
"713",0,0.767805440878689,0.545748814462924,0.200115348648358,0.43097920439574,0.159406211913889,-0.416428649433891,-0.135962069060475,-0.0247411626405223,0.993917662786584,0.633017159478461,-0.915912114592555,0.711908011135486,-0.223353997438511,-0.540830462877054,-0.1555961886108,-0.0445734002443183,-0.453890387156393,-1.03619411298153,-0.793321208614283,1.2699814712849,-0.975944617560112,-0.574697546273115,-0.113860786417039,-0.0382639442739243,-0.759253601238671,-1.53139249135053,0.981304034653986,0.847765711656421,-0.802202924725205,-0.650039470011399,-0.048236570436645,-0.0330109162638679,-0.639535815693025,-1.2263086449194,-0.0304520336298728,0.614423587210637,1.1603029827845,0.0286504053458163,0,-0.0930309953194633,-0.481588184154324,-0.984477210668762,-0.588663651849356,-0.583184044601414,0.754289828035795,1.03090454285591,-0.0998707974396848,-0.0692112518235939,-0.410266899197836,-0.328780595364958,-0.36330510173903,-0.332806129092624,0.415004477831596,0.0429841979463036,-0.128941019582171,-0.0191459895266863,-0.303642030474405,1.02856038592245,0.0152822700148413,0.112658392690295,-0.300986710514968,-0.527680489439249,-0.177318504788345
"714",0,-0.346763866306412,0.330795300586854,0.290919690251838,0.108774140810285,0.617509001117085,-0.123111490731166,-0.135962069060475,0.0344703379829887,0.33995244374252,0.816387510785152,-1.05677279034439,-1.1850649899467,1.00390855662875,0.444635321258607,-0.1555961886108,-0.0445734002443183,0.122165329449593,0.92012536432158,-0.67740204686299,-0.0368324778460259,1.24678870278565,-0.292956833346385,-0.113860786417039,-0.0382639442739243,-0.759253601238671,-0.712712404560498,0.981304034653986,1.00657188464015,1.20154223856357,0.443529453395639,0.0494476001845072,-0.0330109162638679,-0.639535815693025,-1.2263086449194,-1.47909877630812,-1.73997671328813,0.309344470407584,1.17550008551579,0,-0.0930309953194633,-0.145269946550987,-0.368712000574986,-1.12171262543579,-1.26160056962335,0.0665678053471691,0.80234198973908,-0.0998707974396848,-0.0692112518235939,1.04245566330703,0.902704617098525,-1.72437177231173,-1.83290722328817,0.127795813586543,0.349975331895468,-0.202993708003753,-0.0191459895266863,-0.303642030474405,0.628218168302089,0.704487594782526,0.954933703241682,1.58965249581285,-0.281918760399022,-0.177318504788345
"715",0,-0.604129004783524,0.115841786710785,0.757106570942284,-1.44159853924067,-1.56487620140943,-0.416428649433891,-0.135962069060475,-0.0247411626405223,-0.640995384823577,0.816387510785152,1.06960504576937,0.501133233237465,-0.89661378927684,-0.540830462877054,-0.1555961886108,-0.0445734002443183,0.309021310977142,0.826737982998668,0.721701932836606,1.2699814712849,1.08802203704667,0.270524592507076,-0.113860786417039,-0.0382639442739243,1.81411968551902,-0.057768335128474,-1.05239414298659,-0.0799360078482305,1.36852100217096,0.443529453395639,-0.048236570436645,-0.0330109162638679,1.83419368492302,0.212360907167038,-1.8244586046619,-1.73997671328813,0.139152767932202,1.46221250555829,0,-0.0930309953194633,1.27614791542119,0.658479242903881,-1.12171262543579,-1.26160056962335,0.582359322363638,0.459230440918036,-0.0998707974396848,-0.0692112518235939,1.04245566330703,1.25455753494524,0.414447281445371,0.604757054779594,1.14027554013895,-0.564903628832,-0.353144269736491,-0.0191459895266863,-0.303642030474405,0.42804705949191,0.93422270303842,0.310705262178251,-0.0763596783169875,-0.527680489439249,-0.177318504788345
"716",0,-0.346763866306412,0.115841786710785,0.0578262499066152,0.773219575117836,0.0738737255348315,-0.416428649433891,-0.135962069060475,-0.0247411626405223,0.993917662786584,0.816387510785152,-1.66048104972828,-1.39583976784473,0.449905794399818,0.937368213326437,-0.1555961886108,-0.0445734002443183,1.27427676266156,0.24020725930366,-0.90967859349892,-0.135362489357495,0.929255371307683,1.11574673128727,-0.113860786417039,-0.0382639442739243,-0.115910279549249,0.690404950820315,1.1507788827907,1.00657188464015,-0.301266633903012,-0.650039470011399,-0.048236570436645,-0.0330109162638679,-0.219228779279625,1.17147394189133,0.935312461488958,0.278080687139385,0.819919577833732,-0.544774434739172,0,-0.0930309953194633,-0.481588184154324,1.17070102465946,-0.655851723424326,-1.26160056962335,0.0665678053471691,0.57377943662225,-0.121043594863456,-0.0692112518235939,-0.182122318993166,0.976804173724691,-0.941898459689196,-0.707831402641512,0.802782297954812,0.44824274913184,-0.202993708003753,-0.0191459895266863,-0.303642030474405,0.227875950681732,0.704487594782526,0.621387201562906,0.386518455422421,-0.527680489439249,-0.606264112666935
"717",0,-0.346763866306412,-0.0571022938741625,0.524013130597061,-0.334189482061415,-0.813775052877421,-0.416428649433891,-0.0404420107726531,-0.0247411626405223,0.0129698342204877,0.816387510785152,0.821415400724128,-0.0344028211582225,0.281590846440236,-0.540830462877054,-0.1555961886108,-0.0445734002443183,1.27427676266156,1.09010489057606,0.721701932836606,-1.01694293969422,1.24678870278565,-0.292956833346385,-0.113969336507744,-0.0382639442739243,1.17077636382959,1.08838378637757,-1.2218689911233,-1.53432688309958,1.03456347495617,0.990313915099158,-0.048236570436645,-0.0330109162638679,0.28811274703799,1.17147394189133,-1.47909877630812,-1.73997671328813,0.649727875358349,0.8887876654733,0,-0.0930309953194633,0.527366528655686,1.47858362970634,-1.12171262543579,-0.786399036324126,1.27008134505226,-0.569033328961901,-0.0998707974396848,-0.0692112518235939,0.0739739549704533,1.25455753494524,0.414447281445371,0.979782328328481,0.802782297954812,-0.849380361534342,-0.39471776531665,-0.0191459895266863,-0.303642030474405,-0.172466266938626,0.245017378270736,0.310705262178251,-0.472863001999315,-0.527680489439249,-0.177318504788345
"718",0,-0.346763866306412,-1.17387929654563,0.290919690251838,-0.998634916368966,-0.992685559626734,-0.416428649433891,-0.108848887458476,-0.0247411626405223,-0.640995384823577,-0.0977281913932227,0.325036110633647,-1.60661454574275,0.786535690318983,-0.0480975708092236,-0.1555961886108,-0.0445734002443183,-0.741918245459386,0.7501458380671,-0.730834110512522,-0.526887708770123,1.24678870278565,0.789584354224021,-0.113860786417039,-0.0382639442739243,0.849104702984884,1.08838378637757,-0.0355450541663019,0.688959538672687,1.01514193264781,2.0838828385062,-0.048236570436645,-0.0330109162638679,0.906545122192,1.33132611434538,0.935312461488958,0.950766487281889,-0.371422339493946,-0.258062014696678,0,-0.316563968754814,-0.481588184154324,-0.984477210668762,0.431157047935746,0.480805052473791,-0.864968620283048,-0.797595882078731,-0.0998707974396848,-0.0692112518235939,-0.410266899197836,-1.38433934890509,0.608885377241471,-0.707831402641512,-1.67066172325246,-0.767532904424768,-0.202993708003753,-0.0191459895266863,-0.367311362618923,-1.17332181098952,0.93422270303842,-2.06585717167723,-1.1603681679367,-0.527680489439249,-0.177318504788345
"719",0,-0.346763866306412,-0.529018754917424,0.990200011287507,-0.998634916368966,-0.992685559626734,-0.416428649433891,-0.135962069060475,-0.0247411626405223,-1.18448132506292,-1.93416775881521,0.294214963741754,-0.21747182591382,-1.40155863315559,-0.540830462877054,-0.1555961886108,-0.0445734002443183,-0.741918245459386,-1.28960847698666,1.39504555125922,0.616574496719437,-1.29347794903808,-0.574697546273115,-0.113860786417039,-0.0382639442739243,1.81411968551902,1.08838378637757,1.1507788827907,1.00657188464015,0.700605947741373,0.17013722254388,-0.048236570436645,-0.0330109162638679,0.76192929739708,0.691917424529183,0.935312461488958,0.950766487281889,1.1603029827845,0.16024843751017,0,-0.0930309953194633,-0.481588184154324,-0.984477210668762,0.12058311326144,1.27280760797249,-0.277293205997144,-0.569033328961901,-0.0998707974396848,-0.0692112518235939,-0.410266899197836,-1.38433934890509,0.0255710898531705,0.979782328328481,-1.22217715515,-0.767532904424768,-0.202993708003753,-0.0191459895266863,-0.303642030474405,-0.772979593369162,0.93422270303842,0.310705262178251,-1.1603681679367,-0.527680489439249,-0.177318504788345
"720",0,-0.346763866306412,1.62051638384327,0.770955136308499,-0.334189482061415,-0.813775052877421,-0.416428649433891,-0.112735612232445,-0.0247411626405223,1.97486549135268,0.816387510785152,-0.915912114592555,1.13345756693153,-0.122479963850401,-0.540830462877054,-0.1555961886108,-0.0445734002443183,2.42638819587353,0.58016631181262,-1.12999301782559,0.616574496719437,0.719037996922929,-0.574697546273115,-0.113860786417039,-0.0382639442739243,0.849104702984884,-0.385240369844486,-1.56081868739673,0.0537348467377536,0.700605947741373,-0.650039470011399,-0.048236570436645,-0.0330109162638679,-0.639535815693025,-1.2263086449194,-1.47909877630812,0.278080687139385,0.139152767932202,-0.831486854781667,0,-0.0930309953194633,-0.481588184154324,-0.984477210668762,-0.655851723424326,1.27280760797249,-0.621154217341457,-0.797595882078731,-0.0998707974396848,-0.0692112518235939,-0.410266899197836,-0.152854136441604,0.997761568833671,0.979782328328481,0.465289055770677,1.66401840268845,2.25623249403729,-0.0191459895266863,0.728815661816031,1.22873149473262,0.93422270303842,0.310705262178251,1.04273288127801,2.17569853000325,0.697813577192196
"721",0,-0.346763866306412,0.975655842215063,0.990200011287507,0.994701386553687,0.438598494367772,-0.416428649433891,-0.135962069060475,-0.0247411626405223,-0.640995384823577,0.816387510785152,0.573225755678888,-0.34196587835462,0.113275898480654,-0.540830462877054,-0.1555961886108,-0.0445734002443183,0.122165329449593,1.09010489057606,-0.28831349479732,-1.18029468333559,-1.29347794903808,-0.574697546273115,-0.113860786417039,-0.0382639442739243,-0.115910279549249,1.08838378637757,1.1507788827907,0.0537348467377536,-1.3031392155474,-0.650039470011399,-0.048236570436645,-0.0330109162638679,-0.10036438715801,0.532065252075134,0.613390963116015,0.782595037246263,-0.541614041969328,-0.831486854781667,0,-0.224715200557517,-0.481588184154324,-0.984477210668762,-1.12171262543579,0.322404541374051,0.410428816691482,-0.649506064724673,-0.0998707974396848,-0.0692112518235939,-0.410266899197836,-0.504707054288313,0.220009185649271,0.979782328328481,0.354555531353114,-0.767532904424768,-0.202993708003753,-0.0191459895266863,-0.303642030474405,0.227875950681732,0.93422270303842,0.706799001154165,-0.472863001999315,-0.527680489439249,-0.177318504788345
"722",0,-0.346763866306412,-0.958925782669563,0.290919690251838,0.330255952246136,-0.634864546128108,-0.416428649433891,-0.135962069060475,-0.0247411626405223,-0.640995384823577,-1.01731600228176,0.821415400724128,0.501133233237465,0.786535690318983,-0.716873423178854,-0.1555961886108,-0.0445734002443183,-0.453890387156393,0.58016631181262,-0.28831349479732,-1.18029468333559,0.929255371307683,-0.292956833346385,-0.113860786417039,-0.0382639442739243,0.205761381295462,1.08838378637757,-0.374494750439731,-1.53432688309958,0.032690893311783,1.53709837680268,-0.048236570436645,-0.0330109162638679,0.597328934614995,0.212360907167038,-1.47909877630812,-1.73997671328813,-0.201230637018563,1.46221250555829,0,-0.0930309953194633,0.401305128657751,1.01675972213601,-0.966425658098632,-1.26160056962335,-0.277293205997144,1.7165922022064,-0.0998707974396848,-0.0692112518235939,-0.410266899197836,1.07863107602188,0.803323473037571,-0.145293492318181,1.14027554013895,0.650872024724607,-0.202993708003753,-0.0191459895266863,-0.303642030474405,-0.572808484558983,0.0152822700148413,0.904845870642121,0.386518455422421,-0.527680489439249,-0.177318504788345
"723",0,-0.346763866306412,-1.17387929654563,-0.450677100065717,-0.777153104933116,-0.95734479210653,-0.416428649433891,-0.135962069060475,-0.0247411626405223,-0.714353778111137,-1.56742705620183,1.06960504576937,0.0795836774414227,-1.233243685196,-0.540830462877054,-0.1555961886108,-0.0445734002443183,-0.741918245459386,-0.21862950056931,1.39504555125922,-1.01694293969422,-1.29347794903808,-0.574697546273115,-0.113860786417039,-0.0909846830221019,-0.759253601238671,0.105967682229532,-0.0748020167091692,-1.53432688309958,-1.3031392155474,-0.807122962299504,-0.048236570436645,-0.0330109162638679,-0.639535815693025,0.851769596983231,0.452430213929543,0.706444619464578,-0.541614041969328,-0.831486854781667,0,-0.0930309953194633,-0.481588184154324,1.01675972213601,1.36287885195866,1.27280760797249,1.27008134505226,1.94515475532323,4.95470122853544,-0.0692112518235939,-0.410266899197836,0.198998781405106,1.19219966462977,0.604757054779594,0.29654243467861,2.47453550505952,4.71545869607834,-0.0191459895266863,-0.303642030474405,-1.17332181098952,-0.444187946496948,0.706799001154165,0.902147329875462,0.701128155761885,1.74155588179894
"724",0,-0.346763866306412,-1.17387929654563,-2.73929503423606,-0.334189482061415,1.15424052136502,-0.123111490731166,-0.135962069060475,-0.0247411626405223,-0.640995384823577,-1.93416775881521,-2.65323962990924,0.922682789033507,1.29148053419773,0.198268875224692,-0.1555961886108,-0.111531751188364,-0.741918245459386,-1.28960847698666,0.553366028230951,1.43333321492626,0.452955374090734,-0.574697546273115,-0.113860786417039,-0.0382639442739243,-0.43758194039396,0.269703699587538,1.1507788827907,1.00657188464015,0.700605947741373,-0.650039470011399,-0.048236570436645,-0.0330109162638679,0.906545122192,0.0525087347129891,-0.996216528748704,0.950766487281889,-0.0310389345431809,-0.831486854781667,0,-0.0753140730454297,-0.481588184154324,-0.984477210668762,-0.660310326489477,1.27280760797249,0.238498311019326,-0.797595882078731,-0.0998707974396848,-0.0692112518235939,-0.410266899197836,-1.38433934890509,-1.91880986810783,0.979782328328481,0.29654243467861,-0.767532904424768,-0.202993708003753,-0.0191459895266863,-0.303642030474405,-1.17332181098952,-2.7415390290559,-0.877575954749489,1.07402362135981,-0.281918760399022,-0.177318504788345
"725",0,-0.210323230101363,-0.529018754917424,0.524013130597061,-0.777153104933116,0.438598494367772,1.93010862018791,-0.135962069060475,-0.0247411626405223,-0.640995384823577,-1.56742705620183,-0.171343179456834,0.290358455339444,1.12316558623815,1.9228339974621,-0.1555961886108,-0.0445734002443183,-0.741918245459386,-1.62956752949562,-1.12999301782559,-1.18029468333559,0.7704887055687,0.552265305433806,-0.113860786417039,-0.0382639442739243,-0.43758194039396,1.08838378637757,1.1507788827907,1.00657188464015,1.20154223856357,0.17013722254388,-0.102571694956718,-0.0330109162638679,-0.0211034405390152,0.0525087347129891,-0.191412782816345,0.950766487281889,1.1603029827845,0.8887876654733,0,-0.0930309953194633,-0.481588184154324,-0.984477210668762,0.12058311326144,0.79760607467327,-0.96501522868577,-0.569033328961901,-0.0998707974396848,-0.0692112518235939,-0.410266899197836,-1.20841288998173,1.19219966462977,-0.520318765867068,-1.55967039733413,-0.767532904424768,-0.202993708003753,-0.0191459895266863,-0.303642030474405,-0.172466266938626,-0.214452838241053,-2.06585717167723,-1.1603681679367,-0.527680489439249,-0.177318504788345
"726",0,-0.346763866306412,-0.314065241041354,-0.408360630783831,0.994701386553687,0.617509001117085,-0.416428649433891,-0.135962069060475,-0.0247411626405223,0.440900376246055,0.816387510785152,-0.667722469547314,-0.552740656252641,0.618220742359401,-0.540830462877054,-0.1555961886108,-0.0445734002443183,0.410193187752585,-0.9496494244777,-1.12999301782559,0.12651926579534,0.294188708351751,-0.574697546273115,-0.113860786417039,-0.0909846830221019,-0.759253601238671,-1.53139249135053,-0.543969598576446,1.00657188464015,0.867584711348771,-0.376647239159639,-0.048236570436645,-0.0330109162638679,-0.609673394558288,-1.2263086449194,-0.0304520336298728,-0.0582622129318667,1.33656263572091,1.17550008551579,0,-0.0930309953194633,-0.481588184154324,-0.984477210668762,-1.12171262543579,-0.817221404136124,0.695229716659136,0.80234198973908,-0.0998707974396848,-0.0692112518235939,-0.461287234112753,-1.20841288998173,-0.75218129333123,0.0422191444562627,1.14027554013895,-0.159645077646464,-0.202993708003753,-0.0758585761396516,-0.523235314180379,-0.372637375748804,0.474752486526631,-0.283435346285619,-0.816615584968009,-0.527680489439249,-0.177318504788345
"727",0,-0.346763866306412,-1.17387929654563,-2.27310815354561,0.994701386553687,-0.277043532629481,-0.416428649433891,-0.135962069060475,-0.0247411626405223,-0.640995384823577,-1.75079740750852,0.567477703809298,0.711908011135486,-1.233243685196,0.198268875224692,-0.1555961886108,-0.0445734002443183,-0.741918245459386,0.24020725930366,1.56338145586488,-0.690239452411488,-0.658411286082146,3.93315386055457,-0.113860786417039,-0.0382639442739243,2.13579134636373,1.08838378637757,-0.205019902303017,-0.899102191164647,1.28275278700554,2.63066730020971,-0.048236570436645,-0.0330109162638679,0.28811274703799,0.900280178033307,1.09627321067543,0.950766487281889,1.64021402633896,2.32234976568577,0,-0.0930309953194633,-0.0251234656936518,-0.830535908145318,0.12058311326144,0.95600658577301,0.926220333707951,0.116654330388589,-0.0998707974396848,-0.0692112518235939,-0.410266899197836,-1.38433934890509,-1.91880986810783,1.16729496510292,-0.209697428597592,-0.181506748074935,-0.202993708003753,-0.0191459895266863,-0.303642030474405,-1.17332181098952,-2.28206881254411,0.904845870642121,-0.129110419030621,-0.527680489439249,-0.177318504788345
"728",0,-0.346763866306412,-0.0991117271652847,0.524013130597061,-0.555671293497266,-0.286380414197306,-0.416428649433891,-0.135962069060475,-0.0247411626405223,-0.640995384823577,0.649379908051452,-0.584813684115721,-0.30427714648218,1.12316558623815,-0.0480975708092236,-0.1555961886108,-0.0445734002443183,0.698221046055578,0.24020725930366,-1.12999301782559,-0.867394586878954,1.08802203704667,0.552265305433806,-0.113860786417039,-0.0177637689065176,0.509235329914219,-0.22150435248648,-1.56081868739673,-1.53432688309958,0.19966965691918,1.26370614595092,-0.048236570436645,-0.0955165002945717,0.597328934614995,0.212360907167038,-1.47909877630812,-1.73997671328813,-0.201230637018563,1.46221250555829,0,-0.0930309953194633,0.863684766259023,1.01675972213601,-1.12171262543579,-1.26160056962335,0.0665678053471691,0.34521688350542,-0.0998707974396848,-0.0692112518235939,0.558214809138742,1.43048399386859,-0.94661938912733,-0.520318765867068,0.971528919046879,-0.767532904424768,-0.202993708003753,-0.0191459895266863,-0.303642030474405,0.227875950681732,0.704487594782526,0.706799001154165,-0.129110419030621,-0.527680489439249,-0.165145706387901
"729",0,-0.346763866306412,-1.17387929654563,-2.73929503423606,0.551737763681986,-0.277043532629481,0.0572076525312698,0.119223480279546,-0.0247411626405223,-0.640995384823577,-1.93416775881521,-1.66048104972828,0.922682789033507,-1.233243685196,-0.540830462877054,-0.1555961886108,-0.0445734002443183,-1.11008262494829,-1.62956752949562,1.22670964665357,0.12651926579534,-1.29347794903808,-0.0112161204196545,-0.113860786417039,-0.0382639442739243,-0.759253601238671,-0.22150435248648,0.811829186517271,-1.21671453713211,-0.134287870295615,2.90405953106147,-0.048236570436645,0.068136626303442,0.979495520328015,1.17147394189133,-0.67429503037576,-1.73997671328813,0.428061281358787,1.17550008551579,0,2.21063525662472,3.21227073052236,1.3246423271829,0.12058311326144,0.322404541374051,0.715432473202715,-0.340470775845071,-0.0998707974396848,3.74986562380231,3.94790078831677,0.726778158175171,0.414447281445371,0.979782328328481,0.971528919046879,-0.564903628832,-0.202993708003753,-0.0191459895266863,-0.303642030474405,-1.24539407555108,-2.7415390290559,0.706799001154165,-0.472863001999315,-0.527680489439249,-0.177318504788345
"730",0,-0.630578053602299,-0.743972268793493,0.290919690251838,0.994701386553687,0.0228301616610117,-0.416428649433891,-0.135962069060475,-0.0247411626405223,-0.69282404872779,0.25294044571856,0.525193467460462,0.0795836774414227,-0.317055955711206,-0.540830462877054,-0.1555961886108,-0.0445734002443183,-0.741918245459386,0.92012536432158,-0.119977590191666,-1.18029468333559,-1.29347794903808,-0.574697546273115,-0.113860786417039,-0.0382639442739243,0.527433042140173,0.561227610789053,-0.882919294849875,0.0537348467377536,-0.969181688332602,-0.650039470011399,-0.048236570436645,-0.0330109162638679,0.28811274703799,1.01162176943728,0.935312461488958,0.950766487281889,0.819919577833732,-0.544774434739172,0,-0.0930309953194633,0.527366528655686,1.47858362970634,0.12058311326144,-1.26160056962335,0.926220333707951,0.760886611740148,-0.0998707974396848,-0.192778871703711,-0.410266899197836,0.902704617098525,-0.36330510173903,-0.895344039415955,1.14027554013895,0.245613473539072,-0.202993708003753,-0.0191459895266863,-0.62048272682881,-0.372637375748804,0.245017378270736,0.904845870642121,0.558394746906768,-0.527680489439249,-0.177318504788345
"731",0,-0.337257357224891,0.545748814462924,0.524013130597061,-0.998634916368966,-0.992685559626734,-0.416428649433891,-0.135962069060475,-0.0247411626405223,0.33995244374252,0.999757862091843,0.325036110633647,0.278514844904772,0.281590846440236,-0.540830462877054,-0.1555961886108,-0.0445734002443183,1.27427676266156,0.7501458380671,-0.961657113219938,-0.0368324778460259,0.929255371307683,-0.292956833346385,-0.113860786417039,-0.0382639442739243,1.49244802467431,0.269703699587538,-1.56081868739673,-1.53432688309958,0.867584711348771,0.443529453395639,-0.048236570436645,-0.0330109162638679,0.597328934614995,0.264387356835871,-1.47909877630812,-1.73997671328813,-0.201230637018563,1.11550737945084,0,-0.0930309953194633,0.863684766259023,0.862818419612568,-1.12171262543579,-1.26160056962335,0.0665678053471691,1.03090454285591,-0.0998707974396848,-0.0692112518235939,1.04245566330703,1.25455753494524,-0.94661938912733,-0.707831402641512,0.971528919046879,0.44824274913184,-0.202993708003753,-0.0191459895266863,-0.303642030474405,0.42804705949191,0.700082222585522,0.904845870642121,0.386518455422421,-0.527680489439249,-0.177318504788345
"732",0,-0.346763866306412,-1.17387929654563,-0.874547511474277,0.551737763681986,-0.992685559626734,-0.416428649433891,-0.135962069060475,-0.0247411626405223,-0.640995384823577,-0.283834597054994,1.06960504576937,-1.1850649899467,-1.01319903626289,-0.540830462877054,-0.1555961886108,-0.0445734002443183,-0.1658625288534,0.7501458380671,0.89003783744226,-0.526887708770123,-0.182111288865197,1.67922815714073,-0.113860786417039,-0.0382639442739243,0.849104702984884,1.08838378637757,1.1507788827907,1.00657188464015,1.36852100217096,2.90405953106147,0.0856204469232692,-0.0330109162638679,-0.33031962811602,-0.107343437741059,0.130508715556599,0.278080687139385,1.1603029827845,0.8887876654733,0,-0.0930309953194633,-0.481588184154324,-0.984477210668762,-0.811138690761479,1.11440709687275,0.238498311019326,-0.214583691711013,-0.0998707974396848,-0.0692112518235939,-0.410266899197836,-1.38433934890509,0.0255710898531705,1.16729496510292,-1.22217715515,-0.767532904424768,-0.202993708003753,-0.0912709356995593,-0.303642030474405,-1.17332181098952,-0.444187946496948,0.706799001154165,-0.644739293483662,-0.527680489439249,-0.177318504788345
"733",0,-0.434005100174448,-0.529018754917424,0.290919690251838,-0.777153104933116,-0.813775052877421,-0.416428649433891,-0.135962069060475,-0.0247411626405223,-0.640995384823577,0.082906105558388,1.06960504576937,0.100785591182135,0.113275898480654,-0.540830462877054,-0.1555961886108,-0.0445734002443183,0.410193187752585,1.09010489057606,0.056329905411115,-0.526887708770123,0.929255371307683,-0.574697546273115,-0.113860786417039,-0.0382639442739243,0.527433042140173,0.924647769019562,-1.56081868739673,-1.53432688309958,0.700605947741373,1.53709837680268,-0.048236570436645,-0.0330109162638679,0.906545122192,0.915347550815803,-1.47909877630812,-1.73997671328813,0.479536172882967,1.50299124140278,0,-0.0930309953194633,0.19104829105235,1.3246423271829,-1.12171262543579,-1.26160056962335,0.582359322363638,0.57377943662225,-0.0998707974396848,-0.0692112518235939,-0.410266899197836,1.07863107602188,0.0255710898531705,-0.332806129092624,0.971528919046879,-0.362274353239232,-0.202993708003753,-0.0191459895266863,-0.303642030474405,-0.372637375748804,0.245017378270736,0.904845870642121,-0.129110419030621,-0.527680489439249,-0.309899873435533
"734",0,-0.346763866306412,-0.958925782669563,-0.641454071129054,-0.777153104933116,-0.813775052877421,-0.416428649433891,-0.135962069060475,-0.0247411626405223,-0.640995384823577,-0.467204948361685,1.06960504576937,0.711908011135486,0.113275898480654,-0.540830462877054,-0.1555961886108,-0.0445734002443183,-0.741918245459386,0.7501458380671,1.22670964665357,-1.01694293969422,0.20979731089583,-0.574697546273115,-0.113860786417039,-0.0382639442739243,-0.43758194039396,1.08838378637757,0.323479436529593,-1.53432688309958,0.533627184133976,0.443529453395639,-0.048236570436645,-0.0330109162638679,-0.639535815693025,1.33132611434538,-0.32373040103321,-1.73997671328813,0.990111280309114,0.315362825388311,0,-0.0930309953194633,-0.481588184154324,1.17070102465946,-0.966425658098632,-0.469598014124647,1.27008134505226,-0.797595882078731,-0.0998707974396848,-0.0692112518235939,-0.410266899197836,0.550851699251816,-0.157356480264114,0.792269691554037,-0.378444049689659,-0.767532904424768,-0.202993708003753,-0.0191459895266863,-0.303642030474405,-0.846788884735586,0.704487594782526,0.310705262178251,-0.988491876452356,-0.527680489439249,-0.177318504788345
"735",0,-0.346763866306412,-0.314065241041354,0.757106570942284,0.330255952246136,-0.813775052877421,-0.416428649433891,-0.135962069060475,-0.0247411626405223,-0.62680287623964,0.082906105558388,0.0768464655884069,0.501133233237465,0.113275898480654,-0.540830462877054,-0.1555961886108,-0.0445734002443183,-0.1658625288534,0.92012536432158,-0.456649399402975,-1.01694293969422,1.24678870278565,-0.292956833346385,-0.113860786417039,-0.0382639442739243,0.527433042140173,1.08838378637757,-1.05239414298659,-1.53432688309958,0.366648420526578,0.990313915099158,-0.048236570436645,-0.0330109162638679,0.28811274703799,1.17147394189133,-1.15717727793518,-1.73997671328813,-0.201230637018563,1.46221250555829,0,-0.0930309953194633,0.527366528655686,1.21553071959874,-0.966425658098632,-1.26160056962335,0.582359322363638,0.57377943662225,-0.0998707974396848,-0.0692112518235939,-0.410266899197836,0.902704617098525,0.220009185649271,-0.145293492318181,0.971528919046879,-0.564903628832,-0.202993708003753,-0.0191459895266863,-0.303642030474405,-0.372637375748804,0.245017378270736,0.310705262178251,-0.816615584968009,-0.527680489439249,-0.177318504788345
"736",0,-0.346763866306412,-0.529018754917424,0.0578262499066152,0.330255952246136,-0.813775052877421,-0.416428649433891,-0.135962069060475,-0.0247411626405223,-0.640995384823577,0.633017159478461,1.06960504576937,0.922682789033507,0.449905794399818,-0.540830462877054,-0.296994970613507,-0.0445734002443183,-0.741918245459386,0.92012536432158,1.39504555125922,1.2699814712849,0.929255371307683,-0.574697546273115,-0.208092861683001,-0.0382639442739243,-0.759253601238671,0.269703699587538,1.1507788827907,0.847765711656421,1.36852100217096,-0.10325500830788,-0.048236570436645,-0.0330109162638679,-0.639535815693025,-1.06645647246535,-0.67429503037576,-1.23546236318125,1.1603029827845,0.8887876654733,0,-0.0930309953194633,-0.481588184154324,-0.984477210668762,-1.12171262543579,-1.10320005852361,1.27008134505226,0.57377943662225,-0.0998707974396848,-0.0692112518235939,-0.410266899197836,-1.38433934890509,-0.94661938912733,0.979782328328481,1.14027554013895,0.0429841979463036,-0.202993708003753,-0.0191459895266863,-0.303642030474405,0.027704841871553,0.93422270303842,0.904845870642121,-0.129110419030621,-0.527680489439249,-0.0648307582492637
"737",0,-0.346763866306412,-1.17387929654563,-1.1076409518195,0.551737763681986,1.69097204161296,0.463522826674285,-0.135962069060475,-0.0247411626405223,-0.640995384823577,0.082906105558388,1.06960504576937,-0.34196587835462,1.12316558623815,1.9228339974621,-0.1555961886108,-0.0445734002443183,0.698221046055578,0.7501458380671,-0.624985304008629,-0.526887708770123,0.929255371307683,2.24270958299419,-0.113860786417039,-0.0382639442739243,1.05653572223231,0.924647769019562,0.596022913997748,1.00657188464015,1.36852100217096,0.443529453395639,-0.303140849397564,-0.0330109162638679,0.22878581308596,0.532065252075134,0.440429425668635,0.545844741813658,1.1603029827845,-0.544774434739172,0,-0.0930309953194633,-0.481588184154324,-0.984477210668762,-1.12171262543579,0.480805052473791,0.410428816691482,-0.682523170669439,-0.172225421347918,-0.0692112518235939,-0.410266899197836,-1.38433934890509,-0.94661938912733,1.16729496510292,-0.378444049689659,-0.767532904424768,-0.202993708003753,-0.0191459895266863,-0.303642030474405,-1.17332181098952,-0.444187946496948,0.706799001154165,-1.1603681679367,-0.527680489439249,-0.177318504788345
"738",0,0.767805440878689,0.760702328338993,0.524013130597061,0.994701386553687,1.86988254836228,3.39669441370154,-0.135962069060475,-0.0247411626405223,1.97486549135268,0.999757862091843,-0.131042892216763,-0.763515434150662,-0.728298841317257,-0.0480975708092236,-0.1555961886108,-0.0445734002443183,2.13836033757054,0.92012536432158,-0.456649399402975,-0.853591196052854,-1.29347794903808,-0.574697546273115,-0.113860786417039,-0.0382639442739243,1.81411968551902,0.912667126587187,1.1507788827907,0.847765711656421,-0.477604441957665,-0.650039470011399,-0.048236570436645,-0.0330109162638679,-0.383310801316384,-0.746752127557253,-0.513334281189288,0.15538896823653,0.649727875358349,-0.831486854781667,0,-0.0930309953194633,-0.481588184154324,-0.984477210668762,-1.12171262543579,-0.255434795629184,1.27008134505226,-0.340470775845071,-0.0998707974396848,-0.0692112518235939,-0.410266899197836,-1.03248643105838,-1.14105748492343,0.469006974544308,0.843550572584267,0.0429841979463036,-0.202993708003753,-0.0191459895266863,-0.303642030474405,0.542996788822498,0.93422270303842,0.904845870642121,-0.097534559438544,-0.527680489439249,-0.177318504788345
"739",0,-0.346763866306412,-0.525851515576984,0.0578262499066152,0.773219575117836,0.438598494367772,-0.416428649433891,-0.135962069060475,-0.0247411626405223,0.33995244374252,0.999757862091843,-1.41229140468304,-1.39583976784473,1.12316558623815,-0.0480975708092236,-0.1555961886108,-0.0445734002443183,-0.1658625288534,0.92012536432158,-0.961657113219938,-0.853591196052854,0.611722039829717,1.11574673128727,-0.113860786417039,-0.0382639442739243,-0.759253601238671,0.59717573430355,1.1507788827907,1.00657188464015,1.20154223856357,-0.376647239159639,-0.048236570436645,-0.0330109162638679,-0.0211034405390152,1.17147394189133,0.452430213929543,-0.0582622129318667,0.819919577833732,1.17550008551579,0,-0.0930309953194633,1.5363212414657,1.44249813120464,-0.966425658098632,-1.26160056962335,0.275953242157324,1.25946709597274,-0.0998707974396848,-0.137383065047576,-0.410266899197836,1.25455753494524,-0.36330510173903,-1.0828566761904,0.127795813586543,0.853501300317375,-0.202993708003753,-0.0191459895266863,-0.303642030474405,-0.772979593369162,0.704487594782526,0.706799001154165,0.473603726742868,-0.281918760399022,-0.177318504788345
"740",0,-0.346763866306412,0.545748814462924,0.757106570942284,0.994701386553687,0.575671149019971,0.17020566797156,-0.135962069060475,-0.0247411626405223,-0.314012775301545,0.999757862091843,0.165499333765609,0.290358455339444,1.29148053419773,1.18373465936035,-0.1555961886108,-0.0445734002443183,-0.741918245459386,-0.26973131945978,-0.961657113219938,-0.690239452411488,1.24678870278565,0.83215506690821,-0.113860786417039,-0.0382639442739243,-0.759253601238671,-1.53139249135053,-0.205019902303017,1.00657188464015,0.533627184133976,-0.650039470011399,-0.048236570436645,-0.0330109162638679,-0.639535815693025,-1.2263086449194,-0.648050942489343,0.614423587210637,0.649727875358349,-0.831486854781667,0,-0.0930309953194633,-0.481588184154324,-0.984477210668762,-1.12171262543579,-0.316480062436951,1.27008134505226,0.57377943662225,-0.0998707974396848,-0.0692112518235939,-0.410266899197836,0.374925240328461,-0.36330510173903,0.41724441800515,1.14027554013895,0.057394314004353,-0.202993708003753,-0.0191459895266863,-0.303642030474405,0.628218168302089,0.93422270303842,0.706799001154165,0.0281321035601977,-0.527680489439249,-0.177318504788345
"741",0,-0.346763866306412,-0.0991117271652847,0.524013130597061,0.330255952246136,-0.119715069538922,-0.416428649433891,-0.135962069060475,-0.064995348517452,-0.640995384823577,0.266276456865079,1.02157391823483,1.13345756693153,0.281590846440236,-0.540830462877054,-0.1555961886108,-0.0445734002443183,-0.741918245459386,0.24020725930366,1.56338145586488,1.43333321492626,-0.182111288865197,-0.574697546273115,-0.113860786417039,-0.0909846830221019,-0.759253601238671,-0.22150435248648,1.13619918390711,1.00657188464015,-0.46824539751041,-0.650039470011399,-0.048236570436645,-0.0330109162638679,-0.532189080514861,0.0525087347129891,1.09627321067543,0.950766487281889,-0.541614041969328,-0.831486854781667,0,-0.0930309953194633,-0.481588184154324,0.708877117089123,1.36287885195866,1.11440709687275,-0.793084723013613,-0.797595882078731,-0.0998707974396848,-0.0692112518235939,-0.410266899197836,0.550851699251816,1.19219966462977,0.736030201373872,-0.715937291873794,-0.767532904424768,-0.202993708003753,-0.0191459895266863,-0.303642030474405,-0.172466266938626,0.0152822700148413,0.904845870642121,0.730271038391115,0.209604697681432,0.038303744708484
"742",0,-0.346763866306412,-0.0991117271652847,-0.408360630783831,0.108774140810285,1.69097204161296,1.05015714407974,-0.135962069060475,-0.0318401196839718,-0.314012775301545,0.44964680817177,1.06960504576937,0.922682789033507,-0.0550390494789284,-0.0480975708092236,-0.1555961886108,-0.0152492710856271,0.038394253548992,1.09010489057606,-0.28831349479732,-1.18029468333559,-1.52900391204218,-0.574697546273115,-0.113860786417039,-0.0382639442739243,-0.43758194039396,0.59717573430355,0.472879490243842,-1.05790836414838,-1.3031392155474,-0.650039470011399,-0.048236570436645,-0.0330109162638679,-0.639535815693025,-1.06645647246535,-0.0304520336298728,-0.0266752675752873,-0.711805744444711,-0.831486854781667,0,-0.0930309953194633,-0.481588184154324,-0.984477210668762,-1.12171262543579,0.480805052473791,0.0227895203853679,-0.797595882078731,-0.115166189484696,-0.0692112518235939,-0.410266899197836,-1.38433934890509,-0.36330510173903,0.979782328328481,-0.547190670781726,-0.767532904424768,-0.11456810934769,-0.0338432573430967,-0.303642030474405,0.027704841871553,0.0152822700148413,-1.66976343270132,-1.1603681679367,-0.527680489439249,-0.177318504788345
"743",0,6.34065197680419,2.05042341159541,0.990200011287507,-0.334189482061415,-0.992685559626734,-0.416428649433891,-0.135962069060475,-0.0247411626405223,4.26374375800691,0.44964680817177,-0.667722469547314,1.13345756693153,-1.06492873723642,-0.540830462877054,-0.1921095750574,-0.0445734002443183,1.27427676266156,-0.0997517932053001,-1.12999301782559,1.10662972764353,-0.129608287366435,-0.380613645298672,-0.113860786417039,-0.0382639442739243,-0.759253601238671,-1.53139249135053,-1.56081868739673,0.37134719270522,0.032690893311783,-0.650039470011399,-0.048236570436645,-0.0330109162638679,-0.357862503063352,-1.2263086449194,-1.15717727793518,0.950766487281889,-0.711805744444711,-0.831486854781667,0,-0.0930309953194633,-0.481588184154324,-0.984477210668762,0.586444015272899,1.11440709687275,-1.30887624003008,-0.797595882078731,-0.0998707974396848,-0.0692112518235939,0.0739739549704533,0.550851699251816,1.19219966462977,0.41724441800515,-1.22217715515,-0.767532904424768,-0.202993708003753,-0.0191459895266863,5.89110412326821,2.02941592997334,0.93422270303842,0.904845870642121,1.58965249581285,1.28987073655323,-0.177318504788345
"744",0,-0.346763866306412,-0.958925782669563,-0.175267190438608,0.330255952246136,-0.813775052877421,-0.416428649433891,-0.135962069060475,-0.0247411626405223,-0.640995384823577,0.082906105558388,0.325036110633647,-0.34196587835462,0.449905794399818,-0.540830462877054,-0.243231619770738,-0.0445734002443183,-0.1658625288534,1.09010489057606,-0.793321208614283,-1.18029468333559,0.294188708351751,-0.0112161204196545,-0.113860786417039,0.0648763477579032,0.849104702984884,0.433439716945544,-1.56081868739673,-1.53432688309958,-0.46824539751041,1.26370614595092,-0.048236570436645,-0.0330109162638679,1.83419368492302,0.0525087347129891,-1.47909877630812,-1.73997671328813,-0.881997446920094,1.46221250555829,0,-0.0930309953194633,0.19104829105235,0.756028375601442,-1.12171262543579,-1.26160056962335,-0.277293205997144,0.80234198973908,-0.0998707974396848,-0.0692112518235939,-0.410266899197836,0.902704617098525,-0.94661938912733,-0.332806129092624,1.14027554013895,0.099791295059791,-0.202993708003753,-0.0191459895266863,-0.303642030474405,-0.835619418375975,0.704487594782526,0.508752131666208,-0.300986710514968,-0.527680489439249,-0.177318504788345
"745",0,-0.346763866306412,0.760702328338993,0.313572534340937,0.994701386553687,0.617509001117085,-0.123111490731166,-0.135962069060475,-0.0247411626405223,0.195870320274942,0.190378426710015,-1.1641017596378,-1.81738932364077,0.954850638278565,0.444635321258607,-0.1555961886108,-0.0445734002443183,-0.183879827255785,-1.45958800324114,-0.961657113219938,0.12651926579534,0.544898283698492,-0.574697546273115,-0.113860786417039,-0.0382639442739243,-0.759253601238671,-1.53139249135053,-1.2218689911233,1.00657188464015,-0.301266633903012,-0.650039470011399,-0.048236570436645,-0.0330109162638679,-0.639535815693025,-1.66924912745246,-1.47909877630812,-1.40363381321687,0.058612589351343,-0.831486854781667,0,-0.00242794695892626,-0.276470445972824,-0.984477210668762,-1.25153741206703,-1.26160056962335,-0.4492237116693,1.48802964908957,-0.0998707974396848,-0.0692112518235939,1.04245566330703,0.198998781405106,-1.14105748492343,-1.0828566761904,0.127795813586543,1.25875985150291,-0.202993708003753,-0.0191459895266863,0.728815661816031,0.828389277112268,0.245017378270736,0.112658392690295,0.386518455422421,0.165174586256373,-0.177318504788345
"746",0,-0.346763866306412,-1.17387929654563,-2.04001471320039,0.26218794108847,0.541921858475563,2.79342614652445,5.61380859629908,-0.064995348517452,-0.640995384823577,-1.38405670489514,1.06960504576937,-0.974290212048683,-0.559983893357675,2.90829978159776,8.65030702628152,-0.0445734002443183,-0.741918245459386,0.41018678555814,1.56338145586488,0.943277984002168,0.611722039829717,3.36967243470111,9.1189094533411,-0.0382639442739243,-0.114226602055875,0.269703699587538,1.1507788827907,1.00657188464015,1.36852100217096,1.55089841310593,-0.048236570436645,-0.0330109162638679,-0.639535815693025,-1.2263086449194,-1.47909877630812,-1.40363381321687,0.990111280309114,-0.258062014696678,0,-0.0930309953194633,-0.481588184154324,-1.10579221681694,-1.12171262543579,0.322404541374051,-0.4492237116693,-0.797595882078731,-0.0998707974396848,-0.0692112518235939,-0.410266899197836,-1.38433934890509,-1.72437177231173,1.16729496510292,-0.884683912965861,-1.00861503791037,-0.202993708003753,-0.0191459895266863,-0.303642030474405,-1.17332181098952,-2.5118039208,0.706799001154165,-0.988491876452356,-0.527680489439249,-0.177318504788345
"747",0,-0.346763866306412,0.207781897783956,0.524013130597061,-0.555671293497266,-0.992685559626734,-0.416428649433891,-0.135962069060475,-0.0247411626405223,0.33995244374252,0.999757862091843,0.325036110633647,1.13345756693153,-0.391668945398093,-0.540830462877054,-0.1555961886108,-0.0445734002443183,-0.1658625288534,1.09010489057606,-0.624985304008629,-0.236160666161176,0.7704887055687,-0.574697546273115,-0.113860786417039,-0.0382639442739243,-0.43758194039396,1.08838378637757,-1.39134383926002,-1.37552071011585,0.403505385258401,0.443529453395639,-0.048236570436645,-0.0330109162638679,0.335836744591315,1.33132611434538,-1.47909877630812,-1.73997671328813,0.479536172882967,0.8887876654733,0,-0.0930309953194633,-0.481588184154324,1.47858362970634,-0.966425658098632,-1.26160056962335,0.754289828035795,0.116654330388589,-0.133377680004066,-0.0692112518235939,-0.410266899197836,1.1728684972028,-0.36330510173903,-0.332806129092624,0.971528919046879,-0.0979629522904833,-0.202993708003753,-0.0191459895266863,-0.303642030474405,0.227875950681732,0.704487594782526,0.508752131666208,-0.300986710514968,-0.527680489439249,-0.177318504788345
"748",0,-0.346763866306412,0.545748814462924,0.990200011287507,0.773219575117836,-0.0981330258801679,-0.416428649433891,-0.135962069060475,-0.0247411626405223,-0.640995384823577,-0.650575299668376,-0.915912114592555,0.129233276454249,0.281590846440236,-0.540830462877054,-0.1555961886108,-0.0445734002443183,-0.584011289480033,-1.62956752949562,-1.12999301782559,0.485648604808965,0.294188708351751,-0.633061062203714,-0.0946133490724353,-0.0382639442739243,-0.759253601238671,-0.712712404560498,0.472879490243842,1.00657188464015,1.03456347495617,-0.10325500830788,-0.048236570436645,-0.0330109162638679,-0.639535815693025,-0.281603407096016,0.866897789926649,0.782595037246263,0.657870821365133,0.8887876654733,0,-0.0930309953194633,-0.481588184154324,-0.830535908145318,1.05230491728436,-0.152796991925168,-1.48080674570224,-0.408041979915703,-0.0998707974396848,-0.0692112518235939,-0.410266899197836,-0.680633513211668,1.19219966462977,-1.83290722328817,-1.55967039733413,-0.767532904424768,-0.202993708003753,-0.0912709356995593,-0.303642030474405,-0.372637375748804,0.0152822700148413,-2.26390404116519,-1.1603681679367,-0.527680489439249,-0.177318504788345
"749",0,-0.247922601307684,-1.17387929654563,-0.641454071129054,-0.334189482061415,-0.992685559626734,-0.416428649433891,-0.135962069060475,-0.0247411626405223,-0.640995384823577,-1.56742705620183,1.06960504576937,-0.418648009212552,-1.40155863315559,-0.540830462877054,-0.1555961886108,-0.0445734002443183,-0.444318086375196,0.24020725930366,1.08285198665215,-1.18029468333559,-1.29347794903808,-0.574697546273115,-0.113860786417039,-0.0382639442739243,0.205761381295462,1.08838378637757,-0.882919294849875,-1.53432688309958,-0.301266633903012,-0.376647239159639,-0.048236570436645,-0.0330109162638679,2.14340987250002,1.33132611434538,-0.0466473074714194,-0.226433662967493,1.1603029827845,0.315362825388311,0,-0.0930309953194633,2.54527595427571,1.47858362970634,1.36287885195866,1.27280760797249,0.238498311019326,-0.797595882078731,-0.0998707974396848,-0.0692112518235939,-0.410266899197836,-0.680633513211668,-0.16886700594293,0.979782328328481,-1.22217715515,-0.767532904424768,-0.202993708003753,-0.0191459895266863,-0.303642030474405,-1.17332181098952,-0.903658163008738,0.310705262178251,-1.1603681679367,-0.527680489439249,-0.177318504788345
"750",0,-0.346763866306412,0.760702328338993,0.990200011287507,-0.334189482061415,-0.992685559626734,-0.416428649433891,-0.135962069060475,-0.064995348517452,-0.640995384823577,-1.20068635358845,-0.419532824502074,0.922682789033507,-1.06492873723642,-0.540830462877054,-0.1555961886108,-0.0445734002443183,-0.741918245459386,0.58016631181262,-1.12999301782559,-0.526887708770123,0.7704887055687,-0.574697546273115,-0.113860786417039,-0.0382639442739243,0.826091620533439,1.08838378637757,-1.56081868739673,-1.17663596034547,0.867584711348771,0.421636728758376,-0.048236570436645,-0.0330109162638679,1.52497749734601,0.691917424529183,-1.47909877630812,-1.73997671328813,0.139152767932202,0.8887876654733,0,-0.0930309953194633,2.20895771667237,1.01675972213601,-0.966425658098632,-0.944799547423866,0.821354162684078,1.03090454285591,-0.0998707974396848,-0.0692112518235939,2.01093737164361,1.43048399386859,1.19219966462977,1.16729496510292,1.14027554013895,-0.362274353239232,-0.202993708003753,0.00434336231440252,-0.303642030474405,0.628218168302089,0.93422270303842,0.706799001154165,0.214642163938074,-0.527680489439249,-0.177318504788345
"751",0,-0.346763866306412,-0.958925782669563,0.0578262499066152,0.994701386553687,1.86988254836228,2.81006009629609,-0.135962069060475,-0.0247411626405223,-0.640995384823577,-1.01731600228176,0.821415400724128,-0.552740656252641,-0.0550390494789284,0.691001767292522,-0.1555961886108,-0.0445734002443183,-0.1658625288534,0.92012536432158,1.39504555125922,0.779926240360802,-0.182111288865197,-0.574697546273115,-0.113860786417039,0.251909584693909,2.77913466805315,1.08838378637757,1.1507788827907,1.00657188464015,1.36852100217096,0.658422689784468,-0.048236570436645,-0.0330109162638679,0.28811274703799,-0.427047782649156,-1.15717727793518,-1.5718052632525,0.649727875358349,1.3844735264101,0,-0.0930309953194633,-0.481588184154324,-0.984477210668762,-1.12171262543579,-0.854657037058085,0.410428816691482,1.25946709597274,-0.0998707974396848,-0.0692112518235939,-0.410266899197836,-1.03248643105838,-0.692478419637829,-0.145293492318181,1.14027554013895,0.0429841979463036,-0.0257554122087352,-0.0912709356995593,-0.303642030474405,-0.772979593369162,0.93422270303842,0.904845870642121,0.214642163938074,-0.527680489439249,-0.177318504788345
"752",0,0.239020057462379,0.696169528016971,0.990200011287507,0.773219575117836,-0.813775052877421,-0.416428649433891,-0.135962069060475,-0.0247411626405223,1.97486549135268,0.633017159478461,-0.915912114592555,0.711908011135486,-0.0550390494789284,-0.540830462877054,-0.1555961886108,-0.0445734002443183,1.56230462096456,-0.77966989822322,-0.624985304008629,1.2699814712849,-0.499644620343163,-0.574697546273115,-0.113860786417039,-0.0382639442739243,-0.759253601238671,-1.20360682838678,-0.0355450541663019,1.00657188464015,-0.301266633903012,-0.650039470011399,-0.049335153206293,-0.0330109162638679,-0.639535815693025,-1.2263086449194,-1.47909877630812,-0.226433662967493,1.1603029827845,0.0286504053458163,0,-0.0930309953194633,-0.481588184154324,-0.984477210668762,-1.19394284309455,-1.26160056962335,0.238498311019326,1.48802964908957,-0.0998707974396848,-0.0692112518235939,-0.410266899197836,-0.504707054288313,-0.55774319753513,-0.513364777148923,1.14027554013895,0.888812707598928,-0.202993708003753,-0.0191459895266863,-0.303642030474405,0.628218168302089,0.93422270303842,0.508752131666208,0.386518455422421,-0.281918760399022,-0.177318504788345
"753",0,-0.346763866306412,-1.17387929654563,-1.1076409518195,-0.112707670625565,-0.98859056955921,-0.416428649433891,-0.135962069060475,-0.0247411626405223,-0.640995384823577,-1.93416775881521,-0.171343179456834,-1.1850649899467,-1.06492873723642,-0.540830462877054,-0.1555961886108,-0.0445734002443183,-0.741918245459386,-1.11962895073218,1.22670964665357,-0.690239452411488,0.929255371307683,-0.180781678188419,-0.113860786417039,-0.0382639442739243,-0.759253601238671,-0.22150435248648,-0.543969598576446,-0.422683672213447,-0.134287870295615,-0.650039470011399,-0.048236570436645,-0.0330109162638679,-0.33031962811602,1.17147394189133,-0.835255779562232,0.125384164573195,0.639578412259669,0.315362825388311,0,-0.0930309953194633,1.20000300386236,1.47858362970634,1.36287885195866,1.27280760797249,1.09815083938011,1.03090454285591,-0.0998707974396848,-0.0692112518235939,0.0739739549704533,-1.20841288998173,-0.75218129333123,0.0422191444562627,-1.55967039733413,0.186009273935057,-0.202993708003753,-0.0191459895266863,-0.303642030474405,-1.17332181098952,-0.444187946496948,-0.481482215773575,-1.1603681679367,-0.527680489439249,-0.177318504788345
"754",0,-0.346763866306412,0.760702328338993,0.757106570942284,0.994701386553687,-0.277043532629481,-0.416428649433891,-0.135962069060475,-0.0247411626405223,-0.640995384823577,-0.467204948361685,-1.1641017596378,-0.974290212048683,1.29148053419773,-0.540830462877054,-0.1555961886108,-0.0445734002443183,-0.741918245459386,-1.62956752949562,-1.12999301782559,0.453222753078071,0.611722039829717,-0.574697546273115,-0.113860786417039,-0.0382639442739243,-0.759253601238671,-1.04018443927651,0.981304034653986,0.847765711656421,-1.13616045194,-0.650039470011399,-0.048236570436645,-0.0330109162638679,-0.639535815693025,-1.06645647246535,-0.0304520336298728,0.30081450800141,0.309344470407584,-0.258062014696678,0,-0.0930309953194633,-0.481588184154324,-0.984477210668762,-1.12171262543579,-0.785735852449981,-0.621154217341457,1.48802964908957,-0.0998707974396848,-0.0657014738667213,0.384864319439241,0.726778158175171,-1.14105748492343,-1.0828566761904,-0.547190670781726,2.27190622946675,0.339315227159039,-0.0502487751124888,-0.303642030474405,-0.172466266938626,-0.214452838241053,0.112658392690295,0.902147329875462,0.634834946616349,-0.177318504788345
"755",0,1.88237474806379,1.19060935609113,0.0784781265254453,0.994701386553687,1.86988254836228,0.756839985377011,-0.135962069060475,-0.0247411626405223,0.33995244374252,0.999757862091843,0.0768464655884069,-0.580655233366003,-0.0550390494789284,-0.540830462877054,-0.1555961886108,-0.0445734002443183,1.27427676266156,1.09010489057606,0.721701932836606,-1.01694293969422,-1.29347794903808,-0.574697546273115,-0.113860786417039,0.251909584693909,2.77913466805315,1.08838378637757,1.1507788827907,0.530153365688954,-1.3031392155474,-0.650039470011399,-0.048236570436645,-0.0330109162638679,-0.33031962811602,-0.586899955103205,-1.47909877630812,-0.586873386858462,-0.881997446920094,-0.831486854781667,0,-0.0930309953194633,-0.481588184154324,-0.984477210668762,-1.12171262543579,0.210451507196318,-0.105362700324987,-0.727128623704081,-0.0998707974396848,-0.0692112518235939,-0.410266899197836,-0.680633513211668,-1.14105748492343,1.16729496510292,-0.715937291873794,-0.767532904424768,-0.202993708003753,-0.0912709356995593,0.728815661816031,1.82924482116316,0.746510492151878,0.310705262178251,-0.988491876452356,-0.527680489439249,-0.111639143072019
"756",0,1.88237474806379,1.62051638384327,0.990200011287507,0.773219575117836,0.259687987618459,-0.416428649433891,-0.245745811506785,-0.0247411626405223,2.62883071039675,0.999757862091843,0.821415400724128,-0.974290212048683,0.954850638278565,0.198268875224692,-0.1555961886108,0.188762392482701,1.56230462096456,1.09010489057606,-0.961657113219938,-1.46854886436167,-1.29347794903808,-0.574697546273115,-0.113860786417039,-0.0382639442739243,0.205761381295462,0.760911751661556,-0.205019902303017,-1.53432688309958,-1.3031392155474,-0.650039470011399,-0.048236570436645,-0.0179575742192926,-0.669449269290604,-0.586899955103205,0.935312461488958,-1.06729091314562,-1.56276425682162,-0.831486854781667,0,-0.0930309953194633,-0.481588184154324,-0.984477210668762,-0.34527778875002,1.27280760797249,-1.48080674570224,-0.797595882078731,-0.0998707974396848,-0.0692112518235939,-0.410266899197836,-0.319512633437576,-0.16886700594293,1.16729496510292,-1.05343053405793,-0.767532904424768,-0.202993708003753,-0.0191459895266863,0.728815661816031,1.82924482116316,1.04843894179529,-0.283435346285619,-1.1603681679367,-0.527680489439249,-0.177318504788345
"757",0,-0.346763866306412,1.83546989771934,0.524013130597061,-0.112707670625565,-0.634864546128108,-0.416428649433891,-0.219133194353187,-0.0247411626405223,-0.314012775301545,0.999757862091843,1.06960504576937,1.13345756693153,1.12316558623815,-0.540830462877054,-0.1555961886108,-0.0445734002443183,0.410193187752585,1.09010489057606,0.385030123625297,-0.0368324778460259,0.929255371307683,1.11574673128727,-0.113860786417039,-0.0382639442739243,1.81411968551902,0.924647769019562,-1.56081868739673,-1.53432688309958,0.032690893311783,1.53709837680268,-0.048236570436645,-0.0330109162638679,1.83419368492302,0.532065252075134,-1.47909877630812,-1.73997671328813,-0.201230637018563,1.46221250555829,0,-0.0930309953194633,2.20895771667237,0.862818419612568,-1.12171262543579,-1.26160056962335,0.582359322363638,0.34521688350542,-0.0998707974396848,0.152638894085247,1.52669651747532,1.43048399386859,0.00515759108932099,0.737951509113485,0.634035676862745,-0.767532904424768,-0.202993708003753,-0.0191459895266863,-0.303642030474405,0.628218168302089,0.93422270303842,0.706799001154165,-0.644739293483662,-0.527680489439249,-0.177318504788345
"758",0,-0.346763866306412,2.05042341159541,0.757106570942284,-2.10604397354822,-1.12430703364335,-0.416428649433891,-0.135962069060475,-0.0247411626405223,0.666935053264552,1.42759133005044,-0.171343179456834,0.501133233237465,-1.233243685196,-0.540830462877054,-0.1555961886108,0.00107855268828527,0.122165329449593,0.92012536432158,-0.28831349479732,1.2699814712849,-0.34087795460418,-0.574697546273115,-0.105933671410774,-0.0382639442739243,-0.759253601238671,-0.705003348230004,-1.39134383926002,-0.263877499229713,0.700605947741373,-0.650039470011399,-0.048236570436645,-0.0330109162638679,-0.639535815693025,-1.2263086449194,-1.47909877630812,-0.73094801307437,0.990111280309114,-0.831486854781667,0,-0.0930309953194633,-0.481588184154324,-0.984477210668762,-1.12171262543579,0.164004030274312,0.582359322363638,-0.797595882078731,-0.0998707974396848,-0.0692112518235939,-0.410266899197836,0.239524196501531,-0.16886700594293,1.16729496510292,0.127795813586543,-0.564903628832,2.28271738329305,-0.0191459895266863,-0.303642030474405,1.4289026035428,0.93422270303842,0.904845870642121,1.58965249581285,3.40450717520438,5.0734739870949
"759",0,-0.346763866306412,0.975655842215063,0.0578262499066152,0.284578896306501,0.975330014615711,0.17020566797156,-0.135962069060475,-0.0247411626405223,-0.640995384823577,0.633017159478461,-0.667722469547314,-0.552740656252641,-0.0550390494789284,-0.0480975708092236,-0.1555961886108,-0.111531751188364,-0.741918245459386,0.92012536432158,-1.12999301782559,-1.18029468333559,-1.29347794903808,-0.574697546273115,-0.113860786417039,-0.0382639442739243,1.17077636382959,1.08838378637757,0.430009409810934,-0.117643833629511,-1.18713501740814,-0.650039470011399,-0.048236570436645,-0.0330109162638679,0.28811274703799,0.691917424529183,0.613390963116015,0.782595037246263,-0.711805744444711,-0.831486854781667,0,-0.0930309953194633,-0.481588184154324,-0.984477210668762,-1.12171262543579,-0.311197503024907,0.754289828035795,-0.569033328961901,-0.0998707974396848,-0.0692112518235939,-0.410266899197836,0.198998781405106,-0.94661938912733,-1.0828566761904,0.802782297954812,-0.246379359122826,-0.202993708003753,-0.0191459895266863,-0.303642030474405,0.42804705949191,0.704487594782526,0.161023409455329,0.0427658724537265,-0.527680489439249,-0.177318504788345
"760",0,-0.346763866306412,-0.104875916943783,0.524013130597061,-0.334189482061415,-0.992685559626734,-0.416428649433891,-0.135962069060475,-0.0247411626405223,-0.640995384823577,-0.467204948361685,1.06960504576937,1.13345756693153,-1.40155863315559,-0.691560107455067,-0.1555961886108,-0.0445734002443183,-0.614140310726887,-0.26973131945978,1.56338145586488,1.12103048634402,-1.13471128329909,-0.574697546273115,-0.113860786417039,-0.0382639442739243,-0.43758194039396,0.59717573430355,1.1507788827907,0.688959538672687,-1.3031392155474,-0.650039470011399,-0.048236570436645,-0.0330109162638679,0.28811274703799,0.851769596983231,1.09627321067543,0.446252137175011,-1.56276425682162,-1.03459328730073,0,-0.0708744490735334,-0.3730099519406,0.0931119069953467,1.36287885195866,1.27280760797249,-1.48080674570224,-0.797595882078731,-0.0998707974396848,0.037313717169895,-0.410266899197836,-0.328780595364958,1.19219966462977,1.16729496510292,-0.0409508075055244,-0.767532904424768,-0.202993708003753,-0.0191459895266863,-0.303642030474405,-0.172466266938626,0.474752486526631,0.904845870642121,1.07402362135981,0.455366426721658,-0.177318504788345
"761",0,-0.346763866306412,-0.0991117271652847,-0.175267190438608,0.108774140810285,-0.992685559626734,-0.416428649433891,-0.135962069060475,-0.0247411626405223,-0.640995384823577,0.999757862091843,1.06960504576937,1.13345756693153,0.482138935641628,0.151093177719958,-0.1555961886108,-0.0445734002443183,-0.800948402941586,0.41018678555814,1.56338145586488,1.43333321492626,1.02882785772647,0.552265305433806,-0.113860786417039,-0.0382639442739243,-0.759253601238671,-0.876448421918504,0.981304034653986,0.214436429267247,0.032690893311783,-0.650039470011399,-0.206041130798325,-0.0330109162638679,-0.639535815693025,0.691917424529183,-0.835255779562232,-1.5718052632525,-0.881997446920094,-0.831486854781667,0,-0.0983072436333887,-0.145269946550987,1.17070102465946,-1.12171262543579,-0.0542680880309588,-0.277293205997144,-0.797595882078731,-0.0998707974396848,0.0710332345528455,0.0739739549704533,0.475338898453932,0.414447281445371,1.16729496510292,-0.884683912965861,-0.767532904424768,-0.202993708003753,-0.0191459895266863,-0.303642030474405,-0.572808484558983,-0.673923054752843,-1.2736696937254,-1.1603681679367,-0.527680489439249,-0.177318504788345
"762",0,-0.293616598964026,-0.620684669791335,0.524013130597061,-0.555671293497266,-0.634864546128108,-0.416428649433891,-0.135962069060475,-0.0247411626405223,-0.640995384823577,0.00487116354885663,1.06960504576937,1.13345756693153,0.786535690318983,-0.540830462877054,-0.1555961886108,-0.111531751188364,-0.741918245459386,0.41018678555814,-0.119977590191666,-0.690239452411488,0.929255371307683,0.552265305433806,-0.113860786417039,-0.0382639442739243,-0.43758194039396,0.59717573430355,-1.2218689911233,-1.75940753828211,-0.301266633903012,1.53709837680268,-0.048236570436645,-0.0330109162638679,1.52497749734601,1.01162176943728,-1.47909877630812,-1.73997671328813,-0.371422339493946,1.17550008551579,0,-0.0930309953194633,0.19104829105235,1.47858362970634,-0.811138690761479,-0.912074978899187,0.582359322363638,0.116654330388589,-0.0998707974396848,-0.0692112518235939,-0.410266899197836,0.550851699251816,0.414447281445371,0.41724441800515,0.971528919046879,-0.767532904424768,-0.202993708003753,-0.0191459895266863,-0.543089159393305,-0.772979593369162,0.474752486526631,0.508752131666208,-0.816615584968009,-0.527680489439249,-0.177318504788345
"763",0,-0.346763866306412,0.330795300586854,0.290919690251838,0.994701386553687,0.975330014615711,0.756839985377011,-0.214039254151498,-0.0247411626405223,-0.314012775301545,0.999757862091843,-0.905438363171553,-1.81738932364077,0.786535690318983,2.41556688952993,-0.1555961886108,-0.0445734002443183,0.410193187752585,0.789172928561801,-1.12999301782559,-0.526887708770123,1.08802203704667,0.552265305433806,-0.113860786417039,-0.0382639442739243,-0.115910279549249,0.924647769019562,0.642354338380556,1.00657188464015,0.032690893311783,-0.650039470011399,-0.048236570436645,-0.0330109162638679,-0.639535815693025,-0.620314203666067,-0.191412782816345,0.782595037246263,-1.39257255434624,-1.01192018046006,0,-0.0930309953194633,-0.481588184154324,-0.830535908145318,0.897017949947205,-0.469598014124647,-1.48080674570224,-0.797595882078731,-0.0998707974396848,-0.0692112518235939,-0.410266899197836,0.198998781405106,0.0255710898531705,-1.83290722328817,-1.55967039733413,-0.767532904424768,-0.202993708003753,-0.0191459895266863,-0.303642030474405,1.22873149473262,0.119068895280982,-2.26390404116519,-1.1603681679367,-0.527680489439249,-0.323809427662021
"764",0,-0.346763866306412,-1.09784350399127,-0.874547511474277,-0.21825620531203,-0.813775052877421,-0.416428649433891,-0.135962069060475,-0.064995348517452,-0.640995384823577,-0.833945650975067,1.06960504576937,0.501133233237465,-1.40155863315559,-0.540830462877054,-0.1555961886108,-0.0445734002443183,-0.741918245459386,0.0702277330491799,1.22670964665357,-1.01694293969422,-1.62524351789242,-0.574697546273115,-0.113860786417039,-0.0382639442739243,-0.759253601238671,0.760911751661556,0.179214939120473,-1.53432688309958,-1.3031392155474,-0.650039470011399,-0.048236570436645,-0.0330109162638679,-0.639535815693025,1.17147394189133,0.452430213929543,-0.394605113003119,0.447809489963306,-0.0200723148259018,0,-0.0930309953194633,-0.122197603193861,0.708877117089123,1.36287885195866,0.79760607467327,0.926220333707951,2.17371730844006,-0.0998707974396848,-0.0692112518235939,-0.410266899197836,0.0230723224817513,1.19219966462977,-0.895344039415955,0.127795813586543,2.27190622946675,-0.202993708003753,-0.0191459895266863,-0.303642030474405,-1.17332181098952,-0.903658163008738,0.904845870642121,1.07402362135981,1.19265161384234,-0.177318504788345
"765",0,-0.346763866306412,0.115841786710785,0.990200011287507,-2.10604397354822,-1.29301286499584,-0.416428649433891,-0.132564550982891,-0.0247411626405223,1.53019936343172,0.999757862091843,0.325036110633647,0.0795836774414227,-1.40155863315559,-0.540830462877054,-0.1555961886108,0.338909464318233,2.71441605417653,0.7501458380671,-0.793321208614283,1.10662972764353,-1.29347794903808,-0.574697546273115,-0.113860786417039,-0.0382639442739243,-0.115910279549249,-1.20392045663452,-1.56081868739673,1.00657188464015,-1.3031392155474,-0.650039470011399,-0.048236570436645,-0.0330109162638679,-0.639535815693025,-1.2263086449194,-1.15717727793518,0.950766487281889,-1.39257255434624,-0.831486854781667,0,-0.0930309953194633,-0.481588184154324,-0.924045780933811,0.431157047935746,0.95600658577301,-0.793084723013613,-0.111908222728241,-0.0998707974396848,-0.0692112518235939,-0.410266899197836,-0.504707054288313,1.19219966462977,1.16729496510292,1.14027554013895,2.47453550505952,-0.202993708003753,-0.0191459895266863,-0.303642030474405,0.027704841871553,0.977153977620024,-0.283435346285619,0.214642163938074,2.17569853000325,1.57294565917274
"766",0,-0.346763866306412,0.115841786710785,-0.641454071129054,0.108774140810285,1.86988254836228,2.51674293759336,-0.135962069060475,-0.0247411626405223,-0.640995384823577,0.082906105558388,0.325036110633647,-1.1850649899467,-0.728298841317257,0.444635321258607,-0.1555961886108,-0.0445734002443183,-0.741918245459386,0.41018678555814,-0.456649399402975,-1.18029468333559,-1.29347794903808,-0.574697546273115,-0.113860786417039,0.00253193544590119,0.205761381295462,0.924647769019562,-1.05239414298659,-0.899102191164647,-0.969181688332602,-0.650039470011399,-0.048236570436645,-0.0330109162638679,-0.0211034405390152,1.33132611434538,0.774351712302486,0.278080687139385,0.819919577833732,1.17550008551579,0,0.716537782813284,1.28750685393512,-0.830535908145318,-1.12171262543579,-1.26160056962335,0.238498311019326,1.01726409980262,-0.0998707974396848,-0.0692112518235939,5.40062335082163,0.902704617098525,-1.91880986810783,-1.64539458651373,-0.0165700127459388,0.231306215648277,-0.202993708003753,-0.0191459895266863,-0.303642030474405,0.027704841871553,0.93422270303842,0.904845870642121,0.0427658724537265,-0.471555237827014,-0.177318504788345
"767",0,-0.346763866306412,0.545748814462924,0.990200011287507,0.551737763681986,-0.634864546128108,-0.416428649433891,-0.135962069060475,-0.0247411626405223,-0.314012775301545,0.633017159478461,-1.41229140468304,0.0795836774414227,-0.0550390494789284,-0.540830462877054,-0.1555961886108,-0.0445734002443183,1.56230462096456,1.09010489057606,-1.44589436391317,-0.526887708770123,1.24678870278565,0.389564163466758,-0.113860786417039,-0.0382639442739243,-0.115910279549249,0.269703699587538,0.298210642439557,0.847765711656421,1.17786355595932,0.990313915099158,-0.048236570436645,-0.0330109162638679,-0.639535815693025,-0.941714831172688,-0.910494614234884,-0.562776563038745,0.479536172882967,0.8887876654733,0,-0.0930309953194633,-0.481588184154324,-0.984477210668762,-1.12171262543579,-1.26160056962335,-0.105362700324987,1.03090454285591,-0.0998707974396848,-0.0692112518235939,-0.410266899197836,-0.028787518004911,-0.75218129333123,-1.0828566761904,0.634035676862745,1.25875985150291,-0.202993708003753,-0.0191459895266863,-0.303642030474405,0.027704841871553,0.474752486526631,0.904845870642121,0.558394746906768,-0.0361570313587953,-0.177318504788345
"768",0,-0.0841731506476171,0.115841786710785,0.290919690251838,0.108774140810285,-0.634864546128108,-0.416428649433891,-0.135962069060475,-0.0247411626405223,1.64788288183065,0.633017159478461,-0.877954189518104,-0.34196587835462,0.281590846440236,-0.400795865068888,-0.1555961886108,-0.0445734002443183,1.56230462096456,-1.11962895073218,-1.12999301782559,0.470671602035603,-0.182111288865197,-0.574697546273115,-0.113860786417039,-0.0382639442739243,-0.759253601238671,-1.20392045663452,-0.0355450541663019,1.00657188464015,-0.969181688332602,-0.650039470011399,-0.048236570436645,-0.0330109162638679,-0.368514107269445,0.372213079621086,0.452430213929543,0.278080687139385,0.819919577833732,-0.544774434739172,0,-0.0930309953194633,-0.481588184154324,-0.984477210668762,-1.12171262543579,-1.26160056962335,-0.4492237116693,1.94515475532323,-0.0998707974396848,-0.0692112518235939,-0.410266899197836,0.550851699251816,-0.94661938912733,-1.0828566761904,0.465289055770677,1.25875985150291,-0.202993708003753,-0.0191459895266863,0.0113734971732726,0.027704841871553,0.245017378270736,0.310705262178251,0.558394746906768,-0.281918760399022,-0.177318504788345
"769",0,-0.346763866306412,0.545748814462924,0.290919690251838,0.108774140810285,-0.634864546128108,-0.416428649433891,-0.135962069060475,-0.0247411626405223,0.33995244374252,0.999757862091843,0.325036110633647,0.290358455339444,0.954850638278565,-0.439251117028639,-0.1555961886108,-0.0445734002443183,-0.741918245459386,-0.60969037196874,-0.961657113219938,0.289871009436705,0.7704887055687,-0.574697546273115,-0.158325275362047,-0.0382639442739243,-0.759253601238671,-1.53139249135053,-0.71344444671316,1.00657188464015,0.19966965691918,-0.650039470011399,-0.048236570436645,-0.0330109162638679,-0.639535815693025,-1.2263086449194,-1.31813802712165,0.278080687139385,1.1603029827845,-0.258062014696678,0,-0.0942885665616178,-0.481588184154324,-0.984477210668762,-1.12171262543579,-1.26160056962335,0.582359322363638,1.25946709597274,-0.0998707974396848,-0.0692112518235939,0.0739739549704533,0.191606974587271,-0.75218129333123,-0.520318765867068,0.971528919046879,1.05613057591014,-0.202993708003753,-0.0721480760967669,-0.303642030474405,0.628218168302089,0.0152822700148413,0.706799001154165,0.730271038391115,-0.0361570313587953,-0.177318504788345
"770",0,2.99694405524889,2.05042341159541,0.757106570942284,-0.777153104933116,0.0596896173407623,-0.416428649433891,-0.135962069060475,-0.0247411626405223,1.64788288183065,0.633017159478461,-0.171343179456834,1.13345756693153,1.29148053419773,0.937368213326437,-0.1555961886108,-0.0445734002443183,-0.1658625288534,1.09010489057606,-0.793321208614283,-0.0368324778460259,1.08802203704667,0.270524592507076,-0.113860786417039,-0.0382639442739243,-0.759253601238671,-0.22150435248648,0.811829186517271,0.175475371786308,-0.46824539751041,-0.650039470011399,-0.048236570436645,-0.0330109162638679,-0.639535815693025,-0.107343437741059,1.09627321067543,-0.73094801307437,-1.56276425682162,-0.831486854781667,0,-0.0930309953194633,-0.145269946550987,1.3246423271829,1.05230491728436,0.00560351917457189,-1.48080674570224,-0.797595882078731,-0.0998707974396848,-0.0692112518235939,2.4951782258119,1.07863107602188,0.803323473037571,-0.520318765867068,-1.55967039733413,-0.822087575332526,-0.202993708003753,-0.0191459895266863,2.7937310463969,2.02941592997334,-0.0773409080818605,-1.86781030218927,-1.1603681679367,-0.527680489439249,-0.177318504788345
"771",0,-0.346763866306412,-1.17387929654563,0.990200011287507,-1.22011672780482,-0.992685559626734,-0.290079123232091,-0.135962069060475,-0.0247411626405223,-0.640995384823577,-1.93416775881521,1.06960504576937,0.711908011135486,-1.40155863315559,-0.540830462877054,-0.1555961886108,-0.0445734002443183,-0.741918245459386,-1.62956752949562,1.22670964665357,1.43333321492626,-1.29347794903808,-0.574697546273115,-0.113860786417039,-0.0382639442739243,-0.759253601238671,-1.53139249135053,0.981304034653986,0.847765711656421,-1.3031392155474,-0.650039470011399,-0.048236570436645,-0.0539306280597664,-0.639535815693025,-1.2263086449194,0.774351712302486,0.815030111127469,-1.56276425682162,-0.831486854781667,0,-0.0930309953194633,-0.481588184154324,-0.984477210668762,1.20759188462151,0.95600658577301,-1.48080674570224,-0.797595882078731,-0.0998707974396848,-0.0692112518235939,-0.410266899197836,-1.38433934890509,0.608885377241471,0.814804295352295,-1.15351824947563,-0.767532904424768,-0.202993708003753,-0.0191459895266863,-0.303642030474405,-1.17332181098952,-0.444187946496948,0.310705262178251,-1.1603681679367,-0.527680489439249,0.0753615519520715
"772",0,-0.346763866306412,0.115841786710785,-0.175267190438608,0.994701386553687,0.975330014615711,-0.368063779453873,-0.415199297703124,-0.0247411626405223,0.666935053264552,0.633017159478461,-1.90867069477352,-0.34196587835462,1.29148053419773,-0.540830462877054,-0.435780002499251,-0.0445734002443183,-0.741918245459386,-0.193854011613647,-0.793321208614283,0.616574496719437,1.08802203704667,-0.0112161204196545,-0.0641004762142886,-0.0382639442739243,-0.759253601238671,-0.22150435248648,0.981304034653986,-0.10507132624598,0.700605947741373,0.716921684247398,-0.048236570436645,-0.0330109162638679,-0.639535815693025,-1.2263086449194,-1.47909877630812,-1.73997671328813,-0.201230637018563,0.587035239570402,0,-0.0649681086156677,-0.481588184154324,-0.984477210668762,-1.12171262543579,-1.26160056962335,-0.105362700324987,0.34521688350542,-0.0998707974396848,-0.0692112518235939,2.01093737164361,0.902704617098525,-1.52993367651563,-1.83290722328817,0.802782297954812,-0.362274353239232,-0.202993708003753,0.00434336231440252,-0.303642030474405,0.42804705949191,0.93422270303842,0.904845870642121,0.795910995210734,-0.527680489439249,-0.34033583878817
"773",0,-0.346763866306412,-0.529018754917424,0.524013130597061,-0.555671293497266,-0.813775052877421,-0.416428649433891,-0.135962069060475,-0.0247411626405223,-0.640995384823577,-0.467204948361685,1.06960504576937,0.501133233237465,-0.899082052114103,-0.540830462877054,-0.1555961886108,-0.0445734002443183,-0.741918245459386,0.0702277330491799,1.56338145586488,1.2699814712849,-1.13471128329909,-0.574697546273115,-0.113860786417039,-0.0382639442739243,-0.759253601238671,-0.22150435248648,1.1507788827907,0.847765711656421,-1.3031392155474,-0.650039470011399,-0.049335153206293,-0.0330109162638679,-0.324986160298266,0.372213079621086,1.09627321067543,0.782595037246263,-1.39257255434624,-0.831486854781667,0,-0.0930309953194633,-0.481588184154324,-0.0608293955280974,1.36287885195866,1.27280760797249,-1.30887624003008,-0.797595882078731,-0.0998707974396848,-0.0692112518235939,-0.410266899197836,-0.230397902788121,1.19219966462977,0.979782328328481,-0.947365411267924,-0.767532904424768,-0.170055997543943,-0.0191459895266863,-0.303642030474405,-0.772979593369162,0.0152822700148413,-0.130966110163292,-0.644739293483662,-0.527680489439249,-0.177318504788345
"774",0,-0.346763866306412,-0.743972268793493,0.757106570942284,0.994701386553687,1.33315102811434,-0.123111490731166,-0.135962069060475,-0.0247411626405223,-0.640995384823577,-1.38405670489514,-1.1641017596378,-0.131191100456599,1.29148053419773,1.9228339974621,-0.1555961886108,-0.0445734002443183,-0.741918245459386,-1.62956752949562,-1.12999301782559,-1.18029468333559,0.452955374090734,2.52445029592092,-0.113860786417039,-0.0909846830221019,-0.759253601238671,-1.53139249135053,-1.2218689911233,-0.199649883301522,1.20154223856357,0.716921684247398,-0.30782753184837,-0.0330109162638679,-0.639535815693025,-1.2263086449194,-0.0304520336298728,0.950766487281889,1.1603029827845,0.0335358731565097,0,-0.0930309953194633,-0.481588184154324,-0.984477210668762,0.408752503289626,1.27280760797249,-0.621154217341457,-0.797595882078731,-0.120642050660024,-0.0692112518235939,-0.410266899197836,-1.38433934890509,0.414447281445371,-0.520318765867068,-1.55967039733413,-0.767532904424768,-0.202993708003753,-0.0191459895266863,-0.303642030474405,-0.307596063455444,0.474752486526631,-2.06585717167723,-1.1603681679367,-0.527680489439249,-0.177318504788345
"775",0,-0.346763866306412,0.247599927231197,-0.408360630783831,-0.334189482061415,-0.277043532629481,-0.416428649433891,-0.135962069060475,-0.0247411626405223,-0.640995384823577,0.416008613030394,-0.915912114592555,-0.552740656252641,-0.384792005620843,0.444635321258607,-0.1555961886108,-0.0445734002443183,-0.741918245459386,0.58016631181262,-0.28831349479732,-1.18029468333559,-0.182111288865197,1.67922815714073,0.085011673538207,-0.0382639442739243,-0.759253601238671,-0.548976387202492,-0.104882338775179,-0.263877499229713,1.20154223856357,1.26370614595092,-0.048236570436645,-0.0330109162638679,-0.639535815693025,0.0525087347129891,1.09627321067543,0.950766487281889,-0.0310389345431809,-0.831486854781667,0,-0.0930309953194633,0.19104829105235,1.3246423271829,0.275870080598593,1.11440709687275,-0.4492237116693,-0.797595882078731,-0.0998707974396848,-0.0692112518235939,2.01093737164361,1.25455753494524,-0.36330510173903,0.792269691554037,0.127795813586543,-0.767532904424768,-0.440004189785001,-0.0191459895266863,-0.303642030474405,0.42804705949191,-0.444187946496948,0.904845870642121,0.0427658724537265,-0.527680489439249,-0.177318504788345
"776",0,0.767805440878689,0.975655842215063,0.524013130597061,0.773219575117836,0.0807774808691453,-0.416428649433891,-0.135962069060475,-0.0247411626405223,1.32090027230862,0.44964680817177,-2.65323962990924,-1.39583976784473,0.113275898480654,-0.540830462877054,-0.1555961886108,-0.0445734002443183,0.122165329449593,0.7501458380671,-0.793321208614283,-1.01694293969422,0.135422042612768,0.270524592507076,-0.113860786417039,-0.0382639442739243,-0.759253601238671,-0.385240369844486,0.981304034653986,1.00657188464015,1.36852100217096,0.17013722254388,-0.048236570436645,-0.0330109162638679,-0.660242721511448,-1.2263086449194,-1.47909877630812,-0.307312847775611,0.139152767932202,-0.831486854781667,0,-0.0930309953194633,-0.481588184154324,-0.984477210668762,-1.12171262543579,0.0844615410702989,0.410428816691482,-0.797595882078731,-0.0998707974396848,-0.0692112518235939,-0.410266899197836,-1.03248643105838,-1.91880986810783,-0.423360270116815,-0.0409508075055244,-0.767532904424768,-0.202993708003753,-0.0191459895266863,0.336562613739924,0.42804705949191,0.58113869912453,0.706799001154165,0.386518455422421,-0.527680489439249,-0.177318504788345
"777",0,-0.346763866306412,-0.743972268793493,0.0578262499066152,0.330255952246136,-0.277043532629481,-0.416428649433891,-0.135962069060475,-0.0247411626405223,-0.640995384823577,0.266276456865079,-0.171343179456834,-0.552740656252641,-0.220705888889598,-0.540830462877054,-0.1555961886108,-0.0445734002443183,-0.741918245459386,0.58016631181262,-1.12999301782559,0.943277984002168,-0.499644620343163,-0.574697546273115,-0.113860786417039,-0.0382639442739243,2.77913466805315,0.760911751661556,-0.374494750439731,0.212541019721487,-1.3031392155474,-0.457046337345577,-0.048236570436645,-0.0330109162638679,-0.639535815693025,-0.107343437741059,1.09627321067543,-0.899119463109996,-1.56276425682162,-0.831486854781667,0,-0.0930309953194633,-0.481588184154324,0.0931119069953467,0.741730982610052,0.63920556357353,-0.793084723013613,-0.797595882078731,-0.0998707974396848,-0.0692112518235939,-0.410266899197836,0.198998781405106,-0.75218129333123,0.0422191444562627,0.127795813586543,-0.767532904424768,-0.202993708003753,-0.0191459895266863,-0.303642030474405,-0.772979593369162,0.15868577401834,0.706799001154165,-0.129110419030621,-0.527680489439249,-0.177318504788345
"778",0,-0.346763866306412,-1.09189887644871,0.0578262499066152,0.994701386553687,-0.455954039378794,-0.416428649433891,-0.135962069060475,-0.0247411626405223,-0.640995384823577,-0.467204948361685,-0.915912114592555,-1.39583976784473,-1.40155863315559,-0.540830462877054,-0.238754500606623,-0.0445734002443183,-0.741918245459386,0.7501458380671,-0.961657113219938,-1.18029468333559,-1.29347794903808,-0.574697546273115,-0.113860786417039,-0.0382639442739243,-0.115910279549249,1.08838378637757,-0.0355450541663019,-0.263877499229713,-0.301266633903012,-0.0133160320084189,-0.048236570436645,-0.0330109162638679,0.597328934614995,1.33132611434538,0.774351712302486,0.109909237103759,0.479536172882967,0.8887876654733,0,-0.0930309953194633,0.19104829105235,1.47858362970634,-0.500564756087173,-1.10320005852361,-0.277293205997144,1.7165922022064,-0.0998707974396848,-0.0692112518235939,-0.410266899197836,0.550851699251816,0.220009185649271,-0.895344039415955,0.634035676862745,1.05613057591014,-0.202993708003753,-0.0191459895266863,-0.303642030474405,-1.17332181098952,-0.444187946496948,0.310705262178251,0.558394746906768,0.117119496122963,-0.177318504788345
"779",0,-0.346763866306412,-0.529018754917424,-0.641454071129054,0.994701386553687,1.33315102811434,-0.416428649433891,-0.135962069060475,-0.0247411626405223,0.666935053264552,0.816387510785152,0.0768464655884069,1.19872396314384,1.29148053419773,-0.540830462877054,-0.1555961886108,-0.0445734002443183,1.56230462096456,-0.9496494244777,-0.456649399402975,1.10662972764353,0.135422042612768,-0.668393107401653,-0.113860786417039,-0.0382639442739243,-0.759253601238671,-1.53139249135053,-0.205019902303017,1.00657188464015,-0.134287870295615,-0.650039470011399,-0.048236570436645,-0.0330109162638679,-0.639535815693025,-1.2263086449194,-1.31813802712165,0.950766487281889,0.990111280309114,-0.831486854781667,0,-0.0930309953194633,-0.481588184154324,-0.984477210668762,-1.12171262543579,-1.26160056962335,1.27008134505226,0.116654330388589,-0.0998707974396848,-0.0692112518235939,-0.484642542598591,-1.38433934890509,-0.55774319753513,0.792269691554037,0.971528919046879,-0.362274353239232,-0.202993708003753,-0.0191459895266863,-0.303642030474405,-0.97315070217934,0.704487594782526,0.112658392690295,-0.816615584968009,-0.527680489439249,-0.177318504788345
"780",0,-0.346763866306412,-1.17387929654563,-1.1076409518195,0.551737763681986,0.259687987618459,-0.416428649433891,-0.135962069060475,-0.0247411626405223,-0.640995384823577,-1.38405670489514,0.325036110633647,-1.39583976784473,0.618220742359401,-0.294464016843139,-0.1555961886108,-0.0445734002443183,-0.707409993404293,-0.308348341667705,-0.624985304008629,-1.18029468333559,0.611722039829717,0.552265305433806,-0.113860786417039,-0.0382639442739243,-0.43758194039396,0.59717573430355,0.267212166579587,-0.58148984519718,1.36852100217096,0.990313915099158,-0.048236570436645,-0.0330109162638679,-0.639535815693025,1.17147394189133,0.935312461488958,-0.226433662967493,0.479536172882967,0.592245755575595,0,-0.0930309953194633,-0.481588184154324,-0.830535908145318,-0.966425658098632,-1.26160056962335,0.0665678053471691,-0.340470775845071,-0.0998707974396848,-0.0692112518235939,-0.434675799904245,-1.03248643105838,-0.16886700594293,-1.45788194973929,0.465289055770677,-0.37634259872268,-0.202993708003753,-0.0191459895266863,-0.303642030474405,-0.97315070217934,-0.642657032210912,0.706799001154165,0.0427658724537265,-0.527680489439249,-0.177318504788345
"781",0,-0.346763866306412,0.369749532949869,0.990200011287507,0.994701386553687,0.975330014615711,0.17020566797156,-0.135962069060475,-0.0247411626405223,-0.351660906266936,-1.01731600228176,-0.915912114592555,-0.34196587835462,1.29148053419773,1.01992983907881,-0.1555961886108,-0.0445734002443183,-0.741918245459386,-1.62956752949562,-1.12999301782559,-0.853591196052854,1.24678870278565,0.834006018360537,-0.113860786417039,-0.0382639442739243,-0.759253601238671,-0.876448421918504,-0.205019902303017,0.37134719270522,0.700605947741373,-0.650039470011399,-0.048236570436645,-0.0330109162638679,-0.373982048714857,0.0394091326860294,1.09627321067543,1.59666717763642,1.29364709012209,0.0279110791750084,0,-0.0930309953194633,-0.235528016575166,-0.676594605621874,1.05230491728436,0.480805052473791,0.926220333707951,0.34521688350542,-0.0998707974396848,-0.0692112518235939,-0.410266899197836,-0.328780595364958,1.19219966462977,-1.45788194973929,-1.55967039733413,-0.767532904424768,-0.202993708003753,-0.0191459895266863,-0.303642030474405,0.828389277112268,0.474752486526631,-2.26390404116519,-1.1603681679367,-0.527680489439249,-0.177318504788345
"782",0,-0.450674035267789,-1.17387929654563,0.290919690251838,-1.22011672780482,-0.992685559626734,-0.415986911176391,-0.135962069060475,-0.0247411626405223,-0.640995384823577,-0.739348572602307,0.821415400724128,-2.02816410153879,-1.40155863315559,-0.540830462877054,-0.1555961886108,-0.0445734002443183,-0.741918245459386,0.24020725930366,0.385030123625297,-1.18029468333559,-1.29347794903808,-0.623474188337378,-0.113860786417039,-0.0382639442739243,-0.43758194039396,0.425974633540091,-0.543969598576446,-1.53432688309958,-1.3031392155474,-0.650039470011399,-0.0762276538598208,-0.0330109162638679,-0.33031962811602,1.33132611434538,0.452430213929543,0.950766487281889,-0.183352081859242,0.0195170939001131,0,-0.0930309953194633,-0.481588184154324,1.3246423271829,1.36287885195866,-0.469598014124647,-0.4492237116693,2.40227986155689,-0.0998707974396848,-0.0692112518235939,-0.410266899197836,0.726778158175171,0.997761568833671,-1.64539458651373,-1.39092377624206,2.27190622946675,2.25623249403729,-0.0191459895266863,-0.303642030474405,-0.97315070217934,0.0439835210544363,0.706799001154165,1.4177762043285,1.92993680096302,-0.177318504788345
"783",0,-0.356847668045666,-1.17387929654563,-1.57382783250995,0.994701386553687,1.15424052136502,-0.416428649433891,-0.135962069060475,-0.0247411626405223,-0.56714324033036,-1.75079740750852,0.821415400724128,1.13345756693153,1.29148053419773,-0.540830462877054,-0.1555961886108,-0.0445734002443183,-0.1658625288534,0.0702277330491799,1.56338145586488,1.43333321492626,0.452955374090734,-0.574697546273115,-0.113860786417039,-0.0382639442739243,1.49244802467431,1.08838378637757,1.1507788827907,1.00657188464015,-0.134287870295615,-0.650039470011399,-0.048236570436645,0.140100451884079,1.21576130976901,0.691917424529183,1.09627321067543,0.950766487281889,-0.201230637018563,-0.831486854781667,0,-0.0930309953194633,-0.481588184154324,-0.984477210668762,0.741730982610052,1.27280760797249,0.582359322363638,-0.797595882078731,-0.0998707974396848,-0.0692112518235939,-0.410266899197836,-1.38433934890509,-0.472776828940267,1.10713864549069,0.634035676862745,-0.704266724307542,-0.202993708003753,-0.0191459895266863,-0.303642030474405,-1.17332181098952,-2.28206881254411,0.706799001154165,0.902147329875462,-0.527680489439249,-0.177318504788345
"784",0,-0.346763866306412,-0.743972268793493,-0.641454071129054,0.773219575117836,0.975330014615711,-0.416428649433891,-0.107380109584678,-0.0247411626405223,0.33995244374252,0.816387510785152,1.06960504576937,1.13345756693153,1.37342969014034,-0.540830462877054,-0.1555961886108,-0.0445734002443183,0.122165329449593,0.58016631181262,-0.624985304008629,0.289871009436705,1.24678870278565,-0.0112161204196545,-0.113860786417039,-0.0382639442739243,-0.437786121095743,-1.53139249135053,-0.543969598576446,0.688959538672687,1.60051855428424,2.90405953106147,-0.048236570436645,-0.0330109162638679,-0.639535815693025,-0.427047782649156,1.09627321067543,0.950766487281889,0.649727875358349,-0.258062014696678,0,-0.0930309953194633,-0.481588184154324,-0.328040463278463,0.586444015272899,1.27280760797249,-0.793084723013613,-0.797595882078731,-0.251216412619147,-0.0692112518235939,-1.12528874582761,-1.38433934890509,0.220009185649271,0.979782328328481,-1.55967039733413,-0.767532904424768,-0.202993708003753,-0.0191459895266863,-0.303642030474405,-1.17332181098952,-0.253004657731694,-0.877575954749489,-1.1603681679367,-0.527680489439249,-0.177318504788345
"785",0,-0.346763866306412,2.05042341159541,-0.874547511474277,-2.54900759641992,-0.992685559626734,-0.416428649433891,-0.0496124000339253,-0.0247411626405223,1.32090027230862,0.816387510785152,1.06960504576937,-1.60661454574275,-1.40155863315559,-0.540830462877054,-0.1555961886108,-0.0445734002443183,0.986248904358571,-0.0997517932053001,1.05837374204791,-0.363535965128757,-1.29347794903808,-0.574697546273115,-0.113860786417039,-0.0382639442739243,-0.759253601238671,-1.36765647399252,-0.205019902303017,-0.263877499229713,-1.3031392155474,-0.650039470011399,-0.048236570436645,-0.0330109162638679,-0.639535815693025,-1.2263086449194,0.613390963116015,-0.562776563038745,-1.56276425682162,-0.779427263434403,0,-0.0930309953194633,0.227838095566546,0.323441719682154,1.20759188462151,0.0484657131901581,-1.48080674570224,-0.340470775845071,-0.0998707974396848,-0.0692112518235939,1.52669651747532,1.43048399386859,1.19219966462977,1.16729496510292,1.14027554013895,1.25875985150291,-0.202993708003753,-0.0191459895266863,0.728815661816031,0.42804705949191,-0.903658163008738,-0.0853884767976621,0.902147329875462,2.6672219880837,-0.177318504788345
"786",0,-0.346763866306412,-0.98019072253745,0.0578262499066152,0.994701386553687,1.51206153486365,-0.123111490731166,-0.135962069060475,-0.0247411626405223,-0.640995384823577,-1.20068635358845,1.06960504576937,1.13345756693153,1.29148053419773,0.444635321258607,-0.1555961886108,-0.0445734002443183,-0.1658625288534,0.7501458380671,1.56338145586488,1.43333321492626,1.24678870278565,1.11574673128727,-0.113860786417039,-0.0382639442739243,-0.115910279549249,0.433439716945544,1.1507788827907,1.00657188464015,0.366648420526578,-0.650039470011399,-0.048236570436645,-0.0330109162638679,-0.410035865903744,0.0525087347129891,1.09627321067543,0.950766487281889,-0.201230637018563,-0.831486854781667,0,-0.0930309953194633,-0.139395693741015,0.708877117089123,1.12171765078629,1.27280760797249,-0.621154217341457,-0.797595882078731,-0.0998707974396848,-0.0692112518235939,-0.410266899197836,0.0230723224817513,1.19219966462977,1.16729496510292,-0.884683912965861,-0.767532904424768,-0.202993708003753,-0.0191459895266863,-0.303642030474405,-0.97315070217934,0.704487594782526,0.904845870642121,0.214642163938074,-0.527680489439249,-0.265234005080588
"787",0,-0.228610946570289,-1.17387929654563,-2.50620159389084,0.773219575117836,0.975330014615711,-0.416428649433891,-0.135962069060475,-0.0247411626405223,-0.640995384823577,-1.93416775881521,-1.41229140468304,1.13345756693153,-0.391668945398093,-0.540830462877054,-0.1555961886108,-0.0445734002443183,-0.741918245459386,-1.62956752949562,1.05837374204791,1.10662972764353,-1.13471128329909,-0.284578014623904,-0.113860786417039,-0.0382639442739243,-0.524782699707081,-0.22150435248648,0.981304034653986,-0.740296018180913,0.19966965691918,0.443529453395639,-0.048236570436645,-0.0330109162638679,1.52497749734601,1.33132611434538,-0.191412782816345,-0.73094801307437,1.1603029827845,1.17550008551579,0,-0.0930309953194633,3.89054890468905,1.47858362970634,1.36287885195866,1.27280760797249,1.27008134505226,0.34521688350542,-0.0998707974396848,-0.0692112518235939,-0.410266899197836,-1.38433934890509,-0.55774319753513,0.979782328328481,0.971528919046879,-0.767532904424768,-0.202993708003753,-0.0191459895266863,-0.303642030474405,-1.37380710736685,-2.5118039208,0.904845870642121,0.558394746906768,-0.527680489439249,-0.177318504788345
"788",0,-0.346763866306412,-0.468139103477418,0.0578262499066152,0.108774140810285,0.975330014615711,-0.416428649433891,-0.238283706974013,-0.0247411626405223,-0.640995384823577,0.266276456865079,1.06960504576937,1.00343530749139,-0.223353997438511,-0.540830462877054,-0.1555961886108,-0.0445734002443183,-0.741918245459386,0.41018678555814,1.56338145586488,1.43333321492626,-0.658411286082146,-0.750044321622746,-0.113860786417039,-0.0382639442739243,-0.759253601238671,0.433439716945544,1.1507788827907,1.00657188464015,-1.3031392155474,-0.650039470011399,-0.0762276538598208,-0.0330109162638679,-0.639535815693025,0.691917424529183,1.09627321067543,0.950766487281889,-0.881997446920094,-1.06136513852242,0,-0.0930309953194633,-0.481588184154324,0.0931119069953467,0.940290984077717,1.17294790108317,-0.32475287136407,-0.797595882078731,-0.0998707974396848,-0.0692112518235939,-0.410266899197836,-0.680633513211668,1.19219966462977,1.16729496510292,-0.211790854285719,-0.69654078328051,-0.202993708003753,-0.0191459895266863,-0.295982177730137,-0.572808484558983,-0.444187946496948,-0.283435346285619,-0.326840896639044,-0.527680489439249,-0.177318504788345
"789",0,-0.346763866306412,0.115841786710785,0.990200011287507,0.994701386553687,0.438598494367772,-0.416428649433891,-0.135962069060475,-0.0318401196839718,-0.314012775301545,0.999757862091843,-0.171343179456834,-0.552740656252641,1.12316558623815,-0.540830462877054,-0.1555961886108,-0.111531751188364,-0.741918245459386,0.92012536432158,0.553366028230951,0.415366530536956,0.929255371307683,-0.379978753743097,-0.113860786417039,-0.0382639442739243,-0.759253601238671,0.153360386183732,1.1507788827907,0.631900120038557,-0.569178409494128,-0.650039470011399,-0.0762276538598208,-0.0330109162638679,-0.639535815693025,0.372213079621086,1.09627321067543,-0.0582622129318667,-1.56276425682162,-0.831486854781667,0,-0.0930309953194633,0.527366528655686,1.47858362970634,-0.0347038540757136,0.13064006706906,-1.13694573435793,-0.797595882078731,-0.0998707974396848,0.0284145769564622,0.0739739549704533,1.43048399386859,0.0461035107332559,0.41724441800515,-0.378444049689659,-0.899685919047445,-0.202993708003753,-0.0191459895266863,-0.303642030474405,-0.172466266938626,1.0438296990883,0.706799001154165,-0.300986710514968,-0.667168589491173,-0.177318504788345
"790",0,-0.346763866306412,-0.251217030121345,0.757106570942284,-0.112707670625565,-0.455954039378794,-0.552097316871041,-0.135962069060475,-0.0318401196839718,-0.314012775301545,0.633017159478461,1.06960504576937,1.14469686301409,0.954850638278565,-0.540830462877054,-0.1555961886108,-0.0445734002443183,0.410193187752585,1.09010489057606,-0.961657113219938,0.289871009436705,1.24678870278565,-0.0112161204196545,-0.113860786417039,-0.0382639442739243,1.17077636382959,1.08838378637757,-1.56081868739673,-1.53432688309958,0.867584711348771,1.26370614595092,-0.048236570436645,-0.0631779869705976,0.906545122192,0.851769596983231,-1.35692445328921,-1.73997671328813,0.479536172882967,1.46221250555829,0,-0.0930309953194633,0.863684766259023,1.47858362970634,-0.966425658098632,-1.26160056962335,0.926220333707951,1.03090454285591,-0.0998707974396848,-0.0692112518235939,-0.410266899197836,1.07863107602188,0.0255710898531705,0.0422191444562627,0.971528919046879,-0.564903628832,-0.202993708003753,-0.0191459895266863,-0.303642030474405,-0.396655420256308,0.245017378270736,0.67974223097483,0.214642163938074,-0.527680489439249,-0.177318504788345
"791",0,-0.346763866306412,0.330795300586854,0.0578262499066152,0.551737763681986,0.975330014615711,0.463522826674285,-0.135962069060475,-0.0247411626405223,-0.640995384823577,0.266276456865079,0.325036110633647,-1.1850649899467,-0.559983893357675,0.198268875224692,-0.1555961886108,-0.0445734002443183,-0.453890387156393,1.09010489057606,0.0483583144139882,-0.749010354699637,-1.29347794903808,-0.574697546273115,-0.113860786417039,-0.0382639442739243,0.849104702984884,1.08838378637757,1.1507788827907,0.37134719270522,-1.13616045194,-0.778850447729585,-0.048236570436645,-0.0330109162638679,-0.639535815693025,-1.2263086449194,-1.31813802712165,0.278080687139385,0.139152767932202,-0.831486854781667,0,-0.0930309953194633,-0.481588184154324,-0.984477210668762,-1.12171262543579,-1.10320005852361,0.926220333707951,-0.797595882078731,-0.0998707974396848,-0.0692112518235939,-0.410266899197836,0.550851699251816,-1.14105748492343,-0.332806129092624,0.29654243467861,-0.767532904424768,-0.202993708003753,-0.0191459895266863,-0.303642030474405,0.828389277112268,0.93422270303842,-0.0853884767976621,-0.816615584968009,-0.527680489439249,-0.177318504788345
"792",0,-0.346763866306412,0.545748814462924,0.524013130597061,0.330255952246136,0.259687987618459,-0.225673589380688,-0.135962069060475,-0.0247411626405223,-0.314012775301545,0.999757862091843,0.0768464655884069,-0.34196587835462,1.29148053419773,-0.0480975708092236,-0.1555961886108,-0.0445734002443183,-0.741918245459386,0.24020725930366,0.721701932836606,0.475637023035684,0.135422042612768,-0.574697546273115,-0.113860786417039,-0.0382639442739243,-0.759253601238671,-1.04018443927651,1.1507788827907,1.00657188464015,0.700605947741373,-0.650039470011399,-0.048236570436645,-0.0330109162638679,-0.639535815693025,-0.267195610195108,1.09627321067543,0.950766487281889,-1.22238085187086,-0.831486854781667,0,-0.0930309953194633,-0.145269946550987,0.581501601787841,0.431157047935746,0.79760607467327,-0.105362700324987,-0.797595882078731,-0.0998707974396848,-0.0692112518235939,0.0739739549704533,1.43048399386859,-0.94661938912733,-0.145293492318181,0.465289055770677,-0.767532904424768,-0.202993708003753,-0.0191459895266863,-0.303642030474405,1.02856038592245,0.40563064167328,-0.0853884767976621,-0.644739293483662,-0.527680489439249,-0.177318504788345
"793",0,1.45173246307681,0.975655842215063,0.990200011287507,0.994701386553687,-0.277043532629481,-0.416428649433891,-0.135962069060475,-0.0247411626405223,1.97486549135268,0.44964680817177,0.0768464655884069,1.13345756693153,0.281590846440236,-0.540830462877054,-0.1555961886108,-0.0445734002443183,-0.1658625288534,-1.62956752949562,1.22670964665357,1.2699814712849,-0.817177951821129,-0.574697546273115,-0.208504961222727,-0.0382639442739243,-0.759253601238671,-1.53139249135053,0.303404642107127,1.00657188464015,0.032690893311783,-0.650039470011399,-0.106080643591261,-0.139400590825117,-0.639535815693025,-1.2263086449194,-1.47909877630812,-0.562776563038745,1.1603029827845,0.0286504053458163,0,-0.0930309953194633,0.19104829105235,-0.830535908145318,-1.12171262543579,-1.26160056962335,0.754289828035795,1.03090454285591,-0.0998707974396848,0.514328516065376,3.46365993414848,0.726778158175171,-1.14105748492343,0.0422191444562627,1.14027554013895,0.245613473539072,-0.202993708003753,-0.0191459895266863,1.76127335410647,1.4289026035428,0.93422270303842,0.618791818620216,-0.300986710514968,-0.527680489439249,-0.177318504788345
"794",0,-0.346763866306412,-0.529018754917424,0.0578262499066152,0.773219575117836,0.617509001117085,-0.123111490731166,-0.135962069060475,0.00131510914950845,0.0129698342204877,0.999757862091843,0.325036110633647,-0.34196587835462,0.954850638278565,1.9228339974621,-0.1555961886108,-0.0445734002443183,0.986248904358571,1.09010489057606,0.216694219019643,-1.18029468333559,0.452955374090734,2.24270958299419,-0.113860786417039,0.0337041416019022,0.527433042140173,1.08838378637757,1.1507788827907,0.688959538672687,1.36852100217096,0.443529453395639,-0.303140849397564,-0.0330109162638679,-0.471852190179632,-0.390535759960213,0.452430213929543,0.950766487281889,0.990111280309114,-0.831486854781667,0,-0.0930309953194633,-0.481588184154324,-0.830535908145318,0.586444015272899,1.27280760797249,1.27008134505226,-0.340470775845071,-0.0998707974396848,-0.0692112518235939,-0.410266899197836,-0.152854136441604,1.19219966462977,1.16729496510292,0.802782297954812,-0.767532904424768,-0.202993708003753,-0.0191459895266863,-0.303642030474405,-0.572808484558983,0.530662696382485,0.310705262178251,-0.816615584968009,-0.934540740991343,-0.177318504788345
"795",0,-0.346763866306412,-0.743972268793493,0.524013130597061,0.108774140810285,-0.634864546128108,-0.685679354692312,-0.135962069060475,-0.064995348517452,-0.640995384823577,0.266276456865079,0.325036110633647,-0.763515434150662,0.786535690318983,-0.540830462877054,-0.1555961886108,-0.0445734002443183,0.698221046055578,1.09010489057606,-0.961657113219938,-1.18029468333559,0.611722039829717,0.270524592507076,-0.113860786417039,-0.0382639442739243,1.17077636382959,0.433439716945544,-1.2218689911233,-1.53432688309958,-0.635224161117807,1.53709837680268,-0.048236570436645,-0.0330109162638679,1.52497749734601,0.0525087347129891,-1.47909877630812,-1.73997671328813,-0.81616156788349,1.46221250555829,0,-0.0930309953194633,-0.145269946550987,1.17070102465946,-0.966425658098632,-1.26160056962335,0.0665678053471691,0.57377943662225,-0.0998707974396848,-0.111385484924621,-0.410266899197836,0.198998781405106,0.220009185649271,-0.520318765867068,1.14027554013895,-0.564903628832,-0.271470896447172,-0.0191459895266863,-0.303642030474405,-0.772979593369162,0.0152822700148413,0.904845870642121,0.214642163938074,-0.527680489439249,-0.177318504788345
"796",0,-0.346763866306412,-0.111544327820649,0.524013130597061,-2.10604397354822,-0.992685559626734,-0.416428649433891,-0.135962069060475,-0.0247411626405223,-0.404719942285521,-1.01731600228176,1.06960504576937,-0.974290212048683,-1.49874643358673,-0.540830462877054,-0.1555961886108,-0.0445734002443183,-0.741918245459386,-1.62956752949562,1.56338145586488,0.616574496719437,-1.29347794903808,-0.574697546273115,-0.113860786417039,-0.0382639442739243,-0.759253601238671,-1.20392045663452,1.1507788827907,0.847765711656421,-1.3031392155474,-0.650039470011399,-0.048236570436645,-0.0539306280597664,-0.639535815693025,-1.2263086449194,0.774351712302486,0.950766487281889,-1.22238085187086,-1.42631287314877,0,-0.0930309953194633,-0.481588184154324,-0.984477210668762,-0.966425658098632,1.27280760797249,0.0665678053471691,-0.797595882078731,5.25564223777999,-0.0262088518818375,-0.0229313280612956,-0.504707054288313,0.997761568833671,1.16729496510292,0.971528919046879,1.66401840268845,9.63391110016043,-0.0191459895266863,-0.303642030474405,-0.372637375748804,0.704487594782526,0.904845870642121,1.07402362135981,2.42146025904347,5.12282788566142
"797",0,-0.346763866306412,0.975655842215063,0.990200011287507,0.108774140810285,-0.813775052877421,-0.416428649433891,-0.135962069060475,-0.0247411626405223,2.30184810087471,0.999757862091843,0.0768464655884069,1.13345756693153,-0.223353997438511,-0.540830462877054,-0.1555961886108,-0.0445734002443183,0.410193187752585,-0.43971084571426,-0.961657113219938,1.43333321492626,0.25615616308223,-0.59993368778796,-0.113860786417039,-0.0382639442739243,-0.759253601238671,-1.53139249135053,0.811829186517271,1.00657188464015,0.032690893311783,-0.650039470011399,-0.048236570436645,0.185692713437499,-0.227589656391491,-0.485437841735732,0.130508715556599,0.614423587210637,0.679867257966718,0.315362825388311,0,0.41989691123846,1.20000300386236,0.0931119069953467,-1.12171262543579,-1.26160056962335,0.926220333707951,1.25946709597274,0.022300121694235,-0.0692112518235939,1.04245566330703,1.25455753494524,-0.94661938912733,-0.707831402641512,0.971528919046879,0.650872024724607,-0.202993708003753,-0.0191459895266863,-0.37687332683041,0.42804705949191,0.93422270303842,0.904845870642121,0.214642163938074,-0.527680489439249,-0.177318504788345
"798",0,-0.346763866306412,-0.314065241041354,0.290919690251838,0.773219575117836,-0.277043532629481,-0.416428649433891,-0.135962069060475,-0.0247411626405223,-0.640995384823577,0.082906105558388,0.325036110633647,-0.552740656252641,0.179652586774597,-0.540830462877054,-0.1555961886108,-0.0445734002443183,-0.516873187402429,-0.77966989822322,-0.793321208614283,-0.526887708770123,0.7704887055687,-0.574697546273115,-0.113860786417039,-0.0382639442739243,-0.759253601238671,-1.53139249135053,-1.56081868739673,0.37134719270522,0.10474917732886,-0.650039470011399,-0.048236570436645,-0.0330109162638679,-0.639535815693025,-1.2263086449194,-0.513334281189288,0.782595037246263,-1.22238085187086,-0.831486854781667,0,-0.0351797777046607,-0.481588184154324,-0.984477210668762,1.20759188462151,-0.469598014124647,-1.48080674570224,-0.797595882078731,-0.0998707974396848,-0.0692112518235939,-0.410266899197836,0.198998781405106,0.803323473037571,-0.707831402641512,0.29654243467861,0.245613473539072,-0.202993708003753,-0.0191459895266863,-0.303642030474405,0.628218168302089,0.93422270303842,0.112658392690295,0.902147329875462,1.92993680096302,-0.177318504788345
"799",0,-0.346763866306412,-0.958925782669563,0.524013130597061,0.773219575117836,-0.455954039378794,-0.416428649433891,-0.135962069060475,-0.0247411626405223,0.0129698342204877,0.816387510785152,1.06960504576937,1.13345756693153,0.786535690318983,-0.540830462877054,-0.1555961886108,-0.0445734002443183,0.986248904358571,0.92012536432158,0.89003783744226,0.453222753078071,1.24678870278565,0.270524592507076,0.0419128843118954,-0.0382639442739243,1.81411968551902,0.924647769019562,-1.56081868739673,-1.53432688309958,0.366648420526578,1.53709837680268,-0.048236570436645,-0.0330109162638679,1.21576130976901,0.691917424529183,-1.47909877630812,-1.73997671328813,-0.103901600568223,1.46221250555829,0,-0.0930309953194633,-0.145269946550987,1.3246423271829,-0.189990821412867,-0.944799547423866,0.567545272913222,1.03090454285591,0.118013842722597,-0.0692112518235939,-0.410266899197836,0.374925240328461,1.19219966462977,0.466865515907679,0.971528919046879,-0.159645077646464,-0.202993708003753,-0.0191459895266863,-0.50576250134439,-0.772979593369162,-0.673923054752843,0.904845870642121,0.211578963935602,-0.527680489439249,-0.177318504788345
"800",0,0.459643600352333,0.545748814462924,-0.408360630783831,-1.88456216211237,-0.992685559626734,-0.416428649433891,-0.135962069060475,-0.0247411626405223,0.0129698342204877,-0.181551389642169,1.06960504576937,1.13345756693153,0.618220742359401,-0.540830462877054,-0.1555961886108,-0.0445734002443183,-0.0524411616845418,0.7501458380671,1.56338145586488,1.43333321492626,0.611722039829717,-0.574697546273115,-0.113860786417039,-0.0382639442739243,0.527433042140173,1.08838378637757,1.1507788827907,1.00657188464015,0.032690893311783,-0.650039470011399,-0.048236570436645,-0.0330109162638679,0.597328934614995,1.33132611434538,1.09627321067543,0.624082112583718,-0.541614041969328,-0.831486854781667,0,-0.0930309953194633,0.863684766259023,1.47858362970634,1.36287885195866,1.11440709687275,-0.96501522868577,-0.797595882078731,-0.0998707974396848,-0.0692112518235939,1.52669651747532,1.43048399386859,1.19219966462977,0.604757054779594,-1.22217715515,-0.767532904424768,-0.202993708003753,-0.0191459895266863,0.728815661816031,0.227875950681732,-0.444187946496948,-0.679529085261532,-0.816615584968009,-0.527680489439249,-0.177318504788345
"801",0,-0.346763866306412,-1.17387929654563,-2.73929503423606,-1.88456216211237,1.33315102811434,0.756839985377011,-0.135962069060475,-0.0247411626405223,-0.640995384823577,-1.93416775881521,-2.90142927495448,0.167716217958182,1.29148053419773,1.43010110539427,-0.1555961886108,-0.0445734002443183,-0.741918245459386,-1.62956752949562,0.216694219019643,1.43333321492626,1.24678870278565,1.11574673128727,-0.113860786417039,-0.0382639442739243,-0.43758194039396,-0.057768335128474,1.1507788827907,-0.10507132624598,1.36852100217096,-0.10325500830788,-0.048236570436645,-0.0179575742192926,-0.595807082746146,-0.245571805460208,-0.67429503037576,-0.899119463109996,0.79784572795544,-0.831486854781667,0,-0.0930309953194633,-0.481588184154324,-0.676594605621874,-1.12171262543579,0.00560351917457189,0.786638511912039,-0.797595882078731,-0.0998707974396848,-0.0692112518235939,-0.410266899197836,-1.41609369889875,-1.91880986810783,-1.17762657634511,0.465289055770677,-0.767532904424768,-0.202993708003753,-0.0191459895266863,-0.303642030474405,-1.17332181098952,-2.7415390290559,-1.2736696937254,1.4177762043285,0.209604697681432,-0.177318504788345
"802",0,-0.346763866306412,-1.17387929654563,0.0578262499066152,-0.112707670625565,-0.992685559626734,-0.416428649433891,-0.135962069060475,-0.0247411626405223,-0.640995384823577,-0.677802246057251,1.06960504576937,-0.552740656252641,-1.40155863315559,-0.540830462877054,-0.1555961886108,-0.0445734002443183,-0.741918245459386,0.41018678555814,0.721701932836606,-1.18029468333559,-1.29347794903808,-0.574697546273115,-0.113860786417039,-0.0909846830221019,-0.759253601238671,0.924647769019562,-0.205019902303017,-0.899102191164647,-1.13616045194,-0.650039470011399,-0.048236570436645,-0.0330109162638679,0.28811274703799,1.33132611434538,1.09627321067543,0.950766487281889,0.990111280309114,0.602075245430805,0,-0.0930309953194633,0.19104829105235,1.47858362970634,-0.655851723424326,-1.10320005852361,0.0665678053471691,2.17371730844006,-0.0998707974396848,-0.0692112518235939,-0.410266899197836,0.726778158175171,-0.16886700594293,-1.0828566761904,0.634035676862745,1.86664767828122,-0.202993708003753,-0.0191459895266863,-0.303642030474405,-1.17332181098952,-0.214452838241053,0.904845870642121,1.07402362135981,0.209604697681432,-0.177318504788345
"803",0,-0.346763866306412,0.330795300586854,0.290919690251838,-1.44159853924067,-0.992685559626734,-0.744203799949586,-0.135962069060475,-0.0247411626405223,0.666935053264552,0.633017159478461,-1.90867069477352,0.711908011135486,0.786535690318983,-0.540830462877054,-0.1555961886108,-0.0445734002443183,-0.741918245459386,-0.454490172984279,0.216694219019643,0.779926240360802,1.24678870278565,0.552265305433806,-0.113860786417039,-0.0382639442739243,-0.759253601238671,-0.884188717794626,0.472879490243842,0.212541019721487,-0.301266633903012,0.990313915099158,-0.048236570436645,-0.0330109162638679,-0.639535815693025,-1.2263086449194,-1.03281120336279,-1.73997671328813,-0.711805744444711,1.74892492560078,0,-0.0930309953194633,-0.481588184154324,-0.984477210668762,-1.12171262543579,-1.26160056962335,0.0665678053471691,0.80234198973908,-0.0998707974396848,-0.0692112518235939,-0.410266899197836,-1.03248643105838,-0.931861434161698,-0.332806129092624,-0.0708873540589978,-0.362274353239232,-0.202993708003753,-0.0191459895266863,-0.303642030474405,0.828389277112268,0.93422270303842,0.112658392690295,-0.644739293483662,-0.816594960531825,-0.177318504788345
"804",0,2.99694405524889,0.184463059749874,0.757106570942284,0.330255952246136,-0.813775052877421,-0.416428649433891,-0.135962069060475,-0.0247411626405223,2.62883071039675,0.999757862091843,0.436475550376762,0.0795836774414227,0.17949696909451,-0.540830462877054,-0.1555961886108,-0.0445734002443183,-0.453890387156393,-0.22697281717551,0.553366028230951,0.616574496719437,0.452955374090734,-0.574697546273115,-0.113860786417039,-0.0382639442739243,-0.759253601238671,-1.53139249135053,0.133929793970413,1.00657188464015,-0.802202924725205,-0.650039470011399,-0.048236570436645,-0.0330109162638679,-0.639535815693025,-1.06645647246535,0.595225944242557,0.446252137175011,-1.05218914939548,-0.831486854781667,0,-0.0930309953194633,-0.481588184154324,0.0931119069953467,1.20759188462151,-0.311197503024907,0.410428816691482,-0.665827673143736,-0.169972717708228,-0.0692112518235939,-0.410266899197836,0.374925240328461,0.414447281445371,-0.520318765867068,0.802782297954812,-0.767532904424768,-0.202993708003753,-0.0191459895266863,-0.303642030474405,-0.372637375748804,0.93422270303842,0.706799001154165,-0.644739293483662,-0.527680489439249,-0.177318504788345
"805",0,-0.346763866306412,0.115841786710785,-0.641454071129054,-1.66308035067652,-0.813775052877421,-0.416428649433891,-0.135962069060475,-0.0247411626405223,-0.187143442432074,-0.833945650975067,0.823851961389015,1.13345756693153,-0.0710253275110271,-0.294464016843139,-0.1555961886108,-0.0445734002443183,-0.741918245459386,-0.9496494244777,1.56338145586488,-1.01694293969422,0.7704887055687,1.397487444214,-0.113860786417039,-0.0382639442739243,-0.759253601238671,-1.53139249135053,0.811829186517271,-0.740296018180913,0.700605947741373,1.53709837680268,-0.048236570436645,-0.0564171602200974,-0.33031962811602,0.372213079621086,0.935312461488958,0.950766487281889,0.139152767932202,-0.831486854781667,0,-0.0930309953194633,1.59937586006762,1.3246423271829,0.275870080598593,1.27280760797249,-1.30887624003008,-0.797595882078731,-0.0998707974396848,0.919646617399059,2.97941907998019,0.902704617098525,-0.36330510173903,0.792269691554037,-0.884683912965861,-0.767532904424768,-0.202993708003753,0.416807955775425,-0.303642030474405,0.027704841871553,-0.444187946496948,0.310705262178251,-0.988491876452356,-0.527680489439249,-0.177318504788345
"806",0,-0.346763866306412,-0.958925782669563,0.0578262499066152,0.994701386553687,-0.0981330258801679,-0.416428649433891,-0.135962069060475,-0.064995348517452,-0.640995384823577,-0.283834597054994,0.571005963422487,-0.34196587835462,-0.434683517349799,-0.540830462877054,-0.1555961886108,-0.0445734002443183,0.122165329449593,1.09010489057606,-0.119977590191666,-1.18029468333559,-1.29347794903808,-0.574697546273115,-0.113860786417039,-0.0382639442739243,1.17077636382959,1.08838378637757,-0.205019902303017,-1.37552071011585,-1.3031392155474,-0.650039470011399,-0.048236570436645,-0.0330109162638679,2.45262606007703,1.33132611434538,0.291469464743071,0.446252137175011,-0.444375112451735,-0.831486854781667,0,-0.0930309953194633,0.863684766259023,1.47858362970634,-0.966425658098632,-0.139011166825482,0.754289828035795,-0.569033328961901,-0.0802374261209842,-0.0692112518235939,-0.410266899197836,0.198998781405106,0.220009185649271,-0.145293492318181,1.14027554013895,-0.564903628832,-0.202993708003753,-0.0191459895266863,-0.303642030474405,-0.98486455839918,0.0152822700148413,0.904845870642121,0.253102028403729,-0.447394359322163,-0.177318504788345
"807",0,-0.346763866306412,-1.17387929654563,-1.80692127285517,0.551737763681986,-0.992685559626734,-0.416428649433891,-0.135962069060475,-0.0247411626405223,-0.640995384823577,-1.93416775881521,0.0768464655884069,0.290358455339444,-1.40155863315559,-0.540830462877054,-0.1555961886108,-0.0445734002443183,-0.741918245459386,-0.566093363385784,1.56338145586488,0.289871009436705,-1.29347794903808,-0.379409563186784,-0.113860786417039,-0.0909846830221019,-0.759253601238671,0.105967682229532,1.1507788827907,-0.422683672213447,0.867584711348771,-0.650039470011399,-0.048236570436645,-0.0330109162638679,0.28811274703799,1.33132611434538,-0.0304520336298728,-0.226433662967493,1.1603029827845,-0.831486854781667,0,-0.0930309953194633,1.69224916466242,1.47858362970634,0.897017949947205,1.11440709687275,1.27008134505226,0.34521688350542,-0.0998707974396848,-0.0692112518235939,2.01093737164361,0.902704617098525,0.803323473037571,1.16729496510292,0.971528919046879,-0.159645077646464,-0.202993708003753,-0.0191459895266863,-0.303642030474405,-1.17332181098952,-2.05233370428821,0.904845870642121,0.0530146270978961,-0.527680489439249,-0.177318504788345
"808",0,-0.346763866306412,0.115841786710785,0.990200011287507,-0.777153104933116,-0.992685559626734,-0.416428649433891,-0.135962069060475,-0.0247411626405223,0.33995244374252,0.999757862091843,-1.41229140468304,1.13345756693153,-1.233243685196,-0.540830462877054,-0.1555961886108,-0.0445734002443183,0.122165329449593,-0.43971084571426,-0.793321208614283,1.43333321492626,-0.870335471131138,-0.574697546273115,-0.153668258030525,-0.0382639442739243,-0.759253601238671,-1.53139249135053,-0.374494750439731,0.530153365688954,-1.3031392155474,-0.650039470011399,-0.048236570436645,-0.0330109162638679,-0.639535815693025,-1.2263086449194,0.452430213929543,-0.394605113003119,-1.56276425682162,-0.831486854781667,0,-0.0930309953194633,-0.481588184154324,-0.676594605621874,1.20759188462151,-0.501477621073928,-1.30887624003008,-0.797595882078731,-0.0998707974396848,-0.0692112518235939,-0.410266899197836,0.372493295642434,0.414447281445371,-1.0828566761904,0.634035676862745,0.44824274913184,-0.202993708003753,-0.0191459895266863,-0.303642030474405,-0.172466266938626,0.93422270303842,0.706799001154165,0.214642163938074,0.581667571817137,-0.177318504788345
"809",0,-0.346763866306412,-0.0991117271652847,-0.408360630783831,0.108774140810285,0.259687987618459,-0.416428649433891,-0.135962069060475,-0.0318401196839718,-0.314012775301545,0.633017159478461,1.06960504576937,1.13345756693153,1.29148053419773,-0.540830462877054,-0.1555961886108,-0.0445734002443183,2.42638819587353,1.09010489057606,-0.456649399402975,-0.0368324778460259,1.08802203704667,-0.574697546273115,-0.125340705028998,-0.0382639442739243,0.849104702984884,0.433439716945544,-1.56081868739673,0.212541019721487,0.327635712998991,-0.650039470011399,-0.106080643591261,-0.0330109162638679,-0.639535815693025,-1.2263086449194,-0.67429503037576,0.950766487281889,-0.0310389345431809,-0.831486854781667,0,-0.116939751395585,-0.481588184154324,-0.676594605621874,1.05230491728436,0.79760607467327,-0.621154217341457,-0.569033328961901,-0.0998707974396848,-0.0692112518235939,-0.410266899197836,0.374925240328461,1.19219966462977,1.16729496510292,1.14027554013895,2.27190622946675,-0.202993708003753,-0.0191459895266863,-0.303642030474405,0.227875950681732,0.0152822700148413,0.112658392690295,0.386518455422421,2.42146025904347,0.697813577192196
"810",0,-0.346763866306412,0.330795300586854,0.524013130597061,0.773219575117836,1.33315102811434,0.854998778807295,-0.135962069060475,-0.0247411626405223,-0.314012775301545,0.633017159478461,0.405863186280798,-1.60661454574275,-1.40155863315559,-0.0480975708092236,-0.1555961886108,-0.0445734002443183,0.410193187752585,1.09010489057606,0.553366028230951,-0.229346976622077,-0.34087795460418,-0.574697546273115,-0.113860786417039,-0.0382639442739243,0.66156753373751,1.08838378637757,0.472879490243842,0.212541019721487,1.36852100217096,0.17013722254388,-0.048236570436645,-0.0330109162638679,-0.0211034405390152,-0.107343437741059,-1.47909877630812,-1.73997671328813,0.479536172882967,0.8887876654733,0,-0.0930309953194633,-0.481588184154324,-0.984477210668762,-1.12171262543579,-1.10320005852361,0.463398280551977,-0.111908222728241,-0.0998707974396848,-0.0692112518235939,-0.410266899197836,0.198998781405106,-0.16886700594293,0.109372300535953,0.465289055770677,-0.767532904424768,-0.202993708003753,-0.0191459895266863,-0.303642030474405,0.42804705949191,0.245017378270736,-0.679529085261532,-1.1603681679367,-0.527680489439249,-0.177318504788345
"811",0,-0.346763866306412,1.4055628699672,-0.408360630783831,-2.54900759641992,-1.12082242033625,-0.416428649433891,-0.135962069060475,-0.0247411626405223,0.33995244374252,0.44964680817177,1.06960504576937,-1.39583976784473,-1.40155863315559,-0.523760072365045,-0.1555961886108,-0.0445734002443183,0.986248904358571,1.09010489057606,1.20864043495305,-0.0368324778460259,-1.29347794903808,-0.574697546273115,-0.113860786417039,-0.0382639442739243,-0.179965226135791,-0.22150435248648,0.981304034653986,-0.10507132624598,-1.3031392155474,-0.650039470011399,-0.048236570436645,-0.0330109162638679,-0.730242300224461,-1.2263086449194,0.130508715556599,0.119175581937421,-1.56276425682162,-0.831486854781667,0,-0.0930309953194633,-0.481588184154324,-0.984477210668762,-0.189990821412867,1.27280760797249,-0.4492237116693,-0.797595882078731,-0.0998707974396848,-0.0692112518235939,-0.410266899197836,0.0140140310381813,0.582634715982691,1.16729496510292,0.634035676862745,0.853501300317375,3.48584559505782,-0.0191459895266863,-0.303642030474405,0.628218168302089,0.93422270303842,0.904845870642121,1.58965249581285,3.40450717520438,3.05290152954789
"812",0,-0.346763866306412,-1.17387929654563,-2.50620159389084,0.773219575117836,0.0807774808691453,-0.416428649433891,-0.135962069060475,-0.0247411626405223,-0.640995384823577,-1.93416775881521,-1.41229140468304,0.922682789033507,-1.06492873723642,-0.540830462877054,-0.1555961886108,-0.0445734002443183,-0.741918245459386,-1.45958800324114,1.56338145586488,0.289871009436705,-1.29347794903808,-0.574697546273115,-0.113860786417039,-0.0382639442739243,-0.43758194039396,0.269703699587538,0.811829186517271,-1.21671453713211,0.19966965691918,1.26370614595092,0.192093530424121,-0.0330109162638679,3.07105843523104,1.33132611434538,0.774351712302486,0.782595037246263,1.1603029827845,1.74892492560078,0,-0.0930309953194633,1.60220362434438,0.862818419612568,0.741730982610052,0.95600658577301,0.926220333707951,-0.340470775845071,-0.0134739701958597,-0.0692112518235939,-0.410266899197836,-1.38433934890509,-1.91880986810783,0.792269691554037,0.971528919046879,-0.767532904424768,-0.202993708003753,-0.0191459895266863,-0.303642030474405,-1.17332181098952,-2.7415390290559,0.904845870642121,1.24589991284416,-0.527680489439249,-0.177318504788345
"813",0,1.88237474806379,2.26537692547148,0.990200011287507,0.108774140810285,1.15424052136502,2.81006009629609,-0.135962069060475,-0.0247411626405223,-0.640995384823577,-1.38405670489514,-0.667722469547314,0.501133233237465,1.29148053419773,2.90829978159776,1.80127119247638,-0.0445734002443183,-0.741918245459386,-1.62956752949562,-0.961657113219938,0.943277984002168,1.24678870278565,0.552265305433806,-0.113860786417039,-0.0382639442739243,-0.759253601238671,-1.53139249135053,0.811829186517271,0.847765711656421,0.0759666218332962,-0.650039470011399,-0.048236570436645,-0.0330109162638679,-0.639535815693025,-1.2263086449194,-0.0304520336298728,0.950766487281889,-0.541614041969328,-0.831486854781667,0,-0.0930309953194633,-0.481588184154324,-0.984477210668762,-0.966425658098632,1.27280760797249,-0.255024654488885,-0.797595882078731,-0.0998707974396848,-0.0692112518235939,0.773583312955441,-0.856559972135023,-0.16886700594293,1.16729496510292,0.127795813586543,-0.767532904424768,-0.202993708003753,-0.0758585761396516,3.82618873868734,2.02941592997334,0.93422270303842,-0.877575954749489,-1.1603681679367,-0.527680489439249,-0.177318504788345
"814",0,-0.346763866306412,0.330795300586854,0.290919690251838,-1.22011672780482,-0.992685559626734,-0.0837161109281218,-0.135962069060475,-0.0247411626405223,0.33995244374252,0.999757862091843,-0.915912114592555,0.501133233237465,-1.40155863315559,-0.540830462877054,-0.1555961886108,-0.0445734002443183,-0.1658625288534,0.7501458380671,0.216694219019643,-1.18029468333559,-0.0903097801515812,-0.574697546273115,-0.113860786417039,-0.0382639442739243,-0.365444018609662,-0.548976387202492,1.1507788827907,1.00657188464015,1.03456347495617,0.990313915099158,-0.048236570436645,-0.0330109162638679,0.659001105571989,1.01162176943728,0.774351712302486,0.446252137175011,-1.56276425682162,-0.544774434739172,0,-0.0930309953194633,0.644727204983365,1.47858362970634,-0.811138690761479,0.79760607467327,-0.4492237116693,-0.797595882078731,-0.0998707974396848,-0.0692112518235939,0.0739739549704533,1.11951811229675,-1.14105748492343,-1.0828566761904,0.634035676862745,-0.767532904424768,-0.202993708003753,-0.0191459895266863,-0.303642030474405,-0.172466266938626,0.474752486526631,0.904845870642121,0.558394746906768,-0.527680489439249,-0.177318504788345
"815",0,2.84962334129561,1.62051638384327,0.132842644236891,0.994701386553687,1.15424052136502,-0.123111490731166,-0.135962069060475,-0.0247411626405223,-0.314012775301545,-0.467204948361685,-1.90867069477352,-1.1850649899467,1.12316558623815,0.937368213326437,-0.1555961886108,-0.0445734002443183,-0.961916647216477,-1.62956752949562,-0.171038456076032,0.289871009436705,1.08802203704667,-0.0112161204196545,-0.113860786417039,-0.0382639442739243,-0.759253601238671,-0.548976387202492,1.1507788827907,0.847765711656421,-0.46824539751041,-0.650039470011399,-0.048236570436645,-0.0330109162638679,-0.639535815693025,-0.427047782649156,0.774351712302486,0.950766487281889,-0.201230637018563,-0.831486854781667,0,-0.0930309953194633,-0.481588184154324,-0.984477210668762,-1.12171262543579,0.00560351917457189,1.27008134505226,-0.558478069992374,-0.0998707974396848,-0.0692112518235939,1.22484941060074,0.726778158175171,-0.75218129333123,0.41724441800515,0.971528919046879,-0.564903628832,-0.202993708003753,-0.0191459895266863,3.82618873868734,1.4289026035428,0.0152822700148413,-0.0853884767976621,-0.816615584968009,-0.527680489439249,-0.177318504788345
"816",0,-0.346763866306412,-1.17387929654563,-2.27310815354561,0.330255952246136,-0.634864546128108,-0.416428649433891,-0.135962069060475,-0.0525224841811277,-0.915209791229315,-1.93416775881521,0.573225755678888,-0.131191100456599,-1.40155863315559,-0.540830462877054,-0.1555961886108,-0.0445734002443183,-0.741918245459386,0.24020725930366,0.972463408030965,-1.18029468333559,0.294188708351751,0.552265305433806,-0.113860786417039,-0.0382639442739243,0.527433042140173,1.08838378637757,-1.05239414298659,-1.37552071011585,1.03456347495617,0.17013722254388,-0.048236570436645,-0.0330109162638679,1.21576130976901,1.33132611434538,1.09627321067543,0.950766487281889,1.1603029827845,0.602075245430805,0,-0.0930309953194633,0.511476034759852,-0.214770698051542,0.12058311326144,1.1968665342961,0.410428816691482,-0.569033328961901,-0.0998707974396848,-0.0692112518235939,-0.410266899197836,-1.38433934890509,-1.91880986810783,0.957166148150853,-1.22217715515,-0.767532904424768,-0.202993708003753,-0.0191459895266863,-0.303642030474405,-1.17332181098952,-2.5118039208,0.310705262178251,-1.1603681679367,-0.527680489439249,-0.177318504788345
"817",0,-0.346763866306412,0.850281009501719,0.990200011287507,-0.555671293497266,-0.813775052877421,-0.416428649433891,-0.135962069060475,-0.0247411626405223,0.993917662786584,0.999757862091843,-0.667722469547314,1.13345756693153,0.449905794399818,-0.643245506557189,-0.1555961886108,0.188762392482701,1.56230462096456,0.41018678555814,-1.12999301782559,0.899691309994307,0.611722039829717,-0.574697546273115,-0.113860786417039,-0.0382639442739243,-0.43758194039396,-0.0373480052121035,1.1507788827907,1.00657188464015,1.36852100217096,-0.10325500830788,-0.048236570436645,-0.0330109162638679,-0.639535815693025,-1.2263086449194,-0.67429503037576,-1.06729091314562,1.1603029827845,0.315362825388311,0,-0.0930309953194633,-0.481588184154324,-0.984477210668762,-1.12171262543579,-1.26160056962335,0.754289828035795,0.71887129538806,-0.0998707974396848,-0.0692112518235939,0.0739739549704533,0.241091823704337,0.414447281445371,0.41724441800515,0.971528919046879,0.170723202467758,-0.202993708003753,-0.0191459895266863,0.728815661816031,0.828389277112268,0.909075812187643,0.270426521211508,0.214642163938074,-0.281918760399022,-0.177318504788345
"818",0,-0.346763866306412,1.83546989771934,0.990200011287507,-0.581622698280096,-0.813775052877421,-0.416428649433891,-0.135962069060475,-0.0247411626405223,-0.314012775301545,0.266276456865079,1.06960504576937,1.13345756693153,-0.391668945398093,-0.540830462877054,-0.1555961886108,-0.0445734002443183,-0.741918245459386,-1.62956752949562,-0.456649399402975,1.43333321492626,-0.182111288865197,-0.574697546273115,-0.113860786417039,-0.0382639442739243,-0.759253601238671,-1.36765647399252,0.133929793970413,1.00657188464015,0.867584711348771,-0.10325500830788,-0.048236570436645,-0.0330109162638679,-0.639535815693025,-0.427047782649156,1.09627321067543,0.950766487281889,1.1603029827845,1.46221250555829,0,-0.0930309953194633,-0.481588184154324,-0.830535908145318,1.36287885195866,0.164004030274312,-1.30887624003008,-0.797595882078731,-0.0998707974396848,-0.229291569834633,-0.410266899197836,0.198998781405106,1.19219966462977,-1.64539458651373,-1.55967039733413,-0.50793018166201,-0.202993708003753,-0.0191459895266863,-0.303642030474405,1.4289026035428,0.0152822700148413,-2.26390404116519,-1.1603681679367,-0.527680489439249,-0.177318504788345
"819",0,-0.346763866306412,-1.17387929654563,-2.27310815354561,0.994701386553687,0.116387507563082,-0.416428649433891,-0.0205622478672214,-0.064995348517452,-0.640995384823577,-1.93416775881521,-1.41229140468304,1.13345756693153,-1.06492873723642,-0.540830462877054,-0.1555961886108,-0.0445734002443183,-0.741918245459386,-1.62956752949562,1.05837374204791,0.943277984002168,-1.29347794903808,-0.574697546273115,-0.113860786417039,-0.0382639442739243,-0.759253601238671,-0.548976387202492,1.1507788827907,-0.899102191164647,0.19966965691918,0.443529453395639,-0.048236570436645,-0.0330109162638679,0.28811274703799,1.17147394189133,0.130508715556599,-0.507904169711138,1.1603029827845,0.8887876654733,0,6.08960719964629,4.56318537989573,1.47858362970634,1.36287885195866,0.95600658577301,1.27008134505226,0.34521688350542,-0.0998707974396848,3.74986562380231,3.21324705119417,0.902704617098525,1.19219966462977,1.16729496510292,0.971528919046879,-0.767532904424768,-0.202993708003753,-0.0191459895266863,-0.303642030474405,-1.17332181098952,-2.28206881254411,0.904845870642121,0.386518455422421,-0.527680489439249,-0.177318504788345
"820",0,-0.346763866306412,-0.958925782669563,-0.175267190438608,0.773219575117836,-0.634864546128108,-0.416428649433891,-0.135962069060475,-0.0247411626405223,-0.640995384823577,0.082906105558388,0.573225755678888,-0.131191100456599,0.50140116878147,-0.540830462877054,-0.1555961886108,-0.0445734002443183,-0.1658625288534,0.92012536432158,-0.456649399402975,-1.18029468333559,1.08802203704667,0.270524592507076,-0.113860786417039,-0.0382639442739243,0.205761381295462,0.59717573430355,-1.56081868739673,-1.53432688309958,0.726240421841002,1.26370614595092,-0.048236570436645,-0.0330109162638679,1.21576130976901,0.212360907167038,-1.47909877630812,-1.73997671328813,0.139152767932202,1.46221250555829,0,-0.0930309953194633,0.19104829105235,0.862818419612568,-1.12171262543579,-1.26160056962335,0.410428816691482,1.03090454285591,-0.0998707974396848,-0.183508070486308,-0.410266899197836,0.902704617098525,-0.94661938912733,-0.707831402641512,1.14027554013895,-0.159645077646464,-0.202993708003753,-0.0191459895266863,-0.303642030474405,-0.772979593369162,0.474752486526631,1.30834650376374,0.730271038391115,-0.281918760399022,-0.177318504788345
"821",0,-0.346763866306412,-1.06652455080131,-0.641454071129054,-0.334189482061415,-0.992685559626734,-0.416428649433891,-0.135962069060475,-0.064995348517452,-0.640995384823577,-1.56742705620183,1.06960504576937,1.13345756693153,-0.89661378927684,-0.540830462877054,-0.1555961886108,-0.0445734002443183,-0.741918245459386,-0.0902032754489848,1.56338145586488,0.289871009436705,-1.29347794903808,-0.574697546273115,-0.113860786417039,-0.0382639442739243,-0.545354558480985,0.924647769019562,0.642354338380556,-1.53432688309958,-1.3031392155474,-0.650039470011399,-0.048236570436645,-0.0330109162638679,-0.0211034405390152,1.33132611434538,0.613390963116015,0.109909237103759,0.479536172882967,0.315362825388311,0,-0.0930309953194633,-0.145269946550987,1.3246423271829,1.36287885195866,1.27280760797249,1.27008134505226,2.63084241467372,4.95470122853544,-0.0692112518235939,-0.410266899197836,0.0230723224817513,1.19219966462977,1.16729496510292,0.791931236896418,2.47453550505952,4.71545869607834,-0.0191459895266863,-0.303642030474405,-1.17332181098952,-1.13339327126463,0.112658392690295,1.07402362135981,2.91298371712393,2.44807774115328
"822",0,-0.346763866306412,-0.314065241041354,0.757106570942284,0.108774140810285,-0.634864546128108,-0.416428649433891,-0.135962069060475,-0.0247411626405223,-0.640995384823577,0.44964680817177,0.839472828167507,0.513609695288257,0.954850638278565,-0.540830462877054,-0.1555961886108,-0.0445734002443183,1.27427676266156,1.09010489057606,-0.624985304008629,-0.853591196052854,1.08802203704667,0.359670730932788,0.140374262724828,-0.0382639442739243,1.81411968551902,1.08838378637757,-0.882919294849875,-1.53432688309958,-0.635224161117807,1.53709837680268,0.245208121991008,-0.0330109162638679,1.83419368492302,1.17147394189133,-0.996216528748704,-1.73997671328813,-0.541614041969328,1.46221250555829,0,-0.0712463263774384,0.863684766259023,1.3246423271829,-0.500564756087173,-0.944799547423866,0.754289828035795,1.22875193300622,-0.0998707974396848,-0.0692112518235939,-0.410266899197836,0.902704617098525,1.19219966462977,1.16729496510292,1.14027554013895,0.44824274913184,-0.202993708003753,-0.0191459895266863,-0.303642030474405,-0.372637375748804,0.926700072311202,0.904845870642121,0.386518455422421,-0.527680489439249,-0.177318504788345
"823",0,-0.346763866306412,-1.17387929654563,-0.871981701295203,0.994701386553687,0.0807774808691453,-0.416428649433891,-0.223899206108935,-0.0247411626405223,-0.640995384823577,-1.01731600228176,0.821415400724128,0.448892633581341,-1.233243685196,-0.540830462877054,-0.1555961886108,-0.0445734002443183,0.698221046055578,1.09010489057606,1.56338145586488,0.943277984002168,-1.29347794903808,-0.574697546273115,-0.0760221189735083,-0.0382639442739243,0.527433042140173,-0.057768335128474,1.1507788827907,0.688959538672687,-1.3031392155474,-0.631779582553302,-0.048236570436645,-0.0330109162638679,-0.639535815693025,-1.2263086449194,1.09627321067543,0.614423587210637,-1.56276425682162,-0.831486854781667,0,-0.0930309953194633,-0.481588184154324,-0.984477210668762,0.741730982610052,1.11440709687275,-1.48080674570224,-0.797595882078731,-0.0998707974396848,-0.0112240116405665,-0.410266899197836,-1.38433934890509,0.0255710898531705,1.16729496510292,-0.715937291873794,-0.767532904424768,-0.202993708003753,-0.0191459895266863,-0.303642030474405,-1.26568175925001,-0.628544619251817,0.904845870642121,1.4177762043285,0.641577026524244,-0.177318504788345
"824",0,-0.346763866306412,-1.17387929654563,-0.874547511474277,0.551737763681986,0.796419507866398,-0.416428649433891,-0.135962069060475,-0.0247411626405223,-0.640995384823577,-1.56742705620183,0.573225755678888,1.13345756693153,0.954850638278565,-0.540830462877054,-0.1555961886108,-0.0445734002443183,-0.741918245459386,0.41018678555814,1.56338145586488,1.43333321492626,0.929255371307683,-0.0112161204196545,-0.113860786417039,-0.0382639442739243,0.849104702984884,1.08838378637757,1.1507788827907,1.00657188464015,0.700605947741373,-0.376647239159639,-0.0931983300551067,-0.0215921147357923,-0.33031962811602,-0.586899955103205,0.130508715556599,0.950766487281889,0.819919577833732,-0.831486854781667,0,-0.0930309953194633,-0.481588184154324,-0.984477210668762,0.275870080598593,1.27280760797249,0.582359322363638,-0.803999397076297,-0.0998707974396848,-0.0692112518235939,-0.410266899197836,-1.38433934890509,-0.16886700594293,1.16729496510292,0.465289055770677,-0.767532904424768,-0.202993708003753,-0.0191459895266863,-0.387744873656642,-1.17332181098952,-0.903658163008738,0.706799001154165,0.902147329875462,0.0335809528705916,-0.177318504788345
"825",0,-0.346763866306412,-0.853155413291611,-0.641454071129054,0.330255952246136,1.51206153486365,-0.123111490731166,-0.135962069060475,-0.0247411626405223,-0.230251923384871,0.999757862091843,0.821415400724128,0.0795836774414227,0.954850638278565,1.43010110539427,-0.1555961886108,-0.0445734002443183,-0.741918245459386,-1.28960847698666,-1.12999301782559,-0.853591196052854,0.929255371307683,1.11574673128727,-0.113860786417039,-0.0177637689065176,-0.729941866515793,-1.53139249135053,-1.56081868739673,0.0537348467377536,1.36852100217096,0.716921684247398,-0.048236570436645,-0.0330109162638679,-0.639535815693025,-0.427047782649156,1.09627321067543,0.950766487281889,1.1603029827845,1.17550008551579,0,-0.0930309953194633,-0.481588184154324,-0.830535908145318,0.458613175259659,1.27280760797249,-0.621154217341457,-0.797595882078731,-0.0998707974396848,-0.0692112518235939,-0.59718498910737,-1.38433934890509,-0.36330510173903,1.16729496510292,-1.55967039733413,-0.767532904424768,-0.202993708003753,-0.0191459895266863,-0.303642030474405,-1.17332181098952,-0.444187946496948,-0.283435346285619,-1.09113370572217,-0.527680489439249,0.0523363119854757
"826",0,-0.346763866306412,-0.314065241041354,0.524013130597061,0.994701386553687,0.975330014615711,-0.416428649433891,-0.135962069060475,-0.0247411626405223,-0.640995384823577,0.44964680817177,0.0768464655884069,-0.34196587835462,0.653602373813325,0.444635321258607,-0.1555961886108,-0.111531751188364,-0.741918245459386,0.24020725930366,-1.12999301782559,-1.18029468333559,-0.0233446231262145,1.11574673128727,0.063695257046751,-0.0382639442739243,0.527433042140173,-0.107272203412214,-1.50891843958596,-1.53432688309958,-0.301266633903012,1.53709837680268,0.247537481195468,-0.0330109162638679,1.21576130976901,0.0525087347129891,-1.47909877630812,-1.73997671328813,0.139152767932202,1.17550008551579,0,-0.0830138592778681,0.527366528655686,1.01675972213601,-0.500564756087173,0.322404541374051,1.27008134505226,-0.340470775845071,-0.0998707974396848,-0.0692112518235939,0.415058090600063,0.902704617098525,0.106855101060112,1.16729496510292,0.971528919046879,-0.767532904424768,-0.202993708003753,-0.0191459895266863,-0.303642030474405,-0.172466266938626,0.474752486526631,0.033564567992989,-0.644739293483662,-0.527680489439249,-0.116277882579176
"827",0,-0.396405144108409,-0.529018754917424,0.0442166782370699,-0.777153104933116,-0.813775052877421,-0.416428649433891,-0.135962069060475,-0.0247411626405223,-0.640995384823577,-1.20068635358845,1.06960504576937,1.13345756693153,-1.06492873723642,-0.540830462877054,-0.18965860651892,-0.0445734002443183,1.27427676266156,1.09010489057606,1.56338145586488,1.43333321492626,-1.29347794903808,-0.574697546273115,-0.113860786417039,-0.0382639442739243,2.13579134636373,0.105967682229532,0.981304034653986,0.688959538672687,-1.3031392155474,-0.650039470011399,-0.048236570436645,-0.0330109162638679,-0.639535815693025,-1.06645647246535,1.09627321067543,0.446252137175011,-1.56276425682162,-0.831486854781667,0,-0.0930309953194633,-0.481588184154324,-0.984477210668762,1.36287885195866,0.480805052473791,-1.48080674570224,-0.797595882078731,-0.0998707974396848,-0.0692112518235939,-0.410266899197836,-0.856559972135023,1.19219966462977,0.996202966035428,-1.55967039733413,-0.767532904424768,-0.202993708003753,-0.0191459895266863,-0.303642030474405,-0.97315070217934,0.245017378270736,0.706799001154165,-0.406377874480531,-0.527680489439249,-0.177318504788345
"828",0,-0.346763866306412,-0.314065241041354,0.290919690251838,-2.32752578498407,-0.992685559626734,-0.416428649433891,-0.135962069060475,-0.0247411626405223,-0.640995384823577,0.44964680817177,-0.171343179456834,-2.23893887943681,-1.40155863315559,-0.540830462877054,-0.1555961886108,-0.0445734002443183,-0.1658625288534,1.09010489057606,-0.624985304008629,-1.18029468333559,-1.29347794903808,-0.574697546273115,-0.113860786417039,-0.0382639442739243,0.527433042140173,1.08838378637757,0.303404642107127,-0.740296018180913,-1.13616045194,-0.650039470011399,-0.048236570436645,-0.0100465375292208,0.597328934614995,1.33132611434538,0.935312461488958,0.782595037246263,0.649727875358349,-0.065972444384007,0,-0.0930309953194633,0.19104829105235,1.47858362970634,0.396226823753466,-1.26160056962335,-0.277293205997144,1.70091201645754,-0.0998707974396848,-0.0692112518235939,-0.410266899197836,1.07863107602188,0.198513552541392,-0.332806129092624,-0.0409508075055244,2.47453550505952,0.453777700077681,-0.0912709356995593,-0.303642030474405,-0.372637375748804,0.245017378270736,0.904845870642121,0.902147329875462,1.92993680096302,-0.177318504788345
"829",0,-0.346763866306412,-0.743972268793493,-0.175267190438608,0.994701386553687,1.69097204161296,-0.123111490731166,-0.135962069060475,-0.0247411626405223,-0.640995384823577,-1.20068635358845,-0.424887250908097,-0.131191100456599,1.29148053419773,0.444635321258607,-0.1555961886108,-0.0445734002443183,-0.741918245459386,-1.92465229137154,-1.12999301782559,-0.690239452411488,1.24678870278565,0.552265305433806,-0.113860786417039,-0.0382639442739243,-0.605961277797442,-1.53139249135053,-1.06625817570382,-0.263877499229713,1.36852100217096,0.17013722254388,-0.048236570436645,-0.0330109162638679,0.906545122192,0.691917424529183,1.09627321067543,0.950766487281889,1.1603029827845,1.17550008551579,0,-0.0930309953194633,2.20895771667237,0.247053209518791,1.1027801052288,1.27280760797249,-0.96501522868577,-0.797595882078731,-0.0998707974396848,-0.0390807474422335,-0.410266899197836,-1.38433934890509,0.803323473037571,-0.145293492318181,-1.55967039733413,-0.767532904424768,-0.202993708003753,-0.0191459895266863,-0.303642030474405,-0.572808484558983,0.93422270303842,-1.86781030218927,-1.1603681679367,-0.527680489439249,-0.177318504788345
"830",0,-0.346763866306412,-0.958925782669563,0.757106570942284,-2.54900759641992,-0.992685559626734,-0.416428649433891,-0.135962069060475,-0.0247411626405223,-0.640995384823577,-0.650575299668376,1.06960504576937,-2.23893887943681,-1.40155863315559,-0.540830462877054,-0.1555961886108,-0.0445734002443183,-0.741918245459386,0.654829479639215,0.721701932836606,-1.18029468333559,-1.29347794903808,-0.574697546273115,-0.113860786417039,-0.0382639442739243,-0.759253601238671,0.760911751661556,0.133929793970413,-1.53432688309958,-1.3031392155474,-0.643374368549226,-0.048236570436645,-0.0330109162638679,0.101679916183921,1.33132611434538,0.613390963116015,0.278080687139385,-0.0310389345431809,-0.544774434739172,0,-0.0930309953194633,-0.145269946550987,1.47858362970634,1.20759188462151,0.63920556357353,1.09815083938011,1.7165922022064,-0.0998707974396848,-0.0692112518235939,-0.410266899197836,0.198998781405106,0.803323473037571,-1.0828566761904,0.634035676862745,1.25875985150291,-0.202993708003753,-0.0191459895266863,-0.303642030474405,-1.17332181098952,-0.214452838241053,0.904845870642121,1.24589991284416,-0.0361570313587953,-0.177318504788345
"831",0,-0.346763866306412,-0.743972268793493,-0.175267190438608,0.773219575117836,-0.455954039378794,-0.416428649433891,-0.234912168513412,-0.0247411626405223,-0.640995384823577,-0.283834597054994,0.325036110633647,-1.1850649899467,0.618220742359401,-0.540830462877054,-0.1555961886108,-0.0445734002443183,-0.741918245459386,0.502565028189887,-0.624985304008629,-1.18029468333559,-0.499644620343163,0.552265305433806,0.0965228838260234,-0.0382639442739243,0.849104702984884,0.269703699587538,-1.56081868739673,-1.53432688309958,-0.635224161117807,0.990313915099158,-0.048236570436645,-0.0330109162638679,1.52497749734601,0.691917424529183,-1.47909877630812,-1.73997671328813,-0.371422339493946,0.84068766266251,0,-0.0930309953194633,0.863684766259023,1.17070102465946,-1.12171262543579,-1.10320005852361,0.754289828035795,0.053042079934698,-0.0998707974396848,-0.0692112518235939,0.52492885389038,0.902704617098525,0.0255710898531705,0.604757054779594,0.802782297954812,-0.767532904424768,-0.185946375878207,-0.0191459895266863,-0.303642030474405,-0.643902141308845,-0.214452838241053,0.310705262178251,-0.816615584968009,-0.527680489439249,-0.177318504788345
"832",0,-0.346763866306412,-1.17387929654563,-0.874547511474277,0.330255952246136,-0.992685559626734,-0.416428649433891,-0.135962069060475,-0.0247411626405223,-0.640995384823577,-1.01731600228176,1.06960504576937,-1.1850649899467,-0.189123913859651,-0.0480975708092236,-0.1555961886108,-0.0445734002443183,-0.741918245459386,0.328349193587919,0.553366028230951,-0.853591196052854,1.24678870278565,1.11574673128727,-0.113860786417039,-0.0382639442739243,1.17077636382959,1.08838378637757,-1.05239414298659,-0.10507132624598,1.20154223856357,-0.650039470011399,-0.048236570436645,-0.0330109162638679,2.76184224765403,1.96178374053821,1.09627321067543,0.950766487281889,1.1603029827845,0.8887876654733,0,0.00849400820719771,0.863684766259023,0.643701632771111,1.05230491728436,1.27280760797249,0.582359322363638,-0.340470775845071,-0.0998707974396848,-0.0692112518235939,-0.410266899197836,-1.38433934890509,0.226064614931012,1.16729496510292,-0.884683912965861,-0.767532904424768,-0.202993708003753,-0.0191459895266863,-0.303642030474405,-1.17332181098952,-0.214452838241053,-0.0853884767976621,-0.988491876452356,-0.527680489439249,-0.177318504788345
"833",0,-0.346763866306412,-1.17387929654563,-1.80692127285517,0.551737763681986,1.51206153486365,-0.416428649433891,-0.135962069060475,-0.0247411626405223,-0.640995384823577,-1.38405670489514,0.821415400724128,0.501133233237465,-0.89661378927684,-0.540830462877054,-0.1555961886108,-0.0445734002443183,-0.741918245459386,0.92012536432158,1.25739005042699,-1.01694293969422,-1.29347794903808,-0.574697546273115,-0.113860786417039,-0.0382639442739243,0.95517800348331,1.08838378637757,-0.71344444671316,-1.53432688309958,0.19966965691918,0.990313915099158,-0.048236570436645,-0.0330109162638679,2.76184224765403,1.33132611434538,-0.191412782816345,0.278080687139385,1.1603029827845,1.74892492560078,0,-0.0930309953194633,0.527366528655686,0.708877117089123,0.741730982610052,1.27280760797249,0.926220333707951,-0.797595882078731,-0.0998707974396848,-0.0692112518235939,-0.410266899197836,-1.38433934890509,-0.75218129333123,1.16729496510292,-0.0409508075055244,-0.767532904424768,-0.0504093730502572,-0.0912709356995593,-0.303642030474405,-1.17332181098952,-1.48246907243383,0.904845870642121,-0.472863001999315,-0.527680489439249,-0.179535930612601
"834",0,-0.346763866306412,0.330795300586854,-0.175267190438608,0.994701386553687,1.33315102811434,0.756839985377011,-0.135962069060475,-0.0247411626405223,0.666935053264552,0.999757862091843,1.06960504576937,1.13345756693153,1.29148053419773,2.16920044349601,-0.1555961886108,-0.0445734002443183,0.410193187752585,1.09010489057606,1.56338145586488,1.43333321492626,1.24678870278565,1.67922815714073,-0.113860786417039,-0.0382639442739243,-0.759253601238671,-0.876448421918504,0.303404642107127,0.688959538672687,0.867584711348771,0.349655815982211,-0.048236570436645,-0.0330109162638679,-0.639535815693025,-1.2263086449194,-1.47909877630812,-0.394605113003119,0.479536172882967,-0.831486854781667,0,-0.0930309953194633,-0.481588184154324,-0.984477210668762,-1.12171262543579,0.164004030274312,0.410428816691482,-0.797595882078731,-0.245360369323602,-0.0692112518235939,-0.410266899197836,-0.680633513211668,-0.0605507996431373,1.16729496510292,-0.715937291873794,-1.10101844152061,-0.264471522948457,-0.0191459895266863,-0.303642030474405,0.628218168302089,0.0152822700148413,-0.877575954749489,-1.1603681679367,-0.527680489439249,-0.177318504788345
"835",0,-0.346763866306412,-0.314065241041354,0.757106570942284,0.707463267773815,0.259687987618459,-0.416428649433891,-0.135962069060475,-0.0247411626405223,-0.640995384823577,0.44964680817177,0.0768464655884069,1.13345756693153,0.113275898480654,-0.540830462877054,-0.1555961886108,-0.0445734002443183,-0.741918245459386,-1.28960847698666,-0.961657113219938,1.43333321492626,-0.182111288865197,-0.574697546273115,-0.113860786417039,-0.0382639442739243,-0.759253601238671,-1.53139249135053,-0.71344444671316,0.847765711656421,-0.589804607917098,-0.650039470011399,-0.048236570436645,-0.0330109162638679,-0.639535815693025,-1.2263086449194,0.774351712302486,-0.0582622129318667,-1.56276425682162,-0.831486854781667,0,-0.161254066253549,-0.481588184154324,-0.0608293955280974,0.7625231403,-0.944799547423866,-1.48080674570224,-0.797595882078731,-0.176802476015524,-0.0692112518235939,-0.410266899197836,0.198998781405106,1.19219966462977,0.229731781230706,-0.378444049689659,-0.767532904424768,-0.202993708003753,-0.0191459895266863,-0.303642030474405,-0.172466266938626,0.93422270303842,0.904845870642121,0.558394746906768,-0.527680489439249,-0.148394671116078
"836",0,-0.346763866306412,0.115841786710785,0.0578262499066152,0.551737763681986,1.51206153486365,0.17020566797156,-0.135962069060475,-0.0247411626405223,3.28279592944081,1.03908498282368,-0.171343179456834,-1.39583976784473,0.000282955364055279,-0.0480975708092236,-0.1555961886108,-0.0445734002443183,0.410193187752585,0.7501458380671,-0.28831349479732,-1.18029468333559,-1.29347794903808,-0.574697546273115,-0.113860786417039,-0.0382639442739243,-0.205767782592381,-0.057768335128474,0.642354338380556,-1.37552071011585,-1.3031392155474,-0.650039470011399,-0.048236570436645,-0.0330109162638679,-0.639535815693025,-0.906604300011301,0.613390963116015,0.782595037246263,-0.541614041969328,-0.831486854781667,0,-0.0930309953194633,-0.481588184154324,-0.984477210668762,-0.811138690761479,0.480805052473791,1.09815083938011,0.57377943662225,-0.0998707974396848,-0.0692112518235939,-0.410266899197836,0.0230723224817513,-0.75218129333123,-0.707831402641512,0.971528919046879,0.853501300317375,-0.202993708003753,-0.0191459895266863,-0.303642030474405,0.027704841871553,0.349777903639543,0.904845870642121,0.386518455422421,-0.527680489439249,-0.177318504788345
"837",0,-0.320384478671683,-1.17387929654563,-0.765425172245252,-0.998634916368966,-0.992685559626734,-0.416428649433891,-0.135962069060475,-0.064995348517452,-0.640995384823577,-1.17950738081256,1.06960504576937,-1.81738932364077,-0.236796393481934,-0.294464016843139,-0.1555961886108,-0.0445734002443183,-0.741918245459386,-0.0997517932053001,0.216694219019643,-0.690239452411488,1.08802203704667,-0.292956833346385,-0.113860786417039,-0.0382639442739243,0.205761381295462,0.760911751661556,-1.39134383926002,-0.263877499229713,0.700605947741373,-0.650039470011399,-0.048236570436645,-0.0330109162638679,1.21576130976901,1.33132611434538,0.452430213929543,0.950766487281889,1.1603029827845,0.602075245430805,0,-0.0930309953194633,2.20895771667237,1.3246423271829,0.897017949947205,1.27280760797249,0.0665678053471691,-0.797595882078731,-0.0998707974396848,-0.0692112518235939,-0.410266899197836,-0.526696050217334,0.676876413567045,0.792269691554037,-1.55967039733413,-0.767532904424768,-0.202993708003753,-0.0191459895266863,-0.303642030474405,-1.17332181098952,-0.444187946496948,-0.877575954749489,-1.1603681679367,-0.527680489439249,-0.177318504788345
"838",0,0.767805440878689,0.115841786710785,-0.874547511474277,0.330255952246136,0.438598494367772,-0.416428649433891,-0.135962069060475,-0.0247411626405223,0.993917662786584,0.999757862091843,-0.419532824502074,-1.1850649899467,1.12316558623815,-0.540830462877054,-0.1555961886108,-0.0445734002443183,1.56230462096456,0.92012536432158,-0.119977590191666,0.943277984002168,0.7704887055687,-0.574697546273115,-0.113860786417039,-0.0382639442739243,0.849104702984884,1.08838378637757,1.1507788827907,0.688959538672687,1.20154223856357,-0.376647239159639,-0.048236570436645,-0.0330109162638679,-0.639535815693025,1.01162176943728,-0.18251262757203,-1.73997671328813,-0.541614041969328,0.8887876654733,0,-0.0930309953194633,-0.481588184154324,1.47858362970634,-0.966425658098632,-1.26160056962335,-0.4492237116693,0.382638032401785,-0.0998707974396848,-0.0692112518235939,-0.410266899197836,1.43048399386859,-0.0285258137731009,-0.145293492318181,0.971528919046879,-0.362274353239232,-0.202993708003753,-0.0191459895266863,-0.303642030474405,1.02856038592245,0.93422270303842,-0.283435346285619,-0.816615584968009,-0.527680489439249,-0.177318504788345
"839",0,-0.346763866306412,-1.17387929654563,-1.34073439216472,0.108774140810285,0.0807774808691453,-0.416428649433891,-0.135962069060475,-0.0247411626405223,-0.640995384823577,-1.01731600228176,0.994758936041617,1.13345756693153,0.298366519607033,-0.540830462877054,-0.1555961886108,-0.0445734002443183,-0.1658625288534,0.92012536432158,1.56338145586488,1.43333321492626,0.611722039829717,-0.574697546273115,-0.113860786417039,0.0337041416019022,0.527433042140173,1.08838378637757,1.1507788827907,1.00657188464015,1.03456347495617,-0.376647239159639,-0.048236570436645,-0.0330109162638679,-0.639535815693025,0.0525087347129891,1.09627321067543,1.06421184025618,0.649727875358349,-0.831486854781667,0,-0.0930309953194633,-0.481588184154324,-0.368712000574986,1.36287885195866,1.27280760797249,0.926220333707951,-0.797595882078731,-0.0998707974396848,-0.0692112518235939,-0.410266899197836,-0.328780595364958,1.19219966462977,1.16729496510292,1.14027554013895,0.0429841979463036,-0.202993708003753,-0.0912709356995593,-0.303642030474405,-0.97315070217934,-1.27962611565288,0.112658392690295,-0.129110419030621,-0.527680489439249,-0.177318504788345
"840",0,-0.346763866306412,-0.958925782669563,-0.175267190438608,0.773219575117836,0.438598494367772,-0.416428649433891,-0.135962069060475,-0.0247411626405223,-0.640995384823577,0.082906105558388,-0.171343179456834,-1.39583976784473,1.29148053419773,-0.540830462877054,-0.1555961886108,-0.0445734002443183,0.986248904358571,0.24020725930366,-0.961657113219938,-0.690239452411488,0.7704887055687,-0.574697546273115,-0.113860786417039,-0.0382639442739243,0.205761381295462,0.760911751661556,0.733667877323163,0.688959538672687,-0.969181688332602,-0.650039470011399,-0.049335153206293,-0.0330109162638679,-0.639535815693025,-0.906604300011301,1.09627321067543,-0.0582622129318667,-1.56276425682162,-0.938782731018743,0,-0.168068709406926,-0.593800858801673,-0.368712000574986,0.586444015272899,0.322404541374051,-0.277293205997144,-0.797595882078731,-0.0998707974396848,-0.0692112518235939,-0.410266899197836,-0.504707054288313,-0.36330510173903,-0.895344039415955,0.634035676862745,-0.536838661888952,-0.202993708003753,-0.0191459895266863,-0.303642030474405,-0.97315070217934,0.0152822700148413,0.904845870642121,-0.300986710514968,-0.527680489439249,-0.177318504788345
"841",0,-0.346763866306412,0.330795300586854,0.990200011287507,-2.10604397354822,-0.547282856954937,0.756839985377011,-0.135962069060475,0.0352121224942342,0.356107019575024,0.816387510785152,0.0768464655884069,-2.024310412174,-0.728298841317257,3.40103267366559,2.77970488301997,-0.0445734002443183,0.986248904358571,1.09010489057606,-0.793321208614283,-0.853591196052854,1.08802203704667,2.24270958299419,-0.113860786417039,-0.0382639442739243,2.45746300720844,0.760911751661556,-1.56081868739673,0.37134719270522,0.700605947741373,-0.376647239159639,-0.048236570436645,-0.0330109162638679,2.14340987250002,1.33132611434538,1.09627321067543,0.950766487281889,0.139152767932202,-0.831486854781667,0,-0.0930309953194633,-0.145269946550987,0.247053209518791,1.36287885195866,0.164004030274312,-0.848923662126683,-0.797595882078731,-0.0998707974396848,-0.0692112518235939,-0.410266899197836,-0.152854136441604,0.803323473037571,-1.64539458651373,-1.55967039733413,-0.767532904424768,-0.202993708003753,-0.0191459895266863,-0.303642030474405,0.828389277112268,-0.903658163008738,-2.26390404116519,-1.1603681679367,-0.527680489439249,-0.177318504788345
"842",0,-0.346763866306412,-0.743972268793493,-0.874547511474277,0.773219575117836,1.51206153486365,-0.416428649433891,-0.135962069060475,-0.0247411626405223,-0.314012775301545,0.633017159478461,0.0768464655884069,-0.552740656252641,1.29148053419773,-0.540830462877054,-0.1555961886108,-0.0445734002443183,0.986248904358571,0.41018678555814,-0.961657113219938,0.113824301681448,0.7704887055687,-0.574697546273115,-0.113860786417039,-0.0598124768661009,-0.43758194039396,-0.398392347486159,-0.130377333872801,0.688959538672687,-0.46824539751041,-0.650039470011399,-0.048236570436645,-0.0330109162638679,-0.639535815693025,-1.2263086449194,-0.0304520336298728,0.446252137175011,-1.43563023114796,-0.608886277239242,0,-0.1949989752361,-0.738094649506403,-0.984477210668762,1.20759188462151,-0.627998525224387,-1.48080674570224,-0.797595882078731,-0.0998707974396848,-0.0692112518235939,-0.410266899197836,-1.38433934890509,1.19219966462977,-0.332806129092624,0.29654243467861,0.650872024724607,-0.202993708003753,-0.0191459895266863,-0.303642030474405,-1.17332181098952,-0.673923054752843,0.310705262178251,0.0427658724537265,-0.527680489439249,-0.177318504788345
"843",0,-0.346763866306412,-0.0991117271652847,0.524013130597061,0.773219575117836,-0.277043532629481,-0.221709925220869,0.033652219481128,-0.0247411626405223,-0.314012775301545,0.999757862091843,-2.405049984864,-1.60661454574275,-0.0297604638402589,-0.0480975708092236,0.0411662063760545,-0.0445734002443183,1.27427676266156,0.901838466791142,-0.456649399402975,-1.18029468333559,-0.499644620343163,0.693320652716269,0.0720454536459057,-0.0909846830221019,-0.759253601238671,0.59717573430355,-1.05239414298659,-1.53432688309958,-1.13616045194,1.26370614595092,-0.048236570436645,-0.0330109162638679,-0.0211034405390152,0.691917424529183,-1.47909877630812,-1.73997671328813,-1.39257255434624,1.46221250555829,0,-0.313692807990461,-0.481588184154324,1.01675972213601,-1.12171262543579,-1.26160056962335,-1.13694573435793,1.94515475532323,0.318698204977423,-0.0692112518235939,-0.410266899197836,1.07863107602188,-1.72437177231173,-1.83290722328817,-0.55199030343087,0.0429841979463036,-0.202993708003753,-0.0191459895266863,-0.303642030474405,0.027704841871553,0.93422270303842,0.706799001154165,0.408182156650008,-0.281918760399022,-0.177318504788345
"844",0,-0.346763866306412,-0.743972268793493,0.0159070676715879,0.551737763681986,-0.277043532629481,-0.416428649433891,-0.135962069060475,-0.0247411626405223,-0.640995384823577,0.816387510785152,1.06960504576937,1.13345756693153,1.12316558623815,-0.294464016843139,-0.1555961886108,-0.0445734002443183,0.986248904358571,0.7501458380671,1.56338145586488,-0.363535965128757,0.611722039829717,1.11574673128727,-0.113860786417039,-0.0382639442739243,-0.115910279549249,0.269703699587538,0.472879490243842,-1.53432688309958,-0.301266633903012,1.53709837680268,-0.048236570436645,-0.0330109162638679,-0.639535815693025,0.691917424529183,-0.835255779562232,-1.73997671328813,-0.0310389345431809,0.8887876654733,0,-0.0930309953194633,-0.481588184154324,0.708877117089123,-0.34527778875002,-1.26160056962335,0.582359322363638,-0.111908222728241,-0.0998707974396848,-0.0692112518235939,-0.410266899197836,0.0230723224817513,0.414447281445371,0.229731781230706,0.971528919046879,-0.362274353239232,-0.202993708003753,-0.0191459895266863,-0.303642030474405,-0.97315070217934,0.0152822700148413,-0.283435346285619,-0.816615584968009,-0.527680489439249,-0.177318504788345
"845",0,-0.346763866306412,-0.529018754917424,0.00874718236283976,0.551737763681986,-0.455954039378794,-0.416428649433891,-0.135962069060475,-0.0247411626405223,-0.640995384823577,0.266276456865079,0.573225755678888,0.711908011135486,0.618220742359401,-0.540830462877054,-0.1555961886108,-0.0364582152705978,-0.1658625288534,1.09010489057606,-0.220068249582054,-0.47201439162677,1.08802203704667,-0.0112161204196545,-0.113860786417039,-0.0382639442739243,1.49244802467431,0.105967682229532,-1.56081868739673,-1.53432688309958,0.366648420526578,0.443529453395639,-0.048236570436645,-0.0330109162638679,1.83419368492302,0.0525087347129891,-1.47909877630812,-1.73997671328813,0.309344470407584,0.602075245430805,0,-0.0930309953194633,1.87263947906903,0.554935814565679,-1.12171262543579,-1.26160056962335,0.754289828035795,-0.111908222728241,-0.0998707974396848,-0.0692112518235939,2.01093737164361,1.43048399386859,0.608885377241471,0.979782328328481,0.29654243467861,-0.894313709884475,-0.202993708003753,-0.0191459895266863,-0.303642030474405,0.227875950681732,0.474752486526631,0.310705262178251,-0.988491876452356,-0.527680489439249,-0.177318504788345
"846",0,-0.346763866306412,1.19060935609113,0.757106570942284,-1.22011672780482,-0.992685559626734,-0.416428649433891,-0.135962069060475,-0.0247411626405223,-0.640995384823577,-0.100464245748303,1.06960504576937,-0.552740656252641,-1.40155863315559,-0.540830462877054,-0.1555961886108,-0.0445734002443183,-0.741918245459386,-0.26973131945978,1.56338145586488,1.43333321492626,-1.29347794903808,-0.574697546273115,-0.113860786417039,-0.0382639442739243,-0.115910279549249,0.433439716945544,1.32819687159205,0.688959538672687,-0.969181688332602,-0.650039470011399,-0.048236570436645,-0.0677629935268027,-0.639535815693025,-0.267195610195108,1.09627321067543,0.950766487281889,-0.371422339493946,-0.831486854781667,0,-0.0930309953194633,-0.251415702934051,0.247053209518791,1.36287885195866,1.27280760797249,0.0665678053471691,-0.797595882078731,-0.0998707974396848,-0.0692112518235939,-0.410266899197836,0.726778158175171,1.19219966462977,1.16729496510292,0.971528919046879,-0.159645077646464,-0.151278317167894,-0.0912709356995593,-0.189072383278616,0.42804705949191,0.704487594782526,0.112658392690295,-0.300986710514968,-0.281918760399022,-0.177318504788345
"847",0,-0.346763866306412,-0.0991117271652847,0.0578262499066152,0.108774140810285,-0.455954039378794,-0.416428649433891,-0.135962069060475,-0.0247411626405223,-0.314012775301545,0.999757862091843,-0.915912114592555,0.501133233237465,0.954850638278565,0.198268875224692,-0.1555961886108,-0.0445734002443183,-0.1658625288534,1.09010489057606,-0.961657113219938,-0.690239452411488,1.24678870278565,1.96096887006746,-0.113860786417039,-0.0382639442739243,-0.115910279549249,0.760911751661556,0.303404642107127,0.688959538672687,1.20399995161885,0.990313915099158,-0.048236570436645,-0.0330109162638679,-0.639535815693025,-0.906604300011301,-0.352373532002817,-0.899119463109996,1.1603029827845,1.46221250555829,0,-0.0930309953194633,0.19104829105235,-0.0618621011465445,-1.12171262543579,-1.10320005852361,1.09815083938011,0.34521688350542,-0.058767417988736,-0.0692112518235939,2.01093737164361,1.43048399386859,-0.94661938912733,-0.332806129092624,0.971528919046879,-0.362274353239232,-0.202993708003753,-0.0191459895266863,0.123862491459024,0.828389277112268,0.93422270303842,0.212954729322544,-0.472863001999315,-0.527680489439249,-0.177318504788345
"848",0,-0.346763866306412,0.760702328338993,0.990200011287507,0.994701386553687,0.438598494367772,-0.416428649433891,-0.135962069060475,-0.0247411626405223,-0.640995384823577,0.816387510785152,0.325036110633647,0.290358455339444,0.618220742359401,-0.540830462877054,-0.183914829939221,-0.0445734002443183,-0.3195128693306,0.24020725930366,-0.793321208614283,0.943277984002168,0.570529209204741,-0.574697546273115,-0.113860786417039,-0.0382639442739243,-0.759253601238671,-1.53139249135053,-0.882919294849875,0.622941562393829,0.032690893311783,-0.650039470011399,-0.048236570436645,-0.0330109162638679,-0.639535815693025,-0.427047782649156,0.935312461488958,-0.0582622129318667,-1.56276425682162,-0.831486854781667,0,-0.0930309953194633,0.633986697915246,1.47858362970634,0.897017949947205,-1.26160056962335,-1.48080674570224,-0.367963064828295,0.329541607802142,-0.0692112518235939,2.97941907998019,1.43048399386859,0.0255710898531705,-1.11673456955156,-0.884683912965861,0.650872024724607,0.180230031973768,-0.0191459895266863,-0.303642030474405,0.42804705949191,0.93422270303842,0.904845870642121,2.15248704872305,2.91298371712393,-0.177318504788345
"849",0,-0.346763866306412,0.975655842215063,0.290919690251838,0.994701386553687,1.69097204161296,0.756839985377011,-0.135962069060475,-0.0247411626405223,-0.640995384823577,-1.93416775881521,-1.41229140468304,-0.34196587835462,1.12316558623815,2.41556688952993,-0.1555961886108,-0.0445734002443183,-0.741918245459386,-1.62956752949562,-1.34553661418334,-1.18029468333559,1.24678870278565,1.67922815714073,-0.274907421199085,-0.0382639442739243,-0.759253601238671,-1.53139249135053,-1.56081868739673,-0.263877499229713,0.667513725942677,-0.10325500830788,-0.048236570436645,-0.0330109162638679,1.07498775328072,0.668175038478568,-0.0304520336298728,0.782595037246263,0.479536172882967,-0.831486854781667,0,-0.0930309953194633,2.88159419187904,1.47858362970634,1.36287885195866,1.45649235903277,-1.30887624003008,-0.797595882078731,-0.0998707974396848,-0.0692112518235939,1.09906198526536,0.198998781405106,1.19219966462977,-0.707831402641512,-1.55967039733413,-0.767532904424768,-0.202993708003753,-0.0191459895266863,-0.303642030474405,0.983195069139965,0.245017378270736,-2.26390404116519,-1.1603681679367,-0.527680489439249,-0.177318504788345
"850",0,-0.346763866306412,-1.17387929654563,-1.1076409518195,0.994701386553687,-0.634864546128108,-0.416428649433891,-0.135962069060475,-0.0247411626405223,-0.640995384823577,-1.38405670489514,0.821415400724128,-0.131191100456599,-1.40155863315559,-0.540830462877054,-0.1555961886108,-0.0445734002443183,-0.453890387156393,0.58016631181262,1.22670964665357,-0.853591196052854,-0.817177951821129,1.96096887006746,-0.113860786417039,-0.0382639442739243,2.13579134636373,1.08838378637757,-0.374494750439731,-1.53432688309958,1.03456347495617,3.17745176191323,-0.048236570436645,-0.0330109162638679,3.38027462280804,1.33132611434538,-0.704627845601464,-0.899119463109996,1.1603029827845,1.46221250555829,0,-0.0930309953194633,4.22686714229239,1.47858362970634,1.36287885195866,1.27280760797249,1.09815083938011,-0.340470775845071,-0.0998707974396848,-0.0692112518235939,-0.410266899197836,-0.680633513211668,-0.55774319753513,1.16729496510292,-0.547190670781726,-0.767532904424768,-0.202993708003753,-0.0191459895266863,-0.303642030474405,-1.17332181098952,-0.924088869425191,0.706799001154165,-1.1603681679367,-0.527680489439249,-0.177318504788345
"851",0,-0.346763866306412,-1.17387929654563,-2.73929503423606,0.330255952246136,1.15424052136502,-0.416428649433891,-0.237036340837531,-0.0247411626405223,-0.640995384823577,-1.93416775881521,-1.90867069477352,1.13345756693153,-0.391668945398093,-0.540830462877054,-0.1555961886108,-0.0445734002443183,-0.741918245459386,-1.45958800324114,1.05837374204791,0.453222753078071,-1.13471128329909,1.67922815714073,-0.113860786417039,-0.0382639442739243,-0.759253601238671,-0.385240369844486,0.0779339953977915,-1.21671453713211,0.19966965691918,3.45084399276499,-0.048236570436645,-0.0330109162638679,1.21576130976901,1.33132611434538,-0.835255779562232,-1.06729091314562,0.819919577833732,1.74892492560078,0,6.08960719964629,4.56318537989573,1.47858362970634,1.36287885195866,1.27280760797249,1.27008134505226,-0.0745241857202425,-0.0998707974396848,2.88228246198163,3.46365993414848,0.0230723224817513,-1.14105748492343,0.604757054779594,0.136728903909315,-0.767532904424768,-0.202993708003753,-0.0191459895266863,0.227977537661067,-1.17332181098952,-2.7415390290559,0.706799001154165,0.214642163938074,-0.59294176402258,-0.177318504788345
"852",0,-0.346763866306412,-0.0991117271652847,0.0578262499066152,0.108774140810285,-0.992685559626734,-0.416428649433891,-0.135962069060475,-0.0247411626405223,0.33995244374252,0.999757862091843,0.0768464655884069,0.922682789033507,-0.728298841317257,-0.540830462877054,-0.1555961886108,-0.0445734002443183,0.410193187752585,0.731406830217652,-1.12999301782559,1.10662972764353,-0.34087795460418,-0.574697546273115,-0.122932297546419,-0.0598124768661009,-0.43758194039396,0.433439716945544,0.303404642107127,0.37134719270522,-1.3031392155474,-0.80194962831316,-0.048236570436645,-0.0330109162638679,-0.701492982023289,-0.107343437741059,1.09627321067543,-0.394605113003119,-1.39257255434624,-0.831486854781667,0,-0.0930309953194633,-0.481588184154324,-0.830535908145318,-0.34527778875002,0.63920556357353,0.754289828035795,-0.569033328961901,-0.0998707974396848,-0.0692112518235939,-0.0173165470555311,0.0230723224817513,-0.779226096844362,-1.83290722328817,1.14027554013895,0.0429841979463036,-0.202993708003753,-0.0191459895266863,-0.303642030474405,0.42804705949191,0.704487594782526,0.706799001154165,0.730271038391115,-0.281918760399022,-0.177318504788345
"853",0,6.34065197680419,3.86401496425472,0.757106570942284,-1.66308035067652,-0.992685559626734,-0.416428649433891,-0.135962069060475,-0.0247411626405223,1.97486549135268,0.816387510785152,0.573225755678888,0.711908011135486,-1.233243685196,-0.540830462877054,-0.1555961886108,-0.0445734002443183,-0.741918245459386,-1.28960847698666,-0.793321208614283,1.43333321492626,-0.34087795460418,-0.574697546273115,-0.113860786417039,-0.0382639442739243,-0.759253601238671,-1.53139249135053,-1.39134383926002,1.00657188464015,-0.698515342283611,-0.650039470011399,-0.048236570436645,-0.0330109162638679,-0.639535815693025,-1.2263086449194,-0.513334281189288,0.782595037246263,-1.39257255434624,-0.831486854781667,0,-0.0930309953194633,-0.481588184154324,-0.830535908145318,1.20759188462151,0.00560351917457189,-1.48080674570224,-0.797595882078731,-0.0998707974396848,-0.0692112518235939,0.0739739549704533,0.726778158175171,1.19219966462977,-0.145293492318181,0.465289055770677,0.853501300317375,-0.202993708003753,-0.0191459895266863,10.02093489243,4.03083315182594,0.93422270303842,0.0446820763233829,0.902147329875462,1.19265161384234,-0.177318504788345
"854",0,-0.346763866306412,-1.17387929654563,0.290919690251838,0.994701386553687,1.86988254836228,3.14804993566021,7.87454517323417,-0.064995348517452,-0.640995384823577,-1.93416775881521,-1.1641017596378,-1.39583976784473,0.0195501572251517,3.15466622763167,8.65030702628152,-0.0445734002443183,-0.741918245459386,-1.62956752949562,-1.12999301782559,-1.18029468333559,-0.34087795460418,3.65141314762784,-0.113860786417039,-0.0382639442739243,-0.759253601238671,-1.53139249135053,-0.997929023408981,-0.899102191164647,1.03456347495617,0.990313915099158,-0.048236570436645,-0.0330109162638679,-0.639535815693025,-0.746752127557253,1.09627321067543,0.950766487281889,1.1603029827845,0.8887876654733,0,-0.0930309953194633,-0.481588184154324,-0.984477210668762,-0.966425658098632,1.11440709687275,-0.793084723013613,-0.797595882078731,-0.0998707974396848,-0.0692112518235939,-0.410266899197836,-1.38433934890509,-0.36330510173903,0.41724441800515,-1.55967039733413,-0.767532904424768,-0.202993708003753,-0.0191459895266863,-0.303642030474405,-0.97315070217934,0.704487594782526,-1.47171656321336,-1.1603681679367,-0.527680489439249,-0.177318504788345
"855",0,0.767805440878689,2.05042341159541,0.990200011287507,0.994701386553687,1.33315102811434,-0.416428649433891,-0.135962069060475,-0.0247411626405223,0.0969223725618328,-0.309614431452664,-0.915912114592555,0.290358455339444,1.29148053419773,-0.540830462877054,-0.1555961886108,-0.0445734002443183,-0.741918245459386,-1.62956752949562,-1.12999301782559,0.453222753078071,0.929255371307683,-0.883253221318221,-0.113860786417039,-0.0382639442739243,0.0710270117732621,-0.876448421918504,-0.543969598576446,0.524220087791247,-0.46824539751041,-0.650039470011399,-0.048236570436645,-0.0330109162638679,2.76184224765403,1.29669290713588,1.06883689104136,0.950766487281889,0.990111280309114,1.46221250555829,0,-0.0160504188559951,0.863684766259023,0.400994512042235,1.36287885195866,0.00560351917457189,-0.89863736999296,-0.340470775845071,-0.0998707974396848,-0.0692112518235939,-0.410266899197836,0.550851699251816,0.414447281445371,-1.83290722328817,-1.55967039733413,-0.767532904424768,-0.196997558460617,-0.0912709356995593,1.76127335410647,2.02941592997334,-1.82259859603232,-2.26390404116519,-1.1603681679367,-0.527680489439249,-0.177318504788345
"856",0,-0.346763866306412,-0.314065241041354,-0.175267190438608,0.330255952246136,0.0807774808691453,-0.416428649433891,-0.135962069060475,-0.0247411626405223,0.0129698342204877,0.999757862091843,0.0768464655884069,-1.1850649899467,0.618220742359401,-0.540830462877054,-0.1555961886108,-0.0445734002443183,-0.0780675173145531,0.7501458380671,-1.12999301782559,0.12651926579534,0.299972165235619,-0.574697546273115,-0.113860786417039,-0.0909846830221019,-0.759253601238671,0.269703699587538,0.811829186517271,0.530153365688954,-0.802202924725205,-0.650039470011399,-0.048236570436645,-0.0330109162638679,-0.639535815693025,1.01162176943728,0.774351712302486,0.109909237103759,-1.56276425682162,-0.831486854781667,0,-0.0930309953194633,0.19104829105235,1.01480795894559,-0.966425658098632,0.322404541374051,-0.4492237116693,-0.797595882078731,-0.0998707974396848,-0.0692112518235939,-0.410266899197836,1.07863107602188,-1.14105748492343,-0.520318765867068,0.29654243467861,-0.767532904424768,-0.432411911278405,-0.0191459895266863,-0.303642030474405,-0.228565402669043,0.245017378270736,0.287647618626468,-0.300986710514968,-0.527680489439249,-0.177318504788345
"857",0,-0.346763866306412,-1.17387929654563,-2.73929503423606,0.330255952246136,-0.0981330258801679,-0.416428649433891,-0.135962069060475,-0.0247411626405223,-0.640995384823577,-1.93416775881521,-2.15686033981876,1.13345756693153,0.786535690318983,-0.540830462877054,-0.210841028736413,-0.0445734002443183,-0.741918245459386,-1.62956752949562,0.553366028230951,1.43333321492626,0.611722039829717,-0.554771187851839,-0.113860786417039,-0.0382639442739243,1.17077636382959,1.08838378637757,1.1507788827907,1.00657188464015,0.032690893311783,-0.650039470011399,-0.048236570436645,-0.0330109162638679,0.597328934614995,0.0525087347129891,-0.513334281189288,0.950766487281889,-0.711805744444711,-0.831486854781667,0,-0.0423595592310046,-0.481588184154324,-0.984477210668762,-0.500564756087173,1.27280760797249,-0.793084723013613,-0.797595882078731,-0.0998707974396848,-0.0692112518235939,-0.531837813827339,-1.38433934890509,-1.14105748492343,1.16729496510292,-0.127364044712951,-0.767532904424768,-0.202993708003753,-0.0191459895266863,-0.303642030474405,-1.17332181098952,-2.7415390290559,0.112658392690295,1.07402362135981,0.701128155761885,0.469119008401927
"858",0,-0.346763866306412,-0.958925782669563,0.0578262499066152,0.773219575117836,1.15424052136502,-0.123111490731166,-0.135962069060475,-0.0247411626405223,-0.640995384823577,-1.56742705620183,0.0768464655884069,-0.131191100456599,1.29148053419773,0.444635321258607,-0.1555961886108,0.113688856564934,0.986248904358571,0.0702277330491799,-0.119977590191666,1.10662972764353,0.135422042612768,-0.574697546273115,-0.113860786417039,-0.0382639442739243,0.849104702984884,0.59717573430355,1.1507788827907,1.00657188464015,-0.134287870295615,-0.650039470011399,-0.048236570436645,-0.0330109162638679,-0.639535815693025,-0.427047782649156,0.935312461488958,-0.0582622129318667,0.990111280309114,-0.831486854781667,0,-0.0930309953194633,-0.605576057919554,-0.214770698051542,0.741730982610052,-1.26160056962335,0.615400312236983,0.80234198973908,-0.0998707974396848,-0.0692112518235939,-0.410266899197836,-0.182333518346678,0.803323473037571,-1.0828566761904,0.634035676862745,0.650872024724607,-0.202993708003753,-0.0191459895266863,-0.303642030474405,-0.772979593369162,0.0152822700148413,0.706799001154165,0.558394746906768,-0.281918760399022,-0.177318504788345
"859",0,-0.346763866306412,-1.17387929654563,-0.781118792228169,0.108774140810285,-0.0981330258801679,-0.416428649433891,-0.150031084159032,-0.064995348517452,-0.640995384823577,-1.01731600228176,1.06960504576937,1.13345756693153,0.618220742359401,-0.540830462877054,-0.1555961886108,-0.0445734002443183,-0.741918245459386,0.41018678555814,1.56338145586488,1.43333321492626,1.08802203704667,-0.574697546273115,-0.113860786417039,-0.0382639442739243,-0.759253601238671,-0.22150435248648,1.15763639956506,1.00657188464015,1.20154223856357,-0.650039470011399,-0.048236570436645,-0.0330109162638679,-0.639535815693025,0.372213079621086,1.09627321067543,1.06221120452226,0.139152767932202,-0.831486854781667,0,-0.0930309953194633,-0.481588184154324,-0.0608293955280974,1.36287885195866,1.27280760797249,0.238498311019326,-0.797595882078731,-0.0998707974396848,-0.0692112518235939,-0.410266899197836,-1.38433934890509,0.608885377241471,1.16729496510292,-0.547190670781726,-0.767532904424768,-0.202993708003753,-0.0191459895266863,-0.303642030474405,-1.17332181098952,-0.903658163008738,-1.07562282423745,-1.1603681679367,-0.527680489439249,-0.177318504788345
"860",0,-0.346763866306412,-1.17387929654563,-0.408360630783831,0.330255952246136,-0.455954039378794,-0.416428649433891,-0.135962069060475,-0.0247411626405223,-0.640995384823577,-1.93416775881521,0.325036110633647,1.13345756693153,-0.223353997438511,-0.540830462877054,-0.1555961886108,-0.0445734002443183,-0.741918245459386,-0.9496494244777,1.56338145586488,1.43333321492626,-0.499644620343163,-0.574697546273115,-0.113860786417039,-0.0382639442739243,-0.115910279549249,1.08838378637757,1.1507788827907,1.00657188464015,-0.102830111770145,-0.650039470011399,-0.048236570436645,-0.0330109162638679,1.52497749734601,1.33132611434538,0.50890528664572,0.950766487281889,0.309344470407584,-0.831486854781667,0,-0.0930309953194633,-0.481588184154324,-0.984477210668762,0.12058311326144,1.27280760797249,0.582359322363638,-0.797595882078731,-0.0998707974396848,-0.0692112518235939,-0.410266899197836,-1.38433934890509,0.997761568833671,1.16729496510292,0.802782297954812,-0.767532904424768,-0.202993708003753,-0.0912709356995593,-0.303642030474405,-1.17332181098952,-0.903658163008738,0.310705262178251,0.386518455422421,-0.527680489439249,-0.177318504788345
"861",0,-0.346763866306412,0.330795300586854,0.990200011287507,-1.22011672780482,-0.0981330258801679,-0.416428649433891,-0.135962069060475,-0.0247411626405223,-0.640995384823577,0.999757862091843,-0.312311408051548,-0.34196587835462,0.954850638278565,-0.294464016843139,-0.1555961886108,-0.0445734002443183,0.410193187752585,0.92012536432158,-1.12999301782559,-1.18029468333559,1.24678870278565,-0.0112161204196545,-0.113860786417039,-0.0382639442739243,0.527433042140173,0.760911751661556,-1.56081868739673,-0.954697551253042,1.20154223856357,0.17013722254388,-0.048236570436645,-0.0330109162638679,0.906545122192,0.691917424529183,-1.47909877630812,-1.23546236318125,0.819919577833732,0.931213410958456,0,-0.0930309953194633,0.527366528655686,1.47858362970634,-1.12171262543579,-0.311197503024907,0.238498311019326,0.253316679172114,-0.0998707974396848,-0.0692112518235939,0.0739739549704533,1.25455753494524,-0.75218129333123,1.16729496510292,-1.05343053405793,-0.767532904424768,-0.202993708003753,-0.0191459895266863,-0.303642030474405,0.42804705949191,0.704487594782526,-0.679529085261532,-1.33184903037117,-0.527680489439249,-0.177318504788345
"862",0,-0.346763866306412,-0.529018754917424,-0.175267190438608,0.108774140810285,1.33315102811434,3.69001157240427,2.64618713514716,-0.0247411626405223,-0.640995384823577,-0.467204948361685,0.573225755678888,-0.34196587835462,0.618220742359401,3.40103267366559,1.80127119247638,-0.0445734002443183,-0.741918245459386,-1.45958800324114,-1.12999301782559,-1.18029468333559,0.7704887055687,2.52445029592092,-0.113860786417039,-0.0382639442739243,-0.759253601238671,-1.36765647399252,0.472879490243842,0.530153365688954,1.36852100217096,1.26370614595092,-0.048236570436645,-0.0330109162638679,-0.639535815693025,-1.06645647246535,-0.191412782816345,0.950766487281889,0.44105860293727,-0.258062014696678,0,-0.104906293843231,-0.481588184154324,-0.984477210668762,-0.189990821412867,0.803708043113848,-1.13694573435793,-0.797595882078731,-0.0998707974396848,-0.0692112518235939,-0.410266899197836,-1.38433934890509,0.803323473037571,0.229731781230706,-1.55967039733413,-0.938599639473672,-0.202993708003753,-0.0191459895266863,-0.303642030474405,-0.234018337971936,0.245017378270736,-1.47171656321336,-1.1603681679367,-0.527680489439249,-0.177318504788345
"863",0,0.767805440878689,0.545748814462924,0.757106570942284,0.994701386553687,0.975330014615711,-0.123111490731166,-0.135962069060475,-0.0247411626405223,0.993917662786584,0.999757862091843,0.325036110633647,-0.508278247183335,0.786535690318983,1.18373465936035,-0.1555961886108,-0.0445734002443183,0.410193187752585,0.58016631181262,-0.285815134236245,-1.18029468333559,0.135422042612768,1.67922815714073,-0.0596551978081764,-0.0382639442739243,0.273767018009246,0.59717573430355,-0.205019902303017,-0.58148984519718,1.20154223856357,0.443529453395639,-0.048236570436645,-0.0330109162638679,-0.639535815693025,-0.906604300011301,0.935312461488958,0.950766487281889,-0.0310389345431809,-0.831486854781667,0,-0.0930309953194633,-0.481588184154324,0.247053209518791,1.05230491728436,1.11440709687275,-0.105362700324987,-0.820253688077082,-0.0998707974396848,-0.0692112518235939,-0.410266899197836,1.07863107602188,-0.36330510173903,-0.145293492318181,0.802782297954812,-0.767532904424768,-0.48388616824031,-0.0191459895266863,-0.303642030474405,1.02856038592245,0.93422270303842,0.508752131666208,0.214642163938074,-0.527680489439249,-0.177318504788345
"864",0,-0.346763866306412,0.545748814462924,0.990200011287507,0.994701386553687,1.86988254836228,3.10337725499881,2.64618713514716,-0.0247411626405223,-0.640995384823577,-1.56742705620183,-2.405049984864,-1.11909224381022,-0.559983893357675,3.40103267366559,7.67187333573793,-0.0445734002443183,-0.741918245459386,-1.62956752949562,-1.12999301782559,-1.18029468333559,-0.499644620343163,3.65141314762784,2.19433177352249,-0.0382639442739243,-0.759253601238671,-1.53139249135053,-1.56081868739673,-1.37552071011585,0.867584711348771,1.53709837680268,-0.048236570436645,-0.0330109162638679,-0.33031962811602,0.229303738698312,-0.191412782816345,-0.0582622129318667,1.1603029827845,-0.544774434739172,0,-0.0930309953194633,0.697820589318201,0.862818419612568,1.20759188462151,1.27280760797249,0.410428816691482,-0.111908222728241,-0.0998707974396848,-0.0692112518235939,-0.410266899197836,-1.03248643105838,0.997761568833671,-0.520318765867068,-1.55967039733413,-0.767532904424768,-0.202993708003753,-0.0191459895266863,-0.303642030474405,1.02856038592245,-0.214452838241053,-2.26390404116519,-1.1603681679367,-0.527680489439249,-0.177318504788345
"865",0,1.88237474806379,1.62051638384327,0.0578262499066152,0.330255952246136,1.86988254836228,0.756839985377011,-0.135962069060475,-0.0247411626405223,0.666935053264552,0.816387510785152,-0.667722469547314,-0.521196583050686,0.30202958877553,-0.540830462877054,-0.1555961886108,-0.0445734002443183,0.410193187752585,0.41018678555814,-1.12999301782559,-1.18029468333559,-1.29347794903808,-0.574697546273115,-0.113860786417039,-0.0382639442739243,1.17077636382959,0.924647769019562,0.472879490243842,0.102387871746476,-1.3031392155474,-0.146634785105688,-0.048236570436645,-0.0330109162638679,-0.0211034405390152,0.532065252075134,0.130508715556599,0.950766487281889,-1.22238085187086,-0.831486854781667,0,-0.0930309953194633,-0.481588184154324,-0.984477210668762,-1.12171262543579,0.63920556357353,-0.4492237116693,-1.07629946660958,-0.0998707974396848,-0.0692112518235939,-0.410266899197836,-1.03248643105838,-0.16886700594293,0.979782328328481,-1.05343053405793,-0.767532904424768,-0.202993708003753,-0.0191459895266863,0.728815661816031,1.55331218984941,0.34919963499589,-1.86781030218927,-1.1603681679367,-0.527680489439249,-0.177318504788345
"866",0,-0.346763866306412,1.19060935609113,0.524013130597061,-1.44159853924067,-0.992685559626734,-0.416428649433891,-0.135962069060475,-0.0247411626405223,0.993917662786584,0.44964680817177,-1.90867069477352,-0.486350200829589,-0.391668945398093,-0.540830462877054,-0.1555961886108,-0.0445734002443183,0.122165329449593,-0.766493578212362,0.721701932836606,1.2699814712849,-0.0233446231262145,-0.574697546273115,-0.100895856217272,-0.0909846830221019,-0.759253601238671,-1.20392045663452,-0.543969598576446,-0.58148984519718,0.867584711348771,-0.195982699511783,-0.048236570436645,-0.0330109162638679,-0.639535815693025,-1.2263086449194,-1.47909877630812,-1.73997671328813,0.819919577833732,-0.258062014696678,0,-0.0930309953194633,-0.481588184154324,-0.892106251658916,-1.12171262543579,-1.26160056962335,0.293185051268847,1.48802964908957,-0.0326049665680636,-0.0692112518235939,0.0739739549704533,-0.680633513211668,-1.91880986810783,-1.83290722328817,-0.378444049689659,1.66401840268845,-0.202993708003753,-0.0191459895266863,-0.266237387738089,0.98124817320333,0.704487594782526,0.904845870642121,1.4177762043285,0.455366426721658,-0.177318504788345
"867",0,1.88237474806379,2.26537692547148,-0.408360630783831,-2.32752578498407,-0.992685559626734,-0.416428649433891,-0.135962069060475,-0.0247411626405223,0.33995244374252,0.999757862091843,1.06960504576937,-0.552740656252641,-1.40155863315559,-0.540830462877054,-0.1555961886108,-0.073994983229481,-0.453890387156393,0.24020725930366,0.0263966177273864,0.690642293034343,-1.29347794903808,-0.574697546273115,-0.113860786417039,-0.0382639442739243,-0.759253601238671,-1.53139249135053,-0.882919294849875,1.00657188464015,-1.3031392155474,-1.10175050107744,-0.048236570436645,-0.0330109162638679,-0.639535815693025,-1.2263086449194,-0.0304520336298728,0.278080687139385,-1.56276425682162,-0.831486854781667,0,-0.0930309953194633,-0.481588184154324,-0.214770698051542,1.20759188462151,0.00560351917457189,-1.48080674570224,-0.797595882078731,-0.0998707974396848,0.158030314774614,2.01093737164361,1.43048399386859,1.62808579919831,1.16729496510292,1.14027554013895,1.86664767828122,-0.202993708003753,-0.0191459895266863,1.76127335410647,2.02941592997334,0.93422270303842,0.904845870642121,1.58965249581285,2.91298371712393,-0.177318504788345
"868",0,-0.346763866306412,-1.17387929654563,-2.73929503423606,-0.777153104933116,1.86988254836228,1.63679146148519,-0.135962069060475,-0.064995348517452,-0.640995384823577,-1.93416775881521,-1.41229140468304,1.13345756693153,1.29148053419773,2.41556688952993,-0.1555961886108,-0.0445734002443183,-0.741918245459386,-0.26973131945978,1.56338145586488,1.43333321492626,1.24678870278565,2.80619100884765,-0.113860786417039,-0.0382639442739243,0.849104702984884,0.433439716945544,-0.205019902303017,0.37134719270522,1.85390340926986,1.79766728001617,-0.048236570436645,-0.0330109162638679,0.50195535791619,-0.18047609929301,-1.47909877630812,0.278080687139385,1.1603029827845,0.602075245430805,0,-0.00556640252307712,-0.481588184154324,-0.984477210668762,-1.12171262543579,1.11440709687275,1.27008134505226,-0.564636592887089,-0.0998707974396848,-0.0692112518235939,-0.410266899197836,-1.38433934890509,-1.91880986810783,1.16729496510292,0.234061267748583,-0.767532904424768,-0.202993708003753,-0.0191459895266863,-0.303642030474405,-1.17332181098952,-2.7415390290559,-0.0853884767976621,-0.0512265148544745,-0.527030534055074,-0.177318504788345
"869",0,-0.45301915496086,0.115841786710785,0.524013130597061,0.551737763681986,-0.634864546128108,-0.416428649433891,-0.135962069060475,-0.0247411626405223,-0.640995384823577,0.816387510785152,0.304009745447104,-0.34196587835462,0.281590846440236,-0.540830462877054,-0.1555961886108,-0.0445734002443183,-0.190760782211334,1.12012923549086,-1.12999301782559,-1.18029468333559,-0.182111288865197,0.834006018360537,-0.113860786417039,-0.0382639442739243,0.527433042140173,0.413547840895487,-1.56081868739673,-1.76384885172836,-0.635224161117807,1.31510096702218,-0.048236570436645,-0.0330109162638679,0.597328934614995,0.851769596983231,-1.47909877630812,-1.73997671328813,0.309344470407584,1.46221250555829,0,-0.0930309953194633,1.20000300386236,1.01675972213601,-1.12171262543579,-0.627998525224387,1.27008134505226,-0.111908222728241,-0.0998707974396848,-0.0692112518235939,-0.410266899197836,1.43048399386859,0.803323473037571,1.16729496510292,-0.378444049689659,-0.767532904424768,-0.236050527142433,-0.0191459895266863,-0.303642030474405,0.828389277112268,0.704487594782526,-0.877575954749489,-1.1603681679367,-0.527680489439249,-0.177318504788345
"870",0,-0.346763866306412,0.545748814462924,0.524013130597061,-0.245940655636453,-0.634864546128108,-0.416428649433891,-0.135962069060475,-0.0247411626405223,0.0129698342204877,0.999757862091843,-0.419532824502074,0.501133233237465,0.113275898480654,-0.540830462877054,-0.181648825678191,-0.0445734002443183,0.410193187752585,1.09010489057606,-0.456649399402975,-1.01694293969422,1.08802203704667,0.653893255170399,-0.113860786417039,-0.0382639442739243,-0.115910279549249,0.760911751661556,0.472879490243842,0.212541019721487,1.36852100217096,1.26370614595092,-0.048236570436645,-0.0330109162638679,-0.639535815693025,-0.267195610195108,1.09627321067543,0.950766487281889,-0.781800748869198,-0.831486854781667,0,-0.0930309953194633,-0.481588184154324,0.862818419612568,1.36287885195866,0.63920556357353,-1.48080674570224,-0.797595882078731,-0.309351859784092,-0.0692112518235939,-0.410266899197836,1.43048399386859,1.32517919836103,0.979782328328481,-1.55967039733413,-0.767532904424768,-0.202993708003753,-0.0191459895266863,-0.303642030474405,0.42804705949191,0.704487594782526,-0.679529085261532,-1.1603681679367,-0.527680489439249,-0.177318504788345
"871",0,-0.346763866306412,1.19060935609113,0.0578262499066152,-0.777153104933116,-0.277043532629481,-0.311018995668999,-0.135962069060475,-0.0247411626405223,-0.640995384823577,0.082906105558388,1.06960504576937,1.13345756693153,-0.0550390494789284,-0.429622236034565,-0.1555961886108,-0.0445734002443183,-0.9037700056395,0.0702277330491799,1.56338145586488,1.43333321492626,-0.0233446231262145,-0.574697546273115,-0.17309589120823,-0.0382639442739243,-0.759253601238671,0.433439716945544,1.1507788827907,1.00657188464015,-0.301266633903012,-0.687280978859766,-0.048236570436645,-0.0330109162638679,-0.639535815693025,0.691917424529183,1.09627321067543,0.950766487281889,-0.881997446920094,-0.831486854781667,0,-0.0930309953194633,-0.481588184154324,1.01675972213601,1.36287885195866,1.27280760797249,-0.4492237116693,-0.797595882078731,-0.158159505066429,-0.0692112518235939,-0.410266899197836,1.43048399386859,1.19219966462977,1.16729496510292,-0.209697428597592,-0.767532904424768,-0.202993708003753,-0.0338432573430967,-0.303642030474405,1.22873149473262,0.0152822700148413,0.112658392690295,0.0427658724537265,-0.527680489439249,-0.177318504788345
"872",0,-0.346763866306412,0.115841786710785,0.524013130597061,-0.555671293497266,-0.813775052877421,-0.416428649433891,-0.135962069060475,-0.0247411626405223,-0.19335003789741,0.633017159478461,-0.667722469547314,0.501133233237465,0.419234591980012,-0.540830462877054,-0.1555961886108,-0.0445734002443183,-0.1658625288534,0.58016631181262,-1.12999301782559,-0.853591196052854,1.08802203704667,-0.0112161204196545,-0.0462671731099623,-0.0382639442739243,0.849104702984884,-0.22150435248648,-1.56081868739673,-1.53432688309958,0.032690893311783,0.443529453395639,-0.048236570436645,-0.0330109162638679,1.83419368492302,0.0525087347129891,-1.47909877630812,-1.73997671328813,-0.711805744444711,0.808970410840972,0,0.228971650010484,1.5363212414657,0.708877117089123,-0.765502297470674,-1.26160056962335,-0.4492237116693,0.34521688350542,-0.0998707974396848,-0.0692112518235939,-0.410266899197836,1.25455753494524,-0.55774319753513,-1.0828566761904,0.634035676862745,-0.159645077646464,-0.202993708003753,-0.0191459895266863,-0.303642030474405,-0.172466266938626,0.0152822700148413,0.904845870642121,0.730271038391115,-0.527680489439249,-0.177318504788345
"873",0,-0.346763866306412,-1.17387929654563,-2.27310815354561,0.108774140810285,1.33315102811434,1.93010862018791,0.791420999008737,-0.0247411626405223,-0.616306063655177,-0.83440338941233,0.0768464655884069,-1.1850649899467,0.954850638278565,3.40103267366559,1.80127119247638,-0.0445734002443183,-0.269778253502487,0.24020725930366,-0.961657113219938,-1.18029468333559,0.611722039829717,3.36967243470111,-0.113860786417039,-0.0382639442739243,-0.115910279549249,0.269703699587538,-1.05239414298659,-0.422683672213447,1.03456347495617,1.17481110857451,-0.048236570436645,-0.0330109162638679,0.28811274703799,1.17147394189133,0.291469464743071,-0.899119463109996,0.139152767932202,-0.831486854781667,0,-0.0930309953194633,-0.481588184154324,-0.984477210668762,-0.624818074622169,0.164004030274312,-0.4492237116693,-0.797595882078731,-0.0998707974396848,-0.0747391859124593,-0.410266899197836,-1.38433934890509,-1.72437177231173,0.792269691554037,-1.22217715515,-0.767532904424768,-0.290180487477791,-0.0191459895266863,-0.303642030474405,-1.17332181098952,-2.7415390290559,0.508752131666208,-0.988491876452356,-0.527680489439249,-0.177318504788345
"874",0,-0.470369020515511,-0.743972268793493,0.524013130597061,-0.334189482061415,-0.992685559626734,-0.416428649433891,-0.135962069060475,-0.0247411626405223,-0.314012775301545,0.633017159478461,0.0768464655884069,-0.79111281498096,-1.40155863315559,-0.540830462877054,-0.1555961886108,-0.0445734002443183,0.698221046055578,0.7501458380671,-0.961657113219938,-1.18029468333559,-1.29347794903808,-0.574697546273115,-0.113860786417039,-0.0382639442739243,1.17077636382959,0.269703699587538,-1.56081868739673,-1.53432688309958,-1.3031392155474,-0.650039470011399,-0.048236570436645,-0.0330109162638679,1.52497749734601,1.17147394189133,0.613390963116015,0.782595037246263,-0.371422339493946,-0.544774434739172,0,-0.0930309953194633,0.527366528655686,1.3246423271829,0.222045925970538,-1.26160056962335,0.410428816691482,1.66896644490528,0.0246483972640056,-0.0692112518235939,0.0499397915754235,0.550851699251816,-0.16886700594293,-1.0828566761904,-0.209697428597592,2.27190622946675,-0.202993708003753,-0.0251444618003572,-0.303642030474405,-0.97315070217934,0.0152822700148413,1.02316651442179,0.902147329875462,0.455366426721658,-0.505543813532124
"875",0,-0.346763866306412,-0.958925782669563,0.757106570942284,-1.66308035067652,-0.992685559626734,-0.416428649433891,-0.135962069060475,-0.0247411626405223,0.666935053264552,-0.650575299668376,-0.667722469547314,1.13345756693153,-0.728298841317257,-0.540830462877054,-0.1555961886108,-0.0445734002443183,0.382449798906481,-0.43971084571426,-1.12999301782559,-0.526887708770123,1.08802203704667,-0.574697546273115,-0.113860786417039,-0.0382639442739243,0.121965766339302,-0.548976387202492,-1.56081868739673,-1.53432688309958,0.533627184133976,0.990313915099158,-0.048236570436645,-0.0330109162638679,0.906545122192,0.212360907167038,-1.47909877630812,-1.73997671328813,-1.05218914939548,1.74892492560078,0,-0.0930309953194633,-0.481588184154324,1.3246423271829,-1.12171262543579,-1.26160056962335,-0.621154217341457,1.25946709597274,-0.0998707974396848,-0.0692112518235939,-0.329249938387771,0.550851699251816,0.220009185649271,-0.895344039415955,0.971528919046879,0.245613473539072,-0.202993708003753,-0.0191459895266863,-0.303642030474405,-0.572808484558983,0.245017378270736,0.904845870642121,0.730271038391115,-0.527680489439249,-0.459392424474658
"876",0,-0.346763866306412,1.4055628699672,0.990200011287507,0.773219575117836,0.0807774808691453,-0.416428649433891,-0.135962069060475,-0.064995348517452,-0.640995384823577,0.816387510785152,0.325036110633647,0.0795836774414227,1.29148053419773,0.198268875224692,-0.1555961886108,-0.0445734002443183,-0.741918245459386,-1.45958800324114,-0.412506957813941,-0.363535965128757,1.24678870278565,0.834006018360537,-0.113860786417039,-0.0909846830221019,-0.759253601238671,-1.1827349638129,0.642354338380556,1.00657188464015,0.533627184133976,-0.650039470011399,-0.048236570436645,-0.0330109162638679,-0.639535815693025,-1.06645647246535,0.130508715556599,0.782595037246263,0.990111280309114,-0.544774434739172,0,-0.0930309953194633,-0.481588184154324,-0.69868141334619,-1.12171262543579,-1.26160056962335,0.664809217727066,1.7165922022064,-0.0998707974396848,-0.0692112518235939,0.558214809138742,0.550851699251816,-1.14105748492343,-1.3394344448954,0.802782297954812,0.853501300317375,-0.202993708003753,-0.0191459895266863,-0.303642030474405,1.02856038592245,0.93422270303842,0.904845870642121,1.24589991284416,0.204994121349121,-0.177318504788345
"877",0,-0.346763866306412,-1.17387929654563,-2.73929503423606,-0.777153104933116,1.69097204161296,-0.123111490731166,-0.135962069060475,-0.0247411626405223,-0.640995384823577,-1.93416775881521,-1.53131315121916,0.646439584733122,1.29148053419773,0.691001767292522,-0.1555961886108,-0.0445734002443183,-0.741918245459386,-1.28960847698666,0.763031747302468,1.43333321492626,1.24678870278565,0.552265305433806,-0.113860786417039,-0.0382639442739243,2.13579134636373,1.08838378637757,1.1507788827907,1.00657188464015,1.45554355138769,0.716921684247398,-0.048236570436645,-0.0330109162638679,0.906545122192,-0.107343437741059,-0.835255779562232,0.278080687139385,1.1603029827845,0.315362825388311,0,-0.0930309953194633,-0.481588184154324,-0.984477210668762,-1.2668861136661,0.00560351917457189,1.27008134505226,0.34521688350542,-0.0998707974396848,-0.0692112518235939,-0.410266899197836,-1.38433934890509,-1.91880986810783,-0.740612631131334,1.14027554013895,0.0429841979463036,-0.202993708003753,-0.0191459895266863,-0.303642030474405,-1.17332181098952,-2.7415390290559,-0.877575954749489,1.58965249581285,0.701128155761885,-0.177318504788345
"878",0,-0.209657345485138,-1.2035349559531,-2.73929503423606,-0.555671293497266,-0.40699703745336,-0.416428649433891,-0.135962069060475,-0.0247411626405223,-0.640995384823577,-1.93416775881521,-0.667722469547314,-0.277599144893084,-1.41136713008811,-0.540830462877054,-0.1555961886108,-0.0445734002443183,-0.741918245459386,-1.11962895073218,1.39504555125922,-0.853591196052854,-0.975944617560112,0.196692796409605,-0.113860786417039,-0.0382639442739243,-0.115910279549249,0.924647769019562,-0.882919294849875,-1.53432688309958,1.03456347495617,0.443529453395639,-0.048236570436645,-0.0330109162638679,1.52497749734601,1.01162176943728,-1.47909877630812,-1.06729091314562,1.1603029827845,-0.831486854781667,0,-0.0930309953194633,2.20895771667237,1.47858362970634,1.36287885195866,1.27280760797249,1.27008134505226,0.116654330388589,-0.0998707974396848,-0.0692112518235939,-0.410266899197836,-0.835994349768145,-1.33549558071953,1.16729496510292,-0.715937291873794,-0.767532904424768,-0.177753886490618,-0.0191459895266863,-0.303642030474405,-1.17332181098952,-2.7415390290559,0.310705262178251,-0.129110419030621,-0.475464178011089,-0.177318504788345
"879",0,-0.346763866306412,1.19060935609113,0.290919690251838,0.108774140810285,0.259687987618459,-0.416428649433891,-0.135962069060475,0.00131510914950845,0.0129698342204877,0.816387510785152,-1.90867069477352,-1.1850649899467,1.29148053419773,0.444635321258607,-0.1555961886108,-0.0445734002443183,0.180289289861517,1.09010489057606,-0.28831349479732,0.943277984002168,0.452955374090734,-0.574697546273115,-0.113860786417039,-0.0382639442739243,-0.759253601238671,0.41544837584796,1.1507788827907,0.0537348467377536,-0.904262370490239,-0.650039470011399,-0.048236570436645,-0.0330109162638679,-0.639535815693025,0.0525087347129891,0.550668435339336,-1.06729091314562,-1.56276425682162,-0.331705102427187,0,-0.291133757921681,-0.481588184154324,1.3246423271829,0.797220969409336,0.480805052473791,-1.48080674570224,-0.797595882078731,-0.0998707974396848,-0.0692112518235939,1.04245566330703,0.902704617098525,0.438109966471898,0.41724441800515,-0.976190910330411,-0.767532904424768,-0.202993708003753,-0.0191459895266863,0.728815661816031,1.02856038592245,0.93422270303842,-0.679529085261532,-1.1603681679367,-0.527680489439249,-0.177318504788345
"880",0,-0.273069616683323,-1.17387929654563,-0.408360630783831,0.773219575117836,-0.634864546128108,-0.416428649433891,-0.135962069060475,-0.0247411626405223,-0.640995384823577,-1.93416775881521,0.325036110633647,1.13345756693153,0.449905794399818,-0.540830462877054,-0.1555961886108,-0.0445734002443183,-1.09876445617742,-1.62956752949562,1.39504555125922,1.43333321492626,0.135422042612768,-0.574697546273115,-0.113860786417039,-0.0909846830221019,-0.759253601238671,-0.548976387202492,1.1507788827907,1.00657188464015,-0.134287870295615,-0.474316099812735,-0.0111937918009328,-0.0330109162638679,-0.33031962811602,1.17147394189133,1.09627321067543,0.950766487281889,-1.05218914939548,-0.831486854781667,0,-0.0930309953194633,-0.145269946550987,1.17070102465946,1.36287885195866,1.27280760797249,-1.13694573435793,-0.990266562718664,-0.0998707974396848,-0.0692112518235939,-0.410266899197836,-1.38433934890509,0.803323473037571,1.16729496510292,-0.209697428597592,-0.767532904424768,-0.151767280932596,-0.0191459895266863,-0.303642030474405,-1.17332181098952,-1.36312837952053,0.508752131666208,-0.171244489799822,-0.527680489439249,-0.177318504788345
"881",0,-0.346763866306412,-1.17387929654563,-1.34073439216472,0.330255952246136,-0.992685559626734,-0.416428649433891,-0.135962069060475,-0.0247411626405223,-0.640995384823577,-1.93416775881521,0.325036110633647,0.290358455339444,-1.40155863315559,-0.540830462877054,-0.1555961886108,-0.0445734002443183,-0.741918245459386,-1.45958800324114,1.05837374204791,-0.526887708770123,-1.04723389483012,-0.305643584996294,-0.113860786417039,-0.0382639442739243,-0.560191857203884,-0.057768335128474,-0.0355450541663019,-1.59985361792127,-0.0447364108735657,-0.376647239159639,-0.048236570436645,-0.0330109162638679,0.597328934614995,0.851769596983231,-1.47909877630812,-1.06729091314562,0.819919577833732,-0.831486854781667,0,6.08960719964629,4.89950361749906,1.47858362970634,1.36287885195866,1.27280760797249,0.754289828035795,-0.797595882078731,-0.0998707974396848,11.3880193750541,3.46365993414848,-0.152854136441604,-0.16886700594293,0.096312808366213,-1.22217715515,-0.767532904424768,-0.202993708003753,-0.0191459895266863,-0.303642030474405,-1.17332181098952,-0.444187946496948,-1.2736696937254,-1.1603681679367,-0.527680489439249,-0.177318504788345
"882",0,-0.346763866306412,-1.17387929654563,-0.175267190438608,0.330255952246136,-0.813775052877421,-0.416428649433891,-0.0633902583494715,-0.0247411626405223,-0.314012775301545,-1.56742705620183,0.821415400724128,0.501133233237465,-0.0550390494789284,-0.540830462877054,-0.1555961886108,-0.0445734002443183,0.698221046055578,0.58016631181262,-1.12999301782559,-0.690239452411488,0.7704887055687,-0.574697546273115,-0.113860786417039,0.189565172381908,2.13579134636373,0.269703699587538,-1.56081868739673,-1.53432688309958,1.20154223856357,-0.376647239159639,-0.048236570436645,-0.0330109162638679,1.21576130976901,0.532065252075134,-1.47909877630812,-1.25633685575328,0.713893785655903,0.602075245430805,0,-0.0930309953194633,0.19104829105235,1.3246423271829,-0.811138690761479,-0.786399036324126,1.27008134505226,0.116654330388589,-0.0998707974396848,-0.0692112518235939,-0.410266899197836,0.30376797607648,0.803323473037571,0.792269691554037,1.14027554013895,-0.362274353239232,-0.202993708003753,-0.0912709356995593,-0.303642030474405,-1.17332181098952,-0.560800243249297,0.508752131666208,-0.129110419030621,-0.527680489439249,-0.177318504788345
"883",0,-0.346763866306412,0.545748814462924,0.0578262499066152,0.108774140810285,-0.992685559626734,-0.416428649433891,-0.135962069060475,-0.0247411626405223,-0.640995384823577,-0.467204948361685,-0.171343179456834,-1.81738932364077,-1.40155863315559,-0.540830462877054,-0.1555961886108,-0.0445734002443183,-0.741918245459386,0.92012536432158,1.05837374204791,0.616574496719437,-0.817177951821129,-0.574697546273115,-0.161265782924319,-0.0382639442739243,-0.43758194039396,0.59717573430355,-0.205019902303017,0.0537348467377536,1.20154223856357,-0.376647239159639,-0.048236570436645,-0.0330109162638679,-0.639535815693025,-1.2263086449194,-1.47909877630812,-1.73997671328813,-0.0310389345431809,1.17550008551579,0,-0.0930309953194633,-0.145269946550987,-0.830535908145318,-1.12171262543579,-1.26160056962335,-0.105362700324987,1.03090454285591,-0.0998707974396848,-0.0692112518235939,0.879623979594122,0.902704617098525,-1.14105748492343,-1.0828566761904,0.29654243467861,0.853501300317375,-0.202993708003753,-0.0191459895266863,0.728815661816031,0.437059757035524,0.474752486526631,0.904845870642121,1.07402362135981,-0.0361570313587953,-0.177318504788345
"884",0,-0.0652176433646217,1.83546989771934,0.757106570942284,-2.10604397354822,-1.34394992204096,-0.416428649433891,-0.122291535460499,-0.0247411626405223,1.64788288183065,0.999757862091843,1.06960504576937,-0.763515434150662,-1.40155863315559,-0.540830462877054,-0.1555961886108,-0.0445734002443183,3.29047177078251,-0.0997517932053001,0.89003783744226,0.616574496719437,-1.29347794903808,-0.574697546273115,-0.113860786417039,-0.0382639442739243,1.49244802467431,-0.876448421918504,0.642354338380556,0.0537348467377536,-1.3031392155474,-0.650039470011399,-0.048236570436645,-0.0330109162638679,-0.639535815693025,-0.586899955103205,1.09627321067543,-1.06729091314562,-1.56276425682162,-0.91995192032894,0,-0.0930309953194633,-0.481588184154324,0.554935814565679,1.20759188462151,-0.944799547423866,-1.48080674570224,-0.797595882078731,-0.0998707974396848,0.01490330027711,1.04245566330703,1.43048399386859,0.803323473037571,0.41724441800515,0.465289055770677,1.25875985150291,1.38568346560717,-0.0191459895266863,-0.303642030474405,1.22873149473262,0.93422270303842,0.904845870642121,1.58965249581285,3.40450717520438,2.44807774115328
"885",0,-0.346763866306412,-0.0991117271652847,-0.641454071129054,0.330255952246136,0.438598494367772,-0.416428649433891,-0.135962069060475,-0.064995348517452,-0.640995384823577,-1.20068635358845,1.06960504576937,-0.633795895607043,-0.89661378927684,-0.540830462877054,-0.1555961886108,-0.0445734002443183,-0.741918245459386,0.58016631181262,1.22670964665357,-0.853591196052854,-0.34087795460418,0.270524592507076,-0.113860786417039,-0.0382639442739243,0.849104702984884,1.08838378637757,-0.71344444671316,0.212541019721487,1.36852100217096,1.53709837680268,-0.048236570436645,-0.0330109162638679,1.52497749734601,1.33132611434538,1.09627321067543,1.1821472712478,0.819919577833732,-0.544774434739172,0,-0.0930309953194633,0.527366528655686,0.247053209518791,1.36287885195866,1.27280760797249,-0.793084723013613,-0.851876027101834,-0.0998707974396848,-0.0692112518235939,-0.410266899197836,-0.504707054288313,0.985436930813474,0.0422191444562627,-1.55967039733413,-0.767532904424768,-0.202993708003753,-0.0191459895266863,-0.303642030474405,0.828389277112268,0.0152822700148413,-1.66976343270132,-1.1603681679367,-0.527680489439249,-0.177318504788345
"886",0,-0.346763866306412,-1.17387929654563,-1.1076409518195,0.994701386553687,-0.0981330258801679,-0.416428649433891,-0.135962069060475,-0.0247411626405223,-0.640995384823577,-1.38405670489514,0.821415400724128,1.34370248999333,0.449905794399818,-0.540830462877054,-0.156677603246107,-0.0445734002443183,-0.1658625288534,0.233923013447432,1.56338145586488,1.43333321492626,-1.13471128329909,-0.574697546273115,-0.113860786417039,-0.0382639442739243,3.42247798974257,1.08838378637757,1.1507788827907,0.37134719270522,-1.3031392155474,-0.650039470011399,-0.048236570436645,-0.0330109162638679,-0.33031962811602,0.532065252075134,1.09627321067543,0.109909237103759,-1.56276425682162,-0.831486854781667,0,-0.0930309953194633,-0.481588184154324,-0.0608293955280974,1.36287885195866,0.480805052473791,-1.48080674570224,-0.797595882078731,-0.0998707974396848,-0.0692112518235939,-0.410266899197836,-1.38433934890509,0.803323473037571,0.979782328328481,-1.05343053405793,-0.650149611933163,-0.202993708003753,-0.0191459895266863,-0.303642030474405,-1.17332181098952,-1.82259859603232,0.706799001154165,0.902147329875462,-0.527680489439249,-0.364937142478537
"887",0,-0.346763866306412,-1.17387929654563,0.0578262499066152,0.551737763681986,0.0807774808691453,-0.645819067143108,-0.135962069060475,-0.0247411626405223,-0.314012775301545,-1.01731600228176,0.299725744956848,-0.552740656252641,1.29148053419773,0.198268875224692,-0.1555961886108,-0.0445734002443183,0.410193187752585,0.92012536432158,0.89003783744226,1.43333321492626,1.24678870278565,0.270524592507076,-0.113860786417039,-0.0382639442739243,-0.759253601238671,0.433439716945544,0.634434245690454,0.37134719270522,-0.969181688332602,-0.650039470011399,-0.048236570436645,-0.0330109162638679,0.597328934614995,1.33132611434538,0.774351712302486,0.109909237103759,-1.56276425682162,-0.831486854781667,0,-0.0930309953194633,0.863684766259023,1.3246423271829,-0.34527778875002,1.11440709687275,-1.13694573435793,-0.797595882078731,-0.0998707974396848,-0.0692112518235939,-0.410266899197836,0.198998781405106,1.19219966462977,0.979782328328481,-0.209697428597592,-0.767532904424768,-0.202993708003753,-0.0191459895266863,-0.303642030474405,-1.17332181098952,-0.444187946496948,0.904845870642121,0.0908938934993408,-0.527680489439249,-0.177318504788345
"888",0,-0.346763866306412,0.330795300586854,0.990200011287507,0.773219575117836,0.0807774808691453,-0.416428649433891,-0.135962069060475,-0.0247411626405223,-0.640995384823577,-1.56742705620183,-0.667722469547314,0.922682789033507,0.954850638278565,-0.540830462877054,-0.1555961886108,-0.0445734002443183,-0.741918245459386,-1.62956752949562,-1.12999301782559,0.943277984002168,0.611722039829717,-0.574697546273115,-0.113860786417039,-0.0382639442739243,-0.759253601238671,-1.53139249135053,-1.05239414298659,1.00657188464015,1.03456347495617,1.53709837680268,-0.048236570436645,-0.0330109162638679,-0.639535815693025,0.212360907167038,1.09627321067543,0.950766487281889,0.207193912357283,1.74892492560078,0,-0.0930309953194633,-0.481588184154324,-0.214770698051542,1.05230491728436,0.95600658577301,-1.13694573435793,-0.797595882078731,-0.0998707974396848,-0.0692112518235939,-0.410266899197836,-1.03248643105838,0.997761568833671,-0.707831402641512,-1.55967039733413,-0.767532904424768,-0.202993708003753,-0.0191459895266863,-0.303642030474405,0.628218168302089,0.704487594782526,-1.69109128556502,-1.1603681679367,-0.527680489439249,-0.177318504788345
"889",0,-0.346763866306412,-0.529018754917424,-0.408360630783831,0.330255952246136,-0.0981330258801679,-0.416428649433891,-0.135962069060475,-0.0247411626405223,-0.640995384823577,0.460600020221341,0.0768464655884069,-1.1850649899467,0.0822295607729733,-0.294464016843139,-0.1555961886108,0.0386153206471683,0.410193187752585,0.41018678555814,-0.961657113219938,-1.18029468333559,0.294188708351751,0.552265305433806,-0.113860786417039,-0.0382639442739243,0.849104702984884,-0.22150435248648,-1.56081868739673,-1.53432688309958,0.032690893311783,1.26370614595092,0.0353875528320899,-0.0330109162638679,0.906545122192,0.0525087347129891,-1.47909877630812,-1.73997671328813,-0.201230637018563,1.46221250555829,0,-0.0930309953194633,0.863684766259023,0.708877117089123,-1.12171262543579,-1.26160056962335,0.410428816691482,0.34521688350542,-0.0998707974396848,-0.0692112518235939,0.0739739549704533,1.07863107602188,-0.75218129333123,-0.520318765867068,0.465289055770677,-0.231690765484608,-0.198932034049123,-0.0191459895266863,-0.303642030474405,-0.372637375748804,0.704487594782526,0.508752131666208,-0.472863001999315,-0.527680489439249,-0.177318504788345
"890",0,-0.346763866306412,1.62051638384327,0.290919690251838,-1.05169907791406,-0.82482814629938,-0.416428649433891,-0.135962069060475,-0.0247411626405223,1.32090027230862,0.999757862091843,-1.1641017596378,-2.23893887943681,-1.40155863315559,-0.540830462877054,-0.1555961886108,-0.0445734002443183,2.13836033757054,0.58016631181262,-1.12999301782559,-0.249801838525758,-1.29347794903808,-0.574697546273115,-0.113860786417039,-0.0382639442739243,1.81411968551902,1.08838378637757,0.642354338380556,1.00657188464015,0.366648420526578,-0.650039470011399,-0.048236570436645,-0.0330109162638679,1.83419368492302,1.33132611434538,0.774351712302486,-0.226433662967493,0.990111280309114,0.8887876654733,0,-0.0930309953194633,1.20000300386236,1.47858362970634,0.8759362930092,-1.26160056962335,-1.13694573435793,2.63084241467372,-0.0998707974396848,-0.0692112518235939,2.97941907998019,1.43048399386859,0.414447281445371,-1.83290722328817,-1.05343053405793,2.27190622946675,-0.202993708003753,-0.0191459895266863,0.728815661816031,0.027704841871553,0.245017378270736,0.904845870642121,1.58965249581285,1.43841334288257,-0.177318504788345
"891",0,-0.346763866306412,2.05042341159541,0.990200011287507,0.108774140810285,-0.277043532629481,-0.483106430538421,-0.135962069060475,-0.064995348517452,-0.640995384823577,0.082906105558388,1.06960504576937,0.797866158397398,1.29148053419773,0.444635321258607,0.119063750641112,-0.0445734002443183,-0.741918245459386,-0.9496494244777,0.49225225875625,0.616574496719437,1.24678870278565,1.11574673128727,-0.113860786417039,-0.0382639442739243,-0.759253601238671,-1.04018443927651,0.0901592459567478,1.00657188464015,1.03456347495617,-0.376647239159639,-0.249904307647139,-0.0330109162638679,-0.639535815693025,0.691917424529183,0.774351712302486,0.950766487281889,-0.711805744444711,-0.831486854781667,0,-0.0930309953194633,0.527366528655686,1.47858362970634,-0.966425658098632,0.95600658577301,0.582359322363638,-0.797595882078731,-0.0998707974396848,-0.0692112518235939,2.4951782258119,1.25455753494524,0.0571671193922732,0.229731781230706,0.634035676862745,-0.767532904424768,-0.202993708003753,0.0234662219171949,0.728815661816031,0.828389277112268,0.93422270303842,-0.0853884767976621,-0.816615584968009,-0.527680489439249,-0.177318504788345
"892",0,1.88237474806379,1.4055628699672,0.990200011287507,0.994701386553687,1.86988254836228,1.08614365165069,-0.135962069060475,-0.0247411626405223,2.30184810087471,0.999757862091843,1.06960504576937,0.922682789033507,1.29148053419773,0.937368213326437,-0.1555961886108,-0.0445734002443183,2.42638819587353,0.58016631181262,-1.12999301782559,0.616574496719437,0.929255371307683,-0.0937333963853303,-0.113860786417039,-0.0382639442739243,-0.759253601238671,-1.53139249135053,-1.2218689911233,1.00657188464015,-0.0366627480144071,-0.650039470011399,-0.048236570436645,-0.0330109162638679,-0.639535815693025,-1.2263086449194,0.452430213929543,0.614423587210637,-1.39257255434624,-0.831486854781667,0,-0.0930309953194633,-0.481588184154324,-0.367711378442806,1.36287885195866,-0.311197503024907,-1.48080674570224,-0.797595882078731,-0.0998707974396848,-0.0692112518235939,-0.410266899197836,0.550851699251816,1.19219966462977,-1.64539458651373,-1.55967039733413,-0.767532904424768,-0.202993708003753,-0.0191459895266863,1.76127335410647,1.82924482116316,0.245017378270736,-2.26390404116519,-1.1603681679367,-0.177891616882844,-0.189496156653597
"893",0,0.767805440878689,1.62051638384327,0.290919690251838,-1.47433192231716,-0.992685559626734,-0.416428649433891,-0.135962069060475,0.23340171098387,2.30184810087471,0.701162532579848,1.06960504576937,-0.763515434150662,-1.40155863315559,-0.593490646282573,-0.1555961886108,-0.0445734002443183,0.698221046055578,-0.77966989822322,1.05837374204791,0.12651926579534,-1.29347794903808,-0.574697546273115,-0.155179779370908,-0.0382639442739243,-0.759253601238671,-1.20392045663452,1.1507788827907,-0.58148984519718,-1.3031392155474,-0.650039470011399,-0.048236570436645,-0.0330109162638679,-0.639535815693025,0.532065252075134,0.935312461488958,-1.5718052632525,-1.56276425682162,-0.831486854781667,0,-0.0930309953194633,0.863684766259023,1.47858362970634,0.12058311326144,-1.10320005852361,-1.48080674570224,-0.797595882078731,-0.0998707974396848,-0.0692112518235939,1.52669651747532,1.43048399386859,1.19219966462977,1.16729496510292,1.14027554013895,0.44824274913184,-0.202993708003753,-0.0191459895266863,0.728815661816031,1.41794822313274,0.474752486526631,0.904845870642121,1.58965249581285,2.17569853000325,-0.177318504788345
"894",0,-0.346763866306412,-1.17387929654563,0.290919690251838,0.551737763681986,-0.438658039343101,-0.244580560785887,-0.135962069060475,-0.0247411626405223,-0.640995384823577,-1.01731600228176,0.771997960865783,-0.763515434150662,-1.40155863315559,-0.540830462877054,-0.1555961886108,-0.0445734002443183,-0.741918245459386,-0.0823722495928169,1.05837374204791,-1.18029468333559,-1.29347794903808,-0.574697546273115,-0.113860786417039,-0.0382639442739243,-0.759253601238671,0.433439716945544,0.303404642107127,-1.53432688309958,-1.3031392155474,-0.650039470011399,-0.048236570436645,-0.0330109162638679,-0.33031962811602,1.33132611434538,1.09627321067543,0.614423587210637,-1.22238085187086,-1.30877472307919,0,-0.0930309953194633,-0.481588184154324,0.854545169104371,0.586444015272899,0.35899943397625,0.926220333707951,-0.797595882078731,-0.0998707974396848,-0.0692112518235939,-0.26425469928256,-0.152854136441604,0.608885377241471,-0.145293492318181,0.971528919046879,-0.767532904424768,-0.202993708003753,-0.0191459895266863,-0.303642030474405,-0.97315070217934,-0.0129105444327094,0.706799001154165,0.214642163938074,-0.527680489439249,-0.177318504788345
"895",0,-0.346763866306412,0.545748814462924,0.990200011287507,-1.22011672780482,-0.875784531508103,0.0560418564627285,0.0664945740495221,-0.0247411626405223,0.33995244374252,0.816387510785152,0.325036110633647,-2.02816410153879,-1.40155863315559,-0.540830462877054,-0.1555961886108,-0.0445734002443183,1.56230462096456,1.09010489057606,-0.456649399402975,-1.18029468333559,-0.975944617560112,-0.292956833346385,-0.113860786417039,-0.0382639442739243,2.13579134636373,1.08838378637757,-0.205019902303017,0.0537348467377536,1.36852100217096,2.35727506935795,-0.048236570436645,-0.0330109162638679,-0.33031962811602,0.204303289065119,1.09627321067543,0.950766487281889,0.990111280309114,0.602075245430805,0,-0.0930309953194633,-0.167122381853801,-0.368712000574986,1.36287885195866,1.27280760797249,-0.544992811223937,-0.797595882078731,-0.242779173230859,-0.0692112518235939,-0.410266899197836,0.0230723224817513,0.792616082793731,0.0422191444562627,-1.55967039733413,-0.767532904424768,-0.202993708003753,-0.0191459895266863,-0.303642030474405,0.227875950681732,0.84093701212706,-0.283435346285619,-1.1603681679367,-0.527680489439249,-0.205836193719711
"896",0,-0.346763866306412,-1.17387929654563,-1.1076409518195,0.551737763681986,-0.634864546128108,-0.416428649433891,-0.135962069060475,-0.0247411626405223,-0.640995384823577,-1.01731600228176,1.06960504576937,1.13345756693153,-0.728298841317257,-0.540830462877054,-0.140849264602443,-0.0445734002443183,-0.741918245459386,0.58016631181262,1.56338145586488,-0.0368324778460259,-1.18267150299365,-0.574697546273115,-0.113860786417039,-0.0382639442739243,-0.759253601238671,0.760911751661556,0.642354338380556,-1.53432688309958,-1.14717720743209,-0.650039470011399,-0.048236570436645,-0.0330109162638679,-0.639535815693025,1.33132611434538,1.20835821519393,0.950766487281889,-0.711805744444711,-0.258062014696678,0,-0.0930309953194633,-0.481588184154324,1.17070102465946,1.36287885195866,1.11440709687275,0.754289828035795,2.63084241467372,0.840959184352576,-0.0692112518235939,-0.410266899197836,0.0230723224817513,1.19219966462977,0.229731781230706,0.802782297954812,2.47453550505952,1.02661939301677,-0.0191459895266863,-0.303642030474405,-1.17332181098952,-1.82259859603232,0.112658392690295,1.24589991284416,1.19265161384234,-0.177318504788345
"897",0,-0.346763866306412,-1.17387929654563,-2.73929503423606,0.67697192391105,0.796419507866398,-0.416428649433891,-0.135962069060475,-0.0247411626405223,-0.436398007358604,-1.75079740750852,-0.171343179456834,1.13345756693153,0.618220742359401,-0.323563910424729,-0.1555961886108,-0.0445734002443183,-0.1658625288534,0.41018678555814,1.56338145586488,1.43333321492626,0.611722039829717,-0.574697546273115,-0.113860786417039,-0.0382639442739243,0.527433042140173,0.269703699587538,-0.71344444671316,0.847765711656421,0.561554847027448,-0.558132921575789,-0.048236570436645,-0.0330109162638679,-0.639535815693025,-1.2263086449194,-1.31813802712165,0.950766487281889,-0.371422339493946,-0.874112783336508,0,-0.0930309953194633,-0.481588184154324,-0.984477210668762,-0.655851723424326,1.30875322659875,-0.277293205997144,-0.797595882078731,-0.0998707974396848,-0.0692112518235939,-0.410266899197836,-1.38433934890509,-1.72437177231173,1.16729496510292,0.29654243467861,-0.767532904424768,-0.202993708003753,-0.0191459895266863,-0.303642030474405,-1.17332181098952,-2.7415390290559,-0.0853884767976621,0.386518455422421,-0.527680489439249,-0.177318504788345
"898",0,-0.346763866306412,-1.20315144460714,-2.27310815354561,0.551737763681986,0.438598494367772,-0.416428649433891,-0.135962069060475,-0.0247411626405223,-0.640995384823577,-1.93416775881521,-0.293672022225005,0.711908011135486,-1.06492873723642,0.937368213326437,-0.1555961886108,-0.0445734002443183,-1.03315381449174,-1.11962895073218,1.39504555125922,-0.0368324778460259,-0.34087795460418,3.93315386055457,4.50252433346203,-0.0382639442739243,-0.43758194039396,0.59717573430355,0.472879490243842,-1.37552071011585,1.23611271906182,3.19077272149715,-0.048236570436645,-0.0330109162638679,2.76184224765403,1.33132611434538,1.09627321067543,0.950766487281889,1.1603029827845,2.03563734564328,0,-0.0930309953194633,1.20000300386236,0.554935814565679,0.12058311326144,0.79760607467327,1.09815083938011,-0.111908222728241,-0.0998707974396848,-0.0692112518235939,-0.410266899197836,-1.38433934890509,-1.91880986810783,0.792269691554037,0.465289055770677,-0.767532904424768,-0.202993708003753,-0.0191459895266863,-0.303642030474405,-1.17332181098952,-1.82259859603232,0.904845870642121,0.0427658724537265,-0.546234456897788,-0.177318504788345
"899",0,-0.346763866306412,-0.529018754917424,0.524013130597061,-0.334189482061415,-0.992685559626734,-0.416428649433891,-0.135962069060475,-0.0247411626405223,-0.640995384823577,-0.100464245748303,0.325036110633647,0.0795836774414227,0.113275898480654,-0.540830462877054,-0.1555961886108,-0.0445734002443183,-0.741918245459386,0.936931787604191,0.385030123625297,-1.18029468333559,0.135422042612768,-0.292956833346385,-0.113860786417039,-0.0909846830221019,-0.759253601238671,1.08838378637757,-0.543969598576446,-1.53432688309958,-0.301266633903012,0.716921684247398,-0.048236570436645,-0.0330109162638679,-0.639535815693025,0.765327048859977,-0.835255779562232,-1.49608616804798,0.139152767932202,0.8887876654733,0,-0.0930309953194633,-0.481588184154324,1.17070102465946,-1.12171262543579,-0.944799547423866,1.27008134505226,-0.111908222728241,-0.0998707974396848,-0.0692112518235939,-0.410266899197836,0.726778158175171,0.220009185649271,0.979782328328481,0.465289055770677,-0.767532904424768,-0.202993708003753,-0.0191459895266863,-0.303642030474405,-0.772979593369162,0.245017378270736,0.122912212854816,-0.988491876452356,-0.527680489439249,-0.177318504788345
"900",0,-0.346763866306412,-1.17387929654563,-0.175267190438608,-0.334189482061415,-0.813775052877421,-0.416428649433891,-0.135962069060475,-0.0247411626405223,-0.640995384823577,-0.100464245748303,1.06960504576937,-0.34196587835462,-1.10788007075826,-0.540830462877054,-0.1555961886108,-0.0445734002443183,-0.741918245459386,0.92012536432158,1.22670964665357,-1.18029468333559,-1.29347794903808,-0.574697546273115,-0.113860786417039,-0.0382639442739243,-0.115910279549249,1.08838378637757,-0.374494750439731,-1.53432688309958,-1.3031392155474,-0.650039470011399,-0.049335153206293,-0.0330109162638679,-0.639535815693025,1.33132611434538,-0.67429503037576,-1.06729091314562,-1.56276425682162,-0.831486854781667,0,-0.0930309953194633,-0.481588184154324,1.3246423271829,1.36287885195866,0.861743101613912,0.754289828035795,-0.569033328961901,-0.0998707974396848,-0.0692112518235939,-0.410266899197836,-0.328780595364958,1.19219966462977,1.16729496510292,1.14027554013895,1.46138912709568,-0.202993708003753,-0.0191459895266863,-0.303642030474405,-1.17332181098952,-1.36312837952053,0.904845870642121,1.58965249581285,1.68417507192279,-0.177318504788345
"901",0,-0.348194890989721,-1.17387929654563,-1.80692127285517,0.108774140810285,-0.813775052877421,-0.416428649433891,-0.152104197744144,-0.0247411626405223,-0.640995384823577,-1.56742705620183,1.06960504576937,0.0795836774414227,-0.89661378927684,-0.540830462877054,-0.1555961886108,-0.0445734002443183,-0.741918245459386,-0.43971084571426,1.39504555125922,-1.01694293969422,-1.29347794903808,-0.574697546273115,-0.113860786417039,-0.0382639442739243,-0.616976234094632,0.269703699587538,0.303404642107127,-0.899102191164647,-0.969181688332602,-0.650039470011399,-0.048236570436645,-0.0330109162638679,-0.639535815693025,0.851769596983231,1.09627321067543,0.446252137175011,0.990111280309114,0.315362825388311,0,-0.137497578800268,-0.481588184154324,1.01675972213601,-0.0347038540757136,-1.26160056962335,-1.48080674570224,2.63084241467372,4.95470122853544,-0.217420049783992,-0.489999937744222,-0.293109130248965,-0.220657640836271,-1.45788194973929,-1.05343053405793,2.27190622946675,1.02661939301677,-0.0191459895266863,-0.303642030474405,-1.17332181098952,-1.36312837952053,0.508752131666208,1.4177762043285,0.701128155761885,-0.177318504788345
"902",0,0.767805440878689,0.545748814462924,0.524013130597061,0.994701386553687,0.438598494367772,-0.416428649433891,-0.135962069060475,0.0344703379829887,0.33995244374252,0.332679327484459,-0.195080782098197,0.255031012275178,0.954850638278565,-0.540830462877054,-0.1555961886108,-0.0445734002443183,-0.741918245459386,-1.62956752949562,-1.12999301782559,-0.0368324778460259,0.929255371307683,-0.574697546273115,-0.113860786417039,-0.0382639442739243,-1.18107220738812,-2.07062911258877,-1.56081868739673,0.688959538672687,0.533627184133976,-0.650039470011399,-0.048236570436645,-0.0330109162638679,-0.639535815693025,-1.2263086449194,0.194301383086079,0.446252137175011,-1.22238085187086,-0.831486854781667,0,-0.0930309953194633,-0.481588184154324,0.222379793591467,1.36287885195866,-0.786399036324126,-1.48080674570224,-0.797595882078731,-0.0998707974396848,-0.0692112518235939,-0.410266899197836,1.25455753494524,1.06637296631234,-0.332806129092624,-0.209697428597592,-0.159645077646464,-0.202993708003753,-0.0191459895266863,-0.303642030474405,0.628218168302089,0.245017378270736,0.112658392690295,0.214642163938074,0.209604697681432,-0.177318504788345
"903",0,-0.346763866306412,-0.958925782669563,-0.175267190438608,0.551737763681986,1.33315102811434,-0.416428649433891,-0.135962069060475,-0.0247411626405223,-0.314012775301545,0.44964680817177,1.06960504576937,-0.34196587835462,-0.559983893357675,0.169258584532059,-0.1555961886108,-0.0445734002443183,-0.1658625288534,1.09010489057606,0.385030123625297,-1.01694293969422,-0.0233446231262145,1.11574673128727,-0.113860786417039,-0.0382639442739243,-0.759253601238671,0.59717573430355,1.1507788827907,0.847765711656421,1.36852100217096,0.990313915099158,-0.0774552479111286,-0.0330109162638679,-0.639535815693025,-1.06645647246535,0.613390963116015,0.950766487281889,0.649727875358349,-0.159414142199654,0,-0.0930309953194633,-0.481588184154324,-0.830535908145318,1.36287885195866,1.27280760797249,1.27008134505226,-0.340470775845071,-0.0998707974396848,-0.0692112518235939,-0.409408125445604,-0.504707054288313,1.19219966462977,1.16729496510292,0.802782297954812,-0.564903628832,-0.202993708003753,-0.0191459895266863,-0.303642030474405,-0.772979593369162,0.474752486526631,-0.0853884767976621,-0.988491876452356,-0.527680489439249,-0.177318504788345
"904",0,-0.346763866306412,-0.958925782669563,-0.408360630783831,-0.112707670625565,-0.992685559626734,-0.416428649433891,-0.135962069060475,-0.0247411626405223,-0.685961957035219,-0.650575299668376,0.821415400724128,-1.60661454574275,-1.40155863315559,1.06752044175725,0.822837501932791,-0.0364582152705978,-0.1658625288534,1.09010489057606,0.0483583144139882,-1.18029468333559,-0.34087795460418,3.65141314762784,4.50252433346203,-0.0382639442739243,1.81411968551902,1.08838378637757,-0.374494750439731,-0.899102191164647,0.867584711348771,2.35727506935795,-0.048236570436645,-0.0330109162638679,1.83419368492302,1.17685743447526,1.09627321067543,0.950766487281889,1.1603029827845,-0.258062014696678,0,-0.0930309953194633,-0.145269946550987,-0.368712000574986,-0.0347038540757136,1.27280760797249,0.582359322363638,-0.797595882078731,-0.0998707974396848,-0.0692112518235939,-0.410266899197836,-1.22193945958887,-0.327248304276222,1.16729496510292,-0.884683912965861,-0.767532904424768,-0.202993708003753,-0.0191459895266863,-0.303642030474405,-1.17332181098952,-0.321954723528004,-0.481482215773575,-1.1603681679367,-0.527680489439249,-0.177318504788345
"905",0,-0.346763866306412,0.020223605056088,0.990200011287507,0.994701386553687,0.259687987618459,-0.416428649433891,-0.135962069060475,-0.0247411626405223,0.0129698342204877,0.816387510785152,-2.15686033981876,-0.131191100456599,1.29148053419773,-0.540830462877054,-0.1555961886108,-0.0268645424359269,-0.1658625288534,0.92012536432158,-0.500476783447383,1.10662972764353,0.452955374090734,-0.574697546273115,-0.113860786417039,-0.0980157101479449,-0.759253601238671,-0.22150435248648,-0.0355450541663019,-0.263877499229713,0.700605947741373,-0.650039470011399,-0.048236570436645,-0.0330109162638679,-0.639535815693025,-1.2263086449194,-1.47909877630812,-1.5718052632525,0.990111280309114,-0.831486854781667,0,-0.0930309953194633,-0.481588184154324,-0.984477210668762,-1.12171262543579,-0.8094028851677,1.36080624476606,-0.340470775845071,-0.0743133087906587,-0.0692112518235939,-0.410266899197836,-1.20841288998173,-1.72437177231173,-0.895344039415955,1.14027554013895,0.0429841979463036,-0.202993708003753,-0.0191459895266863,-0.303642030474405,-0.074787507637249,0.245017378270736,0.904845870642121,0.730271038391115,-0.527680489439249,-0.177318504788345
"906",0,-0.346763866306412,-0.958925782669563,-0.175267190438608,-0.998634916368966,-0.992685559626734,0.17020566797156,0.791420999008737,-0.064995348517452,-0.640995384823577,-0.100464245748303,0.325036110633647,-1.84602783781914,-1.233243685196,2.66193333556384,5.71500595465075,0.0386153206471683,0.410193187752585,1.09010489057606,-0.624985304008629,-1.18029468333559,0.294188708351751,2.80619100884765,-0.113860786417039,-0.0382639442739243,0.205761381295462,1.08838378637757,0.303404642107127,-0.10507132624598,0.76801378982809,0.17013722254388,-0.048236570436645,-0.0330109162638679,-0.639535815693025,0.212360907167038,1.09627321067543,0.950766487281889,-0.202939969644872,-0.831486854781667,0,-0.0930309953194633,-0.481588184154324,-0.984477210668762,0.744596961976246,0.480805052473791,-1.48080674570224,-0.797595882078731,-0.0998707974396848,-0.0692112518235939,-0.410266899197836,-1.38433934890509,0.803323473037571,-1.27036931296484,-1.55967039733413,-0.767532904424768,-0.202993708003753,-0.0191459895266863,-0.303642030474405,-1.17332181098952,0.474752486526631,-1.47171656321336,-1.1603681679367,-0.527680489439249,-0.177318504788345
"907",0,0.767805440878689,0.330795300586854,0.757106570942284,-0.334189482061415,-0.992685559626734,-0.416428649433891,-0.135962069060475,-0.0247411626405223,1.32090027230862,0.633017159478461,-1.1641017596378,1.13345756693153,-1.06492873723642,-0.606676831225672,-0.1555961886108,-0.0445734002443183,0.986248904358571,0.7501458380671,0.89003783744226,1.43333321492626,0.7704887055687,-0.574697546273115,-0.113860786417039,-0.0382639442739243,-0.43758194039396,0.433439716945544,0.650592916462106,0.212541019721487,0.0730908608010065,-0.650039470011399,-0.048236570436645,-0.0539306280597664,-0.639535815693025,-1.2263086449194,0.613390963116015,0.950766487281889,-1.05218914939548,-0.831486854781667,0,-0.0930309953194633,-0.481588184154324,-0.368712000574986,0.741730982610052,-0.786399036324126,0.926220333707951,-0.340470775845071,-0.0998707974396848,-0.0692112518235939,-0.410266899197836,0.138383754256494,-0.16886700594293,-1.83290722328817,0.29654243467861,0.853501300317375,-0.202993708003753,-0.0191459895266863,-0.303642030474405,0.027704841871553,0.93422270303842,0.904845870642121,0.730271038391115,0.66730413693329,-0.177318504788345
"908",0,-0.346763866306412,-0.334249027878141,0.990200011287507,-2.54900759641992,-0.992685559626734,-0.416428649433891,-0.135962069060475,-0.0247411626405223,-0.640995384823577,-0.100464245748303,-0.419532824502074,-1.60661454574275,-0.559983893357675,-0.540830462877054,-0.1555961886108,-0.0445734002443183,-0.741918245459386,1.09010489057606,-0.28831349479732,0.779926240360802,0.294188708351751,-0.574697546273115,-0.113860786417039,-0.0382639442739243,0.527433042140173,0.924647769019562,-1.2218689911233,0.847765711656421,-0.635224161117807,-0.650039470011399,-0.048236570436645,-0.0330109162638679,2.45262606007703,0.851769596983231,-0.0304520336298728,0.782595037246263,0.139152767932202,2.32234976568577,0,-0.0930309953194633,0.527366528655686,1.17070102465946,1.36287885195866,0.95600658577301,-0.105362700324987,-0.340470775845071,-0.0998707974396848,-0.0692112518235939,-0.410266899197836,-1.38433934890509,0.997761568833671,-0.707831402641512,-1.55967039733413,-0.767532904424768,-0.202993708003753,-0.0191459895266863,-0.303642030474405,-0.572808484558983,0.704487594782526,-2.26390404116519,-1.1603681679367,-0.527680489439249,-0.177318504788345
"909",0,1.88237474806379,1.28436938085093,-0.641454071129054,0.551737763681986,0.796419507866398,-0.416428649433891,-0.135962069060475,-0.0247411626405223,1.20779273792954,0.082906105558388,-0.667722469547314,0.501133233237465,1.29148053419773,-0.540830462877054,-0.1555961886108,-0.0445734002443183,-0.741918245459386,-1.62956752949562,-1.12999301782559,1.2699814712849,0.929255371307683,-0.574697546273115,-0.113860786417039,-0.0382639442739243,-0.759253601238671,-1.53139249135053,-1.56081868739673,1.00657188464015,0.032690893311783,-0.650039470011399,-0.048236570436645,-0.0330109162638679,-0.639535815693025,-1.2263086449194,-1.47909877630812,0.782595037246263,0.649727875358349,-0.544774434739172,0,-0.0930309953194633,-0.481588184154324,-0.984477210668762,-1.12171262543579,-0.311197503024907,1.27008134505226,1.03090454285591,-0.0998707974396848,-0.410177743395975,-0.410266899197836,-1.20841288998173,-0.193350877690386,0.979782328328481,0.802782297954812,-0.159645077646464,-0.202993708003753,-0.0191459895266863,-0.303642030474405,1.62907371235298,-0.214452838241053,-0.877575954749489,-0.988491876452356,-0.527680489439249,0.0421895059613367
"910",0,-0.346763866306412,-1.17387929654563,-1.57382783250995,0.551737763681986,1.86988254836228,4.27664588980972,1.32926930056743,-0.0247411626405223,-0.640995384823577,-0.467204948361685,0.573225755678888,-0.552740656252641,0.786535690318983,3.40103267366559,0.822837501932791,-0.0445734002443183,-0.741918245459386,-1.45958800324114,-1.12999301782559,-1.18029468333559,0.452955374090734,2.80619100884765,-0.113860786417039,-0.0382639442739243,-0.759253601238671,-1.53139249135053,-1.2218689911233,-0.899102191164647,1.03456347495617,1.53709837680268,-0.048236570436645,-0.0330109162638679,-0.0211034405390152,0.532065252075134,1.09627321067543,0.950766487281889,1.1603029827845,1.46221250555829,0,-0.0930309953194633,1.87263947906903,0.554935814565679,-0.34527778875002,0.480805052473791,0.238498311019326,-0.797595882078731,-0.0998707974396848,-0.0692112518235939,-0.410266899197836,-1.38433934890509,-0.830849270469904,0.979782328328481,-1.05343053405793,-1.11225675066471,-0.202993708003753,-0.0191459895266863,-0.303642030474405,-1.17332181098952,-0.903658163008738,0.112658392690295,-1.1603681679367,-0.527680489439249,-0.0587655804922977
"911",0,-0.346763866306412,0.101626521217565,0.990200011287507,0.116840202251439,0.0346837791245961,-0.416428649433891,-0.135962069060475,-0.0247411626405223,-0.640995384823577,0.44964680817177,-1.90867069477352,-0.974290212048683,0.618220742359401,-0.540830462877054,-0.1555961886108,-0.0445734002443183,0.122165329449593,0.92012536432158,-0.961657113219938,-0.690239452411488,0.879359956709936,-0.574697546273115,-0.113860786417039,-0.0382639442739243,1.17077636382959,0.760911751661556,0.133929793970413,-0.899102191164647,1.36852100217096,0.226431302538148,-0.048236570436645,-0.0330109162638679,0.195408859812581,0.0525087347129891,0.452430213929543,0.109909237103759,0.649727875358349,0.315362825388311,0,-0.0930309953194633,-0.481588184154324,-0.984477210668762,-1.12171262543579,-1.26160056962335,-0.4492237116693,1.03090454285591,-0.0998707974396848,-0.194921017738915,-0.410266899197836,-0.328780595364958,-1.14105748492343,-1.83290722328817,-0.547190670781726,0.650872024724607,-0.202993708003753,-0.0191459895266863,-0.303642030474405,0.027704841871553,0.474752486526631,0.508752131666208,1.4177762043285,-0.281918760399022,-0.177318504788345
"912",0,-0.346763866306412,0.967602140264207,0.757106570942284,0.330255952246136,0.438598494367772,-0.416428649433891,-0.135962069060475,-0.0247411626405223,-0.314012775301545,0.266276456865079,-1.90867069477352,0.0795836774414227,0.281590846440236,-0.540830462877054,-0.1555961886108,-0.0445734002443183,-0.741918245459386,-1.62956752949562,0.216694219019643,0.943277984002168,-0.891042176591113,-0.574697546273115,-0.113860786417039,-0.0382639442739243,0.205761381295462,0.59717573430355,1.1507788827907,-0.740296018180913,-1.3031392155474,-0.650039470011399,-0.048236570436645,-0.0330109162638679,-0.201395007477028,0.0525087347129891,0.613390963116015,0.950766487281889,0.649727875358349,-0.258062014696678,0,-0.0930309953194633,-0.481588184154324,-0.984477210668762,-1.12171262543579,-1.10320005852361,1.24602128995426,0.57377943662225,-0.0998707974396848,-0.0692112518235939,2.01093737164361,0.374925240328461,-0.36330510173903,-0.332806129092624,1.14027554013895,-0.362274353239232,-0.202993708003753,-0.0191459895266863,0.136433162824355,0.828389277112268,0.93422270303842,0.904845870642121,0.40760809200647,-0.543478363995755,-0.177318504788345
"913",0,-0.346763866306412,0.330795300586854,0.757106570942284,0.994701386553687,0.975330014615711,-0.123111490731166,-0.135962069060475,-0.0247411626405223,-0.640995384823577,-1.93416775881521,0.821415400724128,1.13345756693153,0.876397933743139,-0.294464016843139,-0.1555961886108,-0.0445734002443183,-0.741918245459386,-1.62956752949562,1.05837374204791,1.43333321492626,1.24678870278565,1.11574673128727,-0.113860786417039,-0.0382639442739243,-0.759253601238671,-1.53139249135053,0.642354338380556,1.00657188464015,1.36852100217096,0.17013722254388,-0.048236570436645,-0.0330109162638679,-0.639535815693025,-1.2263086449194,0.322287756094062,0.950766487281889,0.819919577833732,-0.216128742367467,0,-0.0930309953194633,-0.481588184154324,-0.676594605621874,1.36287885195866,1.27280760797249,0.582359322363638,-0.797595882078731,-0.0998707974396848,-0.0692112518235939,-0.410266899197836,-0.504707054288313,1.19219966462977,1.16729496510292,0.802782297954812,-0.767532904424768,-0.202993708003753,-0.0191459895266863,-0.155860289995618,0.42804705949191,0.0417449404930253,0.904845870642121,0.214642163938074,-0.527680489439249,-0.177318504788345
"914",0,-0.346763866306412,-1.17387929654563,-0.408360630783831,-0.112707670625565,-0.992685559626734,-0.416428649433891,-0.135962069060475,-0.0247411626405223,-0.640995384823577,-1.38405670489514,1.06960504576937,-1.1850649899467,-0.0550390494789284,0.691001767292522,-0.1555961886108,-0.0445734002443183,-0.741918245459386,0.0702277330491799,1.22670964665357,-0.853591196052854,1.24678870278565,0.410459556753025,-0.113860786417039,-0.0382639442739243,0.527433042140173,0.924647769019562,-0.225949028003706,-0.263877499229713,0.700605947741373,-0.650039470011399,-0.048236570436645,-0.0330109162638679,3.07105843523104,1.33132611434538,0.452430213929543,0.782595037246263,1.1603029827845,0.8887876654733,0,-0.0930309953194633,4.22686714229239,1.47858362970634,1.36287885195866,1.27280760797249,0.926220333707951,-0.340470775845071,-0.0998707974396848,-0.0692112518235939,-0.410266899197836,-1.38433934890509,0.220009185649271,0.604757054779594,-1.55967039733413,-0.767532904424768,-0.202993708003753,-0.0191459895266863,-0.400259771810987,-1.17332181098952,0.474752486526631,-1.2736696937254,-1.1603681679367,-0.527680489439249,-0.177318504788345
"915",0,-0.346763866306412,-0.958925782669563,0.524013130597061,-0.334189482061415,-0.992685559626734,-0.416428649433891,-0.135962069060475,-0.0247411626405223,-0.640995384823577,-1.38405670489514,1.06960504576937,0.374182488696037,-1.233243685196,-0.540830462877054,-0.1555961886108,-0.0445734002443183,-0.741918245459386,-1.11962895073218,1.56338145586488,0.943277984002168,-1.29347794903808,-0.863531032720124,-0.113860786417039,-0.0382639442739243,-0.759253601238671,-0.712712404560498,1.1507788827907,-0.10507132624598,-1.3031392155474,-0.650039470011399,-0.048236570436645,-0.0330109162638679,-0.639535815693025,-0.16927532192777,1.09627321067543,-0.0582622129318667,-1.56276425682162,-0.831486854781667,0,-0.0930309953194633,-0.481588184154324,-0.368712000574986,1.36287885195866,0.164004030274312,-1.48080674570224,-0.797595882078731,-0.0998707974396848,-0.0165174299206613,-0.410266899197836,-0.856559972135023,1.19219966462977,-0.707831402641512,-1.55967039733413,-0.767532904424768,-0.202993708003753,-0.115134277125818,-0.303642030474405,-0.97315070217934,0.0152822700148413,-1.07562282423745,-1.1603681679367,-0.527680489439249,-0.177318504788345
"916",0,-0.346763866306412,-0.743972268793493,0.0578262499066152,0.551737763681986,-0.813775052877421,-0.416428649433891,-0.135962069060475,-0.0247411626405223,-0.640995384823577,0.261394189602572,1.06960504576937,0.290358455339444,0.618220742359401,-0.540830462877054,-0.1555961886108,-0.0445734002443183,-0.453890387156393,1.09010489057606,-0.28831349479732,-1.18029468333559,1.08802203704667,0.552265305433806,-0.113860786417039,-0.0382639442739243,0.205761381295462,1.08838378637757,-1.05239414298659,-1.53432688309958,0.533627184133976,1.26370614595092,-0.048236570436645,-0.0330109162638679,1.21576130976901,0.691917424529183,-1.47909877630812,-1.4055959315468,0.479536172882967,0.602075245430805,0,-0.0930309953194633,0.838965913584583,1.47858362970634,-0.655851723424326,-0.944799547423866,1.09815083938011,0.80234198973908,0.249722050609028,-0.0692112518235939,-0.410266899197836,1.25455753494524,0.414447281445371,0.792269691554037,0.634035676862745,-0.564903628832,0.0104167224360036,-0.0191459895266863,-0.303642030474405,-0.372637375748804,0.221398863853907,0.310705262178251,-0.816615584968009,-0.527680489439249,-0.159034864122034
"917",0,-0.346763866306412,1.4055628699672,-0.641454071129054,-2.54900759641992,-0.992685559626734,-0.416428649433891,-0.0986723020089715,-0.0247411626405223,0.666935053264552,0.816387510785152,0.821415400724128,0.265347587747847,-1.40155863315559,-0.540830462877054,-0.1555961886108,-0.0445734002443183,1.27427676266156,0.0702277330491799,-0.624985304008629,0.616574496719437,-1.29347794903808,-0.574697546273115,-0.113860786417039,-0.0382639442739243,2.45746300720844,-0.548976387202492,-1.56081868739673,0.37134719270522,-1.05750627250753,-0.650039470011399,-0.048236570436645,-0.0330109162638679,0.906545122192,-0.746752127557253,-1.33799419893074,0.278080687139385,-0.711805744444711,-0.831486854781667,0,-0.0930309953194633,-0.481588184154324,-0.830535908145318,-0.655851723424326,1.27280760797249,-0.793084723013613,-0.797595882078731,-0.0998707974396848,-0.0692112518235939,-0.410266899197836,1.07863107602188,1.19219966462977,1.39778466844698,1.14027554013895,2.06927695387398,-0.202993708003753,-0.0912709356995593,-0.303642030474405,1.22873149473262,0.245017378270736,-0.283435346285619,0.214642163938074,0.455366426721658,-0.177318504788345
"918",0,0.767805440878689,0.975655842215063,0.524013130597061,-0.998634916368966,-0.992685559626734,-0.416428649433891,-0.135962069060475,-0.0247411626405223,1.64788288183065,0.266276456865079,-0.481947654127397,0.922682789033507,-1.40155863315559,-0.540830462877054,-0.1555961886108,0.0386153206471683,0.410193187752585,-0.666531286086282,-0.28831349479732,0.464400319827305,-1.13471128329909,-0.574697546273115,-0.113860786417039,-0.0382639442739243,-0.759253601238671,-1.20392045663452,0.981304034653986,-0.10507132624598,-1.3031392155474,-0.650039470011399,-0.048236570436645,-0.0330109162638679,-0.639535815693025,-1.2263086449194,0.298368977640537,0.950766487281889,-0.881997446920094,-0.831486854781667,0,-0.0930309953194633,-0.737609839613281,-0.984477210668762,-1.12171262543579,-0.627998525224387,0.926220333707951,0.116654330388589,-0.0998707974396848,-0.0692112518235939,-0.410266899197836,0.374925240328461,-1.33549558071953,-1.27036931296484,0.127795813586543,1.66401840268845,-0.202993708003753,-0.0191459895266863,-0.303642030474405,1.02856038592245,0.93422270303842,0.904845870642121,1.24589991284416,0.455366426721658,-0.177318504788345
"919",0,-0.346763866306412,-1.17387929654563,-1.34073439216472,0.108774140810285,1.15424052136502,-0.416428649433891,-0.135962069060475,-0.0247411626405223,-0.640995384823577,-1.93416775881521,0.821415400724128,1.13345756693153,0.786535690318983,-0.540830462877054,-0.1555961886108,-0.0445734002443183,-0.741918245459386,-0.43971084571426,1.56338145586488,1.43333321492626,0.611722039829717,-0.574697546273115,-0.113860786417039,-0.0382639442739243,0.205761381295462,1.08838378637757,1.1507788827907,1.00657188464015,0.533627184133976,-0.650039470011399,-0.048236570436645,0.0430849119121561,0.28811274703799,0.691917424529183,1.09627321067543,0.950766487281889,-0.0310389345431809,-0.831486854781667,0,-0.0930309953194633,-0.481588184154324,-0.984477210668762,0.586444015272899,1.27280760797249,0.0665678053471691,-0.797595882078731,-0.0998707974396848,-0.0692112518235939,-0.410266899197836,-1.38433934890509,0.608885377241471,1.16729496510292,0.127795813586543,-0.767532904424768,-0.202993708003753,-0.0191459895266863,-0.303642030474405,-1.17332181098952,-0.673923054752843,0.310705262178251,0.730271038391115,-0.527680489439249,-0.177318504788345
"920",0,-0.346763866306412,1.4055628699672,0.55291468556587,-0.555671293497266,-0.0981330258801679,-0.416428649433891,-0.135962069060475,-0.064995348517452,-0.640995384823577,0.999757862091843,0.367248248028052,0.501133233237465,1.12316558623815,-0.0480975708092236,-0.124010780638734,-0.0445734002443183,0.410193187752585,1.09010489057606,-0.509171716747377,-0.526887708770123,1.24678870278565,0.71189725496894,-0.113860786417039,-0.0382639442739243,-0.759253601238671,0.760911751661556,0.642354338380556,0.232449525543027,1.36852100217096,1.53709837680268,-0.048236570436645,-0.0330109162638679,-0.639535815693025,-0.427047782649156,0.291469464743071,-0.394605113003119,1.1603029827845,1.46221250555829,0,-0.0930309953194633,-0.481588184154324,-0.984477210668762,-1.12171262543579,-1.26160056962335,0.926220333707951,0.80234198973908,-0.0998707974396848,-0.0692112518235939,0.102366003904014,0.726778158175171,0.0255710898531705,0.41724441800515,1.14027554013895,-0.0137160524519907,-0.202993708003753,-0.0191459895266863,-0.303642030474405,0.828389277112268,0.245017378270736,-0.229545495086095,-0.472863001999315,-0.527680489439249,-0.177318504788345
"921",0,0.2199526402439,0.849081813792803,0.990200011287507,-0.555671293497266,1.15424052136502,-0.123111490731166,-0.135962069060475,-0.0247411626405223,-0.640995384823577,0.999757862091843,-0.419532824502074,-0.131191100456599,1.29148053419773,0.937368213326437,-0.1555961886108,-0.111531751188364,-0.741918245459386,-0.331574447559417,0.89003783744226,0.943277984002168,0.127251855393025,-0.292956833346385,-0.113860786417039,-0.0382639442739243,-0.759253601238671,-0.876448421918504,1.1507788827907,0.688959538672687,-1.13616045194,-0.791394704624063,-0.048236570436645,-0.0330109162638679,-0.639535815693025,-0.267195610195108,1.09627321067543,-0.562776563038745,-1.56276425682162,-0.831486854781667,0,-0.0930309953194633,-0.145269946550987,1.3246423271829,1.20759188462151,0.453601935726818,-1.48080674570224,-0.797595882078731,-0.0998707974396848,-0.0692112518235939,2.01093737164361,1.43048399386859,0.414447281445371,0.41724441800515,-1.55967039733413,-0.767532904424768,-0.202993708003753,-0.0191459895266863,0.728815661816031,0.828389277112268,0.474752486526631,-1.66976343270132,-1.1603681679367,-0.792804053860679,-0.194591927776609
"922",0,1.88237474806379,1.19060935609113,0.51550619856648,0.551737763681986,0.564537492791316,-0.123111490731166,-0.135962069060475,-0.0247411626405223,-0.314012775301545,-0.100464245748303,-1.31459953293287,-0.0102037724441611,1.3263426910993,0.444635321258607,-0.16001677493901,-0.0445734002443183,-0.741918245459386,-1.62956752949562,-0.961657113219938,0.453222753078071,0.7704887055687,-0.574697546273115,-0.113860786417039,-0.0382639442739243,-0.759253601238671,-1.53139249135053,-0.374494750439731,1.00657188464015,-1.13616045194,-0.650039470011399,-0.048236570436645,-0.0330109162638679,-0.639535815693025,-1.2263086449194,-0.67429503037576,0.950766487281889,-0.199626606454475,-0.258062014696678,0,-0.0930309953194633,-0.481588184154324,-0.984477210668762,-1.12171262543579,-0.786399036324126,0.582359322363638,0.80234198973908,-0.0998707974396848,0.206144662485544,2.01093737164361,0.378400043932988,-1.14105748492343,-0.707831402641512,0.971528919046879,0.0429841979463036,-0.202993708003753,-0.0191459895266863,2.7937310463969,1.22873149473262,0.474752486526631,0.162561871456157,0.386518455422421,-0.527680489439249,-0.286525718408247
"923",0,-0.346763866306412,-0.743972268793493,-0.175267190438608,0.994701386553687,1.69097204161296,1.05015714407974,-0.135962069060475,-0.0247411626405223,-0.481507959566174,0.44964680817177,0.573225755678888,0.0795836774414227,1.29148053419773,0.937368213326437,-0.104299113303446,-0.0445734002443183,-0.741918245459386,-1.28960847698666,-1.12999301782559,-0.410885310246056,1.08802203704667,-0.292956833346385,-0.113860786417039,-0.0382639442739243,-0.759253601238671,-1.4816330494644,-1.2218689911233,0.0537348467377536,0.533627184133976,-0.650039470011399,-0.0885116476043009,-0.0330109162638679,-0.639535815693025,-0.427047782649156,1.09627321067543,0.950766487281889,1.1603029827845,0.8887876654733,0,-0.0930309953194633,-0.481588184154324,-0.368712000574986,0.741730982610052,1.11440709687275,0.0665678053471691,-0.340470775845071,-0.0998707974396848,-0.0692112518235939,-0.410266899197836,-1.20841288998173,0.803323473037571,-0.145293492318181,-1.55967039733413,-0.767532904424768,-0.202993708003753,-0.0191459895266863,-0.303642030474405,-0.572808484558983,0.704487594782526,-1.47171656321336,-1.1603681679367,-0.527680489439249,-0.177318504788345
"924",0,0.767805440878689,0.760702328338993,0.990200011287507,0.551737763681986,0.0807774808691453,-0.347765248133009,-0.135962069060475,-0.0247411626405223,0.993917662786584,0.633017159478461,-2.65323962990924,-0.974290212048683,0.877314221759928,0.198268875224692,-0.1555961886108,-0.0445734002443183,0.122165329449593,0.7501458380671,-0.793321208614283,0.411763376618867,0.929255371307683,0.552265305433806,-0.113860786417039,-0.0909846830221019,-0.759253601238671,0.171030672849799,0.811829186517271,0.847765711656421,-0.802202924725205,-0.205443959795648,-0.048236570436645,-0.0330109162638679,-0.639535815693025,-0.586899955103205,1.09627321067543,-0.899119463109996,-1.56276425682162,-0.831486854781667,0,-0.0930309953194633,-0.481588184154324,0.602851441474297,0.897017949947205,0.164004030274312,-1.48080674570224,-0.797595882078731,-0.0998707974396848,-0.0692112518235939,-0.0359209816571604,1.25455753494524,-1.14105748492343,0.604757054779594,-1.55967039733413,-0.767532904424768,-0.202993708003753,-0.0191459895266863,-0.303642030474405,1.02856038592245,0.93422270303842,-0.877575954749489,-1.1603681679367,-0.527680489439249,-0.177318504788345
"925",0,-0.346763866306412,-0.314065241041354,0.757106570942284,-0.998634916368966,-0.992685559626734,-0.416428649433891,-0.135962069060475,-0.0247411626405223,0.33995244374252,0.999757862091843,-0.171343179456834,-0.187215059873126,-1.40155863315559,-0.540830462877054,-0.1555961886108,-0.0445734002443183,2.42638819587353,0.24020725930366,-1.12999301782559,0.12651926579534,0.452955374090734,-0.292956833346385,-0.113860786417039,-0.0382639442739243,1.49244802467431,0.760911751661556,0.303404642107127,0.847765711656421,-0.969181688332602,-0.650039470011399,-0.048236570436645,-0.0330109162638679,-0.33031962811602,0.851769596983231,1.09627321067543,-1.06729091314562,-1.56276425682162,-0.51709523793817,0,-0.0930309953194633,-0.481588184154324,0.247053209518791,0.755642807740039,0.00560351917457189,-1.48080674570224,-0.797595882078731,-0.0998707974396848,-0.0692112518235939,-0.410266899197836,0.0230723224817513,0.0874322333918502,1.16729496510292,-1.22217715515,-0.767532904424768,-0.202993708003753,-0.0191459895266863,-0.303642030474405,-0.772979593369162,0.0152822700148413,0.706799001154165,-0.300986710514968,-0.527680489439249,-0.177318504788345
"926",0,-0.346763866306412,0.82597956073922,0.50038558969896,0.773219575117836,-0.455954039378794,-0.416428649433891,-0.189516469626619,-0.0247411626405223,1.32090027230862,0.999757862091843,-1.41229140468304,-0.34196587835462,0.419993780761828,-0.294464016843139,-0.1555961886108,0.188762392482701,1.56230462096456,0.871522523458924,-0.624985304008629,-1.18029468333559,0.7704887055687,1.11574673128727,-0.113860786417039,-0.0382639442739243,2.77913466805315,0.760911751661556,-1.56081868739673,-1.53432688309958,-0.134287870295615,2.0838828385062,-0.048236570436645,-0.137102372529376,1.83419368492302,0.589487327540933,-1.47909877630812,-1.73997671328813,-0.881997446920094,2.60906218572827,0,-0.0930309953194633,2.20895771667237,1.35671518669955,-1.12171262543579,-1.26160056962335,0.0665678053471691,1.25946709597274,-0.0998707974396848,-0.0692112518235939,1.52669651747532,1.58855386316545,-0.36330510173903,-0.145293492318181,1.14027554013895,-0.159645077646464,-0.202993708003753,-0.0191459895266863,-0.303642030474405,0.828389277112268,0.93422270303842,0.706799001154165,-0.129110419030621,-0.527680489439249,-0.177318504788345
"927",0,-0.346763866306412,0.545748814462924,0.990200011287507,0.330255952246136,-0.992685559626734,-0.416428649433891,-0.135962069060475,-0.0247411626405223,-0.314012775301545,0.44964680817177,-0.667722469547314,1.13345756693153,-0.728298841317257,-0.540830462877054,-0.1555961886108,-0.0445734002443183,-0.506631998226685,-1.62956752949562,-1.12999301782559,1.10662972764353,-0.182111288865197,0.834006018360537,-0.113860786417039,-0.0382639442739243,-0.759253601238671,-1.04018443927651,-0.205019902303017,0.847765711656421,0.564399593390251,2.63066730020971,-0.048236570436645,-0.0330109162638679,2.76184224765403,0.912955480913681,1.09627321067543,0.614423587210637,-0.371422339493946,-0.544774434739172,0,0.0285905929799794,0.642276164201229,-0.00615176568920047,1.20759188462151,-0.627998525224387,-1.48080674570224,-0.797595882078731,-0.0998707974396848,-0.0692112518235939,-0.410266899197836,-0.504707054288313,0.997761568833671,-1.45788194973929,-1.55967039733413,-0.767532904424768,-0.202993708003753,-0.0191459895266863,-0.303642030474405,1.22873149473262,-0.214452838241053,-2.26390404116519,-1.1603681679367,-0.527680489439249,-0.177318504788345
"928",0,-0.346763866306412,-0.314065241041354,0.990200011287507,-0.777153104933116,-0.992685559626734,-0.416428649433891,-0.135962069060475,-0.0247411626405223,-0.640995384823577,0.44964680817177,0.0768464655884069,-0.750407381232417,-1.10882145660541,-0.540830462877054,-0.13357077389159,-0.0445734002443183,0.122165329449593,1.09010489057606,-0.119977590191666,-1.18029468333559,-1.1027789360687,-0.574697546273115,-0.113860786417039,-0.0382639442739243,0.527433042140173,1.08838378637757,-1.05239414298659,-1.53432688309958,-1.3031392155474,-0.650039470011399,-0.048236570436645,-0.0330109162638679,1.21576130976901,0.897884554110927,-1.31813802712165,-0.238764670104347,0.309344470407584,0.0286504053458163,0,-0.0930309953194633,0.19104829105235,1.47858362970634,0.431157047935746,1.11440709687275,0.582359322363638,2.40227986155689,10.0092732545106,-0.0692112518235939,-0.410266899197836,0.550851699251816,1.19219966462977,-0.145293492318181,-0.378444049689659,2.47453550505952,7.17468489811939,-0.0191459895266863,-0.303642030474405,-0.572808484558983,1.01383857870056,0.904845870642121,1.58965249581285,1.92993680096302,-0.177318504788345
"929",0,0.332498529217684,1.83546989771934,0.290919690251838,-2.54900759641992,-0.992685559626734,-0.416428649433891,-0.135962069060475,-0.0247411626405223,2.30184810087471,0.999757862091843,1.06960504576937,-1.81738932364077,-1.40155863315559,-0.540830462877054,-0.1555961886108,-0.0445734002443183,1.27427676266156,0.24020725930366,1.56338145586488,0.12651926579534,-1.28902647948468,-0.63046096630759,-0.113860786417039,-0.0382639442739243,-0.496420483101855,-1.36765647399252,0.642354338380556,-0.263877499229713,-1.3031392155474,-0.650039470011399,-0.048236570436645,-0.0330109162638679,-0.639535815693025,-0.906604300011301,0.0841384702908271,-0.899119463109996,-1.56276425682162,-0.831486854781667,0,-0.0930309953194633,-0.481588184154324,-0.0608293955280974,0.434629671742427,-0.627998525224387,-1.48080674570224,-0.797595882078731,-0.0998707974396848,-0.0692112518235939,0.0739739549704533,1.25455753494524,1.19219966462977,1.16729496510292,0.465289055770677,0.44824274913184,-0.202993708003753,-0.0191459895266863,-0.303642030474405,2.02941592997334,0.93422270303842,0.904845870642121,1.58965249581285,3.40450717520438,2.44807774115328
"930",0,-0.376869338084819,-1.17387929654563,-0.665027288610544,0.108774140810285,-0.692450303941552,-0.416428649433891,-0.219067691991997,-0.0247411626405223,-0.640995384823577,-0.833945650975067,1.06960504576937,-0.974290212048683,-1.40155863315559,-0.540830462877054,-0.321531665053676,-0.0445734002443183,0.122165329449593,1.09010489057606,-0.119977590191666,-1.18029468333559,-0.499644620343163,0.270524592507076,-0.113860786417039,-0.0382639442739243,2.45746300720844,1.08838378637757,-1.56081868739673,-0.82599269007641,1.20154223856357,2.0838828385062,-0.048236570436645,-0.0330109162638679,1.21576130976901,1.33132611434538,0.774351712302486,0.614423587210637,0.819919577833732,-0.544774434739172,0,-0.0930309953194633,-0.481588184154324,-0.676594605621874,-0.500564756087173,1.27280760797249,0.238498311019326,-0.797595882078731,-0.0998707974396848,-0.0692112518235939,-0.410266899197836,-1.38433934890509,-0.36330510173903,1.16729496510292,-0.884683912965861,-0.767532904424768,-0.248463426674408,-0.0191459895266863,-0.303642030474405,-1.17332181098952,-0.444187946496948,0.508752131666208,-1.1603681679367,-0.527680489439249,-0.177318504788345
"931",0,-0.346763866306412,0.115841786710785,-0.641454071129054,-2.54900759641992,-0.992685559626734,0.0576241749317084,-0.135962069060475,-0.0247411626405223,-0.640995384823577,-1.01731600228176,1.06960504576937,0.290358455339444,-1.40155863315559,-0.540830462877054,-0.1555961886108,0.0386153206471683,0.410193187752585,-0.77966989822322,-0.624985304008629,0.943277984002168,0.452955374090734,-0.574697546273115,-0.113860786417039,-0.0382639442739243,1.17077636382959,0.269703699587538,-1.56081868739673,-1.37552071011585,1.03456347495617,0.716921684247398,-0.048236570436645,-0.0330109162638679,0.28811274703799,0.851769596983231,-1.47909877630812,-1.73997671328813,1.30589448623017,1.74892492560078,0,-0.0930309953194633,0.883751237732101,1.3246423271829,-0.966425658098632,-0.469598014124647,0.582359322363638,1.94515475532323,-0.0998707974396848,-0.0692112518235939,-0.410266899197836,1.25455753494524,0.561358977296253,1.16729496510292,0.802782297954812,0.0429841979463036,-0.202993708003753,-0.0191459895266863,-0.303642030474405,-0.172466266938626,-0.539210527894864,-0.283435346285619,-0.816615584968009,-0.527680489439249,-0.177318504788345
"932",0,1.88237474806379,0.545748814462924,-0.0414892831155474,-1.22011672780482,-0.992685559626734,-0.416428649433891,-0.135962069060475,-0.0247411626405223,0.174302939614875,-0.833945650975067,1.06960504576937,1.13345756693153,0.954850638278565,-0.294464016843139,-0.1555961886108,-0.111531751188364,-0.741918245459386,-0.9496494244777,1.56338145586488,1.43333321492626,1.24678870278565,0.552265305433806,-0.113860786417039,-0.0382639442739243,-0.759253601238671,-0.876448421918504,1.1507788827907,1.00657188464015,1.36852100217096,0.443529453395639,-0.048236570436645,-0.0330109162638679,-0.639535815693025,-0.586899955103205,1.09627321067543,0.905402212992975,1.1603029827845,0.0286504053458163,0,-0.0930309953194633,-0.481588184154324,0.0931119069953467,1.36287885195866,1.27280760797249,0.582359322363638,-0.797595882078731,-0.0998707974396848,-0.0692112518235939,0.0739739549704533,1.07863107602188,1.19219966462977,1.16729496510292,0.29654243467861,-0.756464825956002,-0.202993708003753,-0.0191459895266863,1.76127335410647,0.615565686402962,-0.673923054752843,-1.2736696937254,-0.988491876452356,-0.527680489439249,-0.177318504788345
"933",0,-0.346763866306412,0.632799122634246,0.757106570942284,0.994701386553687,0.438598494367772,-0.116662137209567,-0.135962069060475,-0.0247411626405223,-0.640995384823577,0.082906105558388,0.325036110633647,-2.23893887943681,-1.06492873723642,-0.540830462877054,-0.1555961886108,-0.0445734002443183,-0.741918245459386,0.24020725930366,-0.119977590191666,-1.01694293969422,-1.29347794903808,-0.574697546273115,-0.113860786417039,-0.0286402707100998,-0.115910279549249,1.08838378637757,1.1507788827907,0.847765711656421,0.032690893311783,-0.650039470011399,-0.048236570436645,-0.0330109162638679,-0.639535815693025,-0.746752127557253,-1.47909877630812,-1.73997671328813,0.309344470407584,-0.258062014696678,0,-0.0930309953194633,-0.481588184154324,-0.984477210668762,-1.67370976991302,-1.26160056962335,-0.105362700324987,1.03090454285591,-0.0998707974396848,-0.0692112518235939,0.292718715778502,-0.504707054288313,-1.91880986810783,-1.64539458651373,0.465289055770677,-0.362274353239232,-0.202993708003753,-0.0191459895266863,0.728815661816031,1.02856038592245,0.704487594782526,0.904845870642121,0.214642163938074,-0.527680489439249,-0.177318504788345
"934",0,3.83595040281991,1.62051638384327,0.990200011287507,0.994701386553687,1.86988254836228,3.98332873110699,0.791420999008737,-0.0247411626405223,0.33995244374252,-0.283834597054994,-1.04221943743407,0.240294345936516,1.29148053419773,2.16920044349601,-0.1555961886108,-0.0445734002443183,-0.35763428593152,-1.62956752949562,-1.12999301782559,0.453222753078071,0.929255371307683,-0.292956833346385,-0.113860786417039,-0.0177637689065176,-0.766282096507412,-1.53139249135053,-0.543969598576446,1.00657188464015,-0.802202924725205,-0.650039470011399,-0.048236570436645,-0.0330109162638679,-1.33059625481149,-1.2263086449194,0.774351712302486,0.688861215410192,-1.56276425682162,-0.831486854781667,0,-0.0930309953194633,-0.481588184154324,0.247053209518791,1.20759188462151,-0.944799547423866,-1.48080674570224,-0.797595882078731,-0.0998707974396848,-0.0692112518235939,0.0739739549704533,1.07863107602188,0.414447281445371,-1.83290722328817,-1.55967039733413,-0.767532904424768,-0.202993708003753,-0.0191459895266863,4.85864643097778,2.02941592997334,-1.59286348777642,-2.26390404116519,-1.1603681679367,-0.527680489439249,-0.329224251675894
"935",0,-0.346763866306412,0.115841786710785,0.757106570942284,-0.112707670625565,0.438598494367772,0.794190156702695,-0.135962069060475,-0.0247411626405223,0.0129698342204877,0.999757862091843,1.06960504576937,-0.168736893086496,1.29148053419773,2.16920044349601,-0.1555961886108,-0.0445734002443183,-0.741918245459386,0.678513403235375,0.721701932836606,-0.0368324778460259,1.24678870278565,1.67922815714073,-0.113860786417039,-0.0382639442739243,-0.759253601238671,-0.22150435248648,1.1507788827907,0.847765711656421,-0.635224161117807,-0.650039470011399,-0.048236570436645,-0.0330109162638679,-0.639535815693025,-0.427047782649156,1.09627321067543,-0.562776563038745,-1.56276425682162,-0.831486854781667,0,-0.0930309953194633,-0.0912452058583647,1.3246423271829,1.20759188462151,0.79760607467327,-1.48080674570224,-0.797595882078731,-0.0998707974396848,-0.0692112518235939,0.0739739549704533,1.43048399386859,0.220009185649271,1.16729496510292,-1.22217715515,-0.946619058911581,-0.202993708003753,-0.0191459895266863,-0.303642030474405,1.22873149473262,0.93422270303842,0.112658392690295,-0.878687584025721,-0.527680489439249,-0.177318504788345
"936",0,-0.346763866306412,0.115841786710785,0.0578262499066152,0.108774140810285,0.617509001117085,-0.416428649433891,-0.135962069060475,-0.0247411626405223,-0.640995384823577,0.082906105558388,1.06960504576937,1.13345756693153,0.786535690318983,-0.283448515680853,-0.1555961886108,-0.0445734002443183,-0.741918245459386,0.329377766539003,1.56338145586488,1.43333321492626,0.245521476899987,-0.574697546273115,-0.113860786417039,-0.0382639442739243,-0.759253601238671,0.760911751661556,1.1507788827907,1.00657188464015,0.0980740553186343,-0.650039470011399,-0.048236570436645,-0.0330109162638679,-0.639535815693025,0.691917424529183,1.47276615113442,0.727165813486952,0.479536172882967,-0.831486854781667,0,-0.0930309953194633,0.19104829105235,0.971417748708208,1.36287885195866,1.27280760797249,0.0665678053471691,-0.760868919110262,-0.180840833817309,-0.0692112518235939,0.221689174530156,1.25455753494524,1.19219966462977,0.979782328328481,-1.22217715515,-0.767532904424768,-0.202993708003753,-0.0191459895266863,-0.303642030474405,0.227875950681732,-0.214452838241053,-0.851754922660333,-1.1603681679367,-0.527680489439249,-0.177318504788345
"937",0,-0.346763866306412,0.237791015593179,0.524013130597061,0.330255952246136,-0.634864546128108,-0.856177275714965,-0.135962069060475,-0.0247411626405223,0.33995244374252,0.633017159478461,-1.66048104972828,-0.552740656252641,0.618220742359401,-0.540830462877054,-0.1555961886108,-0.0445734002443183,0.122165329449593,-0.0997517932053001,-1.12999301782559,0.779926240360802,-0.658411286082146,-0.574697546273115,-0.113860786417039,-0.0382639442739243,-0.43758194039396,0.760911751661556,-0.0355450541663019,0.530153365688954,-1.3031392155474,-0.821439073924764,-0.048236570436645,-0.0330109162638679,-0.639535815693025,-0.906604300011301,0.774351712302486,0.278080687139385,-1.11285232171018,-0.831486854781667,0,-0.0930309953194633,-0.481588184154324,-0.368712000574986,1.05230491728436,0.95600658577301,-0.96501522868577,-0.797595882078731,-0.0998707974396848,-0.0692112518235939,-0.410266899197836,-0.291627735323453,-0.55774319753513,0.41724441800515,-0.547190670781726,-0.767532904424768,-0.202993708003753,-0.0191459895266863,-0.303642030474405,0.027704841871553,0.93422270303842,0.310705262178251,-0.988491876452356,-0.527680489439249,-0.177318504788345
"938",0,-0.423301624958872,-1.17387929654563,-0.641454071129054,-0.334189482061415,-0.634864546128108,-0.416428649433891,-0.135962069060475,-0.0247411626405223,-0.640995384823577,-1.01731600228176,1.06960504576937,1.13345756693153,-1.06492873723642,-0.540830462877054,-0.1555961886108,-0.0445734002443183,0.410193187752585,0.310405392273488,1.00273956263658,1.43333321492626,-0.554856454875776,-0.574697546273115,-0.113860786417039,-0.0382639442739243,1.81411968551902,0.269703699587538,0.133929793970413,1.00657188464015,-0.301266633903012,-0.650039470011399,-0.049335153206293,-0.0330109162638679,-0.639535815693025,-1.2263086449194,-0.352373532002817,0.950766487281889,-1.05218914939548,-0.831486854781667,0,-0.0930309953194633,-0.481588184154324,-0.984477210668762,0.718169205344936,0.816989699391285,-1.13694573435793,-0.797595882078731,-0.0998707974396848,-0.0692112518235939,-0.410266899197836,-1.06573093140423,0.414447281445371,0.229731781230706,-1.55967039733413,-0.767532904424768,-0.202993708003753,-0.0912709356995593,-0.303642030474405,-1.17332181098952,-0.673923054752843,0.310705262178251,-1.1603681679367,-0.527680489439249,-0.177318504788345
"939",0,-0.346763866306412,-0.958925782669563,-0.175267190438608,0.773219575117836,-0.277043532629481,-0.416428649433891,-0.202577672174881,-0.0247411626405223,-0.314012775301545,0.44964680817177,0.325036110633647,0.711908011135486,1.29148053419773,-0.540830462877054,-0.1555961886108,-0.0445734002443183,1.56230462096456,0.92012536432158,-0.961657113219938,0.453222753078071,1.47361548608662,0.552265305433806,-0.113860786417039,-0.0382639442739243,0.656994267154709,0.924647769019562,0.811829186517271,1.00657188464015,1.03456347495617,0.241166055658687,-0.048236570436645,-0.0539306280597664,-0.639535815693025,-0.267195610195108,1.09627321067543,0.782595037246263,-1.22238085187086,-0.831486854781667,0,-0.0930309953194633,-0.481588184154324,0.247053209518791,1.20759188462151,0.95600658577301,0.0665678053471691,-0.797595882078731,-0.0998707974396848,-0.0692112518235939,-0.410266899197836,0.550851699251816,1.19219966462977,0.282212545796513,0.404108169750904,-0.159645077646464,-0.202993708003753,-0.0191459895266863,-0.303642030474405,-0.772979593369162,0.0152822700148413,0.569187548750011,0.902147329875462,-0.281918760399022,-0.177318504788345
"940",0,-0.346763866306412,0.115841786710785,0.524013130597061,0.994701386553687,1.03325337688534,0.846901951553136,-0.135962069060475,-0.0247411626405223,-0.640995384823577,0.082906105558388,0.0768464655884069,0.501133233237465,1.29148053419773,0.858438221619707,-0.1555961886108,-0.0445734002443183,-0.741918245459386,-1.62956752949562,-0.773786260630097,0.289871009436705,1.20686238154437,0.270524592507076,-0.113860786417039,-0.0382639442739243,-0.759253601238671,-1.36765647399252,-0.543969598576446,0.84073139286081,1.03456347495617,-0.10325500830788,-0.048236570436645,-0.0330109162638679,-0.166563572582937,0.372213079621086,1.09627321067543,0.950766487281889,1.1603029827845,1.74892492560078,0,-0.0930309953194633,-0.481588184154324,-0.676594605621874,0.749808109618571,0.480805052473791,-0.793084723013613,-0.190021797156346,-0.0998707974396848,-0.0692112518235939,-0.410266899197836,-0.680633513211668,1.19219966462977,-0.895344039415955,-1.55967039733413,-0.767532904424768,-0.202993708003753,-0.0191459895266863,-0.303642030474405,0.628218168302089,0.245017378270736,-1.90132685052012,-1.1603681679367,-0.527680489439249,-0.177318504788345
"941",0,-0.346763866306412,-0.800494545749043,-0.641454071129054,0.551737763681986,-0.0981330258801679,-0.416428649433891,-0.135962069060475,-0.0247411626405223,-0.640995384823577,-0.467204948361685,0.387258501716207,-0.34196587835462,0.954850638278565,-0.294464016843139,-0.1555961886108,-0.0445734002443183,-0.983535365608043,-1.11962895073218,1.22670964665357,-1.18029468333559,1.24678870278565,0.340013269801438,-0.113860786417039,-0.0382639442739243,-0.997953328153296,-1.53139249135053,-0.205019902303017,0.688959538672687,1.36852100217096,0.443529453395639,-0.048236570436645,-0.0330109162638679,-0.639535815693025,-1.2263086449194,-1.47909877630812,-1.23546236318125,0.649727875358349,0.602075245430805,0,-0.0930309953194633,-0.481588184154324,-0.52265330309843,-1.12171262543579,-1.26160056962335,-0.105362700324987,0.847519507442012,-0.0998707974396848,-0.0692112518235939,1.04245566330703,1.25455753494524,-0.75218129333123,-1.45788194973929,0.374904974044092,0.44824274913184,-0.202993708003753,-0.0191459895266863,-0.303642030474405,-0.97315070217934,-0.444187946496948,0.508752131666208,0.400554777788022,-0.281918760399022,-0.177318504788345
"942",0,-0.346763866306412,-0.0991117271652847,-0.641454071129054,0.108774140810285,1.69097204161296,2.22342577889064,-0.135962069060475,-0.0247411626405223,-0.640995384823577,0.44964680817177,1.06960504576937,1.13345756693153,1.29148053419773,1.67646755142818,-0.1555961886108,-0.0445734002443183,-0.741918245459386,-1.11962895073218,-0.624985304008629,-0.363535965128757,1.24678870278565,1.31465642572641,-0.113860786417039,-0.0382639442739243,-0.759253601238671,-1.53139249135053,-1.05239414298659,0.37134719270522,1.36852100217096,2.0838828385062,-0.048236570436645,-0.0330109162638679,-0.639535815693025,-0.906604300011301,1.09627321067543,0.950766487281889,0.649727875358349,0.602075245430805,0,-0.0930309953194633,-0.481588184154324,-0.52265330309843,1.20759188462151,0.79760607467327,-1.48080674570224,-0.797595882078731,-0.0998707974396848,-0.0692112518235939,-0.410266899197836,-0.856559972135023,1.19219966462977,-0.895344039415955,-1.55967039733413,-0.767532904424768,-0.202993708003753,-0.0191459895266863,-0.303642030474405,0.227875950681732,-0.214452838241053,-2.26390404116519,-1.1603681679367,-0.527680489439249,-0.150095319111954
"943",0,-0.346763866306412,-0.529018754917424,0.0578262499066152,0.773219575117836,-0.455954039378794,-0.416428649433891,-0.135962069060475,-0.0247411626405223,-0.264531441638302,0.633017159478461,0.821415400724128,0.711908011135486,-0.728298841317257,-0.540830462877054,-0.1555961886108,-0.0445734002443183,-0.0188418729168968,1.09010489057606,1.39504555125922,-1.01694293969422,-1.29347794903808,-0.574697546273115,-0.113860786417039,-0.0382639442739243,0.205761381295462,1.08838378637757,0.605022249911884,-0.740296018180913,-0.969181688332602,-0.376647239159639,-0.048236570436645,-0.0330109162638679,-0.0211034405390152,1.33132611434538,0.291469464743071,-0.906312307741893,-0.201230637018563,2.03563734564328,0,-0.0930309953194633,0.19104829105235,1.47858362970634,-0.811138690761479,-1.26160056962335,-0.4492237116693,2.17371730844006,-0.0998707974396848,-0.0692112518235939,-0.410266899197836,0.550851699251816,0.220009185649271,-1.0828566761904,0.29654243467861,1.25875985150291,-0.202993708003753,-0.0191459895266863,-0.440498036809017,-0.97315070217934,0.0556771809636136,0.310705262178251,0.558394746906768,0.209604697681432,-0.177318504788345
"944",0,-0.346763866306412,-0.958925782669563,-0.175267190438608,-1.22011672780482,-0.992685559626734,-0.416428649433891,-0.135962069060475,-0.0525224841811277,-0.716630414897977,-0.445887816918149,0.325036110633647,-1.81738932364077,-1.40155863315559,-0.540830462877054,-0.109410054523505,-0.0445734002443183,-0.741918245459386,0.58016631181262,-0.119977590191666,-1.18029468333559,-1.29347794903808,-0.574697546273115,-0.113860786417039,-0.0382639442739243,-0.43758194039396,0.59717573430355,-1.39134383926002,-1.53432688309958,-1.3031392155474,-0.650039470011399,-0.049335153206293,-0.0330109162638679,-0.33031962811602,0.691917424529183,-1.47909877630812,-1.06729091314562,-1.05218914939548,-0.831486854781667,0,-0.0930309953194633,-0.145269946550987,0.708877117089123,0.586444015272899,-0.352160960671944,-0.799844845806063,1.48802964908957,-0.0998707974396848,-0.0692112518235939,-0.410266899197836,0.726778158175171,0.997761568833671,-0.895344039415955,-0.884683912965861,2.27190622946675,3.48584559505782,-0.0191459895266863,-0.303642030474405,-0.97315070217934,0.245017378270736,0.904845870642121,0.902147329875462,1.68417507192279,0.697813577192196
"945",0,-0.346763866306412,-0.529018754917424,-0.175267190438608,0.773219575117836,-0.0981330258801679,-0.416428649433891,-0.256832252690884,-0.0318401196839718,-0.314012775301545,0.082906105558388,-0.667722469547314,-0.131191100456599,1.12316558623815,-0.294464016843139,-0.1555961886108,-0.0445734002443183,0.410193187752585,0.7501458380671,-0.740039584987837,-0.200184221487392,1.24678870278565,0.270524592507076,-0.113860786417039,-0.0382639442739243,-0.43758194039396,0.760911751661556,-0.205019902303017,0.212541019721487,1.36852100217096,-0.10325500830788,-0.048236570436645,-0.0330109162638679,-0.639535815693025,-1.06645647246535,-0.835255779562232,-1.23546236318125,-0.0310389345431809,1.46221250555829,0,-0.0930309953194633,-0.658005261084351,-0.984477210668762,-1.12171262543579,-1.26160056962335,-0.105362700324987,1.03090454285591,-0.0998707974396848,-0.182493387303294,-0.410266899197836,-1.38433934890509,-1.52993367651563,-1.64539458651373,0.634035676862745,0.426860695823927,-0.202993708003753,-0.0191459895266863,-0.303642030474405,-0.772979593369162,0.474752486526631,0.310705262178251,0.730271038391115,-0.527680489439249,-0.487612766803717
"946",0,-0.346763866306412,1.4055628699672,0.990200011287507,0.551737763681986,-0.277043532629481,-0.593393282441711,-0.209634974238148,-0.0247411626405223,-0.0601821558539618,0.999757862091843,1.06960504576937,1.13345756693153,-0.391668945398093,-0.540830462877054,-0.1555961886108,-0.0445734002443183,-0.741918245459386,0.41018678555814,1.56338145586488,1.43333321492626,-0.658411286082146,-0.574697546273115,-0.113860786417039,-0.0382639442739243,-0.759253601238671,0.924647769019562,1.84205839254937,1.00657188464015,-0.679236256975638,-0.650039470011399,-0.048236570436645,-0.0330109162638679,-0.639535815693025,1.33132611434538,1.86403900631397,0.950766487281889,-0.881997446920094,-0.831486854781667,0,-0.0930309953194633,0.863684766259023,1.47858362970634,1.36287885195866,1.11440709687275,-0.96501522868577,-0.797595882078731,-0.0998707974396848,-0.0692112518235939,0.0739739549704533,1.07863107602188,1.19219966462977,1.16729496510292,-0.715937291873794,-0.767532904424768,-0.482812725595082,-0.0191459895266863,-0.303642030474405,1.01841056801282,0.93422270303842,0.904845870642121,0.558394746906768,-0.527680489439249,-0.177318504788345
"947",0,-0.346763866306412,0.115841786710785,0.990200011287507,-0.380487777825446,-0.634864546128108,-0.416428649433891,-0.135962069060475,-0.0247411626405223,-0.314012775301545,0.082906105558388,1.06960504576937,0.922682789033507,-1.15268833069501,-0.540830462877054,-0.137859948244217,-0.0445734002443183,2.42638819587353,1.09010489057606,1.56338145586488,1.43333321492626,-0.975944617560112,-0.574697546273115,-0.140089679307167,-0.0382639442739243,1.17077636382959,0.269703699587538,0.303404642107127,1.00657188464015,0.700605947741373,-0.376647239159639,-0.048236570436645,-0.0330109162638679,-0.639535815693025,-1.2263086449194,-1.31813802712165,0.614423587210637,1.1603029827845,1.17550008551579,0,-0.332039786071593,-0.560571940455803,-0.984477210668762,-1.12171262543579,-0.311197503024907,1.27008134505226,2.17371730844006,-0.0998707974396848,-0.0692112518235939,-0.410266899197836,-1.38433934890509,-1.91880986810783,-0.520318765867068,1.14027554013895,2.47453550505952,0.698667678470914,-0.0191459895266863,-0.303642030474405,-0.772979593369162,0.0152822700148413,0.904845870642121,1.4177762043285,1.24607854276647,0.697813577192196
"948",0,1.88237474806379,1.43018035789077,0.990200011287507,0.994701386553687,1.86988254836228,1.63679146148519,-0.135962069060475,0.399177855151271,3.93676114848487,0.999757862091843,0.821415400724128,-0.143926223225577,0.786535690318983,0.691001767292522,-0.1555961886108,-0.0445734002443183,2.71441605417653,0.92012536432158,-0.961657113219938,-1.18029468333559,-1.29347794903808,-0.574697546273115,-0.113860786417039,-0.0382639442739243,0.527433042140173,1.08838378637757,-0.374494750439731,-1.53432688309958,-1.3031392155474,-0.650039470011399,-0.048236570436645,-0.0330109162638679,-0.639535815693025,1.33132611434538,-0.191412782816345,-1.73997671328813,-1.02279304279607,-0.831486854781667,0,-0.262361096031079,-0.481588184154324,1.3246423271829,0.275870080598593,-1.26160056962335,-1.17824363256478,-0.797595882078731,0.0792091385310163,-0.0692112518235939,-0.410266899197836,0.726778158175171,0.803323473037571,-1.83290722328817,-1.55967039733413,-0.767532904424768,-0.202993708003753,-0.0191459895266863,-0.303642030474405,1.82924482116316,-1.13339327126463,-2.26390404116519,-1.1603681679367,-0.527680489439249,-0.177318504788345
"949",0,-0.346763866306412,0.330795300586854,0.0578262499066152,0.330255952246136,-0.813775052877421,-0.416428649433891,-0.135962069060475,-0.0247411626405223,1.32090027230862,0.999757862091843,-1.41229140468304,-0.552740656252641,-0.223353997438511,-0.540830462877054,-0.1555961886108,-0.0445734002443183,-0.741918245459386,1.09010489057606,0.553366028230951,0.616574496719437,-0.0233446231262145,-0.574697546273115,-0.113860786417039,-0.0382639442739243,-0.759253601238671,-0.22150435248648,0.981304034653986,1.00657188464015,-0.46824539751041,-0.650039470011399,-0.048236570436645,-0.0330109162638679,-0.639535815693025,0.372213079621086,0.935312461488958,0.278080687139385,0.819919577833732,0.177308525265724,0,-0.0930309953194633,-0.481588184154324,1.3246423271829,-0.0347038540757136,-0.414785795742054,0.410428816691482,0.80234198973908,-0.0998707974396848,-0.120149754114485,-0.410266899197836,1.25455753494524,-0.36330510173903,-0.332806129092624,0.971528919046879,0.650872024724607,-0.133441416565689,-0.0191459895266863,-0.50534556682099,0.027704841871553,0.0152822700148413,0.112658392690295,0.214642163938074,-0.281918760399022,-0.177318504788345
"950",0,1.88237474806379,1.4055628699672,0.677328446456609,0.994701386553687,0.841990441042954,-0.123111490731166,-0.135962069060475,-0.0247411626405223,2.95581331991878,0.816387510785152,-1.90867069477352,-1.60661454574275,1.29148053419773,1.18373465936035,-0.1555961886108,0.151225624523817,1.27427676266156,0.24020725930366,-1.00178915591909,0.943277984002168,0.7704887055687,-0.574697546273115,-0.113860786417039,-0.0382639442739243,-0.759253601238671,-1.53139249135053,0.133929793970413,1.00657188464015,1.20154223856357,0.17013722254388,-0.048236570436645,-0.0677629935268027,-0.639535815693025,-1.2263086449194,-1.31813802712165,-1.06729091314562,0.819919577833732,2.32234976568577,0,-0.0930309953194633,1.1301857294182,-0.368712000574986,-1.12171262543579,-1.26160056962335,0.582359322363638,1.94515475532323,-0.0998707974396848,0.506892142493252,3.46365993414848,1.07863107602188,-1.91880986810783,-1.27036931296484,0.708798363508066,0.245613473539072,-0.202993708003753,-0.0191459895266863,2.7937310463969,1.4289026035428,0.93422270303842,0.904845870642121,0.558394746906768,-0.527680489439249,-0.177318504788345
"951",0,-0.346763866306412,0.115841786710785,0.290919690251838,0.551737763681986,-0.455954039378794,-0.416428649433891,-0.135962069060475,-0.0247411626405223,1.64788288183065,0.816387510785152,-0.915912114592555,-0.34196587835462,0.618220742359401,-0.540830462877054,-0.1555961886108,-0.0445734002443183,0.986248904358571,0.92012536432158,-0.28831349479732,-0.526887708770123,1.24678870278565,-0.292956833346385,-0.113860786417039,-0.0382639442739243,-0.182033874047832,-0.22150435248648,1.1507788827907,1.00657188464015,1.36852100217096,0.990313915099158,-0.048236570436645,-0.0887427223330369,-0.639535815693025,-1.2263086449194,0.291469464743071,0.950766487281889,0.479536172882967,-0.831486854781667,0,-0.190149693595839,-0.481588184154324,-0.214770698051542,1.20759188462151,0.164004030274312,1.09815083938011,-0.797595882078731,-0.0998707974396848,-0.0800001789141113,-0.297786668246162,0.374925240328461,0.608885377241471,-1.64539458651373,1.14027554013895,0.0429841979463036,-0.202993708003753,-0.0191459895266863,-0.303642030474405,-0.172466266938626,0.0152822700148413,0.904845870642121,1.4177762043285,-0.0361570313587953,-0.177318504788345
"952",0,0.767805440878689,1.62051638384327,0.990200011287507,0.994701386553687,1.86988254836228,0.756839985377011,-0.135962069060475,0.0687603350546599,0.487220722718762,0.082906105558388,0.0768464655884069,0.501133233237465,1.29148053419773,0.444635321258607,-0.1555961886108,-0.0445734002443183,-0.281810301463377,-1.62956752949562,-1.12999301782559,0.943277984002168,0.452955374090734,-0.574697546273115,-0.113860786417039,-0.0382639442739243,-0.759253601238671,0.269703699587538,1.1507788827907,1.00657188464015,1.36852100217096,1.26370614595092,-0.048236570436645,-0.0330109162638679,-0.639535815693025,0.532065252075134,0.935312461488958,0.614423587210637,0.649727875358349,1.46221250555829,0,-0.0930309953194633,-0.481588184154324,-0.984477210668762,1.36287885195866,-0.152796991925168,-1.18171508886518,-0.797595882078731,-0.141876824229064,-0.0692112518235939,-0.410266899197836,0.198998781405106,1.19219966462977,-1.64539458651373,-1.57392292501048,-0.767532904424768,-0.202993708003753,-0.0191459895266863,-0.303642030474405,1.62907371235298,-0.444187946496948,-2.26390404116519,-1.1603681679367,-0.527680489439249,-0.177318504788345
"953",0,-0.346763866306412,-0.958925782669563,0.178701491788147,0.330255952246136,-0.813775052877421,-0.416428649433891,-0.135962069060475,-0.0247411626405223,-0.640995384823577,0.082906105558388,-0.171343179456834,0.501133233237465,0.113275898480654,-0.540830462877054,-0.1555961886108,-0.0445734002443183,-0.1658625288534,0.92012536432158,-1.12999301782559,-0.526887708770123,1.24678870278565,0.552265305433806,-0.113860786417039,-0.0382639442739243,1.81411968551902,0.821891308194692,-1.56081868739673,-1.53432688309958,0.867584711348771,0.990313915099158,-0.048236570436645,-0.0330109162638679,0.906545122192,0.691917424529183,-1.47909877630812,-1.73997671328813,-0.0310389345431809,1.46221250555829,0,-0.0930309953194633,-0.481588184154324,1.3246423271829,-0.655851723424326,-1.26160056962335,-0.105362700324987,1.03090454285591,-0.0998707974396848,-0.0692112518235939,-0.66273437546915,0.807213664687176,0.803323473037571,-1.0828566761904,0.29654243467861,0.650872024724607,-0.202993708003753,-0.0191459895266863,-0.303642030474405,-1.17332181098952,-0.214452838241053,0.50319472908428,1.07402362135981,-0.0361570313587953,-0.177318504788345
"954",0,-0.370621513458003,-0.958925782669563,-0.175267190438608,0.728472459861851,0.796419507866398,0.756839985377011,-0.135962069060475,-0.0247411626405223,-0.640995384823577,-0.467204948361685,1.06960504576937,1.13345756693153,1.29148053419773,2.41556688952993,-0.1555961886108,-0.0445734002443183,-0.453890387156393,0.92012536432158,1.22670964665357,1.10662972764353,1.24678870278565,2.80619100884765,-0.113860786417039,-0.0382639442739243,1.49244802467431,1.08838378637757,1.1507788827907,1.00657188464015,1.55117365540162,1.53709837680268,-0.048236570436645,-0.0330109162638679,-0.639535815693025,-0.586899955103205,-0.996216528748704,-0.394605113003119,1.1603029827845,-0.544774434739172,0,-0.0930309953194633,-0.481588184154324,-1.23452716359708,-1.36199013214391,0.913889612468718,0.582359322363638,-0.797595882078731,-0.0998707974396848,-0.0692112518235939,-0.410266899197836,-1.49118936753762,-0.75218129333123,1.16729496510292,-0.0409508075055244,-0.767532904424768,-0.198852553884053,-0.0912709356995593,-0.303642030474405,-0.772979593369162,0.93422270303842,-0.877575954749489,-1.1603681679367,-0.527680489439249,-0.177318504788345
"955",0,-0.346763866306412,-1.15680065584821,-1.80692127285517,0.330255952246136,0.0807774808691453,-0.416428649433891,-0.135962069060475,-0.0247411626405223,-0.640995384823577,-1.93416775881521,-0.171343179456834,1.13345756693153,0.618220742359401,-0.540830462877054,-0.1555961886108,-0.111531751188364,-0.741918245459386,-0.26973131945978,1.56338145586488,1.43333321492626,0.294188708351751,-0.574697546273115,-0.113860786417039,-0.0382639442739243,1.17077636382959,1.08838378637757,1.1507788827907,0.89330950492199,-0.301266633903012,-0.650039470011399,-0.048236570436645,-0.0330109162638679,0.906545122192,0.691917424529183,0.452430213929543,0.950766487281889,-1.05218914939548,-0.831486854781667,0,-0.0930309953194633,-0.481588184154324,-0.984477210668762,0.431157047935746,1.11440709687275,-1.48080674570224,-0.797595882078731,-0.0998707974396848,-0.0136092638800609,-0.410266899197836,-1.38433934890509,0.0255710898531705,0.792269691554037,-1.55967039733413,-0.767532904424768,-0.00159130048702994,-0.0191459895266863,-0.303642030474405,-1.17332181098952,-1.59286348777642,0.904845870642121,-0.816615584968009,-0.527680489439249,-0.177318504788345
"956",0,-0.17126578028354,0.760702328338993,0.757106570942284,0.994701386553687,0.438598494367772,-0.416428649433891,-0.135962069060475,-0.0247411626405223,-0.640995384823577,-0.0480344034943639,-0.755483357720584,-0.34196587835462,1.12316558623815,-0.294464016843139,-0.1555961886108,-0.0445734002443183,-0.672930538850124,-1.62956752949562,-1.12999301782559,0.289871009436705,0.611722039829717,-0.574697546273115,-0.1752967096713,-0.0382639442739243,-0.759253601238671,-0.712712404560498,0.642354338380556,1.00657188464015,0.867584711348771,0.17013722254388,0.0179158530347661,-0.0887427223330369,-0.639535815693025,-1.06645647246535,0.291469464743071,0.614423587210637,-0.881997446920094,-0.258062014696678,0,-0.131359525837392,-0.481588184154324,-0.984477210668762,0.626240963158856,-0.627998525224387,-1.48080674570224,-0.797595882078731,-0.0998707974396848,-0.0692112518235939,-0.31144052128011,-0.328780595364958,1.19219966462977,-1.27036931296484,-1.55967039733413,-0.767532904424768,-0.202993708003753,-0.0191459895266863,-0.303642030474405,0.828389277112268,0.0152822700148413,-2.26390404116519,-1.25747319983992,-0.527680489439249,-0.177318504788345
"957",0,-0.346763866306412,0.330795300586854,0.524013130597061,-1.22011672780482,-0.992685559626734,-0.416428649433891,-0.135962069060475,-0.0247411626405223,0.993917662786584,0.999757862091843,-0.667722469547314,0.501133233237465,-0.89661378927684,-0.540830462877054,-0.1555961886108,-0.0445734002443183,1.56230462096456,0.41018678555814,-1.12999301782559,-0.363535965128757,0.0727245111173551,-0.574697546273115,-0.113860786417039,-0.0382639442739243,1.2106257165871,0.433439716945544,-1.56081868739673,-1.53432688309958,0.533627184133976,0.990313915099158,-0.048236570436645,-0.0330109162638679,1.21576130976901,0.691917424529183,-1.47909877630812,-1.73997671328813,0.505385509188648,1.17550008551579,0,-0.0930309953194633,-0.145269946550987,1.3246423271829,-0.693882022948453,-1.10320005852361,1.09815083938011,0.34521688350542,0.0451794925598007,-0.0692112518235939,-0.410266899197836,0.902704617098525,-0.55774319753513,0.604757054779594,0.29654243467861,-0.767532904424768,-0.202993708003753,-0.0191459895266863,-0.303642030474405,-0.372637375748804,0.704487594782526,-0.0853884767976621,-1.1603681679367,-0.527680489439249,-0.177318504788345
"958",0,2.99694405524889,1.83546989771934,0.990200011287507,-1.66308035067652,-0.992685559626734,-0.416428649433891,-0.135962069060475,-0.0247411626405223,1.97486549135268,-0.100464245748303,-0.171343179456834,0.0795836774414227,-1.40155863315559,-0.540830462877054,-0.1555961886108,-0.0445734002443183,0.698221046055578,-0.0997517932053001,-1.12999301782559,0.943277984002168,-0.975944617560112,-0.574697546273115,-0.113860786417039,-0.0382639442739243,-0.759253601238671,-1.53139249135053,-1.56081868739673,0.37134719270522,-0.635224161117807,-0.650039470011399,-0.048236570436645,-0.0330109162638679,-0.639535815693025,-1.2263086449194,-0.116469477030029,0.782595037246263,-1.39257255434624,-0.831486854781667,0,-0.0930309953194633,-0.481588184154324,-0.984477210668762,1.05230491728436,0.480805052473791,-1.48080674570224,-0.797595882078731,-0.0998707974396848,-0.0850441479080186,0.472748658433769,0.902704617098525,1.19219966462977,0.792269691554037,0.465289055770677,0.44824274913184,-0.202993708003753,-0.0502487751124888,1.76127335410647,1.22873149473262,0.0152822700148413,0.112658392690295,0.902147329875462,2.17569853000325,1.01670769007853
"959",0,-0.346763866306412,-0.0991117271652847,-0.175267190438608,-2.54900759641992,-0.992685559626734,-0.416428649433891,-0.135962069060475,-0.0247411626405223,-0.640995384823577,0.44964680817177,-1.41229140468304,-2.23893887943681,-1.40155863315559,-0.540830462877054,-0.1555961886108,-0.0445734002443183,-0.1658625288534,1.09010489057606,-0.456649399402975,-1.18029468333559,-1.06858094150032,-0.574697546273115,-0.113860786417039,-0.0382639442739243,1.81411968551902,0.59717573430355,-1.56081868739673,-1.53432688309958,-1.3031392155474,-0.650039470011399,-0.049335153206293,-0.0330109162638679,1.83419368492302,1.33132611434538,0.935312461488958,0.278080687139385,-0.541614041969328,-0.831486854781667,0,-0.0930309953194633,2.20895771667237,1.47858362970634,1.05230491728436,0.63920556357353,0.700648239145891,-0.340470775845071,-0.0998707974396848,-0.0692112518235939,0.558214809138742,1.43048399386859,0.414447281445371,-0.895344039415955,1.14027554013895,0.0378022278703719,-0.202993708003753,-0.0191459895266863,-0.0660739644151139,-0.172466266938626,0.474752486526631,0.706799001154165,0.558394746906768,-0.527680489439249,-0.177318504788345
"960",0,-0.346763866306412,-1.17387929654563,-1.76563535099979,0.994701386553687,0.975330014615711,-0.123111490731166,-0.135962069060475,-0.0247411626405223,-0.640995384823577,-1.93416775881521,-0.915912114592555,1.13345756693153,1.29148053419773,-0.294464016843139,-0.1555961886108,-0.0445734002443183,-0.741918245459386,-1.62956752949562,0.385030123625297,1.43333321492626,0.929255371307683,-0.574697546273115,-0.116373301265267,-0.0382639442739243,0.167691680544202,-0.385240369844486,1.1507788827907,1.00657188464015,0.533627184133976,-0.650039470011399,-0.048236570436645,-0.0330109162638679,2.14340987250002,1.33132611434538,1.09627321067543,0.950766487281889,-0.201230637018563,-0.831486854781667,0,-0.0930309953194633,-0.145269946550987,0.247053209518791,-0.189990821412867,1.27280760797249,-0.277293205997144,-0.797595882078731,-0.180517938432071,-0.0692112518235939,-0.410266899197836,-1.38433934890509,-0.94661938912733,1.16729496510292,-0.0409508075055244,-0.767532904424768,-0.202993708003753,-0.0191459895266863,-0.303642030474405,-1.17332181098952,-2.28206881254411,0.508752131666208,1.24589991284416,-0.281918760399022,-0.177318504788345
"961",0,-0.346763866306412,-1.17387929654563,-0.175267190438608,0.773219575117836,0.0807774808691453,-0.416428649433891,-0.135962069060475,-0.0247411626405223,-0.640995384823577,-0.687516924825708,0.896034855455743,1.13345756693153,0.449905794399818,-0.540830462877054,-0.1555961886108,-0.0445734002443183,-0.1658625288534,-0.468283598862833,1.56338145586488,1.43333321492626,0.611722039829717,-0.574697546273115,-0.113860786417039,-0.0382639442739243,-0.759253601238671,0.433439716945544,1.1507788827907,1.00657188464015,0.19966965691918,-0.650039470011399,-0.048236570436645,-0.0330109162638679,-0.639535815693025,-0.427047782649156,1.09627321067543,0.950766487281889,0.990111280309114,-0.544774434739172,0,-0.0930309953194633,-0.451222609692851,0.0931119069953467,1.36287885195866,-0.786399036324126,1.09815083938011,-0.340470775845071,-0.309443716550213,-0.0692112518235939,-0.410266899197836,-1.20841288998173,1.19219966462977,0.941559638007717,1.14027554013895,-0.397555867994824,-0.2083108041323,-0.0338432573430967,-0.303642030474405,-0.97315070217934,-0.335351841119057,0.706799001154165,0.0427658724537265,-0.527680489439249,-0.177318504788345
"962",0,-0.346763866306412,0.545748814462924,0.990200011287507,0.773219575117836,0.975330014615711,-0.416428649433891,-0.135962069060475,-0.0247411626405223,-0.640995384823577,-1.01731600228176,-1.1641017596378,0.0795836774414227,1.29148053419773,0.198268875224692,-0.1555961886108,-0.0152492710856271,-0.925013374933275,-1.56745491486479,-1.12999301782559,0.289871009436705,0.7704887055687,-0.574697546273115,-0.113860786417039,-0.0382639442739243,-0.759253601238671,-0.385240369844486,0.981304034653986,0.847765711656421,-0.46824539751041,-0.650039470011399,-0.049335153206293,-0.0330109162638679,-0.639535815693025,0.0525087347129891,0.774351712302486,0.950766487281889,0.819919577833732,0.315362825388311,0,-0.0930309953194633,-0.481588184154324,-0.984477210668762,0.431157047935746,0.164004030274312,-0.793084723013613,-0.569033328961901,-0.0998707974396848,-0.0692112518235939,-0.410266899197836,-0.680633513211668,0.803323473037571,-1.64539458651373,-1.55967039733413,-0.767532904424768,-0.202993708003753,-0.0191459895266863,-0.303642030474405,0.828389277112268,-0.036796831235088,-2.26390404116519,-1.1603681679367,-0.527680489439249,-0.177318504788345
"963",0,-0.346763866306412,-0.529018754917424,0.757106570942284,0.741911207467246,1.51206153486365,0.17020566797156,-0.135962069060475,-0.0247411626405223,0.33995244374252,0.816387510785152,0.325036110633647,-1.1850649899467,0.954850638278565,0.444635321258607,-0.1555961886108,-0.0445734002443183,0.410193187752585,0.92012536432158,0.15884688977127,0.453222753078071,0.897310461123126,0.552265305433806,-0.113860786417039,-0.0382639442739243,-0.759253601238671,-0.385240369844486,0.981304034653986,1.00657188464015,1.36852100217096,0.443529453395639,-0.048236570436645,-0.0330109162638679,-0.639535815693025,-1.37954812963309,-1.47909877630812,-1.73997671328813,0.479536172882967,0.315362825388311,0,-0.0930309953194633,-0.481588184154324,-0.984477210668762,-1.12171262543579,-1.26160056962335,0.410428816691482,0.34521688350542,-0.0998707974396848,-0.0692112518235939,0.558214809138742,0.0955269564052042,0.0255710898531705,-0.895344039415955,0.465289055770677,0.853501300317375,-0.202993708003753,-0.0191459895266863,-0.303642030474405,-0.172466266938626,0.245017378270736,0.904845870642121,1.24589991284416,0.701128155761885,-0.177318504788345
"964",0,-0.346763866306412,-0.314065241041354,0.524013130597061,-1.44159853924067,-0.992685559626734,-0.416428649433891,-0.152918308779922,-0.0247411626405223,-0.640995384823577,0.44964680817177,-1.1641017596378,0.0795836774414227,-0.728298841317257,-0.0480975708092236,-0.1555961886108,-0.0445734002443183,-0.1658625288534,0.58016631181262,-1.12999301782559,-0.200184221487392,0.929255371307683,0.552265305433806,0.00400625723496286,-0.0382639442739243,0.28552781710655,-0.057768335128474,-1.56081868739673,-1.05790836414838,1.03456347495617,1.26370614595092,-0.048236570436645,-0.0631779869705976,0.906545122192,0.0525087347129891,-1.47909877630812,-1.06729091314562,0.309344470407584,1.46221250555829,0,-0.0930309953194633,0.863684766259023,0.247053209518791,-1.12171262543579,-1.26160056962335,-1.30887624003008,1.94515475532323,-0.0998707974396848,-0.0436910947057408,0.0739739549704533,1.07863107602188,-1.52993367651563,-1.83290722328817,-0.176750988522625,0.650872024724607,-0.202993708003753,-0.0191459895266863,-0.303642030474405,-0.572808484558983,0.704487594782526,0.904845870642121,1.07402362135981,-0.0361570313587953,-0.177318504788345
"965",0,-0.346763866306412,0.115841786710785,0.524013130597061,-0.555671293497266,-0.992685559626734,-0.416428649433891,-0.135962069060475,-0.0247411626405223,0.0129698342204877,0.999757862091843,-0.915912114592555,0.501133233237465,-0.0550390494789284,-0.540830462877054,-0.1555961886108,0.113688856564934,0.986248904358571,0.41018678555814,-1.12999301782559,-0.853591196052854,0.611722039829717,-0.0112161204196545,-0.113860786417039,-0.0382639442739243,0.527433042140173,-0.057768335128474,-1.56081868739673,-1.53432688309958,-0.134287870295615,1.26370614595092,-0.048236570436645,-0.0330109162638679,1.21576130976901,0.691917424529183,-1.47909877630812,-1.73997671328813,-0.881997446920094,1.46221250555829,0,-0.0930309953194633,1.5363212414657,1.3246423271829,-0.603825193706142,-1.26160056962335,-0.96501522868577,1.25946709597274,-0.0298452898381814,-0.0692112518235939,-0.410266899197836,1.25455753494524,-0.75218129333123,-1.0828566761904,-0.209697428597592,1.46138912709568,-0.202993708003753,-0.0191459895266863,-0.303642030474405,0.027704841871553,0.614848939409972,0.904845870642121,0.902147329875462,-0.281918760399022,-0.177318504788345
"966",0,-0.346763866306412,-0.958925782669563,-0.175267190438608,0.551737763681986,0.096693238207923,-0.416428649433891,-0.135962069060475,-0.0247411626405223,-0.314012775301545,-0.650575299668376,0.807590094330772,0.711908011135486,1.12316558623815,-0.294464016843139,-0.0950206111116271,-0.0445734002443183,0.986248904358571,0.58016631181262,-1.12999301782559,-1.18029468333559,0.542639802639999,0.834006018360537,-0.113860786417039,-0.0382639442739243,1.81411968551902,-0.057768335128474,-1.56081868739673,-1.53432688309958,-0.635224161117807,1.53709837680268,-0.048236570436645,-0.0330109162638679,0.906545122192,0.575368369059826,-1.47909877630812,-1.73997671328813,-0.881997446920094,1.46221250555829,0,-0.0930309953194633,-0.145269946550987,1.3246423271829,-0.811138690761479,-0.570928749292107,0.238498311019326,0.532131428921506,-0.0998707974396848,-0.0692112518235939,-0.410266899197836,0.198998781405106,1.19219966462977,1.16729496510292,1.14027554013895,-0.251827423912014,-0.202993708003753,-0.0191459895266863,-0.303642030474405,-0.97315070217934,0.0152822700148413,0.475248771280264,0.386518455422421,-0.527680489439249,-0.177318504788345
"967",0,-0.319073378550693,0.545748814462924,0.990200011287507,0.773219575117836,0.317744001598386,-0.416428649433891,-0.135962069060475,-0.0247411626405223,-0.640995384823577,0.633017159478461,-0.335973160047046,0.0795836774414227,1.12316558623815,-0.540830462877054,-0.1555961886108,-0.0445734002443183,-0.267076965148872,1.09010489057606,-0.793321208614283,-1.18029468333559,-0.0233446231262145,0.552265305433806,-0.113860786417039,-0.0382639442739243,-0.115910279549249,0.433439716945544,-1.56081868739673,-1.53432688309958,0.032690893311783,0.990313915099158,-0.048236570436645,-0.0330109162638679,0.28811274703799,0.532065252075134,-1.47909877630812,-1.73997671328813,0.309344470407584,0.602075245430805,0,-0.0930309953194633,0.527366528655686,0.862818419612568,-1.12171262543579,-0.454886827540602,1.09815083938011,-0.569033328961901,-0.0998707974396848,-0.0692112518235939,0.0739739549704533,1.25455753494524,-1.52993367651563,0.792269691554037,-0.209697428597592,-0.767532904424768,-0.202993708003753,-0.0191459895266863,-0.303642030474405,0.227875950681732,0.55642554187645,0.112658392690295,-1.1603681679367,-0.527680489439249,-0.11735006299437
"968",0,-0.346763866306412,0.574164350540375,0.990200011287507,0.108774140810285,-0.992685559626734,-0.416428649433891,-0.135962069060475,-0.0247411626405223,0.666935053264552,0.999757862091843,0.160031218751418,1.13345756693153,-0.391668945398093,-0.540830462877054,-0.1555961886108,-0.0445734002443183,-0.453890387156393,-0.26973131945978,-1.12999301782559,1.02752595250147,-0.0233446231262145,-0.574697546273115,-0.113860786417039,-0.0382639442739243,-0.759253601238671,-1.53139249135053,-1.04845950015108,0.847765711656421,-0.46824539751041,-0.650039470011399,-0.049335153206293,-0.0330109162638679,-0.639535815693025,-1.2263086449194,-0.996216528748704,0.950766487281889,-1.05218914939548,-0.831486854781667,0,-0.0930309953194633,-0.481588184154324,0.247053209518791,1.36287885195866,0.00560351917457189,-1.48080674570224,-0.797595882078731,-0.0998707974396848,-0.0692112518235939,1.04245566330703,1.43048399386859,1.19219966462977,1.16729496510292,0.634035676862745,-0.362274353239232,-0.202993708003753,-0.0191459895266863,-0.174379363011075,0.42804705949191,-0.673923054752843,1.0651257966387,1.58965249581285,0.455366426721658,-0.177318504788345
"969",0,-0.346763866306412,-1.17387929654563,-0.874547511474277,0.994701386553687,-0.153786296159054,-0.273716292384008,-0.135962069060475,-0.0247411626405223,-0.640995384823577,-1.93416775881521,-0.14206507812063,1.13345756693153,-1.06492873723642,-0.540830462877054,-0.1555961886108,-0.0445734002443183,-0.741918245459386,-1.04637990630644,1.39504555125922,0.943277984002168,-1.29347794903808,-0.574697546273115,-0.113860786417039,-0.0382639442739243,-0.759253601238671,-0.057768335128474,0.705799139346012,-1.05790836414838,-0.802202924725205,-0.376647239159639,-0.048236570436645,-0.0330109162638679,-0.33031962811602,1.01162176943728,0.291469464743071,-1.06729091314562,1.1603029827845,1.17550008551579,0,2.99828810216341,3.55423066708572,1.47858362970634,1.05230491728436,0.95600658577301,0.989644296420135,-0.340470775845071,-0.0998707974396848,3.74986562380231,4.91638249665334,0.726778158175171,0.803323473037571,1.16729496510292,0.0625689726660619,-0.410593047951671,0.0251670707851343,-0.0191459895266863,-0.303642030474405,-1.17332181098952,-0.943179506305543,0.904845870642121,-0.300986710514968,-0.527680489439249,-0.177318504788345
"970",0,0.767805440878689,0.760702328338993,0.757106570942284,-1.44159853924067,-0.992685559626734,-0.416428649433891,-0.135962069060475,-0.0247411626405223,0.666935053264552,0.999757862091843,0.821415400724128,0.781719330296217,-1.40155863315559,-0.540830462877054,-0.1555961886108,-0.0445734002443183,0.128276853906918,-1.28960847698666,-0.961657113219938,1.2699814712849,-0.975944617560112,-0.574697546273115,-0.113860786417039,-0.0382639442739243,-0.759253601238671,-1.53139249135053,-1.56081868739673,1.00657188464015,-1.3031392155474,-0.650039470011399,-0.048236570436645,-0.0330109162638679,-0.490320152117308,-1.2263086449194,-0.67429503037576,0.446252137175011,-1.52620433658396,-0.831486854781667,0,-0.0930309953194633,-0.481588184154324,-0.368712000574986,1.20759188462151,-0.786399036324126,-1.48080674570224,-0.569033328961901,-0.0998707974396848,-0.0692112518235939,-0.410266899197836,0.726778158175171,1.19219966462977,0.41724441800515,0.802782297954812,0.0429841979463036,-0.202993708003753,-0.0191459895266863,-0.303642030474405,1.02856038592245,0.93422270303842,0.310705262178251,0.386518455422421,-0.0361570313587953,0.0160347885728169
"971",0,-0.346763866306412,1.4055628699672,0.990200011287507,-1.22011672780482,-0.992685559626734,-0.416428649433891,-0.135962069060475,-0.0247411626405223,1.32090027230862,0.999757862091843,-0.171343179456834,0.922682789033507,-0.559983893357675,-0.72354140467299,-0.1555961886108,-0.0445734002443183,1.56230462096456,0.95503087524257,-1.12999301782559,0.616574496719437,1.08802203704667,-0.292956833346385,-0.113860786417039,-0.0382639442739243,1.81411968551902,0.760911751661556,-1.56081868739673,-1.21671453713211,1.36852100217096,0.716921684247398,-0.048236570436645,-0.0330109162638679,1.83419368492302,1.01162176943728,-1.47909877630812,-1.73997671328813,0.479536172882967,1.17550008551579,0,-0.0930309953194633,1.20000300386236,1.47858362970634,-0.811138690761479,-1.10320005852361,1.27008134505226,0.116654330388589,-0.0998707974396848,-0.0692112518235939,1.04245566330703,1.25455753494524,0.0255710898531705,0.394847494779111,0.878387338414633,-0.362274353239232,-0.202993708003753,-0.0191459895266863,-0.303642030474405,0.027704841871553,0.0152822700148413,-0.283435346285619,-0.988491876452356,-0.527680489439249,-0.177318504788345
"972",0,-0.350709570607721,-1.17387929654563,-0.408360630783831,0.773219575117836,-0.455954039378794,-0.416428649433891,-0.135962069060475,-0.0247411626405223,0.0129698342204877,0.082906105558388,0.821415400724128,0.290358455339444,0.618220742359401,-0.540830462877054,-0.1555961886108,-0.0445734002443183,0.698221046055578,1.09010489057606,-0.456649399402975,-1.18029468333559,0.294188708351751,0.552265305433806,0.122810123558957,-0.0382639442739243,1.49244802467431,0.760911751661556,-1.44963558160708,-1.53432688309958,-0.301266633903012,0.990313915099158,-0.048236570436645,-0.0330109162638679,1.52497749734601,0.532065252075134,-1.47909877630812,-1.73997671328813,-0.0310389345431809,0.602075245430805,0,-0.377446880710436,-0.481588184154324,0.478102104910066,-0.731697484973784,-1.05054837738825,0.410428816691482,0.34521688350542,-0.0998707974396848,-0.0692112518235939,-0.333150097292856,0.198998781405106,0.608885377241471,-0.332806129092624,0.971528919046879,-0.362274353239232,-0.202993708003753,-0.0191459895266863,-0.303642030474405,-0.97315070217934,-0.214452838241053,0.904845870642121,0.214642163938074,-0.527680489439249,-0.177318504788345
"973",0,-0.196048084016666,-1.17387929654563,-1.34073439216472,0.108774140810285,-0.634864546128108,-0.416428649433891,-0.135962069060475,-0.0247411626405223,-0.640995384823577,-1.56742705620183,0.44622283881331,-0.421703026042221,-0.728298841317257,-0.540830462877054,-0.1555961886108,-0.0445734002443183,-0.741918245459386,0.58016631181262,0.385030123625297,-1.18029468333559,-1.29347794903808,-0.574697546273115,-0.113860786417039,-0.0382639442739243,-0.43758194039396,0.924647769019562,-1.39134383926002,-1.53432688309958,-1.3031392155474,-0.650039470011399,-0.048236570436645,-0.0330109162638679,-0.0211034405390152,0.851769596983231,-0.513334281189288,-0.226433662967493,-1.22238085187086,-0.831486854781667,0,-0.0930309953194633,-0.481588184154324,1.3246423271829,0.461603336550166,0.63920556357353,0.754289828035795,-0.569033328961901,-0.115165768530061,-0.0692112518235939,-0.410266899197836,-0.328780595364958,0.414447281445371,-0.332806129092624,0.971528919046879,0.0429841979463036,-0.202993708003753,-0.0191459895266863,-0.303642030474405,-1.17332181098952,-1.27573531180008,0.706799001154165,0.730271038391115,-0.281918760399022,-0.177318504788345
"974",0,-0.425369340339057,0.330795300586854,0.524013130597061,-0.998634916368966,-0.992685559626734,-0.416428649433891,-0.135962069060475,-0.0247411626405223,-0.640995384823577,0.816387510785152,0.573225755678888,1.13345756693153,-0.89661378927684,-0.540830462877054,-0.1555961886108,-0.0445734002443183,-0.741918245459386,0.92012536432158,0.89003783744226,1.43333321492626,-0.34087795460418,-0.574697546273115,-0.113860786417039,-0.0382639442739243,-0.759253601238671,-0.548976387202492,1.1507788827907,1.00657188464015,-0.635224161117807,-0.650039470011399,-0.048236570436645,-0.0330109162638679,-0.639535815693025,0.0525087347129891,1.09627321067543,0.950766487281889,0.309344470407584,-0.831486854781667,0,-0.0930309953194633,-0.481588184154324,1.3246423271829,0.741730982610052,-0.786399036324126,1.27008134505226,1.03090454285591,-0.0998707974396848,-0.0692112518235939,0.558214809138742,1.25455753494524,0.754333517072199,-0.332806129092624,1.25092215392949,1.25875985150291,-0.202993708003753,-0.0530252164939746,-0.303642030474405,0.628218168302089,0.93422270303842,0.904845870642121,0.902147329875462,0.946889884802112,-0.177318504788345
"975",0,-0.346763866306412,-0.0273936038785541,0.757106570942284,0.773219575117836,-0.0981330258801679,-0.416428649433891,-0.135962069060475,-0.0247411626405223,-0.640995384823577,0.816387510785152,0.325036110633647,0.290358455339444,1.12316558623815,0.691001767292522,-0.1555961886108,-0.111531751188364,-0.741918245459386,0.0702277330491799,1.22670964665357,0.779926240360802,1.24678870278565,0.270524592507076,-0.113860786417039,-0.0382639442739243,-0.759253601238671,-0.712712404560498,1.1507788827907,1.00657188464015,0.19966965691918,-0.650039470011399,-0.048236570436645,-0.0330109162638679,-0.0211034405390152,1.17147394189133,1.09627321067543,0.950766487281889,-1.05218914939548,-0.70352947072035,0,-0.0930309953194633,1.87263947906903,1.17070102465946,-0.811138690761479,0.63920556357353,0.926220333707951,-0.569033328961901,-0.0998707974396848,-0.0692112518235939,1.04245566330703,1.25455753494524,-0.16886700594293,0.41724441800515,1.14027554013895,0.0429841979463036,-0.202993708003753,-0.0191459895266863,-0.303642030474405,-0.172466266938626,0.0152822700148413,0.310705262178251,0.214642163938074,-0.281918760399022,-0.177318504788345
"976",0,-0.346763866306412,1.4055628699672,0.524013130597061,0.994701386553687,1.15424052136502,-0.416428649433891,-0.135962069060475,-0.0247411626405223,-0.314012775301545,0.816387510785152,-0.667722469547314,-1.1850649899467,0.113275898480654,-0.540830462877054,-0.1555961886108,0.0386153206471683,0.410193187752585,1.09010489057606,0.89003783744226,0.779926240360802,-0.499644620343163,-0.574697546273115,-0.140510576869233,-0.0382639442739243,-0.759253601238671,-0.272649968167259,-0.71344444671316,-0.422683672213447,1.36852100217096,0.438618063444576,-0.048236570436645,-0.0330109162638679,-0.639535815693025,-1.2263086449194,-1.47909877630812,-1.73997671328813,0.479536172882967,1.46221250555829,0,-0.0930309953194633,-0.481588184154324,-0.984477210668762,-1.12171262543579,-1.26160056962335,0.0665678053471691,1.7165922022064,-0.0998707974396848,-0.0692112518235939,0.298344340776277,0.550851699251816,-0.75218129333123,-0.895344039415955,0.802782297954812,1.66401840268845,-0.202993708003753,-0.0191459895266863,-0.303642030474405,0.628218168302089,0.93422270303842,0.904845870642121,1.24589991284416,0.209604697681432,-0.177318504788345
"977",0,0.704349605600845,1.62051638384327,0.967925059870801,0.773219575117836,-0.0981330258801679,-0.416428649433891,-0.135962069060475,-0.0247411626405223,1.32090027230862,0.816387510785152,0.0768464655884069,0.922682789033507,0.449905794399818,-0.540830462877054,-0.1555961886108,-0.0445734002443183,-0.741918245459386,-1.28960847698666,-1.12999301782559,0.289871009436705,0.611722039829717,-0.574697546273115,-0.113860786417039,-0.0909846830221019,-0.759253601238671,-1.53139249135053,-1.39134383926002,1.00657188464015,-0.635224161117807,-1.15451832908146,-0.048236570436645,-0.0330109162638679,-0.639535815693025,-1.06645647246535,0.452430213929543,0.614423587210637,-1.85848688768218,-0.831486854781667,0,-0.0930309953194633,1.20000300386236,1.3246423271829,1.05230491728436,-0.944799547423866,-1.48080674570224,-0.797595882078731,-0.0998707974396848,-0.0692112518235939,3.94790078831677,2.47834122183524,0.414447281445371,-0.520318765867068,-1.22217715515,-0.0423009238337815,-0.202993708003753,-0.0191459895266863,0.728815661816031,1.82924482116316,0.93422270303842,0.904845870642121,1.58965249581285,0.946889884802112,-0.177318504788345
"978",0,-0.346763866306412,0.850512787796838,0.990200011287507,-0.777153104933116,-0.73758794813803,-0.416428649433891,-0.135962069060475,-0.0247411626405223,1.32090027230862,0.633017159478461,-1.66048104972828,0.501133233237465,-0.391668945398093,-0.540830462877054,-0.1555961886108,-0.0445734002443183,0.955633775621597,0.41018678555814,-0.793321208614283,0.930539028530728,1.24678870278565,-0.0112161204196545,-0.113860786417039,-0.0382639442739243,-0.759253601238671,0.433439716945544,1.1507788827907,1.00657188464015,1.36852100217096,0.990313915099158,-0.048236570436645,-0.0330109162638679,-0.83939067137224,-1.2263086449194,-0.996216528748704,-1.23546236318125,-0.0310389345431809,1.46221250555829,0,-0.0930309953194633,-0.481588184154324,-0.984477210668762,-0.627114125333894,-0.469598014124647,1.27008134505226,-0.111908222728241,-0.0998707974396848,-0.0692112518235939,-0.410266899197836,-0.856559972135023,-0.16886700594293,1.16729496510292,-0.209697428597592,-0.676727496481791,-0.202993708003753,-0.0191459895266863,-0.303642030474405,0.828389277112268,-0.214452838241053,-1.47171656321336,-1.1603681679367,-0.527680489439249,-0.177318504788345
"979",0,-0.346763866306412,0.330795300586854,0.757106570942284,-0.112707670625565,-0.992685559626734,-0.416428649433891,-0.135962069060475,-0.0247411626405223,0.993917662786584,0.633017159478461,-1.90867069477352,0.290358455339444,0.954850638278565,0.198268875224692,-0.1555961886108,0.188762392482701,1.56230462096456,0.24020725930366,-1.12999301782559,-1.18029468333559,1.24678870278565,0.552265305433806,-0.113860786417039,-0.0382639442739243,-0.115910279549249,0.924647769019562,-0.0355450541663019,0.212541019721487,0.609885643952972,0.461771706456844,-0.048236570436645,-0.0330109162638679,-0.639535815693025,-0.0201904320830819,0.130508715556599,-0.394605113003119,0.479536172882967,1.46221250555829,0,-0.0930309953194633,-0.481588184154324,0.0230031570191005,-1.12171262543579,-1.26160056962335,0.0665678053471691,1.03090454285591,-0.0998707974396848,-0.0692112518235939,-0.410266899197836,0.726778158175171,-0.55774319753513,-1.0828566761904,0.971528919046879,0.650872024724607,-0.202993708003753,-0.0912709356995593,-0.303642030474405,0.227875950681732,0.93422270303842,0.706799001154165,0.214642163938074,-0.527680489439249,-0.177318504788345
"980",0,-0.346763866306412,-0.743972268793493,-1.1076409518195,0.330255952246136,-0.455954039378794,-0.416428649433891,-0.135962069060475,-0.064995348517452,-0.640995384823577,-0.100464245748303,1.06960504576937,0.290358455339444,0.786535690318983,-0.540830462877054,-0.1555961886108,-0.0445734002443183,-0.741918245459386,0.92012536432158,0.385030123625297,-1.01694293969422,0.611722039829717,0.552265305433806,-0.113860786417039,-0.0382639442739243,-0.43758194039396,0.924647769019562,-1.56081868739673,-1.53432688309958,0.032690893311783,1.26370614595092,-0.048236570436645,-0.0330109162638679,0.906545122192,0.0525087347129891,-1.47909877630812,-1.73997671328813,0.479536172882967,0.602075245430805,0,-0.0930309953194633,-0.145269946550987,0.708877117089123,-1.12171262543579,-1.10320005852361,1.09815083938011,0.116654330388589,-0.0998707974396848,-0.0692112518235939,-0.410266899197836,1.07863107602188,0.608885377241471,0.979782328328481,0.127795813586543,-0.767532904424768,-0.202993708003753,-0.0191459895266863,-0.303642030474405,-0.572808484558983,0.245017378270736,0.508752131666208,-0.644739293483662,-0.757532326173878,-0.177318504788345
"981",0,0.767805440878689,0.975655842215063,0.290919690251838,0.330255952246136,1.15424052136502,-0.123111490731166,-0.135962069060475,-0.0247411626405223,1.32090027230862,0.44964680817177,-1.90867069477352,-1.39583976784473,0.786535690318983,1.43010110539427,-0.1555961886108,-0.0445734002443183,0.335566101209357,-1.45958800324114,-0.961657113219938,-0.0368324778460259,1.24678870278565,0.270524592507076,-0.113860786417039,-0.0382639442739243,-0.759253601238671,-0.946967548453217,0.981304034653986,0.530153365688954,-0.635224161117807,-0.650039470011399,-0.048236570436645,-0.0330109162638679,-0.639535815693025,-1.2263086449194,-0.191412782816345,0.782595037246263,-1.05218914939548,-0.831486854781667,0,-0.0930309953194633,-0.481588184154324,-1.5702700869674,-1.12171262543579,0.141226709755195,0.754289828035795,-0.569033328961901,-0.0998707974396848,-0.0692112518235939,-0.410266899197836,-1.38433934890509,-1.72437177231173,-0.145293492318181,1.14027554013895,-0.411004265382879,-0.202993708003753,-0.0191459895266863,0.728815661816031,1.4289026035428,0.93422270303842,-0.024184100698753,0.0427658724537265,-0.527680489439249,-0.162754840088588
"982",0,-0.346763866306412,-0.743972268793493,0.0578262499066152,0.994701386553687,1.51206153486365,2.51674293759336,-0.135962069060475,-0.0247411626405223,-0.640995384823577,-0.752802676236162,-0.915912114592555,-1.39583976784473,0.449905794399818,2.66193333556384,-0.1555961886108,-0.0445734002443183,-0.741918245459386,-1.62956752949562,-1.36775939816749,-1.18029468333559,0.929255371307683,0.834006018360537,-0.113860786417039,-0.0382639442739243,-0.759253601238671,-1.53139249135053,-1.05239414298659,-0.10507132624598,1.20154223856357,-0.650039470011399,-0.048236570436645,-0.0330109162638679,-0.639535815693025,-0.427047782649156,1.09627321067543,0.950766487281889,0.990111280309114,0.0286504053458163,0,-0.0930309953194633,-0.459476683180831,-0.676594605621874,0.431157047935746,0.79760607467327,-0.96501522868577,-0.797595882078731,-0.0998707974396848,-0.0692112518235939,-0.410266899197836,-1.35466278155847,0.608885377241471,-0.733586433576063,-1.55967039733413,-0.767532904424768,-0.164019316007064,-0.0191459895266863,-0.303642030474405,-0.271826180790234,0.704487594782526,-1.86781030218927,-1.1603681679367,-0.527680489439249,-0.177318504788345
"983",0,-0.346763866306412,-1.17387929654563,-0.641454071129054,0.994701386553687,0.796419507866398,-0.416428649433891,-0.135962069060475,-0.0247411626405223,-0.943807036102698,-1.38405670489514,0.821415400724128,0.290358455339444,1.12316558623815,1.24592273162274,-0.1555961886108,-0.0445734002443183,-0.453890387156393,0.41018678555814,1.22670964665357,-1.01694293969422,1.08802203704667,2.52445029592092,-0.113860786417039,-0.0382639442739243,1.81411968551902,1.08838378637757,0.472879490243842,0.688959538672687,1.36852100217096,1.26370614595092,-0.048236570436645,-0.0330109162638679,1.52497749734601,1.33132611434538,1.09627321067543,0.950766487281889,0.479536172882967,-0.831486854781667,0,-0.0930309953194633,-0.481588184154324,0.0931119069953467,0.12058311326144,1.27280760797249,-0.621154217341457,-0.797595882078731,-0.0998707974396848,-0.0692112518235939,-0.410266899197836,-1.38433934890509,-0.36330510173903,0.604757054779594,-1.55967039733413,-0.767532904424768,-0.202993708003753,-0.0191459895266863,-0.303642030474405,-1.17332181098952,-0.673923054752843,-0.0853884767976621,-1.1603681679367,-0.527680489439249,-0.137098871395928
"984",0,-0.346763866306412,-0.314065241041354,0.990200011287507,-0.112707670625565,-0.813775052877421,-0.416428649433891,-0.135962069060475,-0.0247411626405223,-0.509094686272958,-1.01731600228176,1.06960504576937,1.13345756693153,-0.223353997438511,-0.540830462877054,-0.1555961886108,-0.0445734002443183,-0.741918245459386,-1.62956752949562,1.22670964665357,1.46476035347715,0.294188708351751,-0.574697546273115,-0.113860786417039,-0.0382639442739243,-0.759253601238671,-1.20392045663452,1.1507788827907,1.00657188464015,-0.301266633903012,-0.650039470011399,-0.049335153206293,-0.0330109162638679,-0.639535815693025,-0.746752127557253,1.09627321067543,0.950766487281889,-0.0310389345431809,-0.831486854781667,0,-0.0930309953194633,-0.481588184154324,-0.830535908145318,1.36287885195866,1.27280760797249,0.410428816691482,-0.797595882078731,-0.0998707974396848,-0.0692112518235939,-0.410266899197836,-0.504707054288313,1.19219966462977,1.16729496510292,-0.715937291873794,-0.767532904424768,-0.201246926343155,-0.0191459895266863,-0.303642030474405,-0.772979593369162,0.0152822700148413,0.904845870642121,-0.100054744652824,-0.100972993891402,-0.177318504788345
"985",0,-0.346763866306412,0.115841786710785,0.290919690251838,0.773219575117836,-0.277043532629481,-0.416428649433891,-0.135962069060475,-0.0247411626405223,0.993917662786584,0.999757862091843,-0.667722469547314,-0.552740656252641,0.618220742359401,-0.540830462877054,-0.1555961886108,-0.0445734002443183,0.410193187752585,-0.9496494244777,-1.12999301782559,0.395118776240473,0.294188708351751,-0.574697546273115,-0.113860786417039,-0.0382639442739243,-0.759253601238671,-1.36765647399252,0.133929793970413,1.00657188464015,0.366648420526578,-0.376647239159639,-0.048236570436645,-0.0330109162638679,-0.639535815693025,-0.746752127557253,0.291469464743071,-0.394605113003119,0.990111280309114,1.46221250555829,0,-0.0930309953194633,-0.481588184154324,-0.984477210668762,-1.06114169731712,-1.26160056962335,0.410428816691482,0.80234198973908,-0.0998707974396848,-0.0692112518235939,-0.410266899197836,-0.680633513211668,-1.14105748492343,-0.332806129092624,0.971528919046879,-0.564903628832,-0.202993708003753,-0.0191459895266863,-0.303642030474405,-0.372637375748804,0.704487594782526,0.706799001154165,-0.988491876452356,-0.527680489439249,-0.177318504788345
"986",0,-0.346763866306412,0.330795300586854,0.290919690251838,0.551737763681986,-0.277043532629481,-0.416428649433891,-0.135962069060475,-0.0247411626405223,1.97486549135268,0.816387510785152,-1.1641017596378,-0.552740656252641,1.29148053419773,-0.540830462877054,-0.1555961886108,-0.0445734002443183,2.71441605417653,0.41018678555814,-1.10138308377485,-0.853591196052854,1.24678870278565,0.552265305433806,-0.113860786417039,-0.0382639442739243,0.205761381295462,0.59717573430355,1.1507788827907,1.00657188464015,0.886403137248126,-0.10325500830788,-0.048236570436645,-0.0330109162638679,-0.807615599770388,-1.2263086449194,-1.47909877630812,-1.73997671328813,0.309344470407584,1.74892492560078,0,-0.0930309953194633,-0.481588184154324,-0.984477210668762,-1.12171262543579,-1.26160056962335,-0.4492237116693,1.94515475532323,-0.0998707974396848,-0.0692112518235939,-0.410266899197836,-0.504707054288313,-1.91880986810783,-1.83290722328817,0.127795813586543,0.952267121996811,-0.0533778641389954,-0.0191459895266863,-0.303642030474405,0.42804705949191,0.288074020393472,0.508752131666208,0.558394746906768,-0.0361570313587953,-0.177318504788345
"987",0,0.767805440878689,1.62051638384327,0.990200011287507,0.994701386553687,0.975330014615711,-0.416428649433891,-0.135962069060475,-0.0247411626405223,1.32090027230862,0.999757862091843,-0.581974724757162,-0.661130783650978,-0.391668945398093,-0.540830462877054,-0.500420383355271,-0.0445734002443183,0.410193187752585,1.09010489057606,-0.624985304008629,-0.526887708770123,-0.817177951821129,-0.574697546273115,-0.25664880922367,-0.0382639442739243,0.849104702984884,1.08838378637757,1.1507788827907,1.00657188464015,1.36852100217096,0.968624889496057,-0.048236570436645,-0.0330109162638679,1.83419368492302,0.238581124490631,-0.67429503037576,-1.73997671328813,0.309344470407584,2.60906218572827,0,-0.0930309953194633,-0.481588184154324,-0.984477210668762,-1.12171262543579,-1.9298782574304,0.238498311019326,1.7165922022064,-0.0998707974396848,-0.0692112518235939,0.558214809138742,0.550851699251816,-1.14105748492343,-0.707831402641512,1.14027554013895,0.0429841979463036,-0.202993708003753,-0.0191459895266863,0.728815661816031,1.82924482116316,0.93422270303842,0.904845870642121,0.214642163938074,-0.527680489439249,-0.177318504788345
"988",0,-0.346763866306412,-0.0991117271652847,0.290919690251838,-2.10604397354822,-0.992685559626734,-0.416428649433891,-0.135962069060475,-0.0247411626405223,-0.314012775301545,0.816387510785152,1.06960504576937,0.922682789033507,-0.89661378927684,-0.540830462877054,-0.1555961886108,-0.0445734002443183,0.410193187752585,0.7501458380671,-0.961657113219938,-0.363535965128757,0.929255371307683,-0.0112161204196545,-0.113860786417039,-0.0382639442739243,0.527433042140173,-0.057768335128474,-1.56081868739673,-1.21107851945046,-0.301266633903012,1.53709837680268,-0.048236570436645,-0.0330109162638679,0.906545122192,0.0525087347129891,-1.47909877630812,-1.73997671328813,-0.881997446920094,1.46221250555829,0,-0.0930309953194633,0.370737045905309,0.554935814565679,-1.12171262543579,-1.26160056962335,0.0736881637482551,1.25946709597274,-0.0863327405310527,-0.0692112518235939,-0.410266899197836,1.25455753494524,0.0255710898531705,0.0422191444562627,1.14027554013895,0.44824274913184,-0.202993708003753,-0.0191459895266863,-0.303642030474405,0.227875950681732,0.704487594782526,0.508752131666208,-0.300986710514968,-0.527680489439249,-0.260755447579565
"989",0,-0.346763866306412,1.4055628699672,0.0578262499066152,0.722661083158269,1.33315102811434,-0.123111490731166,-0.135962069060475,-0.0247411626405223,0.0129698342204877,0.999757862091843,1.06960504576937,0.0795836774414227,0.281590846440236,-0.294464016843139,-0.1555961886108,-0.0445734002443183,0.986248904358571,1.09010489057606,-0.28831349479732,-0.759080486074032,-1.29347794903808,-0.574697546273115,-0.113860786417039,-0.0382639442739243,1.81411968551902,1.08838378637757,0.981304034653986,-0.263877499229713,-1.3031392155474,-0.650039470011399,-0.048236570436645,-0.0330109162638679,0.28811274703799,1.01162176943728,0.957665184209838,0.950766487281889,-1.05218914939548,-0.831486854781667,0,-0.0930309953194633,-0.447074778442555,-0.984477210668762,-1.12171262543579,0.95600658577301,-0.105362700324987,-0.797595882078731,-0.0998707974396848,-0.0692112518235939,0.0739739549704533,-0.152854136441604,-1.14105748492343,0.792269691554037,0.29654243467861,-0.767532904424768,-0.507738534754623,-0.0191459895266863,-0.303642030474405,1.4289026035428,0.648504411192648,0.904845870642121,0.214642163938074,-0.527680489439249,-0.264663169366803
"990",0,-0.346763866306412,0.632679519866608,0.990200011287507,-0.334189482061415,-0.455954039378794,-0.36579746395672,-0.135962069060475,-0.0247411626405223,-0.314012775301545,0.999757862091843,-0.667722469547314,0.501133233237465,0.618220742359401,-0.540830462877054,-0.1555961886108,-0.0445734002443183,-0.453890387156393,0.58016631181262,-0.793321208614283,-0.0368324778460259,1.24678870278565,0.270524592507076,0.0909691156170601,-0.0382639442739243,-0.759253601238671,0.433439716945544,1.1507788827907,1.00657188464015,1.36852100217096,1.53709837680268,0.23605708097014,-0.0330109162638679,-0.639535815693025,-1.06645647246535,-0.835255779562232,-1.40363381321687,-0.201230637018563,1.46221250555829,0,-0.0930309953194633,-0.481588184154324,-0.984477210668762,-1.12171262543579,-1.26160056962335,-0.277293205997144,1.25946709597274,-0.0998707974396848,-0.0692112518235939,0.0739739549704533,1.07863107602188,-0.16886700594293,-0.332806129092624,0.802782297954812,0.44824274913184,-0.202993708003753,-0.0191459895266863,-0.303642030474405,0.42804705949191,0.245017378270736,0.310705262178251,0.0427658724537265,-0.527680489439249,-0.177318504788345
"991",0,3.2759183492468,2.26537692547148,0.524013130597061,-2.32752578498407,-1.30883118869909,-0.416428649433891,-0.135962069060475,-0.0247411626405223,2.30184810087471,0.999757862091843,1.06960504576937,-0.552740656252641,-1.40155863315559,-0.540830462877054,-0.1555961886108,-0.0445734002443183,0.698221046055578,-0.0997517932053001,0.89003783744226,-0.0368324778460259,-1.29347794903808,-0.608651057871813,-0.16452249074632,-0.0382639442739243,-0.759253601238671,-1.36765647399252,1.1507788827907,-1.05790836414838,-1.3031392155474,-0.650039470011399,-0.048236570436645,-0.0330109162638679,-0.639535815693025,-0.267195610195108,0.935312461488958,-1.73997671328813,-1.56276425682162,-0.831486854781667,0,-0.0930309953194633,-0.145269946550987,1.3246423271829,0.431157047935746,-1.26160056962335,-1.48080674570224,-0.797595882078731,-0.0998707974396848,-0.0692112518235939,2.4951782258119,1.43048399386859,0.803323473037571,0.0422191444562627,-0.547190670781726,-0.564903628832,-0.202993708003753,-0.0191459895266863,3.82618873868734,1.82924482116316,0.93422270303842,0.904845870642121,1.58965249581285,2.6672219880837,-0.177318504788345
"992",0,-0.346763866306412,-0.0991117271652847,0.0578262499066152,-0.300003815487436,-0.455954039378794,-0.416428649433891,-0.197842250600878,-0.0247411626405223,0.666935053264552,0.999757862091843,-1.1641017596378,-0.552740656252641,0.281590846440236,-0.540830462877054,-0.1555961886108,-0.0152492710856271,0.890422822472098,0.58016631181262,-0.961657113219938,-0.690239452411488,0.929255371307683,0.552265305433806,-0.113860786417039,-0.0382639442739243,-0.115910279549249,0.760911751661556,1.1507788827907,1.00657188464015,0.700605947741373,0.443529453395639,-0.048236570436645,-0.0330109162638679,-0.639535815693025,-0.746752127557253,1.09627321067543,0.950766487281889,-0.201230637018563,-0.831486854781667,0,-0.0930309953194633,-0.481588184154324,0.708877117089123,0.741730982610052,-0.277800311437378,1.09815083938011,-0.340470775845071,-0.0998707974396848,-0.0692112518235939,-0.410266899197836,0.741382823597448,-0.94661938912733,-1.64539458651373,1.14027554013895,-0.118825872860552,-0.202993708003753,-0.0191459895266863,-0.303642030474405,0.227875950681732,0.704487594782526,0.904845870642121,0.644437334643879,-0.527680489439249,-0.177318504788345
"993",0,-0.346763866306412,0.975655842215063,0.990200011287507,0.994701386553687,1.86988254836228,0.756839985377011,-0.135962069060475,-0.0247411626405223,0.0129698342204877,0.633017159478461,-0.915912114592555,-2.02816410153879,-1.233243685196,-0.540830462877054,-0.1555961886108,-0.0445734002443183,1.27427676266156,0.92012536432158,0.89003783744226,-0.351639907872816,-0.182111288865197,-0.574697546273115,-0.113860786417039,-0.0382639442739243,0.205761381295462,-0.057768335128474,-0.374494750439731,-0.740296018180913,1.36852100217096,0.990313915099158,-0.048236570436645,-0.0330109162638679,-0.639535815693025,-1.2263086449194,-1.47909877630812,-1.73997671328813,-0.711805744444711,1.46221250555829,0,-0.0930309953194633,-0.481588184154324,-0.984477210668762,-1.12171262543579,-1.26160056962335,0.754289828035795,0.80234198973908,-0.0998707974396848,-0.0692112518235939,-0.410266899197836,0.550851699251816,-1.14105748492343,0.604757054779594,0.465289055770677,-0.767532904424768,-0.202993708003753,-0.0912709356995593,-0.303642030474405,0.628218168302089,0.245017378270736,-0.481482215773575,-1.1603681679367,-0.527680489439249,-0.177318504788345
"994",0,-0.346763866306412,1.19060935609113,0.990200011287507,-0.998634916368966,-0.613168661986551,-0.416428649433891,-0.135962069060475,-0.0247411626405223,0.666935053264552,0.816387510785152,-0.915912114592555,1.13345756693153,0.288080242829323,-0.540830462877054,-0.1555961886108,-0.0445734002443183,1.56230462096456,0.0702277330491799,-1.12999301782559,0.289871009436705,0.611722039829717,-0.574697546273115,-0.113860786417039,-0.0382639442739243,0.858426166175123,0.924647769019562,0.303404642107127,0.530153365688954,0.867584711348771,-0.650039470011399,-0.048236570436645,-0.0330109162638679,-0.639535815693025,-1.2263086449194,-0.352373532002817,-0.73094801307437,1.1603029827845,-0.831486854781667,0,-0.0930309953194633,-0.481588184154324,-0.984477210668762,-1.12171262543579,-1.26160056962335,0.754289828035795,-0.340470775845071,-0.0998707974396848,-0.0692112518235939,-0.410266899197836,-0.152854136441604,-0.55774319753513,-1.45788194973929,0.465289055770677,0.0429841979463036,-0.202993708003753,-0.0191459895266863,-0.303642030474405,0.027704841871553,0.245017378270736,0.904845870642121,1.58965249581285,0.946889884802112,0.214555739881006
"995",0,-0.053738566158182,-0.743972268793493,0.0578262499066152,0.994701386553687,0.259687987618459,-0.416428649433891,-0.135962069060475,-0.0247411626405223,0.993917662786584,0.44964680817177,0.325036110633647,0.711908011135486,0.727502602879527,-0.540830462877054,-0.1555961886108,-0.0445734002443183,0.986248904358571,0.92012536432158,-1.12999301782559,-1.18029468333559,0.294188708351751,0.270524592507076,-0.113860786417039,-0.0382639442739243,1.17077636382959,0.433439716945544,-1.56081868739673,-1.53432688309958,-0.46824539751041,1.53709837680268,-0.048236570436645,-0.0330109162638679,1.21576130976901,0.372213079621086,-1.47909877630812,-1.73997671328813,0.309344470407584,0.602075245430805,0,-0.133747006353558,0.527366528655686,1.01675972213601,-0.811138690761479,0.79760607467327,1.27008134505226,0.34521688350542,0.0179159674512356,-0.0692112518235939,-0.410266899197836,0.550851699251816,1.19219966462977,1.16729496510292,0.971528919046879,-0.362274353239232,-0.202993708003753,-0.0338432573430967,-0.303642030474405,-0.572808484558983,0.93422270303842,0.706799001154165,-0.472863001999315,-0.527680489439249,-0.177318504788345
"996",0,-0.346763866306412,-0.0991117271652847,0.0203082323071202,0.994701386553687,1.33315102811434,0.17020566797156,-0.135962069060475,-0.0247411626405223,-0.640995384823577,0.816387510785152,-0.419532824502074,-1.1850649899467,1.45917969534802,0.444635321258607,-0.1555961886108,-0.0445734002443183,-0.741918245459386,-1.62956752949562,-0.961657113219938,-0.0368324778460259,1.08802203704667,-0.292956833346385,-0.113860786417039,-0.0382639442739243,-0.759253601238671,-1.53139249135053,0.303404642107127,1.00657188464015,-0.301266633903012,-0.650039470011399,-0.048236570436645,-0.0539306280597664,-0.639535815693025,-1.3980418302294,-1.15717727793518,-0.0582622129318667,0.819919577833732,-0.544774434739172,0,-0.0930309953194633,-0.481588184154324,-0.676594605621874,-1.12171262543579,-1.26160056962335,0.457097698884165,1.03090454285591,-0.0998707974396848,-0.0692112518235939,0.0739739549704533,1.07863107602188,-0.75218129333123,-1.0828566761904,0.29654243467861,1.05613057591014,-0.202993708003753,-0.0191459895266863,-0.303642030474405,-0.172466266938626,0.0152822700148413,0.508752131666208,0.490202644935497,-0.281918760399022,-0.177318504788345
"997",0,-0.346763866306412,-1.20058981658125,-0.874547511474277,-0.560923388762218,-0.813775052877421,-0.416428649433891,-0.135962069060475,-0.0247411626405223,-0.640995384823577,-0.833945650975067,1.06960504576937,0.0795836774414227,-1.233243685196,-0.540830462877054,-0.1555961886108,-0.111531751188364,-0.741918245459386,0.588720844735571,0.74505074201915,-1.18029468333559,-1.29347794903808,-0.574697546273115,-0.113860786417039,-0.0382639442739243,0.0677150836546714,1.08838378637757,-0.543969598576446,-1.53432688309958,-1.3031392155474,-0.468271709739951,-0.048236570436645,-0.0330109162638679,0.371594836858743,1.17147394189133,0.130508715556599,-0.226433662967493,-0.541614041969328,-0.258062014696678,0,-0.0930309953194633,0.19104829105235,1.3246423271829,0.741730982610052,0.322404541374051,1.27008134505226,1.1492145854574,-0.0998707974396848,-0.0692112518235939,-0.410266899197836,0.0230723224817513,0.997761568833671,0.0422191444562627,0.802782297954812,2.06927695387398,-0.202993708003753,-0.0191459895266863,-0.303642030474405,-1.17332181098952,-0.673923054752843,0.310705262178251,0.902147329875462,0.807961504277481,-0.177318504788345
"998",0,5.22608266961909,2.26537692547148,0.757106570942284,-1.44159853924067,-0.992685559626734,-0.416428649433891,-0.0336006649720335,-0.0247411626405223,0.33995244374252,-0.283834597054994,-0.0998867135460059,0.922682789033507,-1.233243685196,-0.540830462877054,-0.1555961886108,-0.111531751188364,-0.741918245459386,-1.62956752949562,-0.961657113219938,1.2699814712849,-0.34087795460418,-0.574697546273115,-0.113860786417039,-0.0382639442739243,-0.759253601238671,-1.53139249135053,-1.2218689911233,1.00657188464015,-0.635224161117807,-0.835311304071021,-0.048236570436645,-0.0330109162638679,-0.639535815693025,-1.2263086449194,0.130508715556599,0.614423587210637,-1.56276425682162,-0.831486854781667,0,-0.0930309953194633,-0.481588184154324,-0.52265330309843,1.36287885195866,-0.152796991925168,-1.48080674570224,-0.539373028206534,-0.0998707974396848,-0.0692112518235939,-0.410266899197836,0.726778158175171,1.19219966462977,0.604757054779594,0.127795813586543,0.650872024724607,-0.202993708003753,-0.0191459895266863,6.92356181555865,2.02941592997334,0.474752486526631,0.112658392690295,0.902147329875462,1.68417507192279,-0.177318504788345
"999",0,-0.346763866306412,-0.529018754917424,-0.175267190438608,0.551737763681986,1.86988254836228,3.69001157240427,-0.135962069060475,-0.0247411626405223,-0.640995384823577,0.44964680817177,0.821415400724128,0.290358455339444,1.12316558623815,2.27817930112816,-0.0997965217757124,-0.0445734002443183,-0.741918245459386,-1.11962895073218,-1.12999301782559,-1.01694293969422,0.779109147429294,0.834006018360537,-0.113860786417039,-0.0382639442739243,-0.759253601238671,-1.53139249135053,-0.882919294849875,1.00657188464015,1.36852100217096,2.0838828385062,-0.048236570436645,-0.0330109162638679,-0.639535815693025,-1.2263086449194,-0.352373532002817,0.950766487281889,1.1603029827845,0.89634002640362,0,-0.0930309953194633,-0.481588184154324,-0.984477210668762,-0.189990821412867,1.11440709687275,-0.572593948022796,-0.621997874072781,-0.0998707974396848,-0.0692112518235939,-0.410266899197836,-1.38433934890509,0.997761568833671,-0.145293492318181,-1.55967039733413,-0.767532904424768,-0.301012872852261,-0.0191459895266863,-0.303642030474405,-0.572808484558983,0.704487594782526,-1.86781030218927,-1.1603681679367,-0.527680489439249,-0.177318504788345
"1000",0,-0.346763866306412,-0.314065241041354,0.0578262499066152,0.551737763681986,-0.634864546128108,-0.416428649433891,-0.135962069060475,-0.0247411626405223,0.666935053264552,0.816387510785152,-1.1641017596378,-0.532768875079923,0.954850638278565,0.317127931648834,-0.1555961886108,-0.0445734002443183,1.27427676266156,0.41018678555814,-1.12999301782559,-0.690239452411488,1.08802203704667,0.552265305433806,-0.113860786417039,-0.0382639442739243,-0.115910279549249,0.760911751661556,0.472879490243842,0.688959538672687,-0.301266633903012,-0.650039470011399,-0.048236570436645,-0.0330109162638679,-0.812828977635383,-0.746752127557253,1.09627321067543,0.950766487281889,-1.22238085187086,-0.831486854781667,0,-0.0930309953194633,-0.481588184154324,-0.0608293955280974,0.741730982610052,0.322404541374051,0.410428816691482,-0.797595882078731,-0.0998707974396848,-0.0692112518235939,-0.410266899197836,0.0246612832673156,0.414447281445371,-0.145293492318181,0.29654243467861,-0.767532904424768,-0.202993708003753,-0.0191459895266863,-0.303642030474405,-0.772979593369162,0.0152822700148413,-0.501447027291152,-0.988491876452356,-0.527680489439249,-0.177318504788345
"1001",0,-0.346763866306412,0.115841786710785,0.757106570942284,0.994701386553687,1.15424052136502,0.735586463921589,-0.135962069060475,-0.0247411626405223,0.33995244374252,0.999757862091843,-0.667722469547314,-0.552740656252641,1.12316558623815,1.18373465936035,-0.1555961886108,-0.0445734002443183,0.320202143077099,-0.413194609012699,-1.12999301782559,-1.18029468333559,1.08802203704667,1.11574673128727,-0.113860786417039,-0.0382639442739243,-0.759253601238671,-1.53139249135053,-1.56081868739673,-0.58148984519718,1.20154223856357,-0.10325500830788,-0.048236570436645,-0.0330109162638679,-0.7444736065817,-1.2263086449194,0.0568899760979792,0.782595037246263,-0.541614041969328,-0.831486854781667,0,-0.0930309953194633,-0.481588184154324,-0.830535908145318,0.741730982610052,0.322404541374051,-1.48080674570224,-0.797595882078731,-0.0998707974396848,-0.0692112518235939,-0.0295680137423163,0.0230723224817513,0.492034167636413,0.604757054779594,0.634035676862745,0.44824274913184,-0.202993708003753,-0.0191459895266863,-0.424758653387823,0.027704841871553,0.474752486526631,0.112658392690295,-0.472863001999315,-0.527680489439249,-0.177318504788345
"1002",0,-0.346763866306412,-0.0991117271652847,0.456255268599392,-0.112707670625565,-0.1525977790366,-0.416428649433891,-0.135962069060475,-0.0247411626405223,0.33995244374252,0.999757862091843,-0.419532824502074,0.922682789033507,0.786535690318983,-0.540830462877054,-0.1555961886108,0.188762392482701,1.56230462096456,0.58016631181262,-1.12999301782559,1.10662972764353,1.24678870278565,-0.292956833346385,-0.113860786417039,-0.0382639442739243,0.205761381295462,1.08838378637757,0.642354338380556,1.00657188464015,1.20154223856357,0.17013722254388,-0.048236570436645,-0.0330109162638679,-0.639535815693025,-0.746752127557253,1.09627321067543,0.950766487281889,-1.05218914939548,-0.831486854781667,0,-0.0930309953194633,-0.481588184154324,-0.830535908145318,1.36287885195866,1.27280760797249,0.926220333707951,-0.797595882078731,-0.0998707974396848,-0.0692112518235939,-0.410266899197836,-0.328780595364958,1.19219966462977,0.604757054779594,1.14027554013895,0.0429841979463036,-0.202993708003753,-0.0191459895266863,-0.303642030474405,-0.172466266938626,0.704487594782526,0.112658392690295,0.346964034853844,-0.281918760399022,-0.177318504788345
"1003",0,0.767805440878689,0.330795300586854,0.0578262499066152,-0.334189482061415,-0.813775052877421,-0.416428649433891,-0.135962069060475,-0.0247411626405223,-0.314012775301545,0.633017159478461,1.06960504576937,1.13345756693153,0.618220742359401,-0.540830462877054,-0.265093077626697,-0.0445734002443183,-0.741918245459386,0.41018678555814,1.56338145586488,1.43333321492626,0.929255371307683,-0.574697546273115,-0.113860786417039,-0.0382639442739243,-0.759253601238671,-0.385240369844486,1.1507788827907,1.00657188464015,1.03456347495617,-0.376647239159639,-0.048236570436645,-0.0539306280597664,-0.639535815693025,-0.427047782649156,1.09627321067543,0.869549483237275,-0.313866468568387,-0.831486854781667,0,-0.0930309953194633,-0.481588184154324,0.0931119069953467,1.36287885195866,1.27280760797249,0.0309844394330485,-0.797595882078731,-0.0998707974396848,-0.0692112518235939,0.0739739549704533,1.07863107602188,1.19219966462977,1.16729496510292,0.971528919046879,-0.362274353239232,-0.202993708003753,-0.0721480760967669,0.728815661816031,0.42804705949191,0.0152822700148413,-0.283435346285619,0.214642163938074,-0.527680489439249,-0.177318504788345
"1004",0,-0.346763866306412,1.4055628699672,0.990200011287507,-0.334189482061415,-0.992685559626734,-0.416428649433891,-0.135962069060475,0.0344703379829887,0.33995244374252,0.999757862091843,-1.41229140468304,0.711908011135486,0.113275898480654,-0.663711315394874,-0.1555961886108,-0.0445734002443183,1.22773923498168,0.7501458380671,-1.12999301782559,-0.690239452411488,1.08802203704667,0.270524592507076,-0.113860786417039,-0.0382639442739243,2.13579134636373,0.433439716945544,-1.56081868739673,-1.53432688309958,0.032690893311783,2.0838828385062,0.178033483071704,-0.0330109162638679,1.83419368492302,0.691917424529183,-1.47909877630812,-2.17982764260229,-0.881997446920094,2.60906218572827,0,-0.0930309953194633,1.87263947906903,1.01675972213601,-1.12171262543579,-1.90555371040817,-0.621154217341457,1.94515475532323,-0.0998707974396848,-0.0692112518235939,0.558214809138742,1.43048399386859,-0.75218129333123,-1.45788194973929,0.634035676862745,0.721288901705409,-0.202993708003753,-0.0191459895266863,-0.303642030474405,0.628218168302089,0.93422270303842,0.904845870642121,1.07402362135981,-0.527680489439249,-0.177318504788345
"1005",0,-0.4189825894505,0.760702328338993,0.990200011287507,0.354732682940302,-0.0981330258801679,-0.416428649433891,-0.135962069060475,-0.0247411626405223,0.0129698342204877,0.999757862091843,-1.1641017596378,-0.34196587835462,1.12316558623815,-0.294464016843139,-0.1555961886108,0.159741478239159,0.986248904358571,0.92012536432158,-1.12999301782559,-1.18029468333559,0.7704887055687,0.96717671973879,-0.113860786417039,0.00384571297124715,1.3442674466325,1.08838378637757,-1.56081868739673,-1.53432688309958,0.032690893311783,2.63066730020971,-0.048236570436645,-0.0330109162638679,1.83419368492302,1.33132611434538,-0.835255779562232,-1.73997671328813,-0.201230637018563,1.79094305270341,0,-0.0930309953194633,3.21791242948238,1.01675972213601,-0.966425658098632,-1.26160056962335,0.238498311019326,1.26172142476801,-0.0998707974396848,-0.0692112518235939,2.01093737164361,1.43048399386859,-0.75218129333123,-0.895344039415955,0.971528919046879,0.650872024724607,-0.202993708003753,-0.0191459895266863,-0.303642030474405,0.641671519966959,1.10542955299931,0.904845870642121,0.386518455422421,-0.527680489439249,-0.177318504788345
"1006",0,-0.346763866306412,0.330795300586854,0.990200011287507,0.773219575117836,-0.0981330258801679,-0.416428649433891,-0.135962069060475,-0.064995348517452,-0.640995384823577,0.816387510785152,-1.1641017596378,-0.974290212048683,1.12316558623815,-0.0480975708092236,-0.1555961886108,-0.0445734002443183,0.122165329449593,0.92012536432158,-0.456649399402975,-0.363535965128757,0.7704887055687,-0.0112161204196545,-0.113860786417039,-0.0382639442739243,-0.115910279549249,0.924647769019562,0.614794663790989,1.16788401175536,1.20154223856357,-0.650039470011399,-0.048236570436645,-0.0330109162638679,-0.639535815693025,0.0525087347129891,1.09627321067543,0.782595037246263,0.990111280309114,0.384108177881642,0,-0.0930309953194633,-0.481588184154324,0.609988270464993,0.897017949947205,-1.10320005852361,-0.4492237116693,0.80234198973908,-0.0998707974396848,-0.0692112518235939,-0.410266899197836,1.43048399386859,0.414447281445371,-0.332806129092624,0.29654243467861,0.0429841979463036,-0.202993708003753,-0.0912709356995593,-0.303642030474405,0.227875950681732,0.704487594782526,0.869301299483077,0.902147329875462,-0.0361570313587953,-0.177318504788345
"1007",0,-0.345248168742443,-0.958925782669563,0.0578262499066152,0.773219575117836,0.0807774808691453,-0.416428649433891,-0.135962069060475,-0.0247411626405223,-0.640995384823577,-0.777472720502329,0.325036110633647,-2.02816410153879,0.618220742359401,-0.196888154413212,-0.1555961886108,-0.0445734002443183,-0.741918245459386,-1.28960847698666,-0.0742119488179075,-1.01694293969422,1.08802203704667,-0.574697546273115,-0.113860786417039,-0.0382639442739243,-0.759253601238671,-1.53139249135053,0.133929793970413,0.212541019721487,0.19966965691918,-0.650039470011399,-0.048236570436645,-0.0330109162638679,-0.639535815693025,-1.2263086449194,0.310236971129376,0.950766487281889,-0.541614041969328,-0.831486854781667,0,-0.0930309953194633,-0.481588184154324,0.554935814565679,0.07605571766346,-0.148151221126572,0.754289828035795,-0.111908222728241,0.665589731793144,-0.0692112518235939,-0.410266899197836,0.726778158175171,-1.52993367651563,-1.83290722328817,-1.39092377624206,2.06927695387398,1.21227341935475,-0.0191459895266863,-0.303642030474405,-0.97315070217934,-0.444187946496948,-0.283435346285619,0.214642163938074,3.15874544616415,0.697813577192196
"1008",0,-0.346763866306412,0.975655842215063,0.290919690251838,-0.112707670625565,0.796419507866398,-0.416428649433891,-0.135962069060475,-0.0247411626405223,-0.640995384823577,0.266276456865079,1.06960504576937,1.13345756693153,1.29148053419773,-0.540830462877054,-0.1555961886108,-0.0445734002443183,-0.741918245459386,0.58016631181262,0.721701932836606,-1.18029468333559,-0.975944617560112,-0.574697546273115,-0.113860786417039,-0.0382639442739243,-0.759253601238671,0.760911751661556,1.1507788827907,0.530153365688954,-1.13616045194,-0.650039470011399,-0.048236570436645,-0.0330109162638679,-0.639535815693025,-0.234394179538788,0.130508715556599,0.614423587210637,-0.0310389345431809,-0.831486854781667,0,-0.0930309953194633,-0.481588184154324,-0.984477210668762,-1.12171262543579,0.322404541374051,0.253617272008594,-0.797595882078731,-0.0998707974396848,-0.0692112518235939,-0.410266899197836,1.07863107602188,1.19219966462977,1.16729496510292,0.29654243467861,-0.767532904424768,-0.202993708003753,-0.0191459895266863,-0.303642030474405,0.828389277112268,0.93422270303842,0.310705262178251,-0.988491876452356,-0.527680489439249,-0.177318504788345
"1009",0,-0.346763866306412,-0.743972268793493,0.757106570942284,-0.112707670625565,-0.992685559626734,-0.416428649433891,-0.135962069060475,-0.0247411626405223,-0.640995384823577,-0.467204948361685,1.06960504576937,0.0795836774414227,-1.40155863315559,-0.705414910293234,-0.1555961886108,-0.0445734002443183,-0.453890387156393,0.493904879422622,1.56338145586488,-0.0368324778460259,-1.29347794903808,-0.574697546273115,-0.113860786417039,-0.0382639442739243,1.81411968551902,1.08838378637757,1.1507788827907,-0.422683672213447,-1.3031392155474,-0.650039470011399,-0.048236570436645,-0.0330109162638679,2.76184224765403,0.212360907167038,1.09627321067543,0.278080687139385,-0.584550617188715,-0.831486854781667,0,-0.423728011975754,-0.481588184154324,-0.984477210668762,-0.0347038540757136,1.27280760797249,-0.4492237116693,-0.797595882078731,-0.0998707974396848,-0.0692112518235939,-0.410266899197836,-1.38433934890509,-0.94661938912733,0.706429391288147,0.971528919046879,-0.159645077646464,-0.202993708003753,-0.0191459895266863,-0.303642030474405,-0.572808484558983,0.93422270303842,0.904845870642121,1.58965249581285,3.15874544616415,0.697813577192196
"1010",0,-0.346763866306412,-0.529018754917424,0.0578262499066152,-1.22011672780482,-0.992685559626734,-0.392332724879407,-0.149707122305815,-0.0247411626405223,-0.640995384823577,0.999757862091843,1.06960504576937,1.13345756693153,-0.0550390494789284,-0.540830462877054,-0.268011687716446,-0.0445734002443183,-0.741918245459386,0.7501458380671,0.634768049498147,-0.0368324778460259,1.08802203704667,-0.574697546273115,-0.113860786417039,-0.0382639442739243,-0.759253601238671,-0.712712404560498,1.1507788827907,0.942955360733821,0.032690893311783,-0.650039470011399,-0.048236570436645,-0.0330109162638679,-0.639535815693025,-1.2263086449194,0.613390963116015,0.950766487281889,-1.56276425682162,-0.831486854781667,0,-0.0930309953194633,0.19104829105235,1.17070102465946,0.431157047935746,0.79760607467327,-0.277293205997144,-0.797595882078731,-0.318994255080131,-0.0692112518235939,1.04245566330703,1.25455753494524,-0.55774319753513,-0.145293492318181,0.971528919046879,-0.767532904424768,-0.202993708003753,-0.0191459895266863,-0.303642030474405,-0.172466266938626,0.0152822700148413,-0.0853884767976621,-0.300986710514968,-0.527680489439249,-0.177318504788345
"1011",0,-0.346763866306412,0.115841786710785,0.290919690251838,0.994701386553687,1.86988254836228,1.63679146148519,-0.135962069060475,-0.0247411626405223,2.30184810087471,0.999757862091843,0.33225351036159,-0.131191100456599,-0.0550390494789284,-0.294464016843139,-0.1555961886108,-0.0445734002443183,3.00244391247952,1.15159439557373,-0.624985304008629,-1.18029468333559,-1.29347794903808,-0.574697546273115,-0.113860786417039,-0.0382639442739243,0.527433042140173,1.08838378637757,0.642354338380556,-1.37552071011585,-1.3031392155474,-0.650039470011399,-0.049335153206293,-0.0330109162638679,-0.639535815693025,-0.107343437741059,1.09627321067543,0.278080687139385,-1.56276425682162,-0.831486854781667,0,-0.0930309953194633,-0.481588184154324,-0.984477210668762,0.275870080598593,1.27280760797249,-0.266834568610906,-0.797595882078731,-0.0998707974396848,-0.0692112518235939,-0.410266899197836,-0.680633513211668,1.19219966462977,1.16729496510292,0.465289055770677,-0.767532904424768,-0.202993708003753,-0.0191459895266863,-0.303642030474405,-0.172466266938626,0.93422270303842,0.706799001154165,-0.300986710514968,-0.527680489439249,-0.201245851424367
"1012",0,-0.346763866306412,-1.17387929654563,-1.06852401379352,-0.0898601986051856,-0.992685559626734,-0.416428649433891,0.0150385873107899,-0.0247411626405223,-0.640995384823577,-1.01731600228176,1.06960504576937,-0.34553580370244,-1.40155863315559,-0.540830462877054,-0.1555961886108,-0.0445734002443183,-0.453890387156393,0.58016631181262,1.09188653880136,-1.01694293969422,-1.29347794903808,-0.0112161204196545,-0.113860786417039,-0.0382639442739243,1.81411968551902,1.08838378637757,-0.975192166078099,-1.53432688309958,0.366648420526578,2.90405953106147,-0.048236570436645,-0.0330109162638679,2.76184224765403,1.56017846910153,-0.835255779562232,-0.0582622129318667,1.1603029827845,1.13289309347593,0,-0.0930309953194633,3.55423066708572,1.47858362970634,1.36287885195866,1.27280760797249,0.763141200391654,-0.797595882078731,-0.0998707974396848,-0.0692112518235939,-0.410266899197836,-0.680633513211668,-0.94661938912733,1.16729496510292,-1.05343053405793,-1.17191957630739,-0.202993708003753,-0.0191459895266863,-0.303642030474405,-1.17332181098952,-0.444187946496948,0.904845870642121,-1.1603681679367,-0.527680489439249,-0.177318504788345
"1013",0,-0.346763866306412,-1.17387929654563,-2.50620159389084,0.994701386553687,0.0807774808691453,-0.180518050399905,-0.0318426147759366,-0.0247411626405223,-0.640995384823577,-1.93416775881521,-0.667722469547314,0.922682789033507,-1.06492873723642,-0.540830462877054,-0.1555961886108,-0.0445734002443183,-0.741918245459386,-1.11962895073218,1.56338145586488,0.0358659163034539,-1.13471128329909,0.552265305433806,-0.113860786417039,-0.0382639442739243,-0.43758194039396,0.59717573430355,0.303404642107127,-1.53432688309958,0.490289391783509,2.90405953106147,-0.048236570436645,-0.0330109162638679,1.91409431057221,1.17147394189133,-1.15717727793518,-1.40363381321687,1.15032668851378,1.17550008551579,0,-0.0930309953194633,3.89054890468905,1.3246423271829,0.741730982610052,1.11440709687275,1.27008134505226,0.57377943662225,-0.0998707974396848,-0.0692112518235939,1.52669651747532,0.0230723224817513,-0.36330510173903,1.10067754741122,0.29654243467861,-0.564903628832,-0.202993708003753,-0.0191459895266863,-0.303642030474405,-1.22687337054396,-2.7415390290559,0.706799001154165,-0.627674570646643,-0.882121485200042,-0.177318504788345
"1014",0,0.767805440878689,0.760702328338993,0.290919690251838,-0.555671293497266,-0.992685559626734,-0.416428649433891,-0.135962069060475,-0.0247411626405223,0.33995244374252,0.999757862091843,-0.419532824502074,0.0795836774414227,0.449905794399818,-0.540830462877054,-0.1555961886108,-0.0445734002443183,-0.453890387156393,-0.0997517932053001,-1.12999301782559,-0.853591196052854,1.08802203704667,-0.574697546273115,-0.113860786417039,-0.0909846830221019,-0.759253601238671,-1.53139249135053,-1.56081868739673,-0.899102191164647,1.20154223856357,-0.650039470011399,-0.048236570436645,-0.0330109162638679,-0.639535815693025,-1.2263086449194,-1.31813802712165,0.109909237103759,-0.201230637018563,-0.831486854781667,0,-0.0930309953194633,-0.481588184154324,-0.984477210668762,0.431157047935746,1.11440709687275,-1.30887624003008,-0.797595882078731,-0.0998707974396848,-0.0692112518235939,-0.410266899197836,-0.328780595364958,1.19219966462977,1.16729496510292,0.634035676862745,1.05613057591014,-0.202993708003753,-0.0191459895266863,-0.303642030474405,1.02856038592245,0.0152822700148413,-0.679529085261532,0.214642163938074,1.43841334288257,0.697813577192196
"1015",0,-0.0912845637564527,0.150468599406611,0.0578262499066152,1.48156548475885,0.796419507866398,-0.416428649433891,-0.135962069060475,-0.0247411626405223,0.0279021203024507,-0.25850122405519,0.0768464655884069,1.13345756693153,1.29148053419773,-0.294464016843139,-0.1555961886108,-0.0445734002443183,-0.741918245459386,-1.62956752949562,0.385030123625297,1.43333321492626,1.24678870278565,0.552265305433806,-0.113860786417039,-0.0382639442739243,-0.759253601238671,-1.53139249135053,0.642354338380556,1.00657188464015,1.36852100217096,0.17013722254388,-0.048236570436645,-0.0330109162638679,-0.639535815693025,-1.2263086449194,0.774351712302486,0.950766487281889,0.819919577833732,-0.831486854781667,0,-0.0930309953194633,-0.481588184154324,-0.991261126294934,1.05230491728436,1.27280760797249,0.238498311019326,-0.797595882078731,-0.0998707974396848,-0.0692112518235939,-0.410266899197836,-1.03248643105838,1.19219966462977,1.16729496510292,0.634035676862745,-0.767532904424768,-0.202993708003753,-0.0191459895266863,-0.303642030474405,0.227875950681732,0.93422270303842,0.706799001154165,-0.816615584968009,-0.527680489439249,-0.177318504788345
"1016",0,-0.346763866306412,-0.314065241041354,-0.408360630783831,0.551737763681986,1.15424052136502,2.51674293759336,-0.135962069060475,-0.0247411626405223,-0.640995384823577,-0.650575299668376,-0.915912114592555,-0.552740656252641,0.299565086020961,2.66193333556384,-0.1555961886108,-0.0445734002443183,-0.741918245459386,-1.62956752949562,-1.12999301782559,-1.18029468333559,0.294188708351751,1.61102139487955,-0.113860786417039,-0.0382639442739243,-0.759253601238671,-1.36765647399252,-0.71344444671316,-0.263877499229713,1.36852100217096,0.990313915099158,-0.048236570436645,-0.0330109162638679,-0.639535815693025,-0.427047782649156,1.09627321067543,0.950766487281889,0.649727875358349,-0.544774434739172,0,-0.0930309953194633,-0.481588184154324,-0.984477210668762,-0.0347038540757136,0.916849953251535,-0.793084723013613,-0.797595882078731,-0.0998707974396848,-0.0692112518235939,-0.410266899197836,-1.42935845336162,0.803323473037571,0.41724441800515,-1.55967039733413,-0.731518516135604,-0.231119114937071,-0.0191459895266863,-0.279231726084012,0.0595505805342331,0.93422270303842,-1.86781030218927,-1.1603681679367,-0.527680489439249,-0.177318504788345
"1017",0,-0.346763866306412,0.115841786710785,-0.150070268371213,-0.334189482061415,1.69097204161296,0.463522826674285,-0.135962069060475,-0.0247411626405223,0.666935053264552,0.44964680817177,-1.41229140468304,-0.34196587835462,1.64294402632345,1.43010110539427,-0.1555961886108,-0.0445734002443183,0.122165329449593,0.24020725930366,-1.12999301782559,0.0118066904985878,0.7704887055687,-0.292956833346385,-0.443692410841171,-0.0382639442739243,-0.759253601238671,0.760911751661556,0.811829186517271,-0.10507132624598,-1.3031392155474,-0.650039470011399,-0.048236570436645,-0.0330109162638679,-0.33031962811602,1.01162176943728,0.613390963116015,-1.23546236318125,-1.58780605892284,-0.831486854781667,0,-0.0930309953194633,0.527366528655686,0.247053209518791,-0.966425658098632,0.95600658577301,-1.30887624003008,-0.797595882078731,-0.0998707974396848,-0.0692112518235939,-0.410266899197836,-0.0526791812267789,-1.91880986810783,-0.707831402641512,-0.0409508075055244,-0.767532904424768,-0.202993708003753,-0.0191459895266863,-0.396849095498679,-0.172466266938626,0.704487594782526,0.706799001154165,-0.300986710514968,-0.527680489439249,-0.177318504788345
"1018",0,-0.346763866306412,0.330795300586854,0.524013130597061,0.108774140810285,-0.813775052877421,-0.416428649433891,-0.135962069060475,0.00131510914950845,0.0129698342204877,0.999757862091843,0.0768464655884069,1.13345756693153,-0.0550390494789284,-0.540830462877054,-0.1555961886108,-0.0445734002443183,-0.1658625288534,-0.0313491590044955,-1.12999301782559,0.779926240360802,-0.0233446231262145,-0.574697546273115,-0.113860786417039,-0.0382639442739243,-0.759253601238671,-0.712712404560498,0.472879490243842,1.00657188464015,-0.00225510259696458,-0.650039470011399,-0.048236570436645,-0.0179575742192926,-0.6080998831365,-0.427047782649156,0.452430213929543,0.782595037246263,0.649727875358349,-0.544774434739172,0,-0.0930309953194633,-0.481588184154324,-0.984477210668762,-1.12171262543579,-0.469598014124647,1.27008134505226,-0.111908222728241,-0.0998707974396848,-0.0692112518235939,-0.410266899197836,0.726778158175171,-0.36330510173903,-1.0828566761904,0.634035676862745,-0.159645077646464,-0.202993708003753,-0.0191459895266863,-0.303642030474405,0.628218168302089,0.93422270303842,0.508752131666208,0.386518455422421,-0.527680489439249,-0.177318504788345
"1019",0,-0.346763866306412,0.115841786710785,0.290919690251838,0.108774140810285,-0.277043532629481,-0.416428649433891,-0.135962069060475,-0.0247411626405223,0.0129698342204877,0.999757862091843,-0.667722469547314,0.290358455339444,0.786535690318983,-0.540830462877054,-0.1555961886108,-0.0445734002443183,-0.741918245459386,-0.0997517932053001,-1.12999301782559,0.943277984002168,0.294188708351751,-0.574697546273115,-0.113860786417039,-0.0382639442739243,-0.759253601238671,-1.53139249135053,-0.543969598576446,1.00657188464015,-0.635224161117807,-0.650039470011399,-0.048236570436645,-0.0330109162638679,-0.639535815693025,-1.2263086449194,-1.47909877630812,-0.394605113003119,0.819919577833732,-0.544774434739172,0,-0.0930309953194633,-0.481588184154324,-0.984477210668762,-1.23146909437281,-1.26160056962335,0.926220333707951,1.36847619759397,-0.0998707974396848,-0.0692112518235939,-0.241437025189109,-0.680633513211668,-0.16886700594293,-1.17079179098654,0.127795813586543,1.86664767828122,-0.202993708003753,-0.0191459895266863,-0.337447859759292,0.227875950681732,0.0152822700148413,0.310705262178251,0.902147329875462,0.701128155761885,-0.177318504788345
"1020",0,0.767805440878689,0.907905709259291,-0.175267190438608,0.330255952246136,1.86988254836228,2.15778762877808,-0.135962069060475,-0.0247411626405223,-0.640995384823577,-0.467204948361685,-1.1641017596378,-1.39583976784473,0.449905794399818,1.9228339974621,-0.101336496354449,-0.0445734002443183,-0.741918245459386,-1.62956752949562,-1.12999301782559,-1.01694293969422,1.24678870278565,-0.292956833346385,-0.113860786417039,-0.0382639442739243,-0.759253601238671,-1.53139249135053,-1.56081868739673,0.212541019721487,-0.301266633903012,-0.650039470011399,-0.048236570436645,-0.0330109162638679,-0.0211034405390152,0.532065252075134,0.452430213929543,0.950766487281889,0.649727875358349,0.315362825388311,0,-0.0930309953194633,1.20000300386236,0.400994512042235,1.36287885195866,-0.311197503024907,-1.13694573435793,-0.797595882078731,-0.0998707974396848,-0.0692112518235939,-0.410266899197836,-0.680633513211668,0.414447281445371,-1.83290722328817,-1.55967039733413,-0.767532904424768,-0.11705084359143,-0.0191459895266863,-0.303642030474405,1.4289026035428,-2.05233370428821,-2.26390404116519,-1.1603681679367,-0.527680489439249,-0.177318504788345
"1021",0,-0.346763866306412,0.115841786710785,0.485173357803504,0.330255952246136,0.0807774808691453,-0.416428649433891,-0.135962069060475,-0.0247411626405223,-0.314012775301545,0.633017159478461,-1.66048104972828,-0.763515434150662,0.786535690318983,-0.540830462877054,-0.1555961886108,-0.111531751188364,-0.741918245459386,-0.584748421150228,-1.12999301782559,-0.853591196052854,0.44256047139703,-0.574697546273115,-0.113860786417039,-0.0382639442739243,-0.759253601238671,-1.53139249135053,0.133929793970413,0.688959538672687,0.19966965691918,-0.499876338499307,-0.048236570436645,-0.0330109162638679,-0.639535815693025,-1.2263086449194,-0.719785239454199,-0.226433662967493,1.1603029827845,0.0286504053458163,0,-0.0930309953194633,-0.145269946550987,-0.214770698051542,-1.1090090697006,-1.26160056962335,1.27008134505226,0.116654330388589,-0.0998707974396848,-0.0692112518235939,0.0739739549704533,1.43048399386859,-0.689768813682039,-0.895344039415955,0.971528919046879,-0.159645077646464,-0.202993708003753,-0.0191459895266863,-0.350341454725454,0.027704841871553,0.470035837699492,-0.142787089816167,-0.300986710514968,-0.527680489439249,-0.232015670883696
"1022",0,-0.396681170393588,-1.17387929654563,-0.641454071129054,0.551737763681986,-0.992685559626734,-0.326612653792063,-0.135962069060475,-0.0247411626405223,-0.640995384823577,-0.833945650975067,1.06960504576937,-0.552740656252641,-1.40155863315559,1.35148118425252,-0.1555961886108,-0.0445734002443183,-0.741918245459386,0.7501458380671,1.22670964665357,-1.18029468333559,-0.34087795460418,3.65141314762784,-0.113860786417039,-0.0382639442739243,2.13579134636373,1.11468643411748,-1.05239414298659,-1.05790836414838,1.36852100217096,2.0838828385062,-0.048236570436645,-0.0330109162638679,2.75378170426749,1.60876993031744,-0.547273735950364,0.109909237103759,0.990111280309114,-0.544774434739172,0,-0.0930309953194633,3.89054890468905,1.47858362970634,1.36287885195866,1.27280760797249,0.582359322363638,-0.340470775845071,-0.0998707974396848,-0.0692112518235939,0.558214809138742,-0.680633513211668,0.0255710898531705,1.16729496510292,-1.22217715515,-0.767532904424768,-0.202993708003753,-0.0191459895266863,-0.303642030474405,-1.1983648534256,-0.673923054752843,0.706799001154165,-0.816615584968009,-0.527680489439249,-0.177318504788345
"1023",0,-0.346763866306412,0.975655842215063,0.990200011287507,-0.998634916368966,-0.992685559626734,-0.416428649433891,-0.135962069060475,-0.0247411626405223,-0.314012775301545,0.999757862091843,1.06960504576937,-0.265942800055234,-0.175315653777457,-0.540830462877054,-0.1555961886108,-0.0445734002443183,0.410193187752585,1.09010489057606,1.56338145586488,0.287963936968502,0.634527940964718,-0.574697546273115,-0.113860786417039,-0.0382639442739243,0.527433042140173,1.08838378637757,0.133929793970413,0.212541019721487,1.03456347495617,-0.10325500830788,-0.048236570436645,-0.0330109162638679,1.21576130976901,1.33132611434538,-1.47909877630812,-1.27143998507868,0.479536172882967,0.315362825388311,0,-0.0930309953194633,1.20000300386236,1.3246423271829,-1.12171262543579,-1.26160056962335,0.238498311019326,0.80234198973908,-0.0998707974396848,-0.0692112518235939,1.52669651747532,1.43048399386859,-0.36330510173903,0.229731781230706,1.14027554013895,-0.767532904424768,-0.202993708003753,-0.0191459895266863,0.728815661816031,0.828389277112268,0.704487594782526,0.310705262178251,-0.472863001999315,-0.527680489439249,-0.177318504788345
"1024",0,-0.346763866306412,0.545748814462924,0.757106570942284,0.994701386553687,0.438598494367772,-0.416428649433891,-0.135962069060475,-0.0247411626405223,0.0129698342204877,0.999757862091843,0.821415400724128,0.501133233237465,0.449905794399818,-0.540830462877054,-0.236999905230758,-0.0445734002443183,0.122165329449593,1.09010489057606,-0.624985304008629,-1.18029468333559,-0.941185728805282,-0.574697546273115,-0.113860786417039,-0.0382639442739243,1.17077636382959,1.08838378637757,0.981304034653986,-0.422683672213447,-1.3031392155474,-0.650039470011399,-0.049335153206293,-0.0330109162638679,-0.0211034405390152,0.0729868196425846,0.452430213929543,0.950766487281889,-0.371422339493946,-0.831486854781667,0,-0.0930309953194633,-0.481588184154324,-0.984477210668762,-1.12171262543579,-0.152796991925168,0.926220333707951,-0.797595882078731,-0.0998707974396848,-0.0692112518235939,-0.410266899197836,0.374925240328461,0.997761568833671,0.979782328328481,0.971528919046879,-0.564903628832,-0.202993708003753,-0.0191459895266863,-0.303642030474405,0.42804705949191,0.93422270303842,0.38540539947754,-0.129110419030621,-0.527680489439249,-0.177318504788345
"1025",0,-0.346763866306412,-1.17387929654563,0.290919690251838,-1.66308035067652,-0.905403799330078,-0.416428649433891,-0.179152132966966,-0.0247411626405223,-0.640995384823577,-0.869496004423914,1.06960504576937,-0.34196587835462,-0.750461603492407,-0.540830462877054,-0.1555961886108,-0.0445734002443183,-0.741918245459386,0.41018678555814,0.216694219019643,0.453222753078071,-0.177297907330527,-0.574697546273115,-0.113860786417039,-0.0382639442739243,1.49244802467431,0.924647769019562,-0.882919294849875,0.847765711656421,0.032690893311783,-0.376647239159639,-0.048236570436645,0.259058037121274,2.76184224765403,1.33132611434538,1.09627321067543,1.41143448687226,1.1603029827845,0.273899451150126,0,-0.0930309953194633,-0.145269946550987,-0.368712000574986,0.431157047935746,0.63920556357353,-1.48080674570224,-0.797595882078731,-0.215348886704356,0.0858097758053513,-0.410266899197836,-1.38433934890509,0.414447281445371,-0.332806129092624,-1.55967039733413,-0.767532904424768,-0.202993708003753,-0.0191459895266863,-0.31777612174517,-1.17332181098952,0.0152822700148413,-1.2736696937254,-1.1603681679367,-0.527680489439249,-0.177318504788345
"1026",0,-0.346763866306412,-0.314065241041354,0.990200011287507,-2.32752578498407,-0.992685559626734,-0.416428649433891,-0.135962069060475,-0.0247411626405223,-0.640995384823577,-0.100464245748303,0.0768464655884069,-2.23893887943681,-1.40155863315559,-0.540830462877054,-0.1555961886108,-0.0445734002443183,-0.453890387156393,0.7501458380671,0.216694219019643,-1.18029468333559,-1.29347794903808,-0.574697546273115,-0.162731601871755,-0.0382639442739243,0.205761381295462,1.08838378637757,1.1507788827907,0.688959538672687,-0.635224161117807,-0.650039470011399,-0.048236570436645,-0.0330109162638679,0.28811274703799,1.33132611434538,-0.191412782816345,-0.73094801307437,0.265834078380121,0.602075245430805,0,-0.0930309953194633,-0.145269946550987,1.17070102465946,-0.655851723424326,-1.26160056962335,-0.277293205997144,1.94515475532323,0.164934672288956,-0.0692112518235939,-0.410266899197836,0.550851699251816,-0.295414912142103,-0.520318765867068,1.14027554013895,0.853501300317375,-0.202993708003753,-0.0191459895266863,-0.303642030474405,-0.172466266938626,0.474752486526631,0.508752131666208,0.367892369080572,-0.527680489439249,-0.177318504788345
"1027",0,-0.346763866306412,-1.17387929654563,0.0578262499066152,-0.998634916368966,-0.992685559626734,-0.416428649433891,-0.135962069060475,-0.064995348517452,-0.640995384823577,-0.650575299668376,1.06960504576937,-1.60661454574275,-1.27950239432505,-0.540830462877054,-0.1555961886108,-0.0445734002443183,-0.1658625288534,0.92012536432158,-0.119977590191666,-1.18029468333559,-1.29347794903808,-0.574697546273115,-0.113860786417039,-0.0382639442739243,0.527433042140173,1.08838378637757,0.133929793970413,-0.422683672213447,-1.3031392155474,-0.650039470011399,-0.048236570436645,-0.0330109162638679,0.906545122192,1.33132611434538,1.09627321067543,0.950766487281889,0.479536172882967,-0.831486854781667,0,-0.0930309953194633,1.5363212414657,1.47858362970634,0.275870080598593,-0.469598014124647,0.895390021329661,-0.111908222728241,-0.0998707974396848,-0.0692112518235939,0.0739739549704533,1.07863107602188,0.997761568833671,-0.0452678184823067,0.223109515203157,-0.159645077646464,-0.123444797558948,-0.0191459895266863,-0.303642030474405,-0.97315070217934,-0.444187946496948,0.904845870642121,0.0427658724537265,-0.527680489439249,-0.177318504788345
"1028",0,-0.346763866306412,-0.529018754917424,0.434290969438177,0.551737763681986,-0.634864546128108,-0.416428649433891,-0.135962069060475,-0.0247411626405223,-0.640995384823577,-0.650575299668376,-0.667722469547314,0.711908011135486,0.618220742359401,-0.225476842712765,-0.1555961886108,-0.0445734002443183,-0.741918245459386,-1.62956752949562,-1.12999301782559,-0.0368324778460259,0.452955374090734,-0.574697546273115,-0.167572302821134,-0.0382639442739243,-0.759253601238671,-1.53139249135053,-1.56081868739673,-0.10507132624598,-0.134287870295615,-0.650039470011399,-0.048236570436645,-0.0330109162638679,-0.0211034405390152,0.851769596983231,1.09627321067543,0.950766487281889,0.649727875358349,0.0286504053458163,0,-0.0930309953194633,0.19104829105235,1.47858362970634,1.36287885195866,0.95600658577301,-0.277293205997144,-0.569033328961901,-0.0998707974396848,-0.0692112518235939,-0.410266899197836,-1.38433934890509,1.19219966462977,-0.332806129092624,-1.55967039733413,-0.767532904424768,-0.202993708003753,-0.0191459895266863,-0.303642030474405,-0.34650506226438,0.245017378270736,-1.86781030218927,-1.1603681679367,-0.527680489439249,-0.177318504788345
"1029",0,-0.346763866306412,0.760702328338993,0.290919690251838,0.538543468312802,0.796419507866398,-0.123111490731166,-0.135962069060475,-0.0247411626405223,-0.640995384823577,-0.650575299668376,-1.22553948641638,-1.39583976784473,0.618220742359401,2.66193333556384,-0.1555961886108,-0.0445734002443183,-0.741918245459386,-1.62956752949562,-1.12999301782559,-1.18029468333559,-0.182111288865197,2.52445029592092,-0.113860786417039,-0.0382639442739243,-0.825053244205852,-1.20392045663452,0.472879490243842,0.530153365688954,0.700605947741373,-0.10325500830788,-0.411296967689976,-0.0330109162638679,-0.639535815693025,-1.2263086449194,0.130508715556599,0.782595037246263,-1.39257255434624,-0.831486854781667,0,-0.0930309953194633,-0.481588184154324,-0.984477210668762,-0.966425658098632,0.480805052473791,0.0665678053471691,-0.797595882078731,-0.0998707974396848,-0.0692112518235939,-0.410266899197836,0.726778158175171,-1.33549558071953,-1.27036931296484,0.971528919046879,-0.767532904424768,-0.202993708003753,-0.0191459895266863,-0.303642030474405,0.42804705949191,0.93422270303842,-0.226297301714687,-0.644739293483662,-0.527680489439249,-0.177318504788345
"1030",0,-0.346763866306412,-0.314065241041354,0.0578262499066152,-0.555671293497266,-0.992685559626734,-0.416428649433891,-0.135962069060475,-0.0525224841811277,-0.805064261819397,-0.467204948361685,0.122154661948003,-0.537262812136804,0.113275898480654,-0.540830462877054,-0.1555961886108,-0.0445734002443183,-0.741918245459386,0.92012536432158,-0.119977590191666,-1.18029468333559,0.611722039829717,-0.0112161204196545,-0.113860786417039,-0.0382639442739243,0.205761381295462,0.433439716945544,-1.56081868739673,-1.59665172994581,0.633019918646063,1.26370614595092,-0.048236570436645,-0.0330109162638679,1.52497749734601,0.532065252075134,-1.47909877630812,-1.73997671328813,0.639762608018116,1.46221250555829,0,-0.0930309953194633,1.5363212414657,0.862818419612568,-1.12171262543579,-1.26160056962335,1.00806939493298,1.03090454285591,-0.0998707974396848,-0.0692112518235939,1.04245566330703,1.43048399386859,-0.55774319753513,-0.355284545453729,0.971528919046879,0.0429841979463036,-0.202993708003753,-0.0191459895266863,-0.303642030474405,-0.321457651758146,0.245017378270736,0.895748723326326,0.214642163938074,-0.527680489439249,-0.177318504788345
"1031",0,0.767805440878689,1.4055628699672,0.990200011287507,0.551737763681986,0.3481217058036,-0.416428649433891,-0.135962069060475,-0.0247411626405223,0.0129698342204877,0.44964680817177,-1.1641017596378,-1.1850649899467,1.12316558623815,-0.0480975708092236,-0.1555961886108,-0.12016755277347,-0.741918245459386,-0.60969037196874,1.39504555125922,0.289871009436705,0.7704887055687,-0.574697546273115,-0.113860786417039,-0.0980157101479449,-0.759253601238671,-1.53139249135053,0.133929793970413,0.847765711656421,-1.13616045194,-0.650039470011399,-0.048236570436645,-0.0330109162638679,-0.639535815693025,-0.586899955103205,0.935312461488958,-0.394605113003119,-1.41504903885307,-0.831486854781667,0,-0.0930309953194633,-0.481588184154324,0.862818419612568,-0.500564756087173,-0.23210756978763,-1.48080674570224,-0.797595882078731,-0.0998707974396848,-0.0692112518235939,1.04245566330703,1.07863107602188,0.0255710898531705,0.229731781230706,-0.831788207281527,-0.767532904424768,-0.202993708003753,-0.0191459895266863,0.961966934917043,1.53700932037263,0.245017378270736,-1.66976343270132,-1.1603681679367,-0.527680489439249,-0.135187951428699
"1032",0,-0.346763866306412,-1.17387929654563,-1.34073439216472,0.330255952246136,-0.479835324375581,-0.416428649433891,-0.135962069060475,-0.0247411626405223,-0.556665480749653,-1.75079740750852,0.325036110633647,-0.34196587835462,-1.40155863315559,-0.540830462877054,-0.1555961886108,-0.0445734002443183,-0.741918245459386,-0.9496494244777,1.56338145586488,-0.526887708770123,-1.29347794903808,-0.574697546273115,-0.113860786417039,-0.0382639442739243,-0.759253601238671,-0.22150435248648,0.811829186517271,-1.53432688309958,-1.3031392155474,-0.650039470011399,-0.049335153206293,-0.0330109162638679,-0.639535815693025,0.851769596983231,0.935312461488958,0.278080687139385,-0.201230637018563,-0.831486854781667,0,-0.0930309953194633,-0.246327367059051,0.862818419612568,1.05230491728436,-0.469598014124647,0.238498311019326,1.94515475532323,-0.0998707974396848,-0.138040505956588,-0.410266899197836,0.0230723224817513,0.608885377241471,-1.0828566761904,-0.884683912965861,2.27190622946675,2.25623249403729,-0.0191459895266863,-0.303642030474405,-1.17332181098952,-1.59286348777642,0.112658392690295,1.24589991284416,1.19265161384234,-0.177318504788345
"1033",0,-0.346763866306412,0.975655842215063,0.990200011287507,0.108774140810285,-0.992685559626734,-0.416428649433891,-0.135962069060475,-0.0247411626405223,-0.314012775301545,0.633017159478461,0.325036110633647,1.13345756693153,-0.655976034107711,-0.540830462877054,-0.1555961886108,-0.0445734002443183,-0.741918245459386,-1.28960847698666,-0.624985304008629,1.43333321492626,-0.499644620343163,-0.574697546273115,-0.113860786417039,-0.0382639442739243,-0.759253601238671,-1.53139249135053,-0.882919294849875,1.00657188464015,-0.969181688332602,-0.650039470011399,-0.048236570436645,-0.0330109162638679,-0.639535815693025,-1.01698502424189,0.291469464743071,0.797967038359114,-1.56276425682162,-0.831486854781667,0,-0.0930309953194633,-0.481588184154324,-0.676594605621874,0.502698812097574,0.00560351917457189,-1.48080674570224,-0.111908222728241,1.69082185112967,-0.0692112518235939,0.0739739549704533,0.902704617098525,1.19219966462977,0.792269691554037,1.14027554013895,2.47453550505952,3.48584559505782,-0.0191459895266863,-0.0391979783526091,1.22873149473262,0.93422270303842,0.904845870642121,1.07402362135981,1.19265161384234,-0.177318504788345
"1034",0,-0.346763866306412,-1.17387929654563,-2.73929503423606,0.108774140810285,1.33315102811434,-0.123111490731166,-0.135962069060475,-0.0247411626405223,-0.640995384823577,-1.93416775881521,-2.405049984864,1.13345756693153,1.29148053419773,0.198268875224692,-0.1555961886108,-0.0445734002443183,-0.741918245459386,-1.62956752949562,-0.28831349479732,1.43333321492626,1.24678870278565,0.552265305433806,-0.113860786417039,-0.0382639442739243,-0.759253601238671,-1.53139249135053,0.472879490243842,1.04883621618402,1.36852100217096,0.716921684247398,-0.048236570436645,-0.0330109162638679,-0.639535815693025,-0.427047782649156,1.09627321067543,0.950766487281889,1.1603029827845,0.315362825388311,0,-0.0930309953194633,0.527366528655686,1.3246423271829,1.05230491728436,1.11440709687275,1.27008134505226,-0.111908222728241,-0.245953165019634,-0.0692112518235939,1.04245566330703,-0.208475196131671,-1.52993367651563,0.604757054779594,0.443599396937679,-0.767532904424768,-0.330508360103878,-0.0191459895266863,-0.303642030474405,-1.17332181098952,-2.7415390290559,0.112658392690295,0.730271038391115,-0.281918760399022,-0.177318504788345
"1035",0,-0.346763866306412,0.115841786710785,-0.408360630783831,-2.54900759641992,-0.992685559626734,-0.416428649433891,-0.135962069060475,-0.0247411626405223,-0.640995384823577,-0.100464245748303,-0.171343179456834,-2.23893887943681,-1.40155863315559,-0.540830462877054,-0.1555961886108,-0.0445734002443183,-0.453890387156393,0.92012536432158,-0.456649399402975,-1.75537696883384,-1.29347794903808,-0.574697546273115,-0.113860786417039,-0.0382639442739243,0.527433042140173,1.08838378637757,-0.71344444671316,-0.899102191164647,-1.3031392155474,-0.650039470011399,-0.049335153206293,-0.0330109162638679,1.21576130976901,1.33132611434538,1.09627321067543,0.950766487281889,0.819919577833732,0.120901984101496,0,-0.0930309953194633,1.87263947906903,1.47858362970634,-0.500564756087173,-0.311197503024907,0.926220333707951,1.03090454285591,-0.0998707974396848,-0.0692112518235939,0.558214809138742,1.25455753494524,-0.36330510173903,0.153609424583478,0.802782297954812,-0.159645077646464,-0.202993708003753,-0.0191459895266863,-0.303642030474405,-0.172466266938626,0.474752486526631,0.310705262178251,-0.644739293483662,-0.527680489439249,-0.177318504788345
"1036",0,-0.346763866306412,0.975655842215063,-0.874547511474277,-0.112707670625565,-0.634864546128108,-0.416428649433891,-0.135962069060475,-0.0247411626405223,-0.640995384823577,0.999757862091843,0.821415400724128,-0.552740656252641,-0.114693782188654,-0.0480975708092236,-0.1555961886108,-0.0445734002443183,0.410193187752585,1.09010489057606,-0.456649399402975,-1.3636132018571,0.135422042612768,1.397487444214,-0.113860786417039,-0.0382639442739243,1.49244802467431,0.760911751661556,-1.56081868739673,-1.53432688309958,-0.802202924725205,1.53709837680268,-0.048236570436645,-0.0330109162638679,1.83419368492302,0.691917424529183,-1.47909877630812,-1.73997671328813,-0.371422339493946,1.46221250555829,0,0.338642549209467,1.5363212414657,-0.0608293955280974,-1.12171262543579,-0.786399036324126,1.09815083938011,0.116654330388589,-0.0998707974396848,-0.0692112518235939,0.602642201677936,0.408749151381119,0.0255710898531705,1.16729496510292,-0.378444049689659,-0.767532904424768,-0.202993708003753,-0.0191459895266863,-0.303642030474405,0.828389277112268,0.474752486526631,-1.2736696937254,-1.1603681679367,-0.527680489439249,-0.177318504788345
"1037",0,-0.346763866306412,0.545748814462924,0.290919690251838,-2.32752578498407,-0.992685559626734,-0.416428649433891,-0.135962069060475,-0.0247411626405223,-0.640995384823577,0.266276456865079,1.06960504576937,-2.23893887943681,-1.40155863315559,-0.540830462877054,-0.1555961886108,-0.0445734002443183,-0.741918245459386,0.893814345844383,0.721701932836606,-1.39737172165655,-1.29347794903808,-0.574697546273115,-0.113860786417039,-0.0382639442739243,-0.759253601238671,0.924647769019562,0.642354338380556,-0.58148984519718,-0.802202924725205,-0.66474644611978,-0.048236570436645,-0.0330109162638679,-0.639535815693025,1.17147394189133,1.09627321067543,0.950766487281889,1.1603029827845,-0.503767486543393,0,-0.0930309953194633,-0.481588184154324,1.3246423271829,0.960603585711274,0.95600658577301,1.27008134505226,0.755701243491903,-0.0998707974396848,-0.0692112518235939,-0.410266899197836,0.902704617098525,1.19219966462977,0.979782328328481,1.14027554013895,0.650872024724607,-0.202993708003753,-0.0191459895266863,-0.26485320689811,-0.172466266938626,0.704487594782526,0.310705262178251,0.0563868777239864,-0.527680489439249,-0.177318504788345
"1038",0,-0.346763866306412,0.760702328338993,0.128861409427956,0.994701386553687,-0.0981330258801679,-0.416428649433891,-0.135962069060475,-0.0247411626405223,-0.640995384823577,0.44964680817177,0.482586881081886,-0.34196587835462,-0.391668945398093,-0.540830462877054,-0.1555961886108,-0.0445734002443183,-0.546157085678745,-0.0997517932053001,0.89003783744226,-1.18029468333559,-1.29347794903808,-0.574697546273115,-0.105142892293318,-0.0909846830221019,-0.759253601238671,-0.449287464113618,1.1507788827907,-0.0959591816963416,-1.3031392155474,-0.601845984138651,-0.048236570436645,-0.0330109162638679,-0.639535815693025,-1.2263086449194,0.452430213929543,-0.0582622129318667,-1.56276425682162,-0.831486854781667,0,-0.0930309953194633,-0.481588184154324,-0.984477210668762,-0.34527778875002,1.11440709687275,-1.48080674570224,-0.797595882078731,-0.0998707974396848,-0.0692112518235939,-0.410266899197836,-0.856559972135023,-0.94661938912733,1.16729496510292,-0.715937291873794,-0.767532904424768,-0.202993708003753,-0.0191459895266863,-0.303642030474405,0.629290207522609,0.679089222752377,0.706799001154165,-0.988491876452356,-0.527680489439249,-0.0322390300853113
"1039",0,-0.346763866306412,-1.17387929654563,-1.34073439216472,0.773219575117836,0.796419507866398,-0.123111490731166,-0.135962069060475,-0.0247411626405223,-0.640995384823577,-1.93416775881521,0.0768464655884069,1.13345756693153,0.954850638278565,-0.0480975708092236,-0.1555961886108,-0.0445734002443183,-0.453890387156393,0.41018678555814,1.49785431281059,1.43333321492626,-0.182111288865197,-0.574697546273115,-0.113860786417039,-0.0382639442739243,1.49244802467431,1.08838378637757,1.1507788827907,1.00657188464015,-0.134287870295615,-0.650039470011399,-0.048236570436645,-0.0330109162638679,-0.33031962811602,-0.586899955103205,0.0857500652704938,0.950766487281889,-0.881997446920094,-0.831486854781667,0,-0.0930309953194633,-0.481588184154324,-0.984477210668762,-0.34527778875002,1.27280760797249,-0.277293205997144,-0.797595882078731,-0.0998707974396848,-0.0692112518235939,-0.586764695058475,-1.38433934890509,-0.36330510173903,1.11416907625842,0.29654243467861,-0.767532904424768,-0.202993708003753,-0.0191459895266863,-0.303642030474405,-1.17332181098952,-1.36312837952053,0.904845870642121,0.902147329875462,-0.527680489439249,-0.177318504788345
"1040",0,-0.346763866306412,-0.958925782669563,-1.1076409518195,0.469442610187744,0.259687987618459,-0.416428649433891,-0.135962069060475,-0.0247411626405223,-0.640995384823577,-0.467204948361685,1.06960504576937,1.13345756693153,1.29148053419773,-0.540830462877054,-0.1555961886108,-0.0445734002443183,-0.741918245459386,0.92012536432158,1.56338145586488,1.16812434877583,1.24678870278565,-0.574697546273115,-0.113860786417039,-0.0382639442739243,-0.43758194039396,-0.385240369844486,1.22642726582568,1.29121642303353,1.36852100217096,0.17013722254388,-0.048236570436645,-0.0330109162638679,-0.639535815693025,-1.06645647246535,1.09627321067543,0.950766487281889,1.1603029827845,0.315362825388311,0,-0.0930309953194633,-0.481588184154324,-0.52265330309843,1.36287885195866,1.27280760797249,1.27008134505226,-0.569033328961901,-0.0998707974396848,-0.0692112518235939,-0.410266899197836,-0.643842801722689,1.19219966462977,1.16729496510292,1.14027554013895,-0.767532904424768,-0.202993708003753,-0.0191459895266863,-0.303642030474405,-0.98275445243996,-0.673923054752843,0.112658392690295,-0.129110419030621,-0.527680489439249,-0.177318504788345
"1041",0,-0.346763866306412,0.760702328338993,-0.641454071129054,-2.32752578498407,-0.992685559626734,-0.416428649433891,-0.135962069060475,-0.0247411626405223,-0.640995384823577,-0.100464245748303,1.06960504576937,-0.313113288500321,-1.40155863315559,-0.540830462877054,-0.1555961886108,-0.0445734002443183,-0.741918245459386,0.58016631181262,1.05569746505009,-0.0368324778460259,-1.29347794903808,-0.574697546273115,-0.113860786417039,-0.0382639442739243,-0.759253601238671,-0.548976387202492,1.1507788827907,0.530153365688954,-1.3031392155474,-0.650039470011399,-0.048236570436645,-0.0330109162638679,-0.639535815693025,-1.2263086449194,0.774351712302486,0.950766487281889,-1.56276425682162,-0.831486854781667,0,-0.0930309953194633,-0.481588184154324,-0.984477210668762,0.897017949947205,1.27280760797249,-0.442926749653305,0.116654330388589,-0.0998707974396848,-0.0692112518235939,-0.410266899197836,0.374925240328461,1.19219966462977,1.16729496510292,1.14027554013895,2.27190622946675,2.25623249403729,-0.0191459895266863,-0.303642030474405,0.42804705949191,0.93422270303842,0.310705262178251,0.214642163938074,0.701128155761885,-0.177318504788345
"1042",0,-0.346763866306412,0.545748814462924,0.604391741951684,-0.112707670625565,-0.813775052877421,-0.416428649433891,-0.135962069060475,-0.0247411626405223,-0.314012775301545,0.633017159478461,0.573225755678888,0.711908011135486,0.281590846440236,-0.540830462877054,-0.1555961886108,-0.0445734002443183,0.122165329449593,0.911283875416039,-0.624985304008629,-1.18029468333559,0.135422042612768,0.270524592507076,-0.113860786417039,-0.0382639442739243,0.849104702984884,0.760911751661556,-1.25362060158745,-1.67947732125841,-0.301266633903012,0.990313915099158,0.0400742352828954,0.149521218734115,0.906545122192,0.851769596983231,-1.47909877630812,-1.73997671328813,-0.371422339493946,1.17550008551579,0,0.11224511725934,0.863684766259023,0.862818419612568,-1.12171262543579,-1.26160056962335,0.754289828035795,0.57377943662225,-0.0998707974396848,-0.0692112518235939,0.444612534157578,1.10873349453907,0.608885377241471,1.16729496510292,0.725989806457802,-0.767532904424768,-0.202993708003753,-0.0191459895266863,-0.303642030474405,0.227875950681732,0.93422270303842,0.112658392690295,-0.876492305601925,-0.527680489439249,-0.177318504788345
"1043",0,-0.346763866306412,1.19060935609113,0.990200011287507,-1.22011672780482,-0.992685559626734,-0.416428649433891,-0.135962069060475,-0.0247411626405223,0.0129698342204877,0.999757862091843,0.573225755678888,0.711908011135486,-1.233243685196,-0.540830462877054,-0.1555961886108,-0.0445734002443183,0.986248904358571,1.09010489057606,-0.793321208614283,1.2699814712849,-0.34087795460418,-0.574697546273115,-0.113860786417039,-0.0382639442739243,0.759982711270365,0.269703699587538,-1.56081868739673,0.847765711656421,-0.0999498062127743,-0.650039470011399,-0.048236570436645,-0.0330109162638679,-0.639535815693025,-1.2263086449194,-1.47909877630812,0.950766487281889,-0.711805744444711,-0.831486854781667,0,-0.0930309953194633,-0.481588184154324,-0.984477210668762,-0.500564756087173,1.27280760797249,-1.13694573435793,-0.797595882078731,-0.0998707974396848,-0.0692112518235939,-0.409621416207222,-0.328780595364958,0.997761568833671,0.979782328328481,-0.209697428597592,0.853501300317375,3.48584559505782,-0.0191459895266863,-0.303642030474405,1.22873149473262,0.93422270303842,0.706799001154165,1.58965249581285,3.40450717520438,5.0734739870949
"1044",0,-0.346763866306412,0.115841786710785,0.241350233804608,0.330255952246136,0.975330014615711,-0.416428649433891,-0.379663507244962,-0.0247411626405223,2.62883071039675,0.633017159478461,-0.915912114592555,-0.34196587835462,1.29148053419773,0.444635321258607,-0.1555961886108,-0.0445734002443183,-0.741918245459386,-1.62956752949562,-1.98835933118351,-1.01694293969422,1.27535546183058,1.11574673128727,-0.113860786417039,-0.0382639442739243,-0.759253601238671,-1.53139249135053,-1.05239414298659,0.688959538672687,1.03456347495617,-0.376647239159639,-0.048236570436645,-0.0330109162638679,-0.639535815693025,-0.107343437741059,1.09627321067543,0.950766487281889,1.1603029827845,0.315362825388311,0,-0.0930309953194633,-0.481588184154324,-0.830535908145318,-0.966425658098632,-1.26160056962335,0.582359322363638,0.548729307782747,-0.0998707974396848,-0.0692112518235939,-0.410266899197836,-0.367094705699642,-1.52993367651563,-0.895344039415955,0.802782297954812,0.157862855323998,-0.202993708003753,-0.0191459895266863,-0.303642030474405,0.493292709706839,0.93422270303842,0.310705262178251,0.367509818596577,-0.281918760399022,-0.177318504788345
"1045",0,-0.346763866306412,0.330795300586854,0.385864788577405,0.551737763681986,-0.813775052877421,-0.416428649433891,-0.135962069060475,-0.0247411626405223,-0.640995384823577,0.999757862091843,-0.419532824502074,-1.1850649899467,-1.40155863315559,-0.540830462877054,-0.1555961886108,-0.0445734002443183,-0.453890387156393,1.09010489057606,1.05837374204791,0.185611874619351,-0.817177951821129,-0.574697546273115,-0.113860786417039,-0.0382639442739243,-0.759253601238671,0.433439716945544,0.133929793970413,0.212541019721487,1.20154223856357,0.17013722254388,-0.048236570436645,-0.0330109162638679,-0.639535815693025,-1.2263086449194,-1.47909877630812,-1.73997671328813,-0.0310389345431809,1.46221250555829,0,-0.0930309953194633,-0.481588184154324,-0.984477210668762,-1.12171262543579,-1.26160056962335,-0.96501522868577,1.60986226212983,-0.0998707974396848,-0.0692112518235939,0.0739739549704533,-0.152854136441604,-1.14105748492343,-0.855976840355841,0.29654243467861,1.46138912709568,-0.202993708003753,-0.0191459895266863,0.728815661816031,1.02856038592245,0.474752486526631,0.706799001154165,0.902147329875462,-0.0361570313587953,-0.414472185066349
"1046",0,-0.346763866306412,0.760702328338993,0.0578262499066152,0.551737763681986,1.86988254836228,1.93010862018791,0.285865844690479,-0.0247411626405223,-0.314012775301545,0.266276456865079,0.0768464655884069,-0.131191100456599,0.954850638278565,1.09400405259097,-0.1555961886108,-0.0445734002443183,-0.741918245459386,-1.62956752949562,-1.05063342409001,-0.690239452411488,1.24678870278565,-0.0112161204196545,-0.113860786417039,-0.0177637689065176,-0.521953024422429,-0.379985534917184,-0.205019902303017,0.37134719270522,1.36852100217096,1.26370614595092,-0.048236570436645,0.0107463985881819,-0.0211034405390152,1.33132611434538,1.09627321067543,0.950766487281889,1.01075026207417,2.03563734564328,0,-0.0930309953194633,-0.481588184154324,-0.676594605621874,1.05230491728436,0.322404541374051,-0.621154217341457,-0.569033328961901,-0.195915014701123,-0.0692112518235939,-0.410266899197836,-0.328780595364958,1.19219966462977,-1.45788194973929,-1.55967039733413,-0.767532904424768,-0.202993708003753,-0.0191459895266863,-0.303642030474405,1.02856038592245,-0.214452838241053,-2.26390404116519,-1.1603681679367,-0.527680489439249,-0.177318504788345
"1047",0,-0.346763866306412,0.760702328338993,0.990200011287507,0.773219575117836,-0.813775052877421,-0.775786498960175,-0.135962069060475,-0.0247411626405223,1.32090027230862,0.633017159478461,-0.528069215044708,1.13345756693153,-0.728298841317257,-0.540830462877054,-0.1555961886108,-0.0445734002443183,0.122165329449593,-0.9496494244777,1.40488719996461,1.2699814712849,-1.29347794903808,-0.574697546273115,-0.113860786417039,-0.0382639442739243,-0.759253601238671,-0.22150435248648,1.1507788827907,-1.37552071011585,-1.3031392155474,-0.650039470011399,-0.048236570436645,-0.0330109162638679,-0.639535815693025,-0.746752127557253,0.774351712302486,-0.0582622129318667,-1.56276425682162,-0.831486854781667,0,-0.130745275930691,-0.481588184154324,-0.984477210668762,-0.811138690761479,1.11440709687275,-0.105362700324987,-0.620219063446549,-0.0998707974396848,-0.0692112518235939,-0.410266899197836,-0.504707054288313,-0.75218129333123,0.185423122243655,1.14027554013895,0.245613473539072,-0.202993708003753,-0.0191459895266863,-0.303642030474405,1.4289026035428,0.93422270303842,0.904845870642121,1.58965249581285,0.701128155761885,-0.177318504788345
"1048",0,-0.346763866306412,0.115841786710785,0.415742643775058,0.108774140810285,-0.813775052877421,-0.416428649433891,-0.135962069060475,0.0352121224942342,0.274942521967682,0.999757862091843,-0.667722469547314,-0.435638527209605,0.954850638278565,-0.0480975708092236,-0.1555961886108,-0.0445734002443183,0.986248904358571,0.7501458380671,-1.16283325758295,-0.853591196052854,1.24678870278565,1.11574673128727,-0.113860786417039,-0.0382639442739243,0.849104702984884,0.924647769019562,-0.71344444671316,-0.58148984519718,1.36852100217096,0.443529453395639,-0.048236570436645,-0.0179575742192926,0.329168179094488,-0.267195610195108,0.452430213929543,0.278080687139385,0.990111280309114,1.46221250555829,0,-0.0930309953194633,-0.481588184154324,-0.984477210668762,-1.12171262543579,-1.26160056962335,0.754289828035795,0.80234198973908,-0.0998707974396848,-0.0692112518235939,0.558214809138742,1.07863107602188,-1.14105748492343,-0.520318765867068,1.14027554013895,-0.362274353239232,-0.202993708003753,-0.0191459895266863,-0.303642030474405,0.227875950681732,0.704487594782526,0.706799001154165,-0.300986710514968,-0.527680489439249,-0.177318504788345
"1049",0,-0.346763866306412,0.975655842215063,0.990200011287507,0.994701386553687,1.86988254836228,4.27664588980972,4.50095327128558,-0.0247411626405223,-0.640995384823577,-1.01731600228176,-0.667722469547314,-0.552740656252641,0.78380505645815,2.41556688952993,2.56162090411218,-0.0445734002443183,-0.741918245459386,-1.62956752949562,-1.12999301782559,0.220024152550505,0.7704887055687,-0.292956833346385,-0.113860786417039,-0.0382639442739243,-0.759253601238671,-0.548976387202492,-0.205019902303017,1.00657188464015,1.36852100217096,2.90405953106147,-0.048236570436645,-0.0330109162638679,-0.639535815693025,1.01162176943728,1.09627321067543,0.278080687139385,-0.201230637018563,-0.544774434739172,0,-0.0930309953194633,-0.481588184154324,-0.14287625134655,0.679692795280947,-0.786399036324126,-1.34713174597551,-0.909450364527487,-0.0998707974396848,-0.16693761715347,-0.410266899197836,-0.211276888511724,0.608885377241471,-1.83290722328817,-1.55967039733413,-0.767532904424768,-0.189827376717714,-0.115134277125818,-0.303642030474405,1.02461060236598,-1.36312837952053,-2.26390404116519,-1.1603681679367,-0.527680489439249,-0.398760523441809
"1050",0,-0.346763866306412,-1.10938122715043,-1.34073439216472,0.551737763681986,1.86988254836228,1.63679146148519,-0.135962069060475,-0.0247411626405223,-0.359816346839618,-0.100464245748303,0.821415400724128,-0.974290212048683,1.12316558623815,1.18373465936035,-0.1555961886108,0.0386153206471683,0.410193187752585,1.09010489057606,-0.624985304008629,-0.853591196052854,0.611722039829717,-0.574697546273115,-0.113860786417039,-0.0382639442739243,0.205761381295462,0.924647769019562,0.303404642107127,-0.422683672213447,1.36852100217096,0.17013722254388,-0.048236570436645,-0.0330109162638679,-0.639535815693025,0.0933541488665896,-0.0304520336298728,0.782595037246263,0.649727875358349,0.00457697461635873,0,-0.0930309953194633,-0.481588184154324,-0.984477210668762,-0.500564756087173,1.11440709687275,-0.621154217341457,-0.797595882078731,-0.0998707974396848,-0.0692112518235939,-0.410266899197836,-1.38433934890509,-0.36330510173903,1.16729496510292,-1.55967039733413,-0.767532904424768,-0.202993708003753,-0.0191459895266863,-0.511307472927805,-1.17332181098952,-1.59286348777642,0.904845870642121,-1.1603681679367,-0.527680489439249,-0.177318504788345
"1051",0,-0.346763866306412,0.330795300586854,-0.175267190438608,0.248250582657314,0.259687987618459,-0.416428649433891,-0.135962069060475,-0.0247411626405223,-0.314012775301545,0.816387510785152,0.821415400724128,0.501133233237465,1.12316558623815,-0.0480975708092236,-0.0599521773466987,-0.0445734002443183,0.410193187752585,1.09010489057606,-0.456649399402975,-0.363535965128757,0.929255371307683,0.552265305433806,-0.113860786417039,-0.0382639442739243,-0.759253601238671,0.105967682229532,1.1507788827907,1.00657188464015,0.867584711348771,-0.10325500830788,-0.048236570436645,-0.0330109162638679,-0.639535815693025,-0.107343437741059,0.935312461488958,0.217758278573904,-1.05218914939548,-0.831486854781667,0,-0.0930309953194633,-0.145269946550987,1.47858362970634,0.275870080598593,0.00560351917457189,1.09815083938011,-0.797595882078731,-0.201162401888144,-0.0692112518235939,-0.0557235296499809,1.25455753494524,-0.75218129333123,-0.145293492318181,1.14027554013895,-0.767532904424768,-0.202993708003753,-0.0191459895266863,-0.303642030474405,0.027704841871553,0.93422270303842,0.706799001154165,-0.129110419030621,-0.527680489439249,-0.177318504788345
"1052",0,-0.921282444700537,-1.17387929654563,-1.57382783250995,0.773219575117836,-0.992685559626734,-0.416428649433891,-0.135962069060475,-0.0247411626405223,-0.640995384823577,-1.93416775881521,0.0768464655884069,0.290358455339444,-1.40155863315559,-0.540830462877054,-0.1555961886108,-0.0445734002443183,-0.741918245459386,-0.704294938152069,1.48928538633513,0.12651926579534,-1.29347794903808,-0.574697546273115,-0.113860786417039,-0.0909846830221019,-0.759253601238671,-0.057768335128474,0.811829186517271,-0.899102191164647,-0.998608377487054,-0.650039470011399,-0.048236570436645,-0.0330109162638679,-0.639535815693025,1.33132611434538,-0.352373532002817,0.950766487281889,-0.201230637018563,-0.831486854781667,0,-0.0930309953194633,3.21791242948238,1.47858362970634,1.20759188462151,1.27280760797249,1.27008134505226,0.0769090715639826,-0.0998707974396848,-0.0692112518235939,5.88486420498992,1.43048399386859,1.19219966462977,1.16729496510292,1.14027554013895,0.650872024724607,-0.202993708003753,-0.0191459895266863,-0.303642030474405,-1.17332181098952,-1.59286348777642,0.157735169229624,-0.816615584968009,-0.527680489439249,-0.177318504788345
"1053",0,-0.346763866306412,-1.17387929654563,-1.80692127285517,0.994701386553687,-0.634864546128108,-0.416428649433891,-0.135962069060475,-0.0247411626405223,-0.640995384823577,-1.93416775881521,-0.667722469547314,0.501133233237465,-1.40155863315559,-0.540830462877054,-0.1555961886108,-0.0445734002443183,-0.741918245459386,-1.28960847698666,1.56338145586488,-0.363535965128757,-1.29347794903808,-0.36434369717977,-0.113860786417039,-0.0382639442739243,-0.759253601238671,-0.057768335128474,0.642354338380556,-0.899102191164647,-1.3031392155474,-0.650039470011399,-0.048236570436645,-0.384264901914598,0.28811274703799,1.33132611434538,-0.513334281189288,0.782595037246263,-0.711805744444711,-0.831486854781667,0,-0.0930309953194633,2.88159419187904,1.3246423271829,0.275870080598593,1.48102855508415,0.238498311019326,0.103395776421686,-0.0998707974396848,3.74986562380231,7.33758676749479,1.43048399386859,1.19219966462977,1.13129084604091,0.05332319024959,0.245613473539072,-0.202993708003753,1.56465598497319,2.7937310463969,-0.372637375748804,-1.1737130315047,0.904845870642121,-0.472863001999315,-0.527680489439249,-0.611349628440946
"1054",0,-0.346763866306412,0.115841786710785,0.0578262499066152,0.994701386553687,1.42938169783797,2.81006009629609,-0.135962069060475,-0.0247411626405223,-0.640995384823577,-1.01731600228176,0.821415400724128,0.501133233237465,-0.728298841317257,-0.540830462877054,-0.1555961886108,-0.0445734002443183,-0.741918245459386,-1.45958800324114,1.22670964665357,0.328658572884905,-1.29347794903808,-0.574697546273115,-0.113860786417039,-0.0382639442739243,-0.759253601238671,-0.385240369844486,1.1507788827907,0.688959538672687,-0.635224161117807,-0.650039470011399,-0.048236570436645,-0.0330109162638679,-0.639535815693025,-1.06645647246535,-0.513334281189288,0.278080687139385,0.990111280309114,-0.831486854781667,0,-0.0930309953194633,-0.481588184154324,-0.984477210668762,-1.12171262543579,-1.26160056962335,1.27008134505226,-0.340470775845071,-0.0998707974396848,-0.0692112518235939,-0.410266899197836,-1.01315591529748,-1.91880986810783,-1.27036931296484,0.2986009258008,-0.475518990156367,-0.202993708003753,-0.0912709356995593,-0.1860092819271,0.828389277112268,0.93422270303842,0.508752131666208,-0.472863001999315,-0.527680489439249,-0.177318504788345
"1055",0,-0.346763866306412,-0.314065241041354,0.990200011287507,0.994701386553687,0.438598494367772,-0.416428649433891,-0.135962069060475,-0.0247411626405223,0.0129698342204877,0.999757862091843,-0.419532824502074,0.290358455339444,1.29148053419773,0.444635321258607,-0.1555961886108,0.0386153206471683,0.410193187752585,1.09010489057606,-0.456649399402975,0.157990348490058,1.24678870278565,0.552265305433806,-0.132598721541038,-0.0382639442739243,0.205761381295462,1.08838378637757,1.1507788827907,1.00657188464015,1.36852100217096,-0.376647239159639,-0.048236570436645,-0.0330109162638679,-0.639535815693025,-1.2263086449194,-1.47909877630812,-0.977953595584022,1.1603029827845,0.315362825388311,0,-0.0930309953194633,-0.529752594526317,-0.984477210668762,-1.12171262543579,-0.944799547423866,1.27008134505226,-0.569033328961901,-0.0998707974396848,-0.0747709660655886,-0.410266899197836,-1.38433934890509,-0.75218129333123,0.229731781230706,1.14027554013895,-0.793535076860529,-0.202993708003753,-0.0191459895266863,-0.303642030474405,-0.372637375748804,0.245017378270736,-0.481482215773575,-0.644739293483662,-0.527680489439249,-0.177318504788345
"1056",0,-0.346763866306412,0.760702328338993,0.990200011287507,-0.134767775517975,-0.813775052877421,-0.416428649433891,-0.167211376014523,-0.0247411626405223,0.993917662786584,0.999757862091843,-0.667722469547314,0.711908011135486,0.449905794399818,-0.294464016843139,-0.1555961886108,-0.0445734002443183,2.13836033757054,0.920545889658509,-1.12999301782559,0.12651926579534,1.24678870278565,0.552265305433806,-0.113860786417039,-0.0382639442739243,0.527433042140173,1.08838378637757,0.981304034653986,0.847765711656421,1.19580352863939,1.53709837680268,-0.048236570436645,-0.0330109162638679,-0.639535815693025,-0.325839068336617,-0.191412782816345,-0.562776563038745,0.649727875358349,1.46221250555829,0,-0.0930309953194633,-0.481588184154324,-0.984477210668762,-1.12171262543579,-1.26160056962335,0.0665678053471691,1.15857735018901,-0.0998707974396848,-0.0692112518235939,-0.0221754698743371,0.550851699251816,-0.75218129333123,-0.145293492318181,1.14027554013895,0.650872024724607,-0.202993708003753,-0.0191459895266863,-0.303642030474405,1.02856038592245,0.245017378270736,0.112658392690295,-0.129110419030621,-0.527680489439249,-0.177318504788345
"1057",0,-0.228130375462129,-1.17387929654563,0.757106570942284,-1.44159853924067,-1.30070389846055,-0.416428649433891,-0.135962069060475,-0.0247411626405223,-0.640995384823577,-0.467204948361685,1.06960504576937,-2.02816410153879,-1.40155863315559,-0.540830462877054,-0.1555961886108,-0.0445734002443183,-0.453890387156393,1.09010489057606,0.721701932836606,-1.18029468333559,-0.975944617560112,-0.292956833346385,-0.113860786417039,-0.0382639442739243,2.13579134636373,1.08838378637757,-1.2218689911233,-1.21671453713211,0.350183979044447,2.35727506935795,-0.048236570436645,-0.0330109162638679,2.76184224765403,1.01162176943728,-0.0304520336298728,0.782595037246263,0.990111280309114,0.0286504053458163,0,-0.0930309953194633,0.527366528655686,0.862818419612568,0.897017949947205,1.27280760797249,-0.4492237116693,-0.797595882078731,-0.0998707974396848,-0.0692112518235939,-0.410266899197836,-1.38433934890509,-0.55774319753513,0.790357880097945,-1.07465549174761,-0.767532904424768,-0.202993708003753,-0.0191459895266863,-0.303642030474405,-1.17332181098952,0.42136084612599,0.310705262178251,-1.1603681679367,-0.527680489439249,-0.177318504788345
"1058",0,0.107323001721435,-0.0971705360361024,0.171631803635068,0.551737763681986,-0.0981330258801679,-0.416428649433891,-0.135962069060475,-0.0247411626405223,-0.640995384823577,-1.93416775881521,-0.419532824502074,1.13345756693153,1.29148053419773,-0.540830462877054,-0.1555961886108,-0.0445734002443183,-0.741918245459386,-1.62956752949562,0.553366028230951,1.43333321492626,1.36552882001107,0.552265305433806,0.0922526507655535,-0.0382639442739243,-0.759253601238671,-1.53139249135053,0.472879490243842,1.00657188464015,1.20154223856357,-0.376647239159639,-0.048236570436645,-0.0330109162638679,-0.639535815693025,-1.06645647246535,0.774351712302486,0.950766487281889,0.649727875358349,-0.831486854781667,0,-0.0930309953194633,-0.481588184154324,-0.830535908145318,1.36287885195866,1.27280760797249,-0.269563363236482,-0.797595882078731,-0.0998707974396848,-0.0692112518235939,-0.410266899197836,0.550851699251816,1.19219966462977,1.16729496510292,-0.715937291873794,-0.767532904424768,-0.202993708003753,-0.0191459895266863,0.244987992995417,0.027704841871553,0.245017378270736,0.508752131666208,-0.432717330819823,-0.527680489439249,-0.177318504788345
"1059",0,-0.346763866306412,0.760702328338993,0.990200011287507,-0.998634916368966,-0.992685559626734,-0.416428649433891,-0.135962069060475,-0.0247411626405223,-0.640995384823577,0.44964680817177,0.821415400724128,0.711908011135486,-0.223353997438511,-0.540830462877054,-0.1555961886108,-0.0445734002443183,-0.741918245459386,0.92012536432158,0.553366028230951,-0.0368324778460259,1.08802203704667,-0.574697546273115,-0.113860786417039,-0.0382639442739243,-0.759253601238671,-0.712712404560498,-0.882919294849875,-0.740296018180913,0.867584711348771,-0.650039470011399,-0.048236570436645,-0.0330109162638679,-0.639535815693025,-1.2263086449194,-1.47909877630812,-0.394605113003119,0.479536172882967,-0.831486854781667,0,-0.0930309953194633,-0.481588184154324,-0.830535908145318,-0.500564756087173,0.79760607467327,0.238498311019326,-0.797595882078731,0.157631239657895,-0.0692112518235939,-0.410266899197836,0.726778158175171,1.19219966462977,1.16729496510292,0.634035676862745,0.614573739676481,1.02661939301677,-0.0191459895266863,-0.303642030474405,-0.372637375748804,0.0152822700148413,-0.481482215773575,0.386518455422421,2.42146025904347,4.19834190511436
"1060",0,-0.346763866306412,-0.743972268793493,0.0578262499066152,0.330255952246136,0.259687987618459,0.164321418560983,-0.135962069060475,-0.0247411626405223,0.0129698342204877,0.633017159478461,-1.66048104972828,-2.23893887943681,0.786535690318983,0.571882761943375,-0.1555961886108,-0.0445734002443183,2.13836033757054,-0.60969037196874,-1.12999301782559,-0.853591196052854,1.24678870278565,0.552265305433806,-0.113860786417039,-0.0382639442739243,1.17077636382959,0.59717573430355,-0.374494750439731,-0.10507132624598,0.828158358056077,0.443529453395639,-0.048236570436645,-0.0539306280597664,-0.639535815693025,-0.528321033979489,0.452430213929543,-0.394605113003119,0.649727875358349,0.315362825388311,0,-0.0930309953194633,-0.481588184154324,-0.984477210668762,-1.12171262543579,-1.26160056962335,-0.19829955969926,0.712525430979886,-0.0998707974396848,-0.112716426243282,-0.410266899197836,-1.38433934890509,-1.91880986810783,-1.83290722328817,-0.884683912965861,1.46138912709568,-0.202993708003753,-0.0191459895266863,-0.303642030474405,-0.97315070217934,0.474752486526631,-0.0853884767976621,1.07402362135981,2.42146025904347,-0.177318504788345
"1061",0,1.88237474806379,1.83546989771934,0.990200011287507,-0.555671293497266,-0.992685559626734,-0.416428649433891,-0.135962069060475,-0.0247411626405223,2.62883071039675,0.816387510785152,-0.419532824502074,1.13345756693153,-1.40155863315559,-0.540830462877054,-0.149362156956628,-0.0445734002443183,1.56230462096456,0.41018678555814,-1.12999301782559,1.11316228392997,-0.581305629249737,-0.574697546273115,-0.113860786417039,-0.0382639442739243,0.205761381295462,-1.04018443927651,-1.05239414298659,1.00657188464015,-0.46824539751041,-0.650039470011399,-0.048236570436645,-0.0539306280597664,-0.639535815693025,-1.2263086449194,-0.67429503037576,0.950766487281889,-1.39257255434624,-0.831486854781667,0,-0.0930309953194633,-0.481588184154324,-0.984477210668762,0.46803019075355,0.79760607467327,-1.48080674570224,-0.50600667313081,-0.0998707974396848,-0.0692112518235939,-0.410266899197836,-0.152854136441604,1.19219966462977,0.604757054779594,0.29654243467861,1.46138912709568,1.02661939301677,-0.0912709356995593,0.728815661816031,1.82924482116316,0.93422270303842,0.904845870642121,1.58965249581285,3.40450717520438,4.19834190511436
"1062",0,-0.346763866306412,-0.743972268793493,0.290919690251838,-2.32752578498407,-0.992685559626734,-0.416428649433891,-0.135962069060475,-0.0247411626405223,-0.640995384823577,0.122094292286136,-0.419532824502074,-2.02816410153879,-1.40155863315559,-0.540830462877054,-0.1555961886108,-0.0445734002443183,-0.1658625288534,0.92012536432158,-0.961657113219938,-1.18029468333559,-1.29347794903808,-0.574697546273115,-0.113860786417039,-0.0382639442739243,1.17077636382959,0.269703699587538,-1.39134383926002,-0.899102191164647,-1.13616045194,-0.650039470011399,-0.048236570436645,-0.0330109162638679,1.52497749734601,0.372213079621086,-0.0304520336298728,0.950766487281889,-0.504995890330661,-0.544774434739172,0,-0.0930309953194633,0.625859098010646,0.862818419612568,-0.0347038540757136,-0.311197503024907,-0.277293205997144,1.41573636923522,-0.0998707974396848,-0.0692112518235939,0.0739739549704533,0.902704617098525,-0.75218129333123,-1.45788194973929,0.127795813586543,2.06927695387398,-0.202993708003753,-0.0191459895266863,-0.303642030474405,-0.572808484558983,0.0152822700148413,0.310705262178251,1.07402362135981,0.209604697681432,-0.177318504788345
"1063",0,-0.346763866306412,-0.529018754917424,-0.408360630783831,0.737350372715346,0.669866649626665,0.0586777182404371,-0.135962069060475,-0.0247411626405223,-0.640995384823577,0.816387510785152,1.06960504576937,0.711908011135486,0.449905794399818,-0.384755176323127,-0.1555961886108,-0.0445734002443183,0.122165329449593,1.09010489057606,0.721701932836606,0.12651926579534,-0.975944617560112,-0.574697546273115,-0.113860786417039,-0.0382639442739243,0.205761381295462,1.08838378637757,1.1507788827907,1.00657188464015,0.867584711348771,-0.650039470011399,-0.048236570436645,-0.0330109162638679,-0.639535815693025,-1.2263086449194,-1.47909877630812,-1.73997671328813,0.990111280309114,1.17550008551579,0,-0.038917316125733,-0.481588184154324,-0.830535908145318,-1.12171262543579,-1.26160056962335,0.238498311019326,0.80234198973908,-0.0998707974396848,-0.0692112518235939,-0.410266899197836,1.07863107602188,-0.131550497861118,0.31337557784905,1.14027554013895,0.0429841979463036,-0.202993708003753,-0.0191459895266863,-0.303642030474405,-0.372637375748804,0.007510219262879,0.706799001154165,0.0427658724537265,-0.527680489439249,-0.177318504788345
"1064",0,-0.346763866306412,-1.17387929654563,-0.641454071129054,0.330255952246136,-0.992685559626734,-0.416428649433891,-0.135962069060475,-0.0247411626405223,-0.640995384823577,-1.01731600228176,1.06960504576937,1.13345756693153,-0.728298841317257,-0.540830462877054,-0.1555961886108,-0.0445734002443183,-0.741918245459386,0.92012536432158,1.39504555125922,-0.0368324778460259,-1.29347794903808,-0.574697546273115,-0.116833552066312,-0.0382639442739243,-0.43758194039396,1.08838378637757,0.642354338380556,-1.53432688309958,-1.3031392155474,-0.650039470011399,-0.048236570436645,-0.0337254936066867,0.28811274703799,1.33132611434538,0.935312461488958,0.950766487281889,1.1603029827845,0.8887876654733,0,-0.0930309953194633,0.436529750338044,1.17070102465946,1.36287885195866,1.27280760797249,1.27008134505226,2.63084241467372,4.95470122853544,-0.0692112518235939,-0.410266899197836,0.0230723224817513,1.19219966462977,0.604757054779594,0.802782297954812,2.01717685099572,1.02661939301677,-0.0191459895266863,-0.357228453490216,-1.17332181098952,-1.13339327126463,0.112658392690295,0.902147329875462,0.946889884802112,-0.177318504788345
"1065",0,-0.346763866306412,-0.529018754917424,0.290919690251838,-2.54900759641992,-0.992685559626734,-0.416428649433891,-0.135962069060475,-0.0247411626405223,-0.640995384823577,0.082906105558388,-0.667722469547314,-1.85988431435052,-1.59982172037607,-0.540830462877054,-0.1555961886108,-0.111531751188364,-0.741918245459386,0.7501458380671,-0.119977590191666,-1.18029468333559,-1.29347794903808,-0.5410503231705,-0.113860786417039,-0.0382639442739243,-0.115577207282653,1.08838378637757,-1.39134383926002,-1.53432688309958,-1.23464383359854,-0.650039470011399,-0.048236570436645,-0.0330109162638679,-0.0211034405390152,1.33132611434538,0.935312461488958,0.950766487281889,-0.201230637018563,-0.831486854781667,0,-0.0930309953194633,-0.145269946550987,1.47858362970634,0.897017949947205,-0.469598014124647,0.410428816691482,1.48802964908957,-0.0998707974396848,-0.0692112518235939,-0.410266899197836,0.902704617098525,0.220009185649271,-1.83290722328817,-1.22217715515,2.47453550505952,3.48584559505782,-0.0912709356995593,-0.303642030474405,-0.772979593369162,0.704487594782526,0.904845870642121,1.58965249581285,1.78034139700358,0.697813577192196
"1066",0,-0.346763866306412,-1.17387929654563,-1.80692127285517,1.25266244068813,0.796419507866398,-0.416428649433891,-0.135962069060475,-0.0247411626405223,-0.640995384823577,-1.93416775881521,0.0768464655884069,-0.131191100456599,1.12356733331469,0.444635321258607,-0.1555961886108,-0.0445734002443183,-0.741918245459386,-1.62956752949562,1.22670964665357,0.923147964583281,1.08802203704667,0.552265305433806,-0.113860786417039,-0.0382639442739243,-0.43758194039396,-0.057768335128474,0.981304034653986,0.688959538672687,0.032690893311783,0.164312042853416,-0.048236570436645,-0.0330109162638679,0.906545122192,1.01162176943728,0.130508715556599,-0.394605113003119,-1.56276425682162,-0.831486854781667,0,-0.0930309953194633,0.863684766259023,0.247053209518791,-0.811138690761479,0.63920556357353,-1.48080674570224,-0.797595882078731,-0.0998707974396848,-0.0692112518235939,-0.410266899197836,0.198998781405106,-0.36330510173903,0.41724441800515,-0.884683912965861,-0.767532904424768,-0.202993708003753,-0.0191459895266863,-0.303642030474405,-0.97315070217934,-1.13339327126463,0.310705262178251,-0.816615584968009,-0.527680489439249,-0.177318504788345
"1067",0,-0.346763866306412,0.545748814462924,0.0578262499066152,-0.555671293497266,-0.813775052877421,-0.416428649433891,-0.135962069060475,-0.0247411626405223,0.33995244374252,0.999757862091843,1.06960504576937,1.09967402560135,0.281590846440236,-0.540830462877054,-0.1555961886108,0.00107855268828527,0.122165329449593,0.522966006218668,1.56338145586488,1.43333321492626,0.294188708351751,-0.544445257463001,-0.113860786417039,-0.0382639442739243,-0.759253601238671,-0.22150435248648,1.1507788827907,1.00657188464015,-0.0641963103054086,-0.650039470011399,-0.048236570436645,-0.0330109162638679,-0.435758434859054,0.271176677423274,1.09627321067543,0.950766487281889,-0.201230637018563,-0.831486854781667,0,-0.0930309953194633,-0.145269946550987,1.3246423271829,1.36287885195866,1.27280760797249,0.0665678053471691,-0.840048545583592,-0.0998707974396848,-0.0692112518235939,-0.410266899197836,0.902704617098525,1.19219966462977,1.16729496510292,-0.0409508075055244,-0.767532904424768,-0.202993708003753,-0.0191459895266863,-0.303642030474405,0.027704841871553,-0.673923054752843,-0.0853884767976621,-0.644739293483662,-0.527680489439249,-0.133110755204226
"1068",0,-0.346763866306412,1.17975270705501,0.0578262499066152,-2.32752578498407,-0.992685559626734,-0.416428649433891,-0.135962069060475,-0.0247411626405223,2.95581331991878,0.999757862091843,0.573225755678888,0.290358455339444,-1.54798671493309,-0.540830462877054,-0.1555961886108,-0.0445734002443183,0.698221046055578,-0.26973131945978,-0.961657113219938,1.43333321492626,-1.13471128329909,-0.574697546273115,-0.113860786417039,-0.0382639442739243,-0.759253601238671,-1.53139249135053,-1.56081868739673,0.594266230644602,-0.802202924725205,-0.73387189521982,-0.048236570436645,-0.0330109162638679,-0.639535815693025,-1.2263086449194,-0.191412782816345,0.950766487281889,-1.56276425682162,-0.831486854781667,0,-0.0930309953194633,-0.481588184154324,-0.52265330309843,1.05230491728436,0.164004030274312,-1.48080674570224,-0.797595882078731,-0.0998707974396848,-0.0692112518235939,-0.410266899197836,1.25455753494524,1.19219966462977,0.604757054779594,0.306554326397818,1.46138912709568,-0.202993708003753,-0.0191459895266863,-0.303642030474405,1.02856038592245,0.0152822700148413,0.112658392690295,1.24589991284416,3.40450717520438,1.38976292390113
"1069",0,-0.346763866306412,-0.314065241041354,0.0578262499066152,0.994701386553687,-0.277043532629481,-0.416428649433891,-0.286418614924179,-0.0247411626405223,-0.640995384823577,0.816387510785152,0.821415400724128,-0.974290212048683,1.12316558623815,-0.540830462877054,-0.1555961886108,-0.0445734002443183,0.122165329449593,1.09010489057606,0.721701932836606,-1.18029468333559,0.399449440806467,0.552265305433806,0.133518449019721,-0.0382639442739243,0.527433042140173,0.269703699587538,-1.05239414298659,-1.53432688309958,-0.635224161117807,1.08892552778662,-0.048236570436645,-0.0330109162638679,0.906545122192,0.0525087347129891,-1.47909877630812,-1.73997671328813,-0.0310389345431809,1.17550008551579,0,-0.282515815787636,-0.145269946550987,0.862818419612568,-1.12171262543579,-1.26160056962335,0.754289828035795,0.34521688350542,-0.0998707974396848,-0.0692112518235939,-0.0854728018397453,0.902704617098525,0.0255710898531705,0.792269691554037,0.29654243467861,-0.767532904424768,-0.202993708003753,-0.0191459895266863,-0.303642030474405,-0.372637375748804,0.0152822700148413,0.310705262178251,-0.988491876452356,-0.527680489439249,-0.177318504788345
"1070",0,-0.346763866306412,-1.17387929654563,-1.40384030729534,-0.125331813020124,-0.992685559626734,-0.416428649433891,-0.135962069060475,-0.0247411626405223,-0.640995384823577,-1.93416775881521,0.0768464655884069,-0.552740656252641,-1.40155863315559,-0.540830462877054,-0.1555961886108,-0.0445734002443183,-0.741918245459386,-0.77966989822322,1.08910535434246,-0.853591196052854,-1.29347794903808,-0.574697546273115,-0.113860786417039,-0.0177637689065176,1.26575855115309,0.924647769019562,-0.882919294849875,-1.53432688309958,-0.802202924725205,0.790185038758779,-0.048236570436645,0.15279513823852,3.38027462280804,1.17147394189133,0.452430213929543,-0.226433662967493,0.649727875358349,2.03563734564328,0,-0.0930309953194633,1.20000300386236,0.247053209518791,0.12058311326144,1.11440709687275,0.926220333707951,-0.340470775845071,-0.0998707974396848,-0.0692112518235939,0.101703211742033,-1.38433934890509,-1.52993367651563,0.792269691554037,-0.715937291873794,-0.767532904424768,-0.202993708003753,-0.0191459895266863,-0.303642030474405,-1.17332181098952,-1.36312837952053,0.112658392690295,-1.1603681679367,-0.527680489439249,-0.177318504788345
"1071",0,-0.346763866306412,-0.314065241041354,-0.641454071129054,-0.555671293497266,-0.992685559626734,-0.416428649433891,-0.135962069060475,-0.0247411626405223,-0.026944067934593,0.999757862091843,0.821415400724128,0.290358455339444,0.281590846440236,-0.540830462877054,-0.1555961886108,-0.0445734002443183,0.122165329449593,1.09010489057606,-0.28831349479732,-1.18029468333559,-1.29347794903808,-0.574697546273115,-0.113860786417039,-0.0382639442739243,1.17077636382959,1.08838378637757,1.1507788827907,-0.422683672213447,-1.3031392155474,-0.223292038776751,-0.048236570436645,-0.0330109162638679,0.28811274703799,1.33132611434538,0.935312461488958,0.950766487281889,-1.39257255434624,-0.831486854781667,0,-0.0930309953194633,-0.481588184154324,-0.830535908145318,-1.12171262543579,0.63920556357353,-0.621154217341457,-0.797595882078731,-0.0998707974396848,-0.0692112518235939,0.144357727301244,0.902704617098525,0.0556830913657302,1.16729496510292,-0.547190670781726,-0.767532904424768,-0.202993708003753,-0.0191459895266863,-0.303642030474405,0.0624973501663124,0.93422270303842,-0.481482215773575,-1.1603681679367,-0.527680489439249,-0.177318504788345
"1072",0,-0.346763866306412,-0.958925782669563,-0.874547511474277,0.330255952246136,1.15424052136502,0.490506999730757,-0.135962069060475,-0.0247411626405223,-0.314012775301545,0.816387510785152,-0.915912114592555,-1.39583976784473,0.954850638278565,0.937368213326437,-0.1555961886108,-0.0445734002443183,0.986248904358571,0.0702277330491799,-1.37408466775549,-1.01694293969422,0.294188708351751,1.67922815714073,-0.113860786417039,-0.0382639442739243,1.49244802467431,0.574416396385671,-0.71344444671316,0.212541019721487,1.36852100217096,1.26370614595092,-0.048236570436645,-0.0330109162638679,-0.0211034405390152,0.532065252075134,0.452430213929543,-0.0582622129318667,1.1603029827845,-0.258062014696678,0,-0.0930309953194633,-0.731983026380679,-0.984477210668762,-1.12171262543579,0.164004030274312,0.163096155835955,-0.797595882078731,-0.133698357936662,-0.0692112518235939,-0.410266899197836,-1.38433934890509,-1.14105748492343,1.16729496510292,-1.39092377624206,-0.767532904424768,-0.202993708003753,-0.0191459895266863,-0.303642030474405,-1.17332181098952,0.0152822700148413,-0.877575954749489,-1.1603681679367,-0.527680489439249,0.0590374736340116
"1073",0,-0.346763866306412,-0.958925782669563,0.290919690251838,-0.998634916368966,-0.992685559626734,-0.416428649433891,-0.135962069060475,-0.0247411626405223,-0.0702847392536147,0.266276456865079,0.821415400724128,-2.02816410153879,-1.40155863315559,-0.540830462877054,-0.1555961886108,-0.0445734002443183,0.986248904358571,1.09010489057606,-0.28831349479732,-1.18029468333559,-0.817177951821129,0.834006018360537,-0.113860786417039,-0.0382639442739243,2.45746300720844,1.08838378637757,-0.0355450541663019,0.212541019721487,0.676820802038475,3.17745176191323,-0.048236570436645,-0.0330109162638679,1.21576130976901,1.01162176943728,1.09627321067543,0.950766487281889,0.380496570409771,0.602075245430805,0,-0.0930309953194633,-0.481588184154324,-0.984477210668762,-0.966425658098632,1.27280760797249,0.410428816691482,-0.797595882078731,-0.0998707974396848,-0.0692112518235939,-0.410266899197836,-1.38433934890509,-0.16886700594293,1.16729496510292,-1.22217715515,-0.767532904424768,-0.202993708003753,-0.0191459895266863,-0.501753203263611,-1.17332181098952,0.474752486526631,0.310705262178251,-0.857651435976843,-0.527680489439249,-0.177318504788345
"1074",0,-0.346763866306412,0.760702328338993,0.990200011287507,0.994701386553687,1.86988254836228,1.63679146148519,-0.135962069060475,-0.0247411626405223,0.993917662786584,0.999757862091843,0.325036110633647,-0.974290212048683,-1.06492873723642,0.850026243330518,-0.0777878789938925,-0.0445734002443183,0.671063680994703,0.92012536432158,1.22670964665357,0.12651926579534,-1.29347794903808,0.000570330313794872,-0.234266684106738,-0.0382639442739243,0.581894984501392,0.924647769019562,0.472879490243842,1.00657188464015,-0.0800817330744462,-0.650039470011399,-0.048236570436645,-0.0330109162638679,-0.639535815693025,-1.02367264755944,-1.47909877630812,-0.0582622129318667,0.990111280309114,-0.831486854781667,0,-0.0930309953194633,0.17335500206058,-0.328562839426737,-0.655851723424326,-0.469598014124647,1.09815083938011,-0.797595882078731,-0.0998707974396848,-0.0692112518235939,1.04245566330703,1.43048399386859,-0.16886700594293,0.435149444619863,-0.0409508075055244,-0.767532904424768,-0.202993708003753,-0.0339023568911823,-0.299238413146866,0.42804705949191,0.93422270303842,0.508752131666208,-0.988491876452356,-0.754828435279719,-0.177318504788345
"1075",0,-0.346763866306412,-0.529018754917424,-0.408360630783831,-0.998634916368966,1.69097204161296,3.39669441370154,-0.135962069060475,-0.0247411626405223,-0.640995384823577,0.266276456865079,-0.667722469547314,1.13345756693153,1.29148053419773,2.66193333556384,-0.1555961886108,-0.0445734002443183,-0.453890387156393,1.09010489057606,0.89003783744226,1.10662972764353,-0.0233446231262145,1.10069566933521,-0.113860786417039,-0.0177637689065176,0.139161018569786,0.760911751661556,1.1507788827907,1.00657188464015,1.36852100217096,2.0838828385062,-0.048236570436645,-0.0330109162638679,-0.857393837009172,-1.2263086449194,-1.31813802712165,-1.73997671328813,0.309344470407584,0.956101337435236,0,-0.0930309953194633,-0.481588184154324,-0.984477210668762,-1.12171262543579,-0.627998525224387,-0.472178509044406,-0.340470775845071,-0.0998707974396848,-0.0692112518235939,-0.410266899197836,-1.03248643105838,0.608885377241471,0.979782328328481,-1.05343053405793,-0.767532904424768,-0.202993708003753,-0.0191459895266863,-0.303642030474405,-0.372637375748804,0.245017378270736,-1.66976343270132,-1.1603681679367,-0.527680489439249,-0.177318504788345
"1076",0,-0.346763866306412,-1.17387929654563,-0.175267190438608,0.994701386553687,0.796419507866398,-0.416428649433891,-0.135962069060475,-0.0247411626405223,-0.640995384823577,-1.93416775881521,0.821415400724128,1.13345756693153,-0.0550390494789284,-0.540830462877054,-0.1555961886108,-0.0445734002443183,-0.741918245459386,-0.43971084571426,1.56338145586488,1.43333321492626,-0.34087795460418,-0.574697546273115,-0.113860786417039,-0.0382639442739243,0.527433042140173,1.08838378637757,1.1507788827907,0.762337144818452,-0.635224161117807,-0.650039470011399,-0.048236570436645,-0.0330109162638679,-0.33031962811602,-0.586899955103205,0.452430213929543,0.950766487281889,-0.881997446920094,-0.831486854781667,0,-0.0948388969934624,-0.481588184154324,-0.984477210668762,0.275870080598593,1.27280760797249,0.359029056134745,-0.797595882078731,-0.0998707974396848,-0.0692112518235939,-0.410266899197836,-1.38433934890509,0.220009185649271,1.16729496510292,0.971528919046879,-0.767532904424768,-0.202993708003753,-0.0191459895266863,-0.303642030474405,-1.17332181098952,-0.669152488501331,0.508752131666208,0.730271038391115,-0.0361570313587953,-0.177318504788345
"1077",0,-0.308942372398493,-0.0991117271652847,0.524013130597061,0.994701386553687,1.51206153486365,-0.416428649433891,-0.135962069060475,-0.0247411626405223,-0.640995384823577,-0.100464245748303,0.325036110633647,0.501133233237465,1.29148053419773,-0.294464016843139,-0.1555961886108,-0.0445734002443183,-0.741918245459386,-1.62956752949562,-1.12999301782559,0.779926240360802,0.929255371307683,-0.574697546273115,-0.113860786417039,-0.0382639442739243,-0.759253601238671,-1.20392045663452,-0.0355450541663019,1.03726136523162,1.36852100217096,2.35727506935795,-0.048236570436645,-0.0330109162638679,-0.639535815693025,0.0525087347129891,1.09627321067543,0.758715202321222,0.309344470407584,0.0286504053458163,0,-0.0930309953194633,-0.481588184154324,-0.984477210668762,1.20759188462151,0.79760607467327,-1.48080674570224,-0.797595882078731,-0.0998707974396848,-0.0692112518235939,-0.410266899197836,-0.856559972135023,1.19219966462977,-0.707831402641512,-1.55967039733413,-0.767532904424768,-0.202993708003753,-0.0191459895266863,-0.303642030474405,0.42804705949191,0.93422270303842,-1.86781030218927,-1.1603681679367,-0.527680489439249,-0.177318504788345
"1078",0,-0.346763866306412,0.545748814462924,0.757106570942284,-0.998634916368966,-0.992685559626734,-0.416428649433891,-0.135962069060475,-0.0247411626405223,-0.640995384823577,0.633017159478461,0.573225755678888,1.13345756693153,-1.233243685196,-0.788618089359968,-0.1555961886108,-0.0445734002443183,-0.741918245459386,-0.26973131945978,-0.793321208614283,0.943277984002168,-0.499644620343163,-0.653076250044716,-0.113860786417039,-0.0382639442739243,-0.759253601238671,-1.53139249135053,-1.56081868739673,0.688959538672687,-0.635224161117807,-0.650039470011399,-0.048236570436645,-0.0330109162638679,-0.639535815693025,-1.2263086449194,-1.31813802712165,0.782595037246263,-1.05218914939548,-0.831486854781667,0,-0.0930309953194633,-0.481588184154324,-0.984477210668762,0.210868988220064,1.11440709687275,-1.48080674570224,-0.797595882078731,-0.0998707974396848,0.00491355176021463,-0.410266899197836,-0.680633513211668,0.997761568833671,0.979782328328481,0.465289055770677,1.25875985150291,1.02661939301677,-0.0191459895266863,-0.194308189139112,0.227875950681732,0.704487594782526,0.508752131666208,0.902147329875462,3.40450717520438,2.44807774115328
"1079",0,4.97943506139969,2.26537692547148,0.990200011287507,0.994701386553687,0.438598494367772,-0.416428649433891,-0.135962069060475,-0.064995348517452,-0.640995384823577,-1.20068635358845,-2.405049984864,0.0795836774414227,0.618220742359401,-0.540830462877054,-0.243056044243523,-0.0445734002443183,-0.741918245459386,-1.62956752949562,-0.624985304008629,1.2699814712849,-0.34087795460418,-0.574697546273115,-0.113860786417039,-0.0382639442739243,-0.115910279549249,-0.876448421918504,0.303404642107127,0.847765711656421,-1.13616045194,-0.650039470011399,-0.048236570436645,-0.0384347443813074,0.638531505212608,1.33132611434538,1.74885655833939,0.950766487281889,1.1603029827845,1.74892492560078,0,-0.0930309953194633,-0.145269946550987,0.862818419612568,0.741730982610052,-0.627998525224387,-0.793084723013613,-0.340470775845071,-0.0998707974396848,-0.152396925261231,1.8974312221663,1.43048399386859,-1.52993367651563,-1.83290722328817,-1.55967039733413,-0.406404465417545,-0.202993708003753,-0.0191459895266863,6.92356181555865,1.62907371235298,-2.7415390290559,-2.26390404116519,-1.1603681679367,-0.527680489439249,-0.177318504788345
"1080",0,-0.346763866306412,-1.17387929654563,-2.04001471320039,0.773219575117836,0.0807774808691453,-0.416428649433891,-0.135962069060475,-0.0247411626405223,-0.640995384823577,-1.75079740750852,0.325036110633647,0.501133233237465,-1.233243685196,-0.592854494490132,-0.1555961886108,-0.0445734002443183,-0.741918245459386,0.0702277330491799,1.56338145586488,0.289871009436705,-0.0233446231262145,-0.292956833346385,-0.113860786417039,0.00253193544590119,0.205761381295462,1.08838378637757,0.133929793970413,0.37134719270522,1.36852100217096,-0.376647239159639,-0.048236570436645,-0.0330109162638679,2.14340987250002,1.33132611434538,-0.67429503037576,0.950766487281889,0.649727875358349,0.0286504053458163,0,-0.0930309953194633,1.87263947906903,1.47858362970634,1.36287885195866,1.27280760797249,1.27008134505226,1.7165922022064,-0.0998707974396848,-0.0692112518235939,-0.410266899197836,-1.38433934890509,-0.0930968151062753,1.16729496510292,-0.378444049689659,-0.767532904424768,-0.202993708003753,-0.0191459895266863,-0.303642030474405,-1.17332181098952,-1.61242031504091,0.904845870642121,0.214642163938074,-0.527680489439249,-0.177318504788345
"1081",0,-0.346763866306412,-0.743972268793493,-0.408360630783831,0.108774140810285,1.33315102811434,0.336260061702687,-0.195900689747226,-0.0247411626405223,-0.640995384823577,0.816387510785152,0.573225755678888,-0.552740656252641,-0.223353997438511,-0.540830462877054,-0.1555961886108,-0.0152492710856271,0.471697178277506,1.09010489057606,-1.12999301782559,-1.18029468333559,-1.2640526811794,-0.574697546273115,-0.113860786417039,-0.0382639442739243,1.49244802467431,1.78262653883949,1.1507788827907,0.847765711656421,-0.969181688332602,-0.650039470011399,-0.048236570436645,-0.0330109162638679,0.350200864131798,1.01162176943728,-0.191412782816345,0.782595037246263,0.00960628716146349,-0.831486854781667,0,-0.0930309953194633,-0.481588184154324,-0.984477210668762,-1.12171262543579,0.58892343623999,-0.0639601612658673,-0.797595882078731,-0.0998707974396848,-0.0692112518235939,-0.410266899197836,-1.38433934890509,-0.75218129333123,0.792269691554037,-0.884683912965861,-0.767532904424768,-0.252862160811715,-0.0191459895266863,-0.303642030474405,-1.17332181098952,0.245017378270736,0.112658392690295,-1.1603681679367,-0.527680489439249,-0.177318504788345
"1082",0,-0.346763866306412,-0.743972268793493,0.990200011287507,-0.555671293497266,-0.992685559626734,-0.293788762818602,-0.140068424729776,-0.0247411626405223,-0.640995384823577,-0.467204948361685,1.06960504576937,0.922682789033507,-1.40155863315559,-0.540830462877054,-0.1555961886108,-0.0445734002443183,0.986248904358571,1.09010489057606,0.180482691117854,1.2699814712849,-1.13471128329909,-0.574697546273115,-0.113860786417039,-0.0382639442739243,-0.759253601238671,-1.53139249135053,-0.71344444671316,1.00657188464015,0.032690893311783,-0.650039470011399,-0.048236570436645,-0.0330109162638679,-0.639535815693025,-1.2263086449194,-1.47909877630812,0.614423587210637,0.612011128590405,-0.831486854781667,0,-0.0930309953194633,-0.481588184154324,-0.984477210668762,-1.12171262543579,-0.944799547423866,1.27008134505226,0.57377943662225,-0.0998707974396848,-0.0692112518235939,-0.410266899197836,-1.20841288998173,-1.14105748492343,-0.520318765867068,1.14027554013895,1.86664767828122,-0.202993708003753,-0.0912709356995593,-0.394950349475266,-1.17332181098952,-0.214452838241053,0.904845870642121,1.58965249581285,3.15874544616415,0.697813577192196
"1083",0,-0.346763866306412,0.369772014808541,-0.175267190438608,-0.777153104933116,-0.0981330258801679,-0.416428649433891,-0.135962069060475,-0.0247411626405223,0.0129698342204877,0.999757862091843,0.573225755678888,1.13345756693153,1.12316558623815,-0.540830462877054,-0.1555961886108,-0.0445734002443183,0.986248904358571,1.09010489057606,-0.178682491427648,-0.853591196052854,-1.29347794903808,-0.574697546273115,-0.113860786417039,0.158392966225907,1.81411968551902,0.99058110460646,1.1507788827907,0.530153365688954,-0.969181688332602,-0.650039470011399,-0.048236570436645,-0.0330109162638679,-0.33031962811602,-0.746752127557253,-1.47909877630812,0.278080687139385,-0.0310389345431809,-0.831486854781667,0,-0.0930309953194633,-0.481588184154324,-0.984477210668762,-1.12171262543579,0.164004030274312,0.582359322363638,-0.797595882078731,-0.0998707974396848,-0.0692112518235939,-0.410266899197836,-0.504707054288313,-0.36330510173903,1.16729496510292,-0.547190670781726,-0.767532904424768,-0.202993708003753,-0.0191459895266863,-0.303642030474405,0.42804705949191,0.704487594782526,-0.283435346285619,-1.1603681679367,-0.527680489439249,-0.177318504788345
"1084",0,-0.346763866306412,-0.755538364723689,-0.874547511474277,-0.00465891383437534,-0.455954039378794,-0.416428649433891,-0.082001221108381,-0.0247411626405223,-0.640995384823577,-0.283834597054994,1.06960504576937,1.13345756693153,0.618220742359401,-0.57804181107033,-0.1555961886108,-0.0445734002443183,-0.741918245459386,0.24020725930366,1.56338145586488,-0.0368324778460259,0.452955374090734,-0.574697546273115,-0.113860786417039,-0.0909846830221019,-0.759253601238671,0.760911751661556,0.303404642107127,-1.53432688309958,-0.134287870295615,-0.10325500830788,-0.048236570436645,-0.0330109162638679,-0.639535815693025,0.935895104385452,-0.191412782816345,-1.73997671328813,-0.0310389345431809,0.0347199730434067,0,-0.0930309953194633,-0.481588184154324,1.47858362970634,0.483409598213257,-0.610326419354023,0.754289828035795,-0.569033328961901,-0.0998707974396848,-0.0692112518235939,-0.410266899197836,0.550851699251816,0.997761568833671,0.229731781230706,0.971528919046879,-0.767532904424768,-0.202993708003753,-0.0191459895266863,-0.303642030474405,-0.726937705245777,-1.13339327126463,-0.481482215773575,-0.988491876452356,-0.527680489439249,-0.177318504788345
"1085",0,-0.346763866306412,-0.0991117271652847,0.0578262499066152,-1.22011672780482,-0.992685559626734,-0.416428649433891,-0.135962069060475,-0.0247411626405223,-0.640995384823577,0.082906105558388,1.06960504576937,0.922682789033507,-0.391668945398093,-0.530702351827476,-0.1555961886108,-0.0445734002443183,-0.741918245459386,0.0702277330491799,0.721701932836606,0.616574496719437,1.08802203704667,-0.0112161204196545,-0.113860786417039,-0.0382639442739243,-0.857170119715614,-0.876448421918504,0.981304034653986,0.847765711656421,1.36852100217096,0.990313915099158,-0.048236570436645,-0.0330109162638679,-0.616674551607964,-1.2263086449194,-0.835255779562232,-0.394605113003119,0.649727875358349,1.74892492560078,0,-0.0930309953194633,-0.481588184154324,-0.984477210668762,-1.12171262543579,-1.09988634530081,-0.105362700324987,1.70229379174832,-0.241994559114447,-0.0692112518235939,-0.410266899197836,0.198998781405106,-0.36330510173903,-0.332806129092624,0.465289055770677,1.86664767828122,-0.202993708003753,-0.0191459895266863,-0.303642030474405,-0.141582851703993,-0.444187946496948,0.310705262178251,0.902147329875462,0.701128155761885,-0.177318504788345
"1086",0,-0.346763866306412,0.545748814462924,0.990200011287507,0.551737763681986,-0.813775052877421,-0.416428649433891,-0.135962069060475,-0.0247411626405223,-0.640995384823577,-0.833945650975067,-0.419532824502074,1.13345756693153,-0.0550390494789284,-0.389492357255885,-0.1555961886108,-0.0445734002443183,-0.741918245459386,-1.62956752949562,-1.03333532455344,1.10662972764353,0.616431953649269,-0.574697546273115,-0.113860786417039,-0.0382639442739243,-0.759253601238671,-1.53139249135053,-1.39134383926002,1.00657188464015,0.19966965691918,-0.10325500830788,-0.048236570436645,-0.0223796602999814,0.597328934614995,1.17147394189133,1.09627321067543,0.950766487281889,1.1603029827845,2.03563734564328,0,-0.0930309953194633,0.456150809390284,0.247053209518791,1.20759188462151,0.480805052473791,-0.793084723013613,-0.569033328961901,-0.0998707974396848,-0.0692112518235939,-0.410266899197836,-0.152854136441604,0.997761568833671,-1.64539458651373,-1.55967039733413,-0.767532904424768,-0.202993708003753,-0.0191459895266863,-0.303642030474405,1.02856038592245,-0.214452838241053,-2.26390404116519,-1.1603681679367,-0.527680489439249,-0.177318504788345
"1087",0,-0.346763866306412,1.62051638384327,0.757106570942284,-2.54900759641992,-1.48970063364198,-0.416428649433891,-0.135962069060475,-0.0247411626405223,0.666935053264552,0.999757862091843,-1.90867069477352,-2.23893887943681,-1.40155863315559,-0.540830462877054,-0.1555961886108,-0.0445734002443183,1.27427676266156,1.09010489057606,-1.12999301782559,-1.18029468333559,-1.29347794903808,-0.574697546273115,-0.113860786417039,-0.0382639442739243,2.45746300720844,0.760911751661556,-1.56081868739673,-1.05790836414838,-1.13616045194,-0.650039470011399,-0.048236570436645,-0.0330109162638679,2.14340987250002,0.691917424529183,0.130508715556599,0.950766487281889,0.819919577833732,0.0286504053458163,0,-0.0930309953194633,2.20895771667237,1.47858362970634,0.897017949947205,-0.508761620236673,-0.277293205997144,2.63084241467372,-0.0998707974396848,-0.0692112518235939,1.10992160123723,1.43048399386859,-0.16886700594293,-1.83290722328817,-0.378444049689659,2.12412915548027,-0.202993708003753,-0.0191459895266863,-0.303642030474405,1.4289026035428,0.93422270303842,0.904845870642121,1.58965249581285,1.19265161384234,-0.177318504788345
"1088",0,-0.346763866306412,0.818451121918851,0.990200011287507,-0.112707670625565,-0.992685559626734,-0.416428649433891,-0.135962069060475,-0.064995348517452,-0.640995384823577,0.44964680817177,0.0768464655884069,0.711908011135486,-0.391668945398093,-0.540830462877054,-0.1555961886108,-0.0445734002443183,-0.741918245459386,-0.60969037196874,1.22670964665357,0.968781135603986,0.294188708351751,-0.574697546273115,-0.113860786417039,-0.0382639442739243,-0.759253601238671,-1.53139249135053,-1.39134383926002,-0.58148984519718,1.03456347495617,-0.650039470011399,-0.048236570436645,-0.0330109162638679,-0.639535815693025,-1.2263086449194,-1.47909877630812,-0.73094801307437,0.447831746629974,-0.831486854781667,0,-0.16975095187213,-0.481588184154324,-0.984477210668762,-1.12171262543579,0.164004030274312,0.926220333707951,-0.797595882078731,-0.0998707974396848,-0.221604854178026,-0.410266899197836,0.198998781405106,-0.16886700594293,0.979782328328481,0.465289055770677,-0.362274353239232,-0.202993708003753,-0.0191459895266863,-0.303642030474405,0.828389277112268,0.93422270303842,0.904845870642121,1.58965249581285,3.40450717520438,1.694991758336
"1089",0,-0.346763866306412,-0.314065241041354,-0.175267190438608,0.773219575117836,1.86988254836228,3.98332873110699,-0.135962069060475,-0.0247411626405223,-0.640995384823577,0.44964680817177,0.325036110633647,-0.552740656252641,0.786535690318983,2.90829978159776,0.120041260817684,-0.0445734002443183,-0.741918245459386,-1.62956752949562,-1.12999301782559,-1.18029468333559,1.08802203704667,0.834006018360537,-0.113860786417039,-0.0382639442739243,-0.759253601238671,-1.20392045663452,-0.882919294849875,0.0537348467377536,1.20154223856357,-0.376647239159639,-0.048236570436645,-0.0330109162638679,-0.639535815693025,0.372213079621086,1.09627321067543,0.950766487281889,0.845788273333054,1.46221250555829,0,-0.0930309953194633,-0.481588184154324,-0.830535908145318,0.897017949947205,0.79760607467327,-1.30887624003008,-0.797595882078731,-0.0998707974396848,-0.0692112518235939,-0.410266899197836,-1.20841288998173,1.19219966462977,-0.707831402641512,-1.55967039733413,-0.767532904424768,-0.202993708003753,-0.0191459895266863,-0.303642030474405,0.027704841871553,0.474752486526631,-1.86781030218927,-1.1603681679367,-0.527680489439249,-0.177318504788345
"1090",0,-0.346763866306412,-1.29113189587753,-0.874547511474277,0.994701386553687,-0.634864546128108,-0.416428649433891,-0.135962069060475,-0.0247411626405223,-0.640995384823577,-0.467204948361685,1.06960504576937,-0.217444553367435,-1.233243685196,-0.540830462877054,-0.1555961886108,-0.0445734002443183,-0.741918245459386,0.58016631181262,0.553366028230951,-1.18029468333559,-1.29347794903808,-0.574697546273115,-0.157947897250101,-0.0382639442739243,0.00256203890011386,0.924647769019562,0.981304034653986,-0.263877499229713,-1.13616045194,-0.693408059592364,-0.048236570436645,-0.0330109162638679,-0.33031962811602,1.33132611434538,0.291469464743071,0.278080687139385,0.139152767932202,-0.831486854781667,0,-0.0930309953194633,0.14066178633264,1.3246423271829,-0.34527778875002,-1.10320005852361,1.09815083938011,-0.569033328961901,-0.0998707974396848,-0.0692112518235939,-0.410266899197836,0.0230723224817513,0.220009185649271,0.551690258491118,1.14027554013895,-0.767532904424768,-0.202993708003753,-0.0191459895266863,-0.303642030474405,-1.10858742655092,-0.444187946496948,0.904845870642121,0.0427658724537265,-0.527680489439249,-0.177318504788345
"1091",0,-0.346763866306412,0.545748814462924,0.524013130597061,0.551737763681986,0.188332145062245,-0.416428649433891,-0.135962069060475,-0.0247411626405223,-0.314012775301545,0.999757862091843,0.00819725442799843,0.711908011135486,1.12316558623815,1.67646755142818,-0.1555961886108,-0.0445734002443183,-0.1658625288534,1.09010489057606,-0.119977590191666,0.289871009436705,1.08802203704667,1.11574673128727,-0.113860786417039,-0.0382639442739243,-0.759253601238671,-0.22150435248648,1.1507788827907,1.00657188464015,-0.635224161117807,-0.650039470011399,-0.048236570436645,-0.0330109162638679,-0.639535815693025,0.372213079621086,0.452430213929543,0.446252137175011,0.479536172882967,-0.831486854781667,0,-0.108435012365777,-0.145269946550987,1.3246423271829,-0.811138690761479,-1.10320005852361,1.27008134505226,0.57377943662225,-0.0998707974396848,-0.0692112518235939,0.558214809138742,1.07863107602188,-1.14105748492343,-0.707831402641512,1.09295788222102,0.0429841979463036,-0.202993708003753,-0.0191459895266863,-0.303642030474405,0.828389277112268,0.93422270303842,0.904845870642121,0.558394746906768,-0.281918760399022,-0.177318504788345
"1092",0,-0.346763866306412,-1.17387929654563,-1.57382783250995,0.773219575117836,-0.992685559626734,-0.416428649433891,-0.135962069060475,-0.0247411626405223,-0.640995384823577,-1.93416775881521,-0.171343179456834,0.0795836774414227,-1.40155863315559,-0.540830462877054,-0.1555961886108,-0.0445734002443183,-0.741918245459386,-1.45958800324114,1.56338145586488,-0.526887708770123,-0.658411286082146,1.11574673128727,-0.113860786417039,-0.0382639442739243,-0.759253601238671,0.59717573430355,0.472879490243842,-1.37552071011585,1.20154223856357,1.26370614595092,-0.048236570436645,-0.0330109162638679,-0.0211034405390152,1.33132611434538,-1.15717727793518,-0.394605113003119,0.819919577833732,-0.258062014696678,0,-0.0930309953194633,3.55423066708572,1.77144288945324,1.20759188462151,1.27280760797249,1.09815083938011,-0.444546965362219,-0.0998707974396848,-0.0692112518235939,2.01093737164361,0.0230723224817513,0.0255710898531705,1.16729496510292,-1.22217715515,-0.767532904424768,-0.202993708003753,-0.0191459895266863,-0.303642030474405,-1.17332181098952,-2.05233370428821,-0.0853884767976621,-0.816615584968009,-0.527680489439249,-0.177318504788345
"1093",0,0.767805440878689,1.4055628699672,0.990200011287507,-1.22011672780482,-0.992685559626734,-0.416428649433891,-0.135962069060475,-0.0247411626405223,2.30184810087471,0.999757862091843,0.573225755678888,0.711908011135486,-0.89661378927684,-0.540830462877054,-0.1555961886108,-0.0445734002443183,2.71441605417653,0.41018678555814,-1.12999301782559,1.43333321492626,-0.182111288865197,-0.574697546273115,-0.113860786417039,-0.0382639442739243,-0.115910279549249,-1.18439161466961,-1.56081868739673,0.847765711656421,-0.301266633903012,-0.650039470011399,-0.048236570436645,-0.0330109162638679,-0.639535815693025,-1.55961082592115,-0.835255779562232,0.782595037246263,-1.39257255434624,-0.831486854781667,0,-0.0930309953194633,-0.481588184154324,-0.830535908145318,0.741730982610052,0.95600658577301,-1.48080674570224,-0.797595882078731,-0.0998707974396848,-0.0692112518235939,0.558214809138742,1.25455753494524,1.19219966462977,0.792269691554037,-0.0409508075055244,-0.362274353239232,-0.202993708003753,-0.0191459895266863,0.664842443847503,1.4289026035428,0.93422270303842,0.904845870642121,1.58965249581285,3.40450717520438,2.44807774115328
"1094",0,-0.0179069103734081,1.19060935609113,0.290919690251838,-2.32752578498407,-0.813775052877421,-0.416428649433891,-0.135962069060475,-0.0247411626405223,0.33995244374252,0.999757862091843,-0.419532824502074,1.13345756693153,1.29148053419773,-0.0480975708092236,-0.1555961886108,-0.0445734002443183,1.56230462096456,0.7501458380671,1.22670964665357,0.779926240360802,-0.975944617560112,-0.574697546273115,-0.113860786417039,-0.0382639442739243,-0.43758194039396,0.924647769019562,1.1507788827907,0.212541019721487,-1.3031392155474,-0.650039470011399,-0.048236570436645,-0.0330109162638679,-0.639535815693025,0.212360907167038,0.935312461488958,0.950766487281889,-0.0310389345431809,-0.831486854781667,0,-0.0930309953194633,-0.481588184154324,0.862818419612568,-0.0347038540757136,-1.10320005852361,0.517047575113077,0.80234198973908,-0.0998707974396848,-0.0692112518235939,-0.410266899197836,0.726778158175171,0.220009185649271,-0.145293492318181,0.0489498611171385,-0.159645077646464,-0.202993708003753,-0.0191459895266863,-0.303642030474405,-0.372637375748804,0.0152822700148413,-0.661766918868544,-0.988491876452356,-0.527680489439249,-0.177318504788345
"1095",0,0.164856197518551,0.74169971820407,0.14621427097135,0.330255952246136,-0.634864546128108,-0.416428649433891,-0.135962069060475,-0.0247411626405223,1.64788288183065,0.999757862091843,-0.419532824502074,-0.131191100456599,1.12316558623815,-0.0480975708092236,-0.1555961886108,-0.0445734002443183,1.60255697206056,0.24020725930366,-1.12999301782559,-1.01694293969422,1.24678870278565,0.683940950861266,-0.113860786417039,-0.0382639442739243,1.17077636382959,0.924647769019562,0.472879490243842,-0.0858206337007183,0.974535460268287,1.26370614595092,-0.048236570436645,-0.0330109162638679,-0.639535815693025,-0.396600121070142,-0.191412782816345,-1.06729091314562,0.479536172882967,1.46221250555829,0,-0.0930309953194633,-0.481588184154324,-0.984477210668762,-1.12171262543579,-1.26160056962335,0.609028927058933,1.94515475532323,0.171005133845977,-0.0692112518235939,-0.410266899197836,0.550851699251816,0.0255710898531705,0.41724441800515,1.14027554013895,0.853501300317375,-0.202993708003753,-0.0191459895266863,-0.303642030474405,0.628218168302089,0.0152822700148413,0.706799001154165,0.386518455422421,-0.281918760399022,-0.177318504788345
"1096",0,-0.346763866306412,0.975655842215063,0.757106570942284,-0.334189482061415,-0.0981330258801679,-0.416428649433891,-0.192836422214177,-0.0247411626405223,-0.640995384823577,0.639904581462659,1.06960504576937,1.13345756693153,1.29148053419773,0.198268875224692,-0.1555961886108,-0.0445734002443183,-0.741918245459386,0.58016631181262,1.22670964665357,-1.01694293969422,-1.13471128329909,-0.574697546273115,-0.113860786417039,-0.0382639442739243,-0.6306147307372,-0.0284511401096805,0.811829186517271,-1.21671453713211,-1.3031392155474,-0.650039470011399,-0.048236570436645,-0.0330109162638679,-0.639535815693025,-1.2263086449194,0.613390963116015,-0.394605113003119,-1.56276425682162,-0.831486854781667,0,-0.0930309953194633,-0.481588184154324,-0.984477210668762,-0.0347038540757136,0.95600658577301,-1.30887624003008,-0.797595882078731,-0.0998707974396848,-0.0692112518235939,0.175775956321586,0.198998781405106,0.608885377241471,1.16729496510292,-0.568866659370032,-0.767532904424768,-0.202993708003753,-0.0191459895266863,-0.303642030474405,1.22873149473262,0.93422270303842,0.706799001154165,-0.988491876452356,-0.527680489439249,-0.177318504788345
"1097",0,1.88237474806379,1.50839386295342,-0.175267190438608,-0.98545893374432,-0.992685559626734,-0.416428649433891,-0.135962069060475,-0.0247411626405223,3.60977853896284,0.816387510785152,0.821415400724128,-0.552740656252641,-1.40155863315559,-0.540830462877054,-0.1555961886108,-0.0445734002443183,2.62603773215701,-0.0997517932053001,0.216694219019643,0.616574496719437,-1.29347794903808,-0.574697546273115,-0.113860786417039,-0.0382639442739243,1.49244802467431,-1.36765647399252,0.133929793970413,-0.10507132624598,-1.3031392155474,-0.650039470011399,-0.048236570436645,-0.0539306280597664,-0.639535815693025,-1.2263086449194,0.613390963116015,-0.562776563038745,-1.56276425682162,-0.831486854781667,0,-0.0930309953194633,-0.481588184154324,-0.676594605621874,1.36287885195866,-0.469598014124647,-1.48080674570224,-0.797595882078731,-0.0998707974396848,-0.0692112518235939,0.0739739549704533,1.07863107602188,0.997761568833671,1.16729496510292,1.14027554013895,1.66401840268845,2.25623249403729,-0.0191459895266863,1.36679900306509,1.4289026035428,0.93422270303842,0.992481651209403,0.730271038391115,0.946889884802112,-0.177318504788345
"1098",0,0.767805440878689,0.115841786710785,0.524013130597061,-0.112707670625565,-0.992685559626734,-0.416428649433891,-0.135962069060475,0.16709125331691,1.64788288183065,-0.100464245748303,-2.405049984864,0.922682789033507,-0.401142700891833,-0.540830462877054,-0.1555961886108,-0.0445734002443183,0.698221046055578,0.0702277330491799,-0.961657113219938,0.943277984002168,0.135422042612768,-0.640340510299212,-0.113860786417039,-0.0382639442739243,-0.115910279549249,-0.253172036581856,-0.882919294849875,0.37134719270522,1.36852100217096,-0.650039470011399,-0.048236570436645,-0.0330109162638679,-0.639535815693025,-0.427047782649156,0.452430213929543,-0.899119463109996,0.309344470407584,1.17550008551579,0,-0.0930309953194633,-0.481588184154324,-0.984477210668762,-1.12171262543579,-1.26160056962335,-0.105362700324987,1.03090454285591,-0.0998707974396848,-0.0692112518235939,-0.410266899197836,-0.399426416348195,-1.72437177231173,-1.83290722328817,0.29654243467861,0.44824274913184,-0.202993708003753,-0.0191459895266863,-0.303642030474405,0.828389277112268,0.245017378270736,0.112658392690295,0.214642163938074,-0.527680489439249,-0.177318504788345
"1099",0,-0.346763866306412,-0.0991117271652847,0.757106570942284,0.108774140810285,-0.634864546128108,-0.416428649433891,-0.135962069060475,-0.0247411626405223,-0.640995384823577,-0.650575299668376,1.06960504576937,0.752081226412931,-1.233243685196,-0.540830462877054,-0.1555961886108,-0.0445734002443183,-0.741918245459386,0.0702277330491799,1.56338145586488,1.43333321492626,-0.34087795460418,-0.574697546273115,-0.113860786417039,-0.0382639442739243,-0.759253601238671,0.269703699587538,1.1507788827907,1.00657188464015,-0.969181688332602,-0.650039470011399,-0.048236570436645,-0.0330109162638679,-0.639535815693025,-0.107343437741059,1.09627321067543,0.950766487281889,-1.05218914939548,-0.831486854781667,0,-0.0930309953194633,-0.314894328240383,0.0931119069953467,1.14227703320845,1.27280760797249,-0.277293205997144,-0.797595882078731,-0.0998707974396848,-0.0692112518235939,-0.410266899197836,0.0230723224817513,1.19219966462977,1.16729496510292,-0.209697428597592,-0.767532904424768,-0.202993708003753,-0.0191459895266863,-0.303642030474405,1.22873149473262,0.93422270303842,-0.0630740138550664,-0.644739293483662,-0.527680489439249,-0.18877111532412
"1100",0,-0.346763866306412,-1.17387929654563,0.524013130597061,-1.88456216211237,-0.992685559626734,-0.416428649433891,-0.135962069060475,-0.0247411626405223,-0.640995384823577,-0.650575299668376,0.821415400724128,-1.60661454574275,-1.53260428055927,-0.540830462877054,-0.1555961886108,-0.0445734002443183,-0.741918245459386,0.92012536432158,0.0483583144139882,-1.29316605699639,-1.29347794903808,-0.574697546273115,-0.113860786417039,-0.0382639442739243,0.0296293691154814,1.08838378637757,-0.0355450541663019,-0.602322207208031,-0.969181688332602,-0.650039470011399,-0.048236570436645,-0.0330109162638679,-0.0211034405390152,1.33132611434538,0.613390963116015,0.278080687139385,0.819919577833732,0.602075245430805,0,-0.0930309953194633,-0.481588184154324,1.3246423271829,-0.655851723424326,-1.26160056962335,-0.96501522868577,2.17371730844006,-0.0998707974396848,-0.0692112518235939,-0.410266899197836,0.550851699251816,0.0255710898531705,-1.27036931296484,-0.884683912965861,2.27190622946675,2.25623249403729,-0.0191459895266863,-0.303642030474405,-1.17332181098952,0.255078738936301,0.904845870642121,1.78216678880004,2.6672219880837,0.697813577192196
"1101",0,-0.346763866306412,-0.958925782669563,0.757106570942284,0.108774140810285,-0.992685559626734,-0.416428649433891,-0.135962069060475,-0.0247411626405223,-0.640995384823577,-0.833945650975067,1.06960504576937,0.922682789033507,-1.40155863315559,-0.540830462877054,-0.1555961886108,-0.0445734002443183,-0.741918245459386,-0.77966989822322,1.56338145586488,0.289871009436705,-1.29347794903808,-0.574697546273115,-0.113860786417039,-0.0382639442739243,-0.759253601238671,-0.712712404560498,1.1507788827907,-0.58148984519718,-1.3031392155474,-0.650039470011399,-0.048236570436645,-0.0330109162638679,-0.639535815693025,-0.746752127557253,1.09627321067543,-0.394605113003119,-1.56276425682162,-0.831486854781667,0,-0.128642660805516,-0.481588184154324,-0.676594605621874,1.36287885195866,0.00560351917457189,-1.48080674570224,-0.797595882078731,-0.0998707974396848,-0.0692112518235939,-0.410266899197836,-1.20841288998173,1.19219966462977,0.11127963663363,-1.55967039733413,-0.767532904424768,-0.202993708003753,-0.0191459895266863,-0.303642030474405,-0.97315070217934,0.245017378270736,-1.07562282423745,-1.1603681679367,-0.527680489439249,-0.177318504788345
"1102",0,0.767805440878689,0.975655842215063,0.990200011287507,0.773219575117836,-0.277043532629481,-0.416428649433891,-0.135962069060475,-0.0247411626405223,2.30184810087471,0.999757862091843,-1.1641017596378,-0.763515434150662,1.12316558623815,-0.0480975708092236,-0.1555961886108,-0.0445734002443183,2.71441605417653,0.58016631181262,-1.12999301782559,-1.18029468333559,0.611722039829717,1.67922815714073,-0.113860786417039,-0.0382639442739243,3.10080632889786,0.433439716945544,-1.56081868739673,-1.53432688309958,-0.301266633903012,2.35727506935795,-0.048236570436645,-0.0330109162638679,2.45262606007703,0.691917424529183,-1.47909877630812,-1.73997671328813,-0.881997446920094,2.60906218572827,0,-0.0930309953194633,1.35334561321017,1.17070102465946,-1.12171262543579,-1.26160056962335,-0.4492237116693,1.7165922022064,-0.0998707974396848,-0.0692112518235939,0.558214809138742,1.43048399386859,-0.94661938912733,-1.27036931296484,0.802782297954812,0.0429841979463036,-0.202993708003753,-0.0191459895266863,0.538150445340451,0.828389277112268,0.93422270303842,0.904845870642121,0.902147329875462,-0.527680489439249,-0.177318504788345
"1103",0,-0.346763866306412,0.330795300586854,0.990200011287507,-0.334189482061415,-0.992685559626734,-0.416428649433891,-0.135962069060475,-0.0247411626405223,-0.314012775301545,0.44964680817177,0.573225755678888,1.13345756693153,-0.0550390494789284,-0.540830462877054,-0.1555961886108,-0.0445734002443183,0.698221046055578,0.948994560842668,-0.456649399402975,-0.0368324778460259,0.7704887055687,-0.574697546273115,-0.113860786417039,-0.0382639442739243,1.03330839707721,1.08838378637757,-0.882919294849875,-1.53432688309958,0.867584711348771,0.716921684247398,-0.048236570436645,-0.0330109162638679,1.52497749734601,1.33132611434538,-1.47909877630812,-1.73997671328813,0.479536172882967,1.46221250555829,0,-0.0930309953194633,0.19104829105235,1.3246423271829,-0.0347038540757136,-1.26160056962335,0.238498311019326,1.7165922022064,0.176665485751389,-0.0692112518235939,-0.092216746033962,0.726778158175171,0.459773557679255,0.41724441800515,0.715404442249455,0.245613473539072,-0.202993708003753,-0.0191459895266863,-0.303642030474405,0.027704841871553,0.704487594782526,0.904845870642121,0.126863514745749,-0.527680489439249,-0.177318504788345
"1104",0,-0.346763866306412,-1.17387929654563,-1.57382783250995,0.108774140810285,1.86988254836228,1.63679146148519,-0.135962069060475,-0.0247411626405223,-0.640995384823577,-0.283834597054994,0.821415400724128,-1.39583976784473,0.786535690318983,2.41556688952993,0.411297350489476,-0.0445734002443183,-0.1658625288534,1.09010489057606,1.56338145586488,1.2699814712849,1.24678870278565,3.08793172177438,-0.113860786417039,-0.0382639442739243,0.471170483809666,1.08838378637757,1.1507788827907,0.688959538672687,1.73966401548718,1.26370614595092,-0.048236570436645,-0.0330109162638679,-0.639535815693025,-0.267195610195108,-0.352373532002817,-1.5718052632525,0.990111280309114,0.0286504053458163,0,-0.0439687536311751,-0.481588184154324,-0.984477210668762,-1.12171262543579,0.107638273024496,0.410428816691482,-0.797595882078731,-0.270780607156349,-0.0692112518235939,-0.410266899197836,-1.38433934890509,-1.3864106970135,0.604757054779594,-0.715937291873794,-0.767532904424768,-0.202993708003753,-0.0191459895266863,-0.303642030474405,-1.17332181098952,-1.36312837952053,0.310705262178251,-1.1603681679367,-0.527680489439249,-0.177318504788345
"1105",0,-0.507572220992634,-0.958925782669563,0.290919690251838,-0.334189482061415,-0.992685559626734,-0.50842509560825,-0.135962069060475,-0.0247411626405223,-0.640995384823577,-0.87486533109877,1.06960504576937,-1.39583976784473,-1.40155863315559,-0.540830462877054,-0.1555961886108,-0.0445734002443183,-0.741918245459386,0.0702277330491799,0.89003783744226,-1.18029468333559,-1.4989365693558,-0.574697546273115,-0.113860786417039,-0.0382639442739243,-0.640731400960706,0.760911751661556,0.133929793970413,-1.53432688309958,-1.3031392155474,-0.650039470011399,-0.048236570436645,-0.0330109162638679,-0.639535815693025,1.33132611434538,0.774351712302486,0.278080687139385,0.479536172882967,-0.258062014696678,0,-0.0930309953194633,0.863684766259023,1.47858362970634,1.05230491728436,0.63920556357353,0.754289828035795,2.40227986155689,-0.0998707974396848,-0.0692112518235939,0.283366190657835,0.550851699251816,0.803323473037571,-1.0828566761904,-0.378444049689659,2.47453550505952,1.02661939301677,-0.0758585761396516,-0.433454409193649,-0.97315070217934,0.0152822700148413,0.904845870642121,1.58965249581285,2.6672219880837,-0.177318504788345
"1106",0,1.88237474806379,1.83546989771934,0.990200011287507,-0.334189482061415,-0.813775052877421,-0.416428649433891,-0.135962069060475,-0.0247411626405223,4.26374375800691,0.816387510785152,-0.915912114592555,1.13345756693153,-0.0550390494789284,-0.540830462877054,-0.1555961886108,-0.0445734002443183,1.85033247926755,0.0702277330491799,-1.12999301782559,0.943277984002168,0.294188708351751,-0.574697546273115,-0.113860786417039,-0.0382639442739243,-0.759253601238671,-1.36765647399252,-0.71344444671316,1.00657188464015,-0.802202924725205,-0.650039470011399,-0.048236570436645,-0.0330109162638679,-0.639535815693025,-1.2263086449194,0.613390963116015,0.379552438609445,-1.56276425682162,-0.831486854781667,0,-0.0930309953194633,-0.72826832619775,-0.368712000574986,1.36287885195866,-0.469598014124647,-1.48080674570224,-0.797595882078731,-0.0998707974396848,-0.0692112518235939,0.0739739549704533,0.834275167825966,1.19219966462977,0.604757054779594,-0.209697428597592,0.962744635118427,-0.202993708003753,-0.0191459895266863,1.76127335410647,1.4289026035428,0.93422270303842,0.904845870642121,1.58965249581285,3.40450717520438,4.19834190511436
"1107",0,-0.346763866306412,1.83546989771934,0.990200011287507,-1.66308035067652,-0.992685559626734,-0.416428649433891,-0.135962069060475,-0.0247411626405223,0.0129698342204877,0.999757862091843,1.06960504576937,1.13345756693153,-0.728298841317257,-0.540830462877054,-0.1555961886108,-0.0445734002443183,1.27427676266156,1.07332812617188,0.464172542744098,0.710632451890284,1.24678870278565,1.11574673128727,-0.113860786417039,-0.0382639442739243,-0.115910279549249,1.08838378637757,0.811829186517271,1.00657188464015,1.36852100217096,1.53709837680268,-0.048236570436645,-0.0330109162638679,-0.639535815693025,-0.586899955103205,-0.191412782816345,-0.73094801307437,1.1603029827845,1.46221250555829,0,-0.0930309953194633,-0.481588184154324,-0.984477210668762,-1.12171262543579,-0.944799547423866,1.27008134505226,1.03090454285591,-0.0998707974396848,-0.0692112518235939,-0.410266899197836,0.0230723224817513,-0.36330510173903,0.0422191444562627,1.14027554013895,0.650872024724607,-0.202993708003753,-0.0191459895266863,-0.303642030474405,0.628218168302089,0.0152822700148413,0.706799001154165,0.210573872732458,-0.527680489439249,-0.275582918635697
"1108",0,-0.346763866306412,-0.958925782669563,-0.408360630783831,0.994701386553687,0.259687987618459,0.242054760975775,-0.135962069060475,-0.0247411626405223,-0.0825058415528821,0.633017159478461,0.219362799706807,0.290358455339444,0.616421040079273,0.570583525262762,-0.1555961886108,-0.0445734002443183,0.594368740774592,1.09010489057606,-0.793321208614283,-0.396213265567985,0.982937765387793,0.552265305433806,-0.113860786417039,-0.0382639442739243,1.17077636382959,1.08838378637757,0.303404642107127,0.530153365688954,1.36852100217096,-0.10325500830788,-0.13706150690392,-0.0330109162638679,-0.639535815693025,0.532065252075134,0.452430213929543,0.950766487281889,0.309344470407584,-0.831486854781667,0,-0.0930309953194633,-0.481588184154324,-0.984477210668762,-0.655851723424326,1.27280760797249,-0.621154217341457,-0.797595882078731,-0.0998707974396848,-0.0692112518235939,-0.754497712097439,-1.38433934890509,0.220009185649271,0.792269691554037,-1.55967039733413,-0.954301533967095,-0.202993708003753,-0.0191459895266863,-0.303642030474405,-1.17332181098952,0.245017378270736,-0.0853884767976621,-1.1603681679367,-0.527680489439249,-0.113708986488701
"1109",0,-0.346763866306412,-1.17387929654563,-1.34073439216472,0.994701386553687,-0.277043532629481,-0.416428649433891,-0.135962069060475,-0.0247411626405223,-0.640995384823577,-1.93416775881521,1.06960504576937,1.13345756693153,-0.559983893357675,-0.540830462877054,-0.1555961886108,-0.0445734002443183,-0.435250747077771,-0.295303495716585,1.56338145586488,1.43333321492626,-0.658411286082146,-0.574697546273115,-0.113860786417039,-0.0382639442739243,0.849104702984884,0.924647769019562,1.1507788827907,1.00657188464015,-0.635224161117807,-0.650039470011399,-0.048236570436645,0.204777478532027,1.83419368492302,1.33132611434538,1.09627321067543,0.950766487281889,-0.371422339493946,-0.831486854781667,0,-0.0930309953194633,-0.481588184154324,-0.984477210668762,-0.0347038540757136,1.27280760797249,1.27008134505226,-0.797595882078731,-0.0998707974396848,-0.0692112518235939,-0.410266899197836,-1.38433934890509,-0.75218129333123,1.16729496510292,1.14027554013895,0.245613473539072,-0.202993708003753,-0.0191459895266863,-0.303642030474405,-1.17332181098952,-2.05233370428821,0.904845870642121,1.58965249581285,0.209604697681432,-0.177318504788345
"1110",0,0.767805440878689,0.115841786710785,0.290919690251838,0.330255952246136,-0.277043532629481,-0.416428649433891,-0.128499093934113,-0.0247411626405223,2.30184810087471,0.999757862091843,0.573225755678888,0.922682789033507,1.12316558623815,-0.364196331091341,-0.1555961886108,-0.0445734002443183,0.698221046055578,-0.77966989822322,-1.12999301782559,-0.200184221487392,0.7704887055687,-0.574697546273115,-0.113860786417039,-0.0382639442739243,-0.759253601238671,-1.53139249135053,-0.746155456140638,0.37134719270522,-0.229220903119232,-0.650039470011399,-0.048236570436645,-0.0330109162638679,-0.639535815693025,-1.55414591419223,-0.352373532002817,0.614423587210637,-1.39257255434624,-0.831486854781667,0,-0.0930309953194633,-0.481588184154324,-0.830535908145318,1.36287885195866,0.00560351917457189,-1.48080674570224,0.401597866275874,-0.0998707974396848,-0.0692112518235939,-0.410266899197836,0.0230723224817513,1.19219966462977,-0.145293492318181,-0.311646348385998,1.25875985150291,-0.202993708003753,-0.0191459895266863,-0.303642030474405,-0.372637375748804,0.474752486526631,0.904845870642121,0.386518455422421,-0.0361570313587953,-0.177318504788345
"1111",0,-0.346763866306412,-1.17387929654563,-1.1076409518195,0.773219575117836,-0.0277904243235642,-0.416428649433891,-0.135962069060475,-0.0247411626405223,-0.640995384823577,-1.93416775881521,0.573225755678888,0.0795836774414227,0.0879718827289031,2.16920044349601,-0.1555961886108,-0.0445734002443183,-0.741918245459386,-0.60969037196874,1.56338145586488,-0.853591196052854,0.929255371307683,1.96096887006746,-0.113860786417039,-0.0382639442739243,1.24470658564859,0.760911751661556,-0.374494750439731,-0.58148984519718,1.36852100217096,-0.10325500830788,-0.048236570436645,30.2820138527215,3.68949081038505,1.17147394189133,0.291469464743071,0.782595037246263,1.1603029827845,0.315362825388311,0,6.08960719964629,2.95008954659884,0.862818419612568,0.586444015272899,1.27280760797249,-0.277293205997144,-0.797595882078731,-0.0998707974396848,-0.0692112518235939,-0.410266899197836,-1.38433934890509,-0.94661938912733,1.16729496510292,-1.39092377624206,-0.767532904424768,-0.202993708003753,-0.0912709356995593,-0.303642030474405,-1.17332181098952,-0.214452838241053,0.112658392690295,-1.1603681679367,-0.527680489439249,-0.177318504788345
"1112",0,-0.346763866306412,-0.314065241041354,0.524013130597061,0.994701386553687,1.69097204161296,-0.123111490731166,-0.135962069060475,-0.0247411626405223,-0.640995384823577,-0.833945650975067,-0.667722469547314,0.711908011135486,1.29148053419773,-0.540830462877054,-0.1555961886108,-0.0445734002443183,-0.741918245459386,-1.62956752949562,-1.12999301782559,1.10662972764353,0.611722039829717,-0.0112161204196545,-0.113860786417039,-0.0382639442739243,-0.759253601238671,-0.548976387202492,0.642354338380556,1.00657188464015,1.36852100217096,2.63066730020971,-0.048236570436645,-0.0330109162638679,-0.639535815693025,-0.267195610195108,0.935312461488958,0.782595037246263,0.309344470407584,0.602075245430805,0,-0.0930309953194633,-0.481588184154324,-0.919501244860112,1.20759188462151,0.733645379815998,-1.48080674570224,-0.797595882078731,-0.0998707974396848,-0.0692112518235939,-0.410266899197836,-1.03248643105838,0.80862610765012,-0.520318765867068,-1.55967039733413,-0.767532904424768,-0.202993708003753,-0.0191459895266863,-0.303642030474405,0.227875950681732,0.474752486526631,-1.86781030218927,-1.1603681679367,-0.527680489439249,-0.177318504788345
"1113",0,-0.0715788712822775,0.115841786710785,0.757106570942284,-2.10604397354822,-0.992685559626734,-0.416428649433891,-0.135962069060475,-0.0247411626405223,-0.640995384823577,-1.38405670489514,1.06960504576937,0.0863394611538742,-1.40155863315559,-0.540830462877054,-0.1555961886108,-0.111531751188364,-0.741918245459386,-0.9496494244777,1.56338145586488,0.453222753078071,-1.29347794903808,-0.837368628976223,-0.113860786417039,-0.0382639442739243,-0.759253601238671,-0.385240369844486,1.1507788827907,0.530153365688954,-1.3031392155474,-0.650039470011399,-0.048236570436645,-0.0179575742192926,-0.941932280347936,-1.2263086449194,-0.0304520336298728,0.950766487281889,-1.22238085187086,-0.831486854781667,0,-0.0930309953194633,-0.481588184154324,-0.984477210668762,-0.966425658098632,1.27280760797249,-0.277293205997144,-0.797595882078731,-0.0998707974396848,-0.0692112518235939,-0.410266899197836,-1.03248643105838,0.0255710898531705,0.979782328328481,0.971528919046879,2.27190622946675,7.17468489811939,-0.0191459895266863,-0.303642030474405,-0.372637375748804,0.399603393396887,0.904845870642121,1.58965249581285,3.40450717520438,11.1993985609587
"1114",0,-0.346763866306412,-1.17387929654563,0.0578262499066152,0.773219575117836,-0.634864546128108,-0.416428649433891,-0.135962069060475,-0.064995348517452,-0.640995384823577,-0.833945650975067,1.06960504576937,0.0795836774414227,-0.737215188806996,-0.59457534259422,-0.1555961886108,-0.0445734002443183,-0.641853626572432,0.7501458380671,1.22670964665357,-1.18029468333559,-1.29347794903808,-0.574697546273115,-0.113860786417039,-0.0382639442739243,-0.759253601238671,1.08838378637757,0.303404642107127,-1.05790836414838,-1.3031392155474,-0.650039470011399,-0.048236570436645,-0.0330109162638679,-0.0211034405390152,1.33132611434538,1.09627321067543,0.950766487281889,-0.371422339493946,-0.831486854781667,0,-0.0930309953194633,-0.481588184154324,1.47858362970634,0.897017949947205,-0.627998525224387,0.926220333707951,0.34521688350542,-0.0998707974396848,-0.0692112518235939,-0.432915952966981,0.374925240328461,0.803323473037571,-0.707831402641512,0.971528919046879,1.25875985150291,-0.202993708003753,-0.0191459895266863,-0.303642030474405,-1.17332181098952,-0.673923054752843,0.706799001154165,1.58965249581285,0.701128155761885,-0.372389325986658
"1115",0,-0.346763866306412,-0.529018754917424,0.757106570942284,0.108774140810285,-0.455954039378794,-0.404972793463871,-0.135962069060475,-0.0247411626405223,-0.640995384823577,-0.283834597054994,1.06960504576937,1.13345756693153,-0.559983893357675,-0.540830462877054,-0.1555961886108,-0.0445734002443183,0.122165329449593,0.61157019076308,1.17627078852796,1.43333321492626,-0.499644620343163,-0.615099258354667,-0.113860786417039,-0.0382639442739243,1.49244802467431,1.08838378637757,1.1507788827907,1.00657188464015,-0.802202924725205,-0.650039470011399,-0.048236570436645,-0.0330109162638679,-0.639535815693025,-0.746752127557253,1.09627321067543,0.950766487281889,-1.05218914939548,-0.831486854781667,0,-0.0930309953194633,-0.481588184154324,-0.984477210668762,1.36287885195866,1.27280760797249,-0.657553849597782,-0.797595882078731,-0.0998707974396848,-0.00501272849667985,-0.410266899197836,-0.152854136441604,0.997761568833671,1.16729496510292,-0.547190670781726,-0.767532904424768,-0.202993708003753,-0.0191459895266863,-0.303642030474405,0.027704841871553,0.93422270303842,0.508752131666208,-0.644739293483662,-0.527680489439249,-0.177318504788345
"1116",0,-0.346763866306412,-1.17387929654563,-2.73929503423606,0.773219575117836,0.438598494367772,-0.416428649433891,-0.135962069060475,-0.0247411626405223,-0.640995384823577,-1.93416775881521,-2.405049984864,1.13345756693153,0.450794838170361,-0.540830462877054,-0.1555961886108,-0.0445734002443183,-0.741918245459386,-1.62956752949562,0.721701932836606,1.43333321492626,0.0366512944932541,-0.574697546273115,-0.113860786417039,-0.0382639442739243,-0.759253601238671,-0.712712404560498,1.1507788827907,1.00657188464015,-0.802202924725205,-0.650039470011399,-0.049335153206293,-0.0330109162638679,2.14340987250002,1.33132611434538,0.836013233187988,0.950766487281889,-1.39257255434624,-0.411459277229318,0,-0.0930309953194633,-0.145269946550987,0.0931119069953467,-0.966425658098632,1.27280760797249,-1.13694573435793,-0.797595882078731,-0.0998707974396848,-0.0692112518235939,-0.450900940695335,-1.38433934890509,-1.72437177231173,1.16729496510292,-0.544649641066712,-0.767532904424768,-0.202993708003753,-0.0191459895266863,-0.303642030474405,-1.17332181098952,-2.7415390290559,0.310705262178251,0.214642163938074,-0.527680489439249,-0.177318504788345
"1117",0,-0.346763866306412,1.27903480817862,0.757106570942284,0.994701386553687,0.617509001117085,-0.416428649433891,-0.135962069060475,-0.0247411626405223,2.95581331991878,1.18980803374848,-0.667722469547314,0.0795836774414227,1.29148053419773,-0.0480975708092236,-0.1555961886108,-0.0445734002443183,0.698221046055578,-1.11962895073218,-0.961657113219938,1.10662972764353,0.929255371307683,-0.292956833346385,-0.113860786417039,-0.0382639442739243,-0.759253601238671,-1.65004361584624,-0.374494750439731,1.00657188464015,-0.0644943198096009,-0.650039470011399,-0.048236570436645,-0.0330109162638679,-0.639535815693025,-1.2263086449194,-0.343424379923572,0.950766487281889,-0.711805744444711,-0.831486854781667,0,-0.0930309953194633,-0.481588184154324,-0.984477210668762,-1.12171262543579,0.322404541374051,1.27008134505226,-0.797595882078731,-0.0998707974396848,-0.0692112518235939,-0.410266899197836,-1.20841288998173,-0.75218129333123,0.979782328328481,0.634035676862745,-0.767532904424768,-0.202993708003753,-0.0191459895266863,-0.303642030474405,1.62907371235298,0.704487594782526,-0.481482215773575,-0.988491876452356,-0.527680489439249,-0.177318504788345
"1118",0,-0.346763866306412,-0.958925782669563,0.0578262499066152,-0.998634916368966,-0.992685559626734,-0.416428649433891,-0.135962069060475,-0.064995348517452,-0.640995384823577,0.633017159478461,1.06960504576937,-0.974290212048683,-1.40155863315559,-0.540830462877054,-0.1555961886108,-0.0445734002443183,-0.1658625288534,1.09010489057606,-0.28831349479732,-1.42267073612737,-1.07907219571088,-0.574697546273115,-0.113860786417039,-0.0382639442739243,-0.43758194039396,1.08838378637757,-0.589374470180964,-1.53432688309958,-1.3031392155474,-0.650039470011399,-0.049335153206293,0.000349930529480547,0.28811274703799,1.33132611434538,0.291469464743071,-0.899119463109996,-1.05218914939548,-0.831486854781667,0,-0.0930309953194633,-0.145269946550987,1.47858362970634,1.20759188462151,0.95600658577301,1.27008134505226,1.03090454285591,-0.0998707974396848,-0.0692112518235939,-0.410266899197836,0.550851699251816,1.19219966462977,-0.895344039415955,-0.378444049689659,2.41846204671854,5.94507179709886,-0.0191459895266863,-0.303642030474405,-0.97315070217934,-0.444187946496948,0.494143502579834,1.58965249581285,1.96234742916951,0.697813577192196
"1119",0,-0.346763866306412,0.330795300586854,0.990200011287507,0.164819853300304,1.86988254836228,4.27664588980972,2.64618713514716,-0.0247411626405223,-0.640995384823577,-1.56742705620183,-0.419532824502074,-0.34196587835462,0.113275898480654,3.40103267366559,6.69343964519434,-0.0445734002443183,-0.741918245459386,-1.62956752949562,-1.12999301782559,-1.18029468333559,0.294188708351751,3.01088639599902,-0.113860786417039,-0.0382639442739243,-0.744079704556439,-1.03910291407004,-0.543969598576446,0.37134719270522,1.36852100217096,2.35727506935795,-0.048236570436645,-0.0539306280597664,-0.639535815693025,-1.2263086449194,-0.144215004967366,0.950766487281889,1.1603029827845,0.8887876654733,0,-0.0930309953194633,-0.481588184154324,-1.4348475686768,0.275870080598593,1.27280760797249,-0.105362700324987,-0.797595882078731,-0.0998707974396848,-0.0692112518235939,-0.410266899197836,-0.504707054288313,1.19219966462977,0.0422191444562627,-1.55967039733413,-0.767532904424768,-0.202993708003753,-0.0191459895266863,-0.303642030474405,1.02856038592245,0.704487594782526,-2.26390404116519,-1.1603681679367,-0.527680489439249,-0.177318504788345
"1120",0,-0.346763866306412,0.330795300586854,0.0578262499066152,-0.706653783606044,-0.992685559626734,-0.416428649433891,-0.135962069060475,-0.0247411626405223,1.32090027230862,0.999757862091843,-0.171343179456834,0.470331861155599,-0.89661378927684,-0.540830462877054,-0.1555961886108,0.263835928400467,2.13836033757054,-0.26973131945978,-1.12999301782559,0.37189420188091,-0.499644620343163,-0.574697546273115,-0.113860786417039,-0.0382639442739243,-0.759253601238671,-1.53139249135053,-1.56081868739673,0.212541019721487,-0.802202924725205,-0.650039470011399,-0.049335153206293,-0.0330109162638679,-0.639535815693025,-1.2263086449194,-1.47909877630812,0.614423587210637,-1.39257255434624,-0.831486854781667,0,-0.0930309953194633,-0.481588184154324,-0.984477210668762,-0.0347038540757136,0.79760607467327,-1.48080674570224,-0.797595882078731,-0.0998707974396848,-0.0692112518235939,-0.410266899197836,0.0230723224817513,1.19219966462977,1.16729496510292,0.802782297954812,1.05613057591014,-0.202993708003753,-0.0191459895266863,-0.303642030474405,0.354729502918337,0.245017378270736,-0.0853884767976621,0.214642163938074,1.68417507192279,-0.177318504788345
"1121",0,-0.13442842800509,0.975655842215063,0.0578262499066152,0.108774140810285,-0.0981330258801679,-0.416428649433891,-0.135962069060475,-0.0247411626405223,-0.640995384823577,-0.467204948361685,1.06960504576937,1.13345756693153,0.954850638278565,-0.353525657288958,-0.1555961886108,-0.0445734002443183,-0.741918245459386,-0.26973131945978,1.56338145586488,1.43333321492626,0.452955374090734,-0.574697546273115,-0.184668048112221,-0.0382639442739243,-0.759253601238671,0.59717573430355,1.1507788827907,0.649234485851518,-0.134287870295615,-0.650039470011399,-0.048236570436645,-0.0330109162638679,-0.639535815693025,0.212360907167038,1.08760449679897,0.48338107292701,-1.39257255434624,-0.831486854781667,0,-0.0930309953194633,-0.481588184154324,0.400994512042235,1.36287885195866,0.803184995214984,-0.277293205997144,-0.797595882078731,-0.0998707974396848,-0.0692112518235939,0.0739739549704533,1.25455753494524,1.19219966462977,1.16729496510292,-0.378444049689659,-0.767532904424768,-0.202993708003753,-0.0191459895266863,-0.303642030474405,0.227875950681732,0.0152822700148413,0.112658392690295,0.386518455422421,-0.527680489439249,-0.177318504788345
"1122",0,-0.346763866306412,0.115841786710785,0.290919690251838,-1.88456216211237,-0.992685559626734,-0.416428649433891,-0.135962069060475,-0.0247411626405223,-0.640995384823577,0.816387510785152,1.06960504576937,0.922682789033507,-0.559983893357675,-0.540830462877054,-0.1555961886108,-0.0445734002443183,-0.741918245459386,0.7501458380671,-0.456649399402975,-0.200184221487392,0.7704887055687,-0.574697546273115,-0.113860786417039,-0.0382639442739243,-1.04205834114148,-1.53139249135053,-1.56081868739673,-0.899102191164647,1.20154223856357,-0.650039470011399,-0.048236570436645,-0.0330109162638679,-0.639535815693025,-1.2263086449194,-1.47909877630812,-0.394605113003119,0.479536172882967,-0.831486854781667,0,-0.0930309953194633,-0.481588184154324,-0.830535908145318,0.192639330417067,1.11440709687275,-0.105362700324987,-0.477552974496259,-0.0998707974396848,-0.0692112518235939,-0.410266899197836,1.43048399386859,1.19219966462977,0.705900849732775,1.14027554013895,1.66401840268845,-0.202993708003753,-0.0191459895266863,-0.303642030474405,-0.172466266938626,-0.903658163008738,-0.481482215773575,0.558394746906768,3.15874544616415,2.44807774115328
"1123",0,-0.346763866306412,-0.743972268793493,0.0578262499066152,-2.32752578498407,-0.992685559626734,-0.416428649433891,-0.135962069060475,-0.064995348517452,-0.640995384823577,0.082906105558388,0.0768464655884069,-1.49620743172629,-1.40155863315559,-0.455047188133703,-0.1555961886108,-0.0445734002443183,-0.741918245459386,1.09010489057606,-0.28831349479732,-1.18029468333559,-1.29347794903808,-0.574697546273115,-0.113860786417039,-0.0382639442739243,-0.115910279549249,1.08838378637757,-0.71344444671316,-0.899102191164647,-1.13616045194,-0.650039470011399,-0.048236570436645,-0.0330109162638679,-0.0211034405390152,1.33132611434538,1.09627321067543,0.950766487281889,0.649727875358349,0.13045856565051,0,-0.0930309953194633,-0.145269946550987,0.935940457563153,0.12058311326144,-1.26160056962335,-0.277293205997144,1.94515475532323,-0.0998707974396848,-0.0692112518235939,-0.410266899197836,0.0230723224817513,-0.16886700594293,-1.45788194973929,-0.715937291873794,2.27190622946675,-0.202993708003753,-0.0912709356995593,-0.303642030474405,-0.792391598061326,-0.214452838241053,0.904845870642121,1.24589991284416,1.43841334288257,-0.177318504788345
"1124",0,-0.34533716682562,0.760702328338993,0.319897138937106,-0.334189482061415,-0.957989782453036,-0.416428649433891,-0.135962069060475,-0.0247411626405223,-0.640995384823577,0.999757862091843,0.325036110633647,1.13345756693153,-0.559983893357675,-0.540830462877054,-0.1555961886108,-0.0445734002443183,0.122165329449593,1.09010489057606,-0.456649399402975,-0.0368324778460259,0.929255371307683,-0.574697546273115,-0.113860786417039,-0.0382639442739243,0.527433042140173,0.924647769019562,-1.05239414298659,-1.53432688309958,0.700605947741373,1.26370614595092,-0.048236570436645,-0.0412359417053247,1.52497749734601,0.691917424529183,-1.47909877630812,-1.72181649274162,0.139152767932202,1.46221250555829,0,-0.0930309953194633,1.20000300386236,1.01675972213601,-0.303285188239841,-0.627998525224387,1.09815083938011,-0.111908222728241,-0.0998707974396848,-0.0692112518235939,0.558214809138742,1.43048399386859,0.608885377241471,1.16729496510292,-0.0409508075055244,-0.767532904424768,-0.202993708003753,-0.0191459895266863,-0.303642030474405,0.42804705949191,0.245017378270736,-0.481482215773575,-0.988491876452356,-0.527680489439249,-0.0380510561494455
"1125",0,0.767805440878689,0.760702328338993,0.290919690251838,-0.555671293497266,-0.634864546128108,-0.416428649433891,-0.135962069060475,-0.0247411626405223,1.32090027230862,0.999757862091843,-0.419532824502074,1.13345756693153,-0.223353997438511,-0.540830462877054,-0.1555961886108,-0.111531751188364,-0.741918245459386,-1.62956752949562,-0.793321208614283,1.43333321492626,-0.34087795460418,-0.574697546273115,-0.113860786417039,-0.0382639442739243,-0.759253601238671,-1.20392045663452,0.642354338380556,0.688959538672687,-1.3031392155474,-1.15769853413666,-0.048236570436645,-0.0330109162638679,-0.639535815693025,-0.906604300011301,0.613390963116015,0.950766487281889,0.649727875358349,-0.831486854781667,0,-0.0930309953194633,-0.481588184154324,-0.984477210668762,-1.12171262543579,-0.627998525224387,1.09815083938011,1.03090454285591,-0.0998707974396848,-0.0692112518235939,-0.410266899197836,0.0230723224817513,-1.14105748492343,-0.61041011030615,0.802782297954812,1.46138912709568,-0.202993708003753,-0.0191459895266863,0.728815661816031,1.62907371235298,0.93422270303842,0.904845870642121,0.902147329875462,-0.281918760399022,-0.177318504788345
"1126",0,-0.346763866306412,-0.594475611996216,0.990200011287507,0.773219575117836,-0.0981330258801679,-0.416428649433891,-0.135962069060475,-0.0247411626405223,-0.640995384823577,-0.283834597054994,1.06960504576937,1.13345756693153,0.618220742359401,-0.431518196431955,-0.1555961886108,-0.0445734002443183,-0.1658625288534,1.09010489057606,1.35219264261267,1.43333321492626,-0.182111288865197,-0.629727427828798,-0.113860786417039,-0.0382639442739243,-0.759253601238671,0.245206723402811,1.1507788827907,1.00657188464015,-0.969181688332602,-0.650039470011399,-0.048236570436645,-0.0330109162638679,-0.639535815693025,0.0525087347129891,1.09627321067543,0.950766487281889,-0.711805744444711,-0.831486854781667,0,-0.0930309953194633,-0.481588184154324,1.3246423271829,1.36287885195866,1.27280760797249,0.410428816691482,0.0304306629276379,-0.0998707974396848,0.247439988107199,-0.410266899197836,1.25455753494524,1.19219966462977,1.16729496510292,1.14027554013895,0.853501300317375,-0.202993708003753,-0.115134277125818,-0.303642030474405,-0.772979593369162,-0.444187946496948,0.706799001154165,0.730271038391115,0.233441653953874,-0.177318504788345
"1127",0,-0.346763866306412,0.115841786710785,0.524013130597061,0.994701386553687,-0.0981330258801679,-0.416428649433891,-0.135962069060475,-0.0247411626405223,0.33995244374252,0.999757862091843,0.325036110633647,0.501133233237465,0.618220742359401,-0.540830462877054,-0.1555961886108,-0.0445734002443183,-0.453890387156393,-0.9496494244777,-0.961657113219938,0.278416707107036,0.611722039829717,-0.574697546273115,-0.113860786417039,-0.0382639442739243,-0.759253601238671,-0.876448421918504,0.811829186517271,1.00657188464015,-0.301266633903012,-0.650039470011399,-0.048236570436645,-0.0330109162638679,-0.639535815693025,-0.267195610195108,0.224697120982769,0.950766487281889,0.990111280309114,-0.258062014696678,0,-0.0930309953194633,-0.481588184154324,-0.984477210668762,-1.12171262543579,0.00560351917457189,0.948945270586265,-0.340470775845071,-0.0998707974396848,-0.0692112518235939,0.558214809138742,1.43048399386859,0.0255710898531705,0.604757054779594,0.971528919046879,-0.367835594159371,-0.202993708003753,-0.0191459895266863,-0.303642030474405,0.628218168302089,0.474752486526631,0.152870862180753,-0.436965016084689,-0.527680489439249,-0.177318504788345
"1128",0,-0.346763866306412,-0.314065241041354,0.290919690251838,0.773219575117836,-0.634864546128108,-0.416428649433891,-0.135962069060475,-0.0247411626405223,-0.314012775301545,0.44964680817177,-2.15686033981876,-0.763515434150662,0.281590846440236,-0.540830462877054,-0.173223451778222,-0.0445734002443183,0.986248904358571,-0.26973131945978,-1.12999301782559,-1.18029468333559,0.611722039829717,-0.574697546273115,-0.113860786417039,0.0337041416019022,0.527433042140173,0.105967682229532,-0.0882114439382822,0.212541019721487,0.533627184133976,-0.650039470011399,-0.048236570436645,-0.0330109162638679,-0.639535815693025,1.01162176943728,1.09627321067543,0.782595037246263,0.990111280309114,-0.544774434739172,0,-0.0930309953194633,-0.481588184154324,0.247053209518791,0.000950065316797681,-1.10320005852361,-0.621154217341457,1.03090454285591,-0.0998707974396848,-0.0692112518235939,-0.410266899197836,0.0230723224817513,0.0255710898531705,-0.895344039415955,0.634035676862745,0.650872024724607,-0.105900434773083,-0.0912709356995593,-0.303642030474405,-0.117371094251772,0.704487594782526,-0.0853884767976621,-0.129110419030621,-0.527680489439249,-0.177318504788345
"1129",0,-0.346763866306412,-0.743972268793493,-0.408360630783831,0.330255952246136,1.86988254836228,1.34347430278246,-0.135962069060475,0.0205896880483405,0.013838367610706,0.999757862091843,0.573225755678888,0.290358455339444,0.113275898480654,-0.0480975708092236,-0.1555961886108,-0.0445734002443183,0.698221046055578,1.09010489057606,-0.624985304008629,-1.18029468333559,-1.29347794903808,-0.574697546273115,-0.113860786417039,-0.0382639442739243,-0.759253601238671,0.105967682229532,0.811829186517271,-0.58148984519718,-1.13616045194,-0.650039470011399,-0.048236570436645,-0.0539306280597664,-0.639535815693025,-1.06645647246535,0.613390963116015,0.950766487281889,0.309344470407584,-1.07232845721472,0,-0.0930309953194633,-0.481588184154324,-0.984477210668762,-1.12171262543579,0.00560351917457189,1.27008134505226,-0.797595882078731,-0.0998707974396848,-0.0692112518235939,-0.410266899197836,-1.13581664225104,-1.52993367651563,0.979782328328481,0.465289055770677,-0.767532904424768,-0.202993708003753,-0.0912709356995593,-0.303642030474405,-1.17332181098952,0.171233695540559,0.904845870642121,-0.816615584968009,-0.527680489439249,-0.177318504788345
"1130",0,-0.443029472838227,-1.17387929654563,-2.27310815354561,-0.555671293497266,1.69097204161296,2.22342577889064,-0.135962069060475,-0.0247411626405223,-0.640995384823577,-0.467204948361685,0.573225755678888,-0.763515434150662,0.113275898480654,2.41556688952993,-0.1555961886108,-0.0445734002443183,0.122165329449593,1.09010489057606,-0.28831349479732,-0.526887708770123,0.7704887055687,1.11574673128727,-0.113860786417039,-0.0382639442739243,-0.115910279549249,0.105967682229532,0.472879490243842,0.847765711656421,1.03456347495617,-0.650039470011399,-0.048236570436645,-0.0330109162638679,-0.639535815693025,-1.2263086449194,-1.47909877630812,-1.5718052632525,0.649727875358349,0.0286504053458163,0,0.076670796913392,-0.481588184154324,-0.984477210668762,-1.12171262543579,-0.944799547423866,1.27008134505226,-0.797595882078731,-0.0998707974396848,-0.0692112518235939,-0.410266899197836,-1.38433934890509,-1.91880986810783,-0.520318765867068,0.465289055770677,-0.767532904424768,-0.202993708003753,-0.0191459895266863,-0.303642030474405,-1.17332181098952,-2.7415390290559,0.112658392690295,-0.129110419030621,-0.527680489439249,-0.177318504788345
"1131",0,-0.346763866306412,-1.17387929654563,-0.641454071129054,0.994701386553687,-0.813775052877421,-0.416428649433891,-0.135962069060475,-0.0247411626405223,-0.640995384823577,-1.38405670489514,1.06960504576937,0.501133233237465,-1.40155863315559,-0.540830462877054,-0.1555961886108,-0.0445734002443183,-0.741918245459386,0.0702277330491799,1.56338145586488,-0.0368324778460259,0.294188708351751,1.11574673128727,-0.113860786417039,-0.0382639442739243,1.17077636382959,1.08838378637757,1.1507788827907,0.530153365688954,1.36852100217096,1.53709837680268,-0.048236570436645,0.0754234252361302,0.597328934614995,1.17147394189133,1.09627321067543,0.950766487281889,1.10004142395607,0.8887876654733,0,-0.0930309953194633,-0.481588184154324,-0.984477210668762,0.160861490622331,1.27280760797249,0.582359322363638,-0.797595882078731,-0.0998707974396848,-0.0692112518235939,-0.410266899197836,-1.38433934890509,0.220009185649271,1.16729496510292,-1.22217715515,-0.767532904424768,-0.202993708003753,-0.0191459895266863,-0.303642030474405,-1.17332181098952,0.474752486526631,-0.283435346285619,-1.1603681679367,-0.527680489439249,-0.0810011462692316
"1132",0,-0.346763866306412,-1.17387929654563,-0.408360630783831,-0.878688418609012,-0.992685559626734,-0.416428649433891,-0.135962069060475,-0.0247411626405223,-0.640995384823577,-0.283834597054994,0.573225755678888,-1.39583976784473,-1.40155863315559,-0.53502423084978,-0.1555961886108,-0.0445734002443183,-0.741918245459386,0.92012536432158,-0.0258580567157582,-1.18029468333559,-1.29347794903808,-0.574697546273115,-0.113860786417039,-0.0382639442739243,-0.115910279549249,0.722371145596007,-1.2218689911233,-1.24802671438915,-1.13616045194,-0.650039470011399,-0.048236570436645,-0.0330109162638679,-0.0211034405390152,1.33132611434538,0.935312461488958,0.119933799641666,0.990111280309114,0.315362825388311,0,-0.239872532557212,-0.481588184154324,1.47858362970634,0.22296683129578,-1.26160056962335,0.86989403827276,2.40227986155689,-0.0998707974396848,-0.0692112518235939,-0.410266899197836,0.726778158175171,0.0255710898531705,-1.0828566761904,0.474279508824238,2.06927695387398,0.284939233000321,-0.0191459895266863,-0.303642030474405,-0.97315070217934,-0.214452838241053,0.508752131666208,0.902147329875462,-0.281918760399022,-0.177318504788345
"1133",0,-0.346763866306412,0.975655842215063,0.990200011287507,0.994701386553687,1.69097204161296,-0.416428649433891,-0.135962069060475,0.0344703379829887,0.33995244374252,0.816387510785152,-0.667722469547314,-0.552740656252641,-0.728298841317257,-0.540830462877054,-0.1555961886108,-0.0445734002443183,1.02847861367679,0.58016631181262,-0.119977590191666,-0.853591196052854,-1.29347794903808,-0.574697546273115,-0.113860786417039,-0.0382639442739243,1.81411968551902,1.08838378637757,1.1507788827907,1.00657188464015,0.533627184133976,-0.650039470011399,-0.048236570436645,-0.0330109162638679,-0.33031962811602,0.0525087347129891,-0.67429503037576,-0.0582622129318667,1.20231515595058,1.17550008551579,0,-0.0930309953194633,-0.481588184154324,-0.984477210668762,-1.12171262543579,-1.26160056962335,0.582359322363638,0.744280113857973,-0.0998707974396848,-0.0692112518235939,-0.410266899197836,-0.680633513211668,-0.16886700594293,0.792269691554037,1.14027554013895,-0.228233062843982,-0.33323210529309,-0.0191459895266863,-0.303642030474405,1.02856038592245,0.245017378270736,-0.0853884767976621,-0.300986710514968,-0.527680489439249,-0.177318504788345
"1134",0,1.88237474806379,1.4055628699672,0.757106570942284,0.994701386553687,1.09205429142018,-0.123111490731166,-0.135962069060475,-0.0247411626405223,-0.640995384823577,0.388118853027574,0.568945953934467,-0.974290212048683,0.954850638278565,-0.0480975708092236,-0.1555961886108,-0.0445734002443183,-0.741918245459386,0.7501458380671,0.721701932836606,-1.18029468333559,-1.29347794903808,-0.574697546273115,-0.113860786417039,-0.0382639442739243,-0.0179144055054254,0.924647769019562,-0.543969598576446,-1.23753773228553,-1.3031392155474,-0.650039470011399,-0.048236570436645,-0.0330109162638679,-0.639535815693025,0.0525087347129891,0.774351712302486,-1.06729091314562,-1.56276425682162,-0.831486854781667,0,-0.0930309953194633,-0.481588184154324,-0.984477210668762,0.12058311326144,1.11440709687275,-1.48080674570224,-0.797595882078731,-0.0998707974396848,-0.0692112518235939,-0.410266899197836,-0.409854195249896,0.0255710898531705,1.16729496510292,-1.22217715515,-0.767532904424768,-0.202993708003753,-0.0191459895266863,-0.303642030474405,1.22873149473262,0.93422270303842,-1.07562282423745,-1.1603681679367,-0.527680489439249,-0.177318504788345
"1135",0,-0.346763866306412,-0.958925782669563,-0.408360630783831,0.330255952246136,1.86988254836228,3.69001157240427,-0.135962069060475,-0.0247411626405223,-0.640995384823577,-0.791635417345991,-0.246137414047901,0.290358455339444,1.12316558623815,3.40103267366559,0.822837501932791,-0.0445734002443183,-0.741918245459386,-1.45958800324114,-0.793321208614283,-1.18029468333559,0.294188708351751,3.36967243470111,-0.113860786417039,-0.0382639442739243,-0.759253601238671,-1.53139249135053,-1.2218689911233,-0.423544648567716,1.36852100217096,1.67159247243534,-0.048236570436645,-0.0330109162638679,-0.639535815693025,-0.427047782649156,1.09627321067543,0.950766487281889,1.1603029827845,0.602075245430805,0,-0.0930309953194633,-0.481588184154324,0.0931119069953467,0.741730982610052,1.27280760797249,-0.105362700324987,-0.797595882078731,-0.0998707974396848,-0.0692112518235939,-0.410266899197836,-1.38433934890509,-0.75218129333123,1.16729496510292,-1.05343053405793,-0.767532904424768,-0.202993708003753,-0.0191459895266863,-0.303642030474405,-1.17332181098952,0.245017378270736,-0.0853884767976621,-0.988491876452356,-0.527680489439249,-0.177318504788345
"1136",0,-0.346763866306412,0.115841786710785,0.757106570942284,0.994701386553687,1.86988254836228,1.63679146148519,-0.135962069060475,-0.0247411626405223,-0.640995384823577,-0.467204948361685,0.325036110633647,0.922682789033507,1.29148053419773,1.18373465936035,-0.0607265270842529,-0.111531751188364,-0.741918245459386,-1.45958800324114,1.39504555125922,1.10662972764353,-0.0233446231262145,-0.0302875942420684,-0.113860786417039,-0.0382639442739243,-0.759253601238671,-1.20392045663452,0.806572008856378,1.00657188464015,0.867584711348771,-0.10325500830788,-0.0485234654579245,-0.0330109162638679,-0.639535815693025,-1.2263086449194,-0.996216528748704,0.0402349136176792,1.1603029827845,0.602075245430805,0,-0.0930309953194633,-0.481588184154324,-1.5476039284242,-1.12171262543579,-0.152796991925168,1.27008134505226,0.116654330388589,-0.0998707974396848,-0.0692112518235939,-0.410266899197836,-1.20841288998173,0.0255710898531705,0.979782328328481,0.29654243467861,-0.767532904424768,-0.202993708003753,-0.0912709356995593,-0.303642030474405,0.027704841871553,0.93422270303842,-0.481482215773575,-1.1603681679367,-0.527680489439249,-0.177318504788345
"1137",0,-0.346763866306412,-1.17387929654563,-2.04001471320039,0.108774140810285,-0.634864546128108,-0.416428649433891,-0.135962069060475,-0.064995348517452,-0.640995384823577,-1.93416775881521,0.27730801016398,0.290358455339444,-1.40155863315559,-0.540830462877054,0.331450034167366,-0.0445734002443183,-0.741918245459386,-0.60969037196874,1.56338145586488,-0.526887708770123,-0.0233446231262145,3.08793172177438,-0.113860786417039,-0.0382639442739243,-0.43758194039396,0.924647769019562,-0.205019902303017,-1.37552071011585,1.20154223856357,1.53709837680268,-0.048236570436645,-0.0330109162638679,1.21576130976901,1.33132611434538,0.774351712302486,0.446252137175011,1.1603029827845,-0.544774434739172,0,0.0169889638707165,0.19104829105235,-0.368712000574986,0.431157047935746,1.27280760797249,0.238498311019326,-0.97694248671619,-0.0998707974396848,-0.0692112518235939,-0.410266899197836,-1.63951265065928,-0.94661938912733,1.16729496510292,-1.22217715515,-0.767532904424768,-0.202993708003753,-0.0912709356995593,-0.328754928223323,-1.17332181098952,-2.05233370428821,-0.283435346285619,-1.1603681679367,-0.5846286691118,-0.177318504788345
"1138",0,-0.346763866306412,0.330795300586854,0.990200011287507,-1.66308035067652,-0.992685559626734,-0.416428649433891,-0.135962069060475,-0.0247411626405223,-0.640995384823577,-0.283834597054994,1.06960504576937,-0.974290212048683,-1.40155863315559,-0.540830462877054,-0.1555961886108,-0.0445734002443183,-0.453890387156393,0.58016631181262,1.56338145586488,0.0691411227057526,-1.29347794903808,-0.667160024997877,-0.113860786417039,-0.0382639442739243,2.13579134636373,1.08838378637757,1.1507788827907,0.347647880886796,-1.3031392155474,-0.650039470011399,-0.048236570436645,-0.0330109162638679,1.83419368492302,-0.267195610195108,0.130508715556599,0.841695566206584,-1.39257255434624,-0.831486854781667,0,-0.0930309953194633,-0.481588184154324,-0.984477210668762,-0.493068364950056,1.27280760797249,0.410428816691482,-0.797595882078731,-0.0998707974396848,-0.0692112518235939,-0.410266899197836,-1.20841288998173,-0.55774319753513,1.16729496510292,1.14027554013895,0.650872024724607,-0.202993708003753,-0.0191459895266863,-0.303642030474405,-0.372637375748804,0.704487594782526,1.22935715000051,1.4177762043285,3.15874544616415,2.44807774115328
"1139",0,0.767805440878689,0.760702328338993,0.0578262499066152,0.330255952246136,0.259687987618459,-0.416428649433891,-0.135962069060475,-0.0247411626405223,1.32090027230862,0.44964680817177,-1.05610289894072,-0.763515434150662,0.786535690318983,-0.540830462877054,-0.1555961886108,-0.0445734002443183,-0.741918245459386,-1.28960847698666,-1.12999301782559,-0.363535965128757,0.611722039829717,-0.436243129759705,-0.113860786417039,-0.0382639442739243,-0.759253601238671,-1.53139249135053,-0.243442481677599,1.00657188464015,-0.46824539751041,-0.650039470011399,-0.048236570436645,-0.0330109162638679,-0.639535815693025,-1.2263086449194,-0.513334281189288,0.950766487281889,-0.0310389345431809,-0.831486854781667,0,-0.0930309953194633,-0.481588184154324,-0.984477210668762,-1.12171262543579,-0.786399036324126,0.754289828035795,0.57377943662225,-0.0998707974396848,-0.0692112518235939,0.0739739549704533,-0.152854136441604,-1.33549558071953,-0.707831402641512,0.602696176606003,0.44824274913184,-0.202993708003753,-0.0191459895266863,-0.303642030474405,1.22873149473262,0.245017378270736,0.0683302027864192,0.214642163938074,-0.281918760399022,-0.177318504788345
"1140",0,-0.346763866306412,-0.743972268793493,0.0578262499066152,0.108774140810285,-0.634864546128108,-0.416428649433891,-0.135962069060475,-0.0247411626405223,0.33995244374252,0.633017159478461,0.325036110633647,0.0795836774414227,0.449905794399818,-0.540830462877054,-0.1555961886108,-0.0445734002443183,0.698221046055578,1.09010489057606,-0.793321208614283,-0.853591196052854,0.929255371307683,0.552265305433806,-0.113860786417039,-0.0382639442739243,1.49244802467431,0.760911751661556,-1.2218689911233,-1.53432688309958,0.700605947741373,1.26370614595092,0.0353875528320899,-0.0330109162638679,0.597328934614995,0.691917424529183,-1.47909877630812,-1.73997671328813,0.479536172882967,0.602075245430805,0,-0.0930309953194633,0.19104829105235,1.17070102465946,-0.966425658098632,-0.944799547423866,1.09815083938011,0.230363139872937,-0.0998707974396848,-0.0692112518235939,-0.410266899197836,0.550851699251816,0.0255710898531705,0.604757054779594,-0.209697428597592,-0.767532904424768,-0.202993708003753,-0.0191459895266863,-0.303642030474405,-0.572808484558983,0.245017378270736,0.112658392690295,-0.816615584968009,-0.527680489439249,-0.177318504788345
"1141",0,-0.346763866306412,-1.17387929654563,-0.408360630783831,0.733492242528686,1.86988254836228,4.27664588980972,8.21048554356243,-0.0247411626405223,-0.640995384823577,-1.93416775881521,-2.405049984864,-1.1850649899467,-0.333977254960524,3.40103267366559,11.5856080979123,-0.0445734002443183,-0.741918245459386,-1.62956752949562,-1.12999301782559,-1.18029468333559,-0.34087795460418,4.15571958717271,4.50252433346203,-0.0382639442739243,-0.759253601238671,-1.53139249135053,-1.56081868739673,-1.53432688309958,1.03456347495617,2.0838828385062,-0.048236570436645,-0.0330109162638679,-0.33031962811602,0.447318308487224,0.774351712302486,0.950766487281889,1.1603029827845,0.602075245430805,0,-0.0930309953194633,1.20000300386236,0.554935814565679,0.12058311326144,1.27280760797249,0.238498311019326,-0.569033328961901,-0.0998707974396848,-0.0692112518235939,-0.410266899197836,-1.38433934890509,-0.94661938912733,0.792269691554037,-1.39092377624206,-0.767532904424768,-0.202993708003753,-0.0191459895266863,-0.303642030474405,-1.17332181098952,0.245017378270736,-0.481482215773575,-1.1603681679367,-0.527680489439249,-0.177318504788345
"1142",0,-0.346763866306412,-1.17387929654563,-0.408360630783831,-2.10604397354822,-1.46916265349725,-0.416428649433891,-0.135962069060475,-0.0247411626405223,-0.640995384823577,-1.56742705620183,1.06960504576937,-1.1850649899467,-1.40155863315559,-0.540830462877054,-0.1555961886108,-0.0445734002443183,-0.741918245459386,-0.60969037196874,0.721701932836606,-1.18029468333559,-1.29347794903808,-0.574697546273115,-0.113860786417039,-0.0382639442739243,-0.759253601238671,0.433439716945544,0.642354338380556,-0.422683672213447,-1.13616045194,-0.650039470011399,-0.048236570436645,-0.0330109162638679,-0.33031962811602,1.33132611434538,0.939403447904719,0.278080687139385,0.819919577833732,-0.258062014696678,0,-0.0930309953194633,0.19104829105235,1.47858362970634,0.431157047935746,-1.26160056962335,-0.4492237116693,2.17371730844006,-0.0998707974396848,-0.0692112518235939,0.000804033541276237,0.374925240328461,0.803323473037571,-1.45788194973929,-1.39092377624206,2.47453550505952,2.25623249403729,-0.0191459895266863,-0.303642030474405,-0.97315070217934,-0.444187946496948,0.904845870642121,1.4177762043285,2.91298371712393,1.57294565917274
"1143",0,-0.346763866306412,2.05042341159541,-2.27310815354561,0.551737763681986,1.33315102811434,0.17020566797156,-0.135962069060475,-0.0247411626405223,-0.640995384823577,0.999757862091843,0.821415400724128,0.290358455339444,0.786535690318983,1.43010110539427,-0.1555961886108,-0.0445734002443183,-0.1658625288534,0.927416237171112,-0.158762133768903,-1.01694293969422,-0.34087795460418,2.24270958299419,0.00622127582793556,-0.0382639442739243,1.49244802467431,0.924647769019562,-1.05239414298659,-1.53432688309958,-0.46824539751041,1.53709837680268,-0.048236570436645,-0.0330109162638679,0.906545122192,0.691917424529183,-1.47909877630812,-1.73997671328813,-0.201230637018563,1.46221250555829,0,-0.0930309953194633,1.65545533302323,0.862818419612568,-1.12171262543579,-0.152796991925168,1.09815083938011,0.34521688350542,-0.0998707974396848,-0.0692112518235939,2.01093737164361,1.43048399386859,0.608885377241471,0.786025917054293,-0.547190670781726,-0.767532904424768,-0.202993708003753,-0.0191459895266863,-0.303642030474405,0.828389277112268,0.0152822700148413,-1.2736696937254,-1.1603681679367,-0.527680489439249,-0.177318504788345
"1144",0,-0.346763866306412,-0.314065241041354,0.757106570942284,-0.555671293497266,-0.813775052877421,-0.416428649433891,-0.135962069060475,-0.0247411626405223,-0.640995384823577,0.082906105558388,1.06960504576937,1.13345756693153,0.113275898480654,-0.540830462877054,-0.1555961886108,-0.0445734002443183,-0.741918245459386,-1.45958800324114,0.553366028230951,1.19032746279438,0.390907832426311,-0.456286075706969,-0.113860786417039,-0.0382639442739243,-0.759253601238671,-1.53139249135053,-0.205019902303017,1.00657188464015,0.357855373156245,-0.650039470011399,-0.048236570436645,-0.0330109162638679,-0.639535815693025,-1.2263086449194,0.291469464743071,1.21192629481327,0.139152767932202,-0.680821845758079,0,-0.0930309953194633,-0.481588184154324,-0.830535908145318,1.36287885195866,1.27280760797249,-0.277293205997144,-0.713995112766219,-0.165239453760169,-0.0692112518235939,-0.410266899197836,-0.521704313591199,1.19219966462977,1.16729496510292,0.465289055770677,-0.767532904424768,-0.202993708003753,-0.0191459895266863,-0.294629939994265,-0.172466266938626,0.93422270303842,0.508752131666208,-0.129110419030621,-0.527680489439249,0.0493137018231937
"1145",0,-0.346763866306412,-0.314065241041354,-0.175267190438608,0.994701386553687,0.863247817219333,-0.123111490731166,-0.135962069060475,-0.0247411626405223,0.33995244374252,0.816387510785152,-1.1641017596378,-1.1850649899467,0.954850638278565,0.456773841446393,-0.1555961886108,0.188762392482701,1.56230462096456,0.740677758186997,-1.12999301782559,1.10662972764353,1.24678870278565,0.732171684435103,-0.113860786417039,-0.0382639442739243,-0.759253601238671,0.924647769019562,1.1507788827907,0.212541019721487,1.36852100217096,0.716921684247398,-0.048236570436645,-0.0330109162638679,-0.639535815693025,-1.06645647246535,-1.15717727793518,-0.899119463109996,0.649727875358349,-0.831486854781667,0,-0.0930309953194633,-0.481588184154324,-0.984477210668762,0.0619485258921663,0.79760607467327,-0.793084723013613,-0.797595882078731,-0.0998707974396848,-0.0692112518235939,-0.410266899197836,-1.20841288998173,0.608885377241471,-0.520318765867068,-1.55967039733413,-0.767532904424768,-0.202993708003753,-0.0191459895266863,-0.303642030474405,0.027704841871553,0.474752486526631,-2.26390404116519,-1.1603681679367,-0.527680489439249,-0.177318504788345
"1146",0,-0.346763866306412,-1.17387929654563,-1.1076409518195,-0.777153104933116,-0.634864546128108,-0.416428649433891,-0.135962069060475,-0.0247411626405223,-0.640995384823577,-1.56742705620183,0.821415400724128,1.13345756693153,-0.384304400079183,-0.540830462877054,-0.1555961886108,-0.0445734002443183,-0.741918245459386,-0.9496494244777,1.56338145586488,1.43333321492626,-0.0233446231262145,-0.574697546273115,-0.113860786417039,-0.0382639442739243,-0.759253601238671,-0.22150435248648,1.1507788827907,1.00657188464015,0.19966965691918,-0.650039470011399,-0.048236570436645,-0.0330109162638679,0.28811274703799,1.33132611434538,1.09627321067543,0.950766487281889,1.1603029827845,-0.831486854781667,0,-0.0930309953194633,-0.145269946550987,-0.0608293955280974,0.275870080598593,1.27280760797249,1.27008134505226,-0.797595882078731,-0.0998707974396848,-0.0692112518235939,-0.410266899197836,-1.38433934890509,-0.55774319753513,1.16729496510292,0.331316924027231,-0.362274353239232,-0.202993708003753,-0.0912709356995593,-0.303642030474405,-1.17332181098952,-1.13339327126463,-0.0853884767976621,-0.252444765398236,-0.527680489439249,-0.177318504788345
"1147",0,0.767805440878689,1.19060935609113,0.290919690251838,0.108774140810285,-0.277043532629481,-0.416428649433891,-0.135962069060475,-0.0247411626405223,-0.314012775301545,-0.467204948361685,-0.915912114592555,0.290358455339444,0.449905794399818,-0.540830462877054,-0.1555961886108,-0.0445734002443183,-0.741918245459386,-1.62956752949562,-0.961657113219938,0.616574496719437,0.294188708351751,-0.574697546273115,-0.113860786417039,-0.0382639442739243,-0.759253601238671,-0.385240369844486,0.472879490243842,0.0532713604446611,-1.13616045194,-0.650039470011399,-0.048236570436645,-0.0330109162638679,-0.212872733678864,1.33132611434538,1.09627321067543,-0.394605113003119,-1.56276425682162,-0.831486854781667,0,-0.10664239012861,-0.481588184154324,-0.368712000574986,0.275870080598593,0.95600658577301,0.582359322363638,-0.340470775845071,-0.0998707974396848,-0.0692112518235939,0.0739739549704533,0.374925240328461,-0.55774319753513,-0.895344039415955,1.14027554013895,0.650872024724607,-0.202993708003753,-0.0721480760967669,1.76127335410647,1.82924482116316,0.93422270303842,0.706799001154165,0.386518455422421,-0.281918760399022,-0.177318504788345
"1148",0,-0.346763866306412,0.760702328338993,0.757106570942284,-0.998634916368966,-0.531404654887361,-0.416428649433891,-0.115984222712561,-0.0247411626405223,0.993917662786584,0.999757862091843,-1.1641017596378,0.290358455339444,0.954850638278565,-0.540830462877054,-0.1555961886108,-0.0445734002443183,2.13836033757054,0.0702277330491799,-1.12999301782559,0.12651926579534,1.24678870278565,-0.574697546273115,-0.113860786417039,-0.0382639442739243,1.17077636382959,0.433439716945544,-1.56081868739673,-0.740296018180913,1.36852100217096,0.443529453395639,-0.048236570436645,-0.0330109162638679,-0.639535815693025,0.691917424529183,0.613390963116015,0.782595037246263,1.1603029827845,0.0286504053458163,0,-0.0930309953194633,-0.481588184154324,-0.984477210668762,-1.12171262543579,-1.10320005852361,0.754289828035795,1.48802964908957,-0.0998707974396848,-0.0692112518235939,-0.410266899197836,-1.03248643105838,-1.14105748492343,-0.895344039415955,0.634035676862745,1.46138912709568,-0.202993708003753,-0.0191459895266863,-0.303642030474405,0.42804705949191,0.93422270303842,0.112658392690295,0.214642163938074,-0.281918760399022,-0.177318504788345
"1149",0,-0.346763866306412,0.760702328338993,0.615470421699145,0.994701386553687,1.15424052136502,-0.123111490731166,-0.135962069060475,-0.0247411626405223,2.95581331991878,0.999757862091843,1.06960504576937,0.501133233237465,-0.0550390494789284,-0.294464016843139,-0.1555961886108,-0.0445734002443183,0.122165329449593,0.92012536432158,0.721701932836606,-1.01694293969422,-1.29347794903808,-0.574697546273115,-0.113860786417039,-0.0382639442739243,-0.759253601238671,-0.22150435248648,0.627748200185489,-1.53432688309958,-1.3031392155474,-0.650039470011399,-0.048236570436645,-0.0330109162638679,-0.639535815693025,-0.746752127557253,1.09627321067543,-1.06729091314562,-1.56276425682162,-0.831486854781667,0,-0.0930309953194633,-0.481588184154324,-0.830535908145318,1.36287885195866,-0.152796991925168,-1.48080674570224,-0.797595882078731,-0.0998707974396848,-0.0692112518235939,1.04245566330703,1.25455753494524,1.19219966462977,-1.0828566761904,-1.55967039733413,-0.767532904424768,-0.167130781543711,-0.0339023568911823,-0.303642030474405,1.4289026035428,0.704487594782526,-2.26390404116519,-1.1603681679367,-0.278699351252816,-0.177318504788345
"1150",0,-0.346763866306412,0.115841786710785,-0.874547511474277,-0.984467957668419,-0.955294212526103,-0.416428649433891,-0.135962069060475,-0.0247411626405223,-0.640995384823577,-0.100464245748303,0.821415400724128,-2.23893887943681,-1.40155863315559,-0.540830462877054,-0.1555961886108,-0.0445734002443183,-0.741918245459386,0.241309195976301,1.39504555125922,-1.18029468333559,-1.29347794903808,-0.513088306049742,-0.113860786417039,-0.0382639442739243,-0.759253601238671,0.433439716945544,0.811829186517271,-1.53432688309958,-1.3031392155474,-0.650039470011399,-0.048236570436645,-0.0330109162638679,-0.0211034405390152,1.33132611434538,1.09627321067543,0.950766487281889,0.990111280309114,0.315362825388311,0,-0.0930309953194633,-0.481588184154324,1.01675972213601,0.456220845598078,0.164004030274312,1.27008134505226,1.94515475532323,-0.0998707974396848,-0.0692112518235939,-0.410266899197836,0.902704617098525,0.414447281445371,0.41724441800515,1.14027554013895,1.23878896306097,-0.202993708003753,-0.0191459895266863,-0.303642030474405,0.42804705949191,-0.132383297880185,0.706799001154165,0.214642163938074,-0.527680489439249,-0.177318504788345
"1151",0,0.767805440878689,0.975655842215063,0.990200011287507,0.773219575117836,-0.813775052877421,-0.416428649433891,-0.135962069060475,-0.0247411626405223,0.993917662786584,0.999757862091843,0.325036110633647,1.13345756693153,-0.728298841317257,-0.540830462877054,-0.219032957843111,-0.0445734002443183,0.474144233474483,-0.0997517932053001,-0.624985304008629,1.43333321492626,-0.975944617560112,-0.574697546273115,-0.113860786417039,-0.0382639442739243,-0.759253601238671,-1.53139249135053,0.133929793970413,0.0537348467377536,-1.3031392155474,-0.650039470011399,-0.048236570436645,-0.0330109162638679,-0.639535815693025,-0.906604300011301,0.364357076541447,-0.73094801307437,-1.56276425682162,-0.831486854781667,0,-0.0930309953194633,-0.481588184154324,0.400994512042235,0.741730982610052,-1.10320005852361,-1.48080674570224,-0.797595882078731,-0.0998707974396848,-0.0692112518235939,-0.410266899197836,0.726778158175171,0.803323473037571,0.0422191444562627,-0.884683912965861,-0.767532904424768,-0.202993708003753,-0.0191459895266863,0.574053956546531,1.02856038592245,0.93422270303842,0.904845870642121,1.58965249581285,-0.0361570313587953,-0.177318504788345
"1152",0,-0.346763866306412,0.545748814462924,-0.175267190438608,0.994701386553687,1.51206153486365,0.463522826674285,-0.135962069060475,-0.0247411626405223,-0.640995384823577,0.999757862091843,0.573225755678888,-0.552740656252641,-0.0550390494789284,0.198268875224692,-0.1555961886108,-0.0445734002443183,0.410193187752585,1.09010489057606,0.216694219019643,-1.18029468333559,-1.29347794903808,-0.574697546273115,-0.113860786417039,-0.0382639442739243,0.527433042140173,1.08838378637757,0.811829186517271,-0.899102191164647,-1.3031392155474,-0.650039470011399,-0.048236570436645,-0.0330109162638679,-0.639535815693025,-1.2263086449194,-0.0304520336298728,0.950766487281889,-0.371422339493946,-0.831486854781667,0,-0.0930309953194633,-0.481588184154324,-0.984477210668762,-1.12171262543579,0.95600658577301,0.582359322363638,-0.797595882078731,-0.0998707974396848,-0.0692112518235939,1.04245566330703,1.25455753494524,-0.94661938912733,0.979782328328481,-0.378444049689659,-0.767532904424768,-0.202993708003753,-0.0191459895266863,-0.303642030474405,1.02856038592245,0.93422270303842,-0.0853884767976621,-0.988491876452356,-0.847756234527604,-0.177318504788345
"1153",0,-0.346763866306412,-1.17387929654563,-2.73929503423606,-0.777153104933116,0.514033906169691,-0.416428649433891,-0.135962069060475,-0.0247411626405223,-0.640995384823577,-1.93416775881521,-2.405049984864,0.711908011135486,-0.391668945398093,-0.540830462877054,-0.1555961886108,-0.0445734002443183,-0.771785360396064,-1.29990229287832,0.721701932836606,0.289871009436705,-0.975944617560112,0.270524592507076,-0.113860786417039,-0.0382639442739243,-0.759253601238671,-0.057768335128474,-0.164866235237094,-1.37552071011585,0.533627184133976,1.81049060765444,-0.048236570436645,-0.0330109162638679,0.597328934614995,1.33132611434538,-0.513334281189288,-1.73997671328813,0.649727875358349,0.602075245430805,0,-0.0930309953194633,2.20895771667237,1.47858362970634,1.36287885195866,1.27280760797249,1.27008134505226,-0.797595882078731,-0.0998707974396848,-0.0692112518235939,0.544682152820394,-1.38433934890509,-1.33549558071953,-0.332806129092624,0.971528919046879,-0.767532904424768,-0.202993708003753,-0.0191459895266863,-0.303642030474405,-1.10938839520437,-2.7415390290559,-1.07562282423745,0.902147329875462,-0.527680489439249,-0.177318504788345
"1154",0,-0.346763866306412,-0.958925782669563,-1.1076409518195,0.994701386553687,1.15424052136502,-0.416428649433891,-0.135962069060475,-0.0247411626405223,-0.640995384823577,-0.645860988581126,0.554662172714656,1.13345756693153,0.618220742359401,-0.540830462877054,-0.1555961886108,-0.0445734002443183,0.698221046055578,0.58016631181262,1.56338145586488,1.43333321492626,-0.13405359020651,-0.591199966384117,-0.113860786417039,-0.0382639442739243,0.849104702984884,0.643559647564287,1.1507788827907,1.00657188464015,0.032690893311783,-0.650039470011399,-0.048236570436645,-0.0330109162638679,-0.639535815693025,-0.586899955103205,0.500193801575869,0.950766487281889,-0.371422339493946,-0.831486854781667,0,-0.0930309953194633,-0.481588184154324,-0.984477210668762,0.586444015272899,1.27280760797249,0.582359322363638,-0.797595882078731,-0.0998707974396848,0.0709962155890724,-0.410266899197836,-1.14878735116037,-0.36330510173903,1.16729496510292,1.14027554013895,0.245613473539072,-0.202993708003753,-0.0191459895266863,-0.303642030474405,-1.17332181098952,-0.967987716868251,0.508752131666208,1.07402362135981,0.701128155761885,-0.177318504788345
"1155",0,-0.346763866306412,-0.314065241041354,0.0578262499066152,-2.10604397354822,-0.992685559626734,-0.416428649433891,-0.135962069060475,-0.0247411626405223,-0.640995384823577,0.633017159478461,-0.915912114592555,-2.23893887943681,-1.40155863315559,-0.540830462877054,-0.1555961886108,0.113089973070387,0.698221046055578,1.09010489057606,-0.793321208614283,-1.18029468333559,-1.29347794903808,-0.574697546273115,-0.113860786417039,0.234193461814899,1.81411968551902,0.433439716945544,-1.56081868739673,-1.53432688309958,-1.3031392155474,-0.650039470011399,-0.048236570436645,-0.0330109162638679,1.83419368492302,0.851769596983231,-0.0304520336298728,0.614423587210637,0.139152767932202,-0.480082578081011,0,-0.0930309953194633,1.87263947906903,1.47858362970634,0.897017949947205,0.164004030274312,1.27008134505226,0.34521688350542,-0.0998707974396848,-0.0566242091761328,-0.410266899197836,1.07863107602188,0.220009185649271,0.160368846080345,1.14027554013895,0.174932081896285,-0.202993708003753,-0.0191459895266863,-0.303642030474405,-0.372637375748804,0.474752486526631,0.508752131666208,0.214642163938074,-0.527680489439249,-0.177318504788345
"1156",0,-0.346763866306412,-0.529018754917424,0.290919690251838,-1.04123381770756,-0.992685559626734,-0.416428649433891,-0.135962069060475,-0.064995348517452,-0.640995384823577,0.266276456865079,-1.41229140468304,-2.23893887943681,-1.40155863315559,-0.540830462877054,-0.1555961886108,-0.0445734002443183,-0.1658625288534,0.512347482758458,-0.961657113219938,-1.18029468333559,-1.29347794903808,-0.574697546273115,-0.113860786417039,-0.0382639442739243,0.849104702984884,0.433439716945544,-1.56081868739673,-1.53432688309958,-1.3031392155474,-0.650039470011399,-0.048236570436645,-0.0330109162638679,1.83419368492302,0.372213079621086,-0.31923175025804,0.109909237103759,-0.0915789501801082,-0.831486854781667,0,-0.0930309953194633,1.5363212414657,1.47858362970634,1.36287885195866,0.164004030274312,0.582359322363638,1.03090454285591,-0.0998707974396848,-0.0692112518235939,-0.410266899197836,1.07863107602188,-0.16886700594293,-1.0828566761904,0.29654243467861,0.853501300317375,-0.202993708003753,-0.0191459895266863,-0.303642030474405,-0.572808484558983,0.0152822700148413,0.310705262178251,0.386518455422421,-0.281918760399022,-0.177318504788345
"1157",0,-0.346763866306412,-0.0574681822130025,0.990200011287507,0.994701386553687,0.0807774808691453,-0.416428649433891,-0.135962069060475,-0.0247411626405223,-0.640995384823577,0.44964680817177,0.0768464655884069,0.0795836774414227,0.786535690318983,-0.383661489853993,-0.1555961886108,-0.0445734002443183,-0.741918245459386,0.175745349631298,0.553366028230951,1.10662972764353,-0.0233446231262145,-0.574697546273115,-0.113860786417039,-0.0382639442739243,-0.697617935211616,-0.385240369844486,1.1507788827907,0.688959538672687,-0.993307825070458,-0.650039470011399,-0.048236570436645,-0.0330109162638679,-0.639535815693025,0.0525087347129891,1.09627321067543,-0.73094801307437,-1.56276425682162,-0.831486854781667,0,-0.0930309953194633,-0.481588184154324,1.47858362970634,0.514183215976073,0.95600658577301,-1.48080674570224,-0.797595882078731,-0.121719996538723,-0.0692112518235939,-0.410266899197836,1.25455753494524,-1.33549558071953,0.41724441800515,-0.0409508075055244,-0.767532904424768,-0.202993708003753,-0.0191459895266863,-0.303642030474405,-0.0605653614418301,0.704487594782526,0.904845870642121,0.0427658724537265,-0.527680489439249,-0.177318504788345
"1158",0,-0.346763866306412,-1.17387929654563,-0.874547511474277,0.994701386553687,0.796419507866398,1.93010862018791,10.9926347477701,-0.0247411626405223,-0.640995384823577,-1.12885227931099,0.0768464655884069,1.13345756693153,1.29148053419773,3.40103267366559,10.6071744073687,-0.0445734002443183,-0.741918245459386,-1.62956752949562,-1.12999301782559,-0.391899885542816,0.929255371307683,3.36967243470111,-0.113860786417039,-0.0382639442739243,-0.759253601238671,-1.53139249135053,-1.39134383926002,-0.263877499229713,1.85709518691536,2.35727506935795,-0.048236570436645,-0.0330109162638679,-0.639535815693025,-1.06645647246535,0.935312461488958,0.950766487281889,1.1603029827845,1.17550008551579,0,-0.0930309953194633,-0.481588184154324,-0.676594605621874,0.275870080598593,1.27280760797249,-0.105362700324987,-0.797595882078731,-0.150161631767847,-0.0692112518235939,-0.410266899197836,-1.38433934890509,-0.55774319753513,1.16729496510292,-1.05343053405793,-0.767532904424768,-0.202993708003753,-0.0191459895266863,-0.303642030474405,-1.17332181098952,-0.444187946496948,0.112658392690295,-1.1603681679367,-0.527680489439249,-0.177318504788345
"1159",0,-0.346763866306412,-0.314065241041354,0.757106570942284,-0.112707670625565,-0.535360339914191,-0.416428649433891,-0.135962069060475,-0.0247411626405223,-0.640995384823577,-0.283834597054994,0.325036110633647,-0.131191100456599,0.449905794399818,-0.540830462877054,-0.1555961886108,-0.0445734002443183,-0.741918245459386,-0.43971084571426,0.721701932836606,-0.690239452411488,1.24678870278565,-0.292956833346385,-0.113860786417039,-0.0382639442739243,-0.759253601238671,-1.36765647399252,0.811829186517271,1.00657188464015,1.36852100217096,0.716921684247398,-0.048236570436645,-0.0330109162638679,-0.650466375068321,-1.2263086449194,-1.47909877630812,-0.66193302362742,0.309344470407584,0.8887876654733,0,-0.0930309953194633,-0.481588184154324,-0.984477210668762,-1.12171262543579,-1.26160056962335,-0.4492237116693,1.48802964908957,-0.197275735126972,-0.0692112518235939,-0.410266899197836,0.0230723224817513,-0.94661938912733,-1.0828566761904,-0.209697428597592,1.86664767828122,-0.202993708003753,-0.0191459895266863,-0.303642030474405,-0.167929128207367,0.0152822700148413,0.706799001154165,1.58965249581285,1.43841334288257,-0.177318504788345
"1160",0,-0.346763866306412,-1.17387929654563,-0.641454071129054,-0.777153104933116,-0.992685559626734,-0.416428649433891,-0.0987822062404788,-0.0247411626405223,-0.640995384823577,-0.650575299668376,0.573225755678888,-2.02816410153879,-1.40155863315559,-0.540830462877054,-0.1555961886108,-0.0445734002443183,-0.741918245459386,0.7501458380671,-0.624985304008629,-1.18029468333559,-1.0346747594328,-0.574697546273115,-0.113860786417039,-0.0382639442739243,0.205761381295462,0.760911751661556,-1.56081868739673,-1.53432688309958,-1.3031392155474,-0.650039470011399,-0.048236570436645,-0.0330109162638679,1.52497749734601,0.372213079621086,-1.31813802712165,-0.899119463109996,-1.05218914939548,-0.831486854781667,0,-0.0930309953194633,0.19104829105235,1.47858362970634,0.741730982610052,1.27280760797249,1.27008134505226,0.57377943662225,-0.0998707974396848,-0.0692112518235939,-0.410266899197836,0.0230723224817513,1.19219966462977,0.229731781230706,0.771024265317455,1.86664767828122,0.653497205202397,-0.0191459895266863,-0.303642030474405,-1.17332181098952,-1.13339327126463,0.112658392690295,1.58965249581285,1.68417507192279,0.679654042960634
"1161",0,-0.346763866306412,-0.529018754917424,-0.874547511474277,0.108774140810285,1.15424052136502,4.27664588980972,8.24865023806422,-0.0247411626405223,-0.640995384823577,0.633017159478461,1.06960504576937,1.13345756693153,0.0984044264678667,3.40103267366559,8.65030702628152,-0.0445734002443183,-0.741918245459386,-0.60969037196874,-0.624985304008629,-1.18029468333559,0.135422042612768,3.65141314762784,-0.113860786417039,-0.0382639442739243,-0.759253601238671,-1.53139249135053,-0.0355450541663019,0.688959538672687,1.36852100217096,2.63066730020971,-0.048236570436645,-0.0330109162638679,-0.639535815693025,-1.06645647246535,1.09627321067543,0.950766487281889,0.479536172882967,0.0286504053458163,0,-0.0930309953194633,-0.481588184154324,-0.984477210668762,-0.655851723424326,1.27280760797249,-0.523505072029954,-0.797595882078731,-0.0998707974396848,0.0491279458690888,-0.410266899197836,-1.38433934890509,0.608885377241471,0.604757054779594,-1.26329643395272,-0.767532904424768,-0.202993708003753,-0.0191459895266863,-0.303642030474405,-0.772979593369162,0.704487594782526,-1.2736696937254,-1.1603681679367,-0.527680489439249,-0.177318504788345
"1162",0,0.767805440878689,1.83546989771934,0.524013130597061,-1.66308035067652,-0.992685559626734,-0.416428649433891,-0.135962069060475,0.266556939817351,2.62883071039675,0.816387510785152,0.821415400724128,0.530720968351426,-1.40155863315559,-0.540830462877054,-0.1555961886108,-0.0445734002443183,3.29047177078251,0.0702277330491799,-0.456649399402975,1.43333321492626,-0.817177951821129,-0.574697546273115,-0.113860786417039,-0.0382639442739243,-0.115910279549249,-1.36765647399252,-0.0355450541663019,1.00657188464015,-1.3031392155474,-0.650039470011399,-0.048236570436645,-0.0330109162638679,-0.793732062432094,-1.2263086449194,0.613390963116015,0.446252137175011,-1.56276425682162,-0.831486854781667,0,-0.0930309953194633,-0.481588184154324,-0.52265330309843,1.36287885195866,-0.469598014124647,-1.48080674570224,-0.797595882078731,-0.0998707974396848,-0.0692112518235939,-0.410266899197836,0.902704617098525,1.19219966462977,0.604757054779594,-0.715937291873794,0.0429841979463036,-0.202993708003753,-0.0191459895266863,1.76127335410647,1.82924482116316,0.474752486526631,0.409327469269752,1.58965249581285,3.40450717520438,4.19834190511436
"1163",0,-0.346763866306412,0.760702328338993,0.0578262499066152,0.551737763681986,1.51206153486365,0.756839985377011,-0.135962069060475,-0.0247411626405223,-0.640995384823577,0.816387510785152,-1.1641017596378,-1.39583976784473,-0.728298841317257,-0.0480975708092236,-0.1555961886108,0.0146195274317969,-0.0288980055842865,0.7501458380671,-1.12999301782559,-1.18029468333559,-1.29347794903808,-0.574697546273115,-0.113860786417039,0.0265627293381214,0.205761381295462,0.924647769019562,0.811829186517271,0.688959538672687,-0.286074434336727,-0.650039470011399,-0.048236570436645,-0.0330109162638679,0.597328934614995,-0.107343437741059,-1.15717727793518,-1.40363381321687,0.990111280309114,-0.831486854781667,0,-0.0930309953194633,-0.481588184154324,-0.984477210668762,-1.12171262543579,-1.26160056962335,0.582359322363638,-0.340470775845071,-0.0998707974396848,-0.0692112518235939,-0.410266899197836,0.198998781405106,-1.52993367651563,-1.45788194973929,0.802782297954812,-0.767532904424768,-0.202993708003753,-0.0191459895266863,-0.303642030474405,1.02856038592245,0.93422270303842,-0.0921167536206277,-0.300986710514968,-0.578453101772833,-0.177318504788345
"1164",0,-0.346763866306412,-0.0991117271652847,-0.874547511474277,0.551737763681986,1.51206153486365,1.93010862018791,-0.135962069060475,-0.0247411626405223,0.666935053264552,0.999757862091843,-0.0792783304062363,0.290358455339444,0.113275898480654,0.444635321258607,-0.1555961886108,-0.0445734002443183,0.410193187752585,1.09010489057606,-1.12999301782559,-1.18029468333559,-1.29347794903808,-0.574697546273115,-0.113860786417039,-0.0382639442739243,0.849104702984884,1.08838378637757,-0.205019902303017,-1.21671453713211,-1.3031392155474,-0.650039470011399,-0.048236570436645,-0.0539306280597664,-0.639535815693025,-0.267195610195108,0.774351712302486,0.950766487281889,-0.201230637018563,-0.831486854781667,0,-0.0930309953194633,-0.481588184154324,-0.449633923528139,-1.12171262543579,-0.311197503024907,1.27008134505226,-0.340470775845071,-0.0998707974396848,-0.0692112518235939,-0.410266899197836,0.550851699251816,-0.36330510173903,0.0422191444562627,0.971528919046879,-0.564903628832,-0.202993708003753,-0.0191459895266863,-0.303642030474405,0.42804705949191,0.245017378270736,-0.283435346285619,-0.988491876452356,-0.527680489439249,-0.177318504788345
"1165",0,-0.346763866306412,0.545748814462924,-0.031633496874206,-0.777153104933116,-0.992685559626734,-0.416428649433891,-0.135962069060475,0.00131510914950845,0.0129698342204877,0.999757862091843,0.0768464655884069,1.13345756693153,-1.233243685196,-0.540830462877054,-0.198508851322889,-0.0445734002443183,0.122165329449593,-0.0997517932053001,-1.12999301782559,1.10662972764353,-0.975944617560112,-0.574697546273115,-0.113860786417039,-0.0382639442739243,-0.759253601238671,-1.36765647399252,-1.05239414298659,0.530153365688954,-1.3031392155474,-0.650039470011399,-0.048236570436645,-0.0330109162638679,-0.639535815693025,-1.2263086449194,0.130508715556599,-0.562776563038745,-1.56276425682162,-0.831486854781667,0,-0.0930309953194633,-0.481588184154324,-0.214770698051542,1.05230491728436,-1.10320005852361,-1.48080674570224,-0.797595882078731,-0.0998707974396848,-0.0692112518235939,-0.410266899197836,0.902704617098525,0.794289369885703,0.41724441800515,0.29654243467861,0.0257902606973627,-0.202993708003753,-0.0191459895266863,-0.303642030474405,0.412848541851014,-0.673923054752843,0.112658392690295,1.07402362135981,0.209604697681432,-0.177318504788345
"1166",0,-0.346763866306412,-1.17387929654563,-1.80692127285517,-0.334189482061415,1.86988254836228,3.69001157240427,-0.135962069060475,-0.0247411626405223,-0.640995384823577,-0.833945650975067,1.06960504576937,0.290358455339444,0.449905794399818,3.40103267366559,1.80127119247638,-0.0445734002443183,0.122165329449593,0.92012536432158,1.39504555125922,-0.395207523542564,1.08802203704667,3.93315386055457,4.50252433346203,-0.0382639442739243,-0.43758194039396,0.548642600467774,1.1507788827907,0.0537348467377536,1.20154223856357,3.17745176191323,-0.048236570436645,-0.0330109162638679,-0.639535815693025,-1.2263086449194,-1.47909877630812,-1.5718052632525,1.1603029827845,1.46221250555829,0,-0.0930309953194633,-0.481588184154324,-0.984477210668762,-1.12171262543579,-0.152796991925168,1.09815083938011,-0.111908222728241,-0.0998707974396848,-0.0692112518235939,-0.410266899197836,-1.26888692067081,-1.50703505956367,0.41724441800515,0.465289055770677,-0.767532904424768,-0.202993708003753,-0.0191459895266863,-0.303642030474405,-1.17332181098952,-2.5118039208,0.904845870642121,0.214642163938074,-0.46941743925107,-0.177318504788345
"1167",0,-0.346763866306412,-1.17387929654563,-0.408360630783831,0.108774140810285,-0.992685559626734,-0.416428649433891,-0.135962069060475,-0.0247411626405223,-0.640995384823577,-1.20068635358845,1.06960504576937,-0.763515434150662,-1.233243685196,-0.695595168615652,-0.1555961886108,-0.0445734002443183,-0.741918245459386,0.24020725930366,0.216694219019643,-1.18029468333559,-1.29347794903808,-0.574697546273115,-0.113860786417039,-0.0382639442739243,-0.458534527931127,0.433439716945544,-0.71344444671316,-1.53432688309958,-1.3031392155474,-0.650039470011399,-0.048236570436645,-0.0330109162638679,-0.639535815693025,0.169560451729669,-1.15717727793518,-1.23546236318125,-0.881997446920094,-0.544774434739172,0,-0.0930309953194633,-0.481588184154324,0.708877117089123,0.431157047935746,1.27280760797249,0.754289828035795,2.17371730844006,-0.0998707974396848,-0.0692112518235939,-0.410266899197836,-0.152854136441604,1.19219966462977,-0.520318765867068,-1.55967039733413,1.46138912709568,5.94507179709886,-0.0191459895266863,-0.303642030474405,-1.17332181098952,-0.903658163008738,0.706799001154165,1.58965249581285,2.6672219880837,0.697813577192196
"1168",0,-0.346763866306412,-1.17387929654563,-0.408360630783831,0.994701386553687,0.0807774808691453,-0.416428649433891,-0.135962069060475,-0.0247411626405223,-0.640995384823577,-1.20068635358845,1.06960504576937,1.13345756693153,-0.170314698333649,-0.540830462877054,-0.1555961886108,-0.0445734002443183,-0.741918245459386,0.7501458380671,1.35343547510879,1.43333321492626,-0.658411286082146,-0.574697546273115,-0.128585922946139,-0.0382639442739243,-0.759253601238671,1.08838378637757,1.1507788827907,1.00657188464015,-0.58058748795842,-0.650039470011399,-0.048236570436645,-0.0330109162638679,-0.639535815693025,1.33132611434538,1.09627321067543,0.950766487281889,-0.201230637018563,-0.831486854781667,0,-0.0930309953194633,-0.481588184154324,1.3246423271829,1.36287885195866,1.27280760797249,0.926220333707951,-0.111908222728241,-0.0998707974396848,-0.0692112518235939,-0.410266899197836,0.374925240328461,1.19219966462977,1.16729496510292,1.14027554013895,0.853501300317375,-0.202993708003753,-0.0912709356995593,-0.303642030474405,-0.97315070217934,0.0152822700148413,0.112658392690295,1.4177762043285,1.19265161384234,-0.177318504788345
"1169",0,-0.346763866306412,-1.17387929654563,-1.20703358750717,0.994701386553687,-0.634864546128108,-0.416428649433891,-0.135962069060475,-0.0247411626405223,-0.640995384823577,-1.77921534924571,-0.915912114592555,1.13345756693153,-1.40155863315559,-0.540830462877054,-0.1555961886108,-0.0445734002443183,-0.741918245459386,-1.62956752949562,1.22670964665357,0.616574496719437,-1.29347794903808,-0.574697546273115,-0.113860786417039,-0.0382639442739243,-0.759253601238671,-0.385240369844486,0.981304034653986,-1.37552071011585,-1.3031392155474,-0.650039470011399,-0.048236570436645,-0.0330109162638679,-0.639535815693025,1.17147394189133,0.291469464743071,-0.226433662967493,-1.05218914939548,-0.831486854781667,0,-0.0930309953194633,2.54527595427571,1.47858362970634,0.586444015272899,1.27280760797249,0.0665678053471691,-0.797595882078731,-0.0998707974396848,-0.0692112518235939,5.88486420498992,1.43048399386859,1.19219966462977,1.16729496510292,1.14027554013895,0.44824274913184,-0.202993708003753,-0.0191459895266863,0.728815661816031,-1.17332181098952,-0.903658163008738,0.904845870642121,-0.300986710514968,-0.527680489439249,-0.567405954645207
"1170",0,-0.346763866306412,-0.743972268793493,-0.874547511474277,0.551737763681986,-0.634864546128108,-0.416428649433891,-0.135962069060475,-0.0247411626405223,-0.640995384823577,-0.283834597054994,1.06960504576937,-0.131191100456599,-1.233243685196,-0.68961123570595,-0.1555961886108,-0.0445734002443183,-0.453890387156393,1.09010489057606,0.385030123625297,-1.01694293969422,-1.29347794903808,-0.574697546273115,-0.113860786417039,-0.0382639442739243,-0.115910279549249,1.08838378637757,1.1507788827907,0.688959538672687,-0.802202924725205,-0.919253104312612,-0.048236570436645,-0.0330109162638679,-0.639535815693025,1.17147394189133,0.130508715556599,-0.562776563038745,0.819919577833732,-0.831486854781667,0,-0.0930309953194633,-0.481588184154324,1.17070102465946,-0.0858088470926607,-1.26160056962335,0.754289828035795,0.116654330388589,-0.0938110615816663,-0.0692112518235939,-0.410266899197836,-0.152854136441604,0.0255710898531705,-0.895344039415955,0.971528919046879,0.0429841979463036,-0.202993708003753,-0.0191459895266863,-0.303642030474405,-1.17332181098952,-0.673923054752843,0.904845870642121,0.902147329875462,-0.527680489439249,-0.177318504788345
"1171",0,7.45522128398929,2.26537692547148,0.290919690251838,-2.10604397354822,-0.992685559626734,-0.416428649433891,-0.135962069060475,-0.0247411626405223,1.97486549135268,0.633017159478461,0.0768464655884069,0.711908011135486,-1.40155863315559,-0.540830462877054,-0.1555961886108,-0.0445734002443183,-0.453890387156393,-1.28960847698666,-0.456649399402975,1.43333321492626,-1.29347794903808,-0.574697546273115,-0.113860786417039,-0.0382639442739243,-0.759253601238671,-1.53139249135053,-0.467300553840158,1.00657188464015,-0.635224161117807,-0.650039470011399,-0.048236570436645,-0.0330109162638679,-0.639535815693025,-1.2263086449194,-0.67429503037576,0.950766487281889,-1.22238085187086,-0.831486854781667,0,-0.0930309953194633,-0.481588184154324,-0.984477210668762,0.586444015272899,1.11440709687275,-1.48080674570224,-0.797595882078731,-0.0998707974396848,-0.0692112518235939,0.430905814205763,0.550851699251816,1.19219966462977,1.16729496510292,0.634035676862745,1.46138912709568,-0.202993708003753,-0.0191459895266863,3.82618873868734,2.02941592997334,0.93422270303842,0.112658392690295,0.902147329875462,1.68417507192279,0.656057537628303
"1172",0,0.767805440878689,0.545748814462924,0.0578262499066152,0.108774140810285,0.0807774808691453,-0.416428649433891,-0.135962069060475,-0.0247411626405223,2.30184810087471,0.999757862091843,-0.171343179456834,-0.552740656252641,0.281590846440236,-0.294464016843139,-0.1555961886108,0.113688856564934,0.986248904358571,0.7501458380671,-1.12999301782559,-1.18029468333559,-1.29347794903808,-0.574697546273115,-0.113860786417039,-0.0382639442739243,-0.43758194039396,0.433439716945544,-0.0643288726979648,-0.263877499229713,-1.3031392155474,-0.650039470011399,-0.048236570436645,-0.0330109162638679,-0.639535815693025,-1.2263086449194,-0.352373532002817,0.782595037246263,-0.711805744444711,-0.831486854781667,0,-0.0930309953194633,-0.481588184154324,-1.60858809053783,-1.12171262543579,-0.627998525224387,0.926220333707951,-0.797595882078731,-0.0998707974396848,-0.0692112518235939,-0.410266899197836,-1.38433934890509,-1.91880986810783,0.229731781230706,0.29654243467861,-0.767532904424768,-0.423330007307251,-0.0191459895266863,-0.303642030474405,1.22873149473262,0.93422270303842,0.112658392690295,-0.472863001999315,-0.527680489439249,-0.177318504788345
"1173",0,-0.346763866306412,0.760702328338993,0.524013130597061,0.754908922796442,1.33315102811434,0.17020566797156,-0.135962069060475,-0.0247411626405223,1.97486549135268,0.999757862091843,1.06960504576937,0.711908011135486,0.113275898480654,-0.294464016843139,-0.1555961886108,-0.0445734002443183,3.57849962908551,1.09010489057606,1.22670964665357,-0.526887708770123,-1.29347794903808,-0.574697546273115,-0.113860786417039,-0.0382639442739243,0.527433042140173,0.433439716945544,0.642354338380556,1.00657188464015,-0.33279085193342,-0.650039470011399,-0.048236570436645,-0.0330109162638679,-0.522177405072242,-1.42461098325469,-1.47909877630812,-0.394605113003119,0.990111280309114,-0.831486854781667,0,-0.0930309953194633,-0.268093083223808,-0.984477210668762,-1.12171262543579,-0.469598014124647,1.27008134505226,-0.111908222728241,-0.0998707974396848,-0.0692112518235939,0.0739739549704533,0.550851699251816,0.0255710898531705,0.979782328328481,0.29654243467861,-0.767532904424768,-0.202993708003753,-0.0191459895266863,-0.303642030474405,0.628218168302089,0.93422270303842,0.310705262178251,-0.50192656985886,-0.527680489439249,-0.177318504788345
"1174",0,-0.346763866306412,-0.958925782669563,0.290919690251838,0.994701386553687,1.86988254836228,2.22342577889064,-0.135962069060475,-0.0247411626405223,-0.640995384823577,0.44964680817177,0.573225755678888,0.290358455339444,0.618220742359401,2.16920044349601,-0.1555961886108,-0.0445734002443183,1.85033247926755,1.09010489057606,-0.28831349479732,-1.18029468333559,-1.29347794903808,-0.574697546273115,-0.113860786417039,-0.0382639442739243,1.14845422018417,1.08838378637757,-0.543969598576446,-1.21671453713211,-1.3031392155474,-0.650039470011399,-0.048236570436645,0.0430849119121561,0.28811274703799,1.17147394189133,1.09627321067543,0.782595037246263,-1.05218914939548,-0.831486854781667,0,-0.0930309953194633,-0.481588184154324,-0.52265330309843,0.586444015272899,0.910504832410483,0.238498311019326,-0.797595882078731,-0.0998707974396848,-0.0692112518235939,-0.410266899197836,-0.680633513211668,1.19219966462977,1.16729496510292,-0.378444049689659,-0.724040953366431,-0.202993708003753,-0.0912709356995593,-0.303642030474405,-1.17332181098952,0.534831534092558,0.706799001154165,-0.816615584968009,-0.527680489439249,-0.177318504788345
"1175",0,-0.346763866306412,-1.17387929654563,-2.73929503423606,-0.555671293497266,0.796419507866398,-0.416428649433891,-0.135962069060475,-0.0247411626405223,-0.791022963218912,-1.93416775881521,-1.66048104972828,1.13345756693153,1.12316558623815,-0.540830462877054,-0.1555961886108,-0.0445734002443183,-0.741918245459386,-1.11962895073218,0.916441178343384,1.43333321492626,0.611722039829717,-0.574697546273115,-0.113860786417039,-0.0382639442739243,0.205761381295462,0.924647769019562,1.1507788827907,1.04470160718528,0.366648420526578,-0.650039470011399,-0.048236570436645,-0.0330109162638679,0.597328934614995,-0.586899955103205,-0.191412782816345,0.950766487281889,-0.201230637018563,-0.831486854781667,0,-0.0930309953194633,-0.481588184154324,-0.984477210668762,-0.655851723424326,1.19811744355774,0.0665678053471691,-0.797595882078731,-0.0998707974396848,-0.0692112518235939,-0.410266899197836,-1.38433934890509,-1.33549558071953,0.979782328328481,0.246439258853272,-0.767532904424768,-0.202993708003753,-0.0191459895266863,-0.379012894729964,-1.17332181098952,-2.7415390290559,-0.877575954749489,1.24589991284416,-0.0361570313587953,-0.177318504788345
"1176",0,-0.346763866306412,-0.0122496215519103,0.290919690251838,0.994701386553687,1.51206153486365,-0.123111490731166,-0.135962069060475,-0.0247411626405223,0.993917662786584,0.816387510785152,-1.90867069477352,-2.02816410153879,0.618220742359401,0.372057617215494,-0.1555961886108,-0.0445734002443183,-0.453890387156393,1.09010489057606,0.553366028230951,1.2699814712849,0.294188708351751,-0.0112161204196545,-0.113860786417039,-0.0382639442739243,-0.759253601238671,0.105967682229532,0.642354338380556,-1.05790836414838,-1.3031392155474,-0.650039470011399,-0.048236570436645,-0.0330109162638679,-0.639535815693025,0.212360907167038,0.935312461488958,-1.5718052632525,-1.56276425682162,-0.831486854781667,0,-0.226804962887293,-0.677932268069458,1.02664212884058,0.586444015272899,0.322404541374051,-1.48080674570224,-0.797595882078731,-0.0998707974396848,-0.0692112518235939,-0.410266899197836,-0.0830503061436242,-1.33549558071953,0.604757054779594,-0.547190670781726,-0.767532904424768,-0.202993708003753,-0.0191459895266863,-0.303642030474405,-0.172466266938626,0.0152822700148413,0.508752131666208,0.386518455422421,-0.527680489439249,-0.177318504788345
"1177",0,-0.346763866306412,-0.958925782669563,-0.175267190438608,-0.112707670625565,-0.813775052877421,-0.416428649433891,-0.135962069060475,-0.0247411626405223,-0.640995384823577,-0.283834597054994,1.06960504576937,0.922682789033507,-0.89661378927684,-0.540830462877054,-0.1555961886108,-0.0445734002443183,0.130857243383882,0.92012536432158,-0.119977590191666,-1.18029468333559,-1.29347794903808,-0.574697546273115,-0.113860786417039,-0.0382639442739243,0.849104702984884,0.760911751661556,-1.56081868739673,-1.53432688309958,-1.3031392155474,-0.650039470011399,-0.048236570436645,-0.0330109162638679,1.52497749734601,0.532065252075134,-1.47909877630812,-1.5718052632525,-1.22238085187086,-0.831486854781667,0,-0.0930309953194633,0.863684766259023,1.17070102465946,-0.34527778875002,1.11440709687275,1.27008134505226,0.80234198973908,-0.0998707974396848,-0.0692112518235939,0.0739739549704533,0.726778158175171,1.19219966462977,0.252628655650557,0.465289055770677,2.27190622946675,-0.202993708003753,-0.0191459895266863,-0.305500070688842,-0.772979593369162,-0.214452838241053,0.904845870642121,1.24589991284416,1.14759798121603,-0.177318504788345
"1178",0,-0.346763866306412,1.83546989771934,0.990200011287507,0.994701386553687,0.438598494367772,-0.416428649433891,-0.135962069060475,-0.0247411626405223,-0.00564145792431645,-0.833945650975067,-1.66048104972828,-0.552740656252641,1.29148053419773,0.198268875224692,-0.1555961886108,-0.0445734002443183,-0.741918245459386,-1.62956752949562,-1.12999301782559,0.615593353016559,1.24678870278565,-0.0112161204196545,-0.113860786417039,-0.0909846830221019,-0.759253601238671,-1.53139249135053,-0.374494750439731,1.00657188464015,0.867584711348771,-0.650039470011399,-0.127688142002309,-0.0330109162638679,-0.639535815693025,-1.2263086449194,-0.709546147179722,0.278080687139385,0.897256871423841,1.17550008551579,0,-0.0930309953194633,-0.481588184154324,-0.984477210668762,-1.12171262543579,-1.26160056962335,-0.105362700324987,2.40227986155689,4.95470122853544,-0.0692112518235939,-0.410266899197836,0.374925240328461,-1.14105748492343,-1.0828566761904,0.730548555134113,2.47453550505952,1.02661939301677,2.46988683472687,-0.303642030474405,1.22873149473262,0.93422270303842,0.904845870642121,1.58965249581285,1.68417507192279,0.808998730282583
"1179",0,0.767805440878689,0.975655842215063,0.990200011287507,0.771726340198023,1.51206153486365,-0.416428649433891,-0.135962069060475,0.266556939817351,2.62883071039675,0.999757862091843,-0.419532824502074,-0.974290212048683,-0.728298841317257,-0.540830462877054,-0.1555961886108,-0.0445734002443183,1.27427676266156,0.86978798809422,-0.624985304008629,-0.596474241529835,-1.29347794903808,-0.574697546273115,-0.113860786417039,-0.0382639442739243,1.23106364577668,1.08838378637757,1.1507788827907,0.212541019721487,-1.13616045194,-0.650039470011399,-0.048236570436645,-0.0330109162638679,0.906545122192,0.532065252075134,-0.835255779562232,0.446252137175011,-0.711805744444711,-0.831486854781667,0,-0.0930309953194633,-0.481588184154324,-1.07327887942689,-1.12171262543579,0.164004030274312,-0.105362700324987,-0.797595882078731,-0.0998707974396848,-0.0692112518235939,-0.410266899197836,-0.601595730541865,-1.33549558071953,0.979782328328481,-0.884683912965861,-0.767532904424768,-0.202993708003753,-0.0912709356995593,0.470178518869889,1.62907371235298,0.474752486526631,-0.283435346285619,-1.1603681679367,-0.527680489439249,-0.177318504788345
"1180",0,0.767805440878689,0.760702328338993,0.990200011287507,0.330255952246136,-0.634864546128108,-0.416428649433891,-0.143246317849023,-0.0247411626405223,1.64788288183065,0.44964680817177,-1.1641017596378,-0.552740656252641,0.618220742359401,-0.540830462877054,-0.1555961886108,-0.0445734002443183,2.13836033757054,0.24020725930366,-1.12999301782559,-0.526887708770123,1.24678870278565,-0.574697546273115,-0.113860786417039,-0.0382639442739243,-0.115910279549249,1.08838378637757,1.1507788827907,1.00657188464015,0.700605947741373,-0.650039470011399,-0.048236570436645,-0.0330109162638679,-0.639535815693025,1.01162176943728,0.935312461488958,0.950766487281889,0.819919577833732,-0.544774434739172,0,-0.0930309953194633,-0.481588184154324,1.3246423271829,-0.189990821412867,-1.26160056962335,0.0665678053471691,1.25946709597274,-0.0998707974396848,-0.0692112518235939,-0.410266899197836,0.902704617098525,0.414447281445371,-0.332806129092624,0.465289055770677,1.05613057591014,-0.202993708003753,-0.0912709356995593,-0.303642030474405,0.027704841871553,0.245017378270736,0.112658392690295,0.730271038391115,0.455366426721658,-0.177318504788345
"1181",0,-0.346763866306412,1.62051638384327,-0.408360630783831,-1.44159853924067,0.796419507866398,-0.416428649433891,-0.135962069060475,-0.0247411626405223,0.666935053264552,1.41062345928909,-0.419532824502074,-0.552740656252641,0.954850638278565,-0.540830462877054,-0.1555961886108,-0.0445734002443183,-0.741918245459386,0.7501458380671,-0.119977590191666,0.587609923760186,-0.142845132634846,-0.574697546273115,-0.113860786417039,-0.0382639442739243,-0.759253601238671,-0.876448421918504,1.1507788827907,0.688959538672687,-1.3031392155474,-0.650039470011399,-0.048236570436645,-0.0330109162638679,-1.3338934403258,-0.906604300011301,1.09627321067543,-0.394605113003119,-1.56276425682162,-0.819270276110034,0,-0.0930309953194633,-0.481588184154324,0.247053209518791,1.36287885195866,0.63920556357353,-1.48080674570224,-0.797595882078731,-0.0998707974396848,-0.0692112518235939,-0.410266899197836,0.726778158175171,1.19219966462977,0.0422191444562627,-1.55967039733413,-0.767532904424768,-0.202993708003753,-0.0191459895266863,-0.303642030474405,0.828389277112268,0.245017378270736,-1.86781030218927,-1.1603681679367,-0.527680489439249,-0.177318504788345
"1182",0,-0.346763866306412,-0.208564618089886,-0.175267190438608,0.994701386553687,1.33315102811434,1.34347430278246,-0.135962069060475,-0.0247411626405223,-0.640995384823577,-1.01731600228176,-0.915912114592555,-0.552740656252641,0.954850638278565,3.15466622763167,-0.1555961886108,-0.0445734002443183,-0.741918245459386,-1.62956752949562,-1.12999301782559,-1.18029468333559,0.611722039829717,3.65141314762784,-0.113860786417039,-0.0382639442739243,-0.759253601238671,-1.20392045663452,-0.205019902303017,0.37134719270522,1.36852100217096,2.35727506935795,-0.048236570436645,-0.0330109162638679,-0.639535815693025,0.0525087347129891,1.09627321067543,0.950766487281889,1.1603029827845,0.315362825388311,0,-0.0930309953194633,-0.481588184154324,-0.984477210668762,0.12058311326144,1.27280760797249,-0.4492237116693,-0.797595882078731,-0.0998707974396848,-0.0692112518235939,-0.410266899197836,-0.328780595364958,0.608885377241471,0.979782328328481,-1.55967039733413,-0.767532904424768,-0.202993708003753,-0.0191459895266863,-0.303642030474405,0.027704841871553,0.474752486526631,-1.2736696937254,-1.1603681679367,-0.623308414344815,-0.177318504788345
"1183",0,-0.346763866306412,0.975655842215063,0.990200011287507,0.994701386553687,1.69097204161296,1.05015714407974,-0.135962069060475,-0.0247411626405223,-0.640995384823577,-1.01731600228176,-0.843101025809367,-0.763515434150662,1.31599105159223,1.9228339974621,-0.1555961886108,-0.0445734002443183,-0.741918245459386,-1.62956752949562,-1.12999301782559,-1.01694293969422,1.24678870278565,1.397487444214,-0.113860786417039,-0.0382639442739243,-0.759253601238671,-0.548976387202492,0.472879490243842,0.891414867569349,1.36852100217096,0.17013722254388,-0.048236570436645,-0.0330109162638679,-0.639535815693025,-0.107343437741059,0.774351712302486,0.950766487281889,0.649727875358349,1.17550008551579,0,-0.0930309953194633,-0.481588184154324,-0.984477210668762,0.897017949947205,0.480805052473791,-1.48080674570224,-0.797595882078731,-0.280585672692211,-0.0692112518235939,-0.410266899197836,-0.328780595364958,0.464448999075052,-1.45788194973929,-1.55967039733413,-0.767532904424768,-0.154324289476518,-0.0191459895266863,-0.303642030474405,1.4289026035428,-0.214452838241053,-2.26390404116519,-1.1603681679367,-0.527680489439249,-0.177318504788345
"1184",0,-0.346763866306412,-1.17387929654563,-1.34073439216472,0.773219575117836,0.796419507866398,-0.123111490731166,-0.289463539548963,-0.0247411626405223,-0.640995384823577,-1.75079740750852,-0.171343179456834,1.13345756693153,1.29148053419773,0.691001767292522,-0.1555961886108,-0.111531751188364,-0.741918245459386,-0.26973131945978,1.37605168324725,1.43333321492626,1.24678870278565,1.11574673128727,-0.113860786417039,-0.0382639442739243,1.81411968551902,0.572049355291082,1.1507788827907,1.00657188464015,1.36852100217096,0.990313915099158,-0.048236570436645,-0.0330109162638679,-0.639535815693025,-0.746752127557253,-0.352373532002817,0.436252517858981,1.1603029827845,0.315362825388311,0,-0.0930309953194633,-0.481588184154324,-0.984477210668762,-0.500564756087173,1.27280760797249,1.27008134505226,0.116654330388589,-0.0998707974396848,-0.0692112518235939,-0.410266899197836,-1.38433934890509,-0.75218129333123,1.16729496510292,1.14027554013895,0.650872024724607,-0.202993708003753,-0.0191459895266863,-0.365349546082287,-1.17332181098952,-1.82259859603232,0.508752131666208,1.24589991284416,0.946889884802112,0.345967617152615
"1185",0,-0.346763866306412,-0.314065241041354,0.0578262499066152,0.773219575117836,-0.455954039378794,-0.416428649433891,-0.135962069060475,-0.0247411626405223,0.33995244374252,0.999757862091843,0.573225755678888,0.711908011135486,0.786535690318983,-0.540830462877054,-0.1555961886108,-0.0445734002443183,0.698221046055578,1.09010489057606,-0.961657113219938,-0.853591196052854,1.08802203704667,0.834006018360537,-0.113860786417039,-0.0382639442739243,1.81411968551902,1.08838378637757,-1.56081868739673,-1.53432688309958,0.19966965691918,2.35727506935795,-0.048236570436645,-0.0330109162638679,0.906545122192,1.33132611434538,-1.47909877630812,-1.73997671328813,-0.201230637018563,2.60906218572827,0,-0.0930309953194633,-0.481588184154324,1.3246423271829,-0.811138690761479,-1.26160056962335,0.410428816691482,2.17371730844006,-0.0998707974396848,-0.0692112518235939,-0.410266899197836,0.374925240328461,0.414447281445371,0.41724441800515,1.14027554013895,1.05613057591014,-0.202993708003753,-0.0191459895266863,-0.303642030474405,-0.372637375748804,0.93422270303842,0.904845870642121,0.386518455422421,-0.527680489439249,-0.177318504788345
"1186",0,0.0184910545715235,0.975655842215063,0.990200011287507,0.994701386553687,1.69097204161296,0.451899895060668,-0.135962069060475,-0.0247411626405223,-0.0873974988544106,0.816387510785152,-0.419532824502074,0.290358455339444,1.12316558623815,-0.540830462877054,-0.1555961886108,-0.0445734002443183,-0.741918245459386,-1.62956752949562,-0.961657113219938,1.2699814712849,-0.0233446231262145,-0.574697546273115,-0.113860786417039,-0.0382639442739243,-0.759253601238671,-1.16579149037609,1.1507788827907,1.00657188464015,1.36852100217096,2.90405953106147,-0.048236570436645,-0.0330109162638679,-1.01220732488838,-0.267195610195108,1.09627321067543,-0.0208119825638201,-0.881997446920094,-0.258062014696678,0,-0.0930309953194633,-0.481588184154324,-0.368712000574986,1.36287885195866,-0.627998525224387,-1.48080674570224,-0.797595882078731,-0.0998707974396848,-0.0692112518235939,-0.410266899197836,0.198998781405106,1.19219966462977,-1.64539458651373,-1.55967039733413,-0.767532904424768,-0.410263375970501,-0.0191459895266863,-0.303642030474405,1.4289026035428,0.245017378270736,-2.03993421018473,-1.1603681679367,-0.527680489439249,-0.177318504788345
"1187",0,0.767805440878689,0.975655842215063,0.990200011287507,0.994701386553687,1.33315102811434,-0.416428649433891,-0.135962069060475,-0.0247411626405223,1.32090027230862,0.816387510785152,-1.41229140468304,-0.34196587835462,1.29148053419773,0.198268875224692,-0.1555961886108,-0.0445734002443183,0.122165329449593,-0.77966989822322,-1.12999301782559,0.12651926579534,1.24678870278565,0.270524592507076,-0.113860786417039,-0.0382639442739243,-0.759253601238671,-1.36765647399252,0.133929793970413,1.00657188464015,1.03456347495617,0.17013722254388,-0.048236570436645,-0.0330109162638679,-0.639535815693025,-0.267195610195108,1.2313424767305,0.950766487281889,-0.0310389345431809,1.46221250555829,0,-0.0930309953194633,-0.788178873703472,-0.984477210668762,1.20759188462151,0.164004030274312,-1.48080674570224,-0.797595882078731,-0.0998707974396848,-0.0692112518235939,-0.410266899197836,-0.328780595364958,0.997761568833671,-1.64539458651373,-1.55967039733413,-0.767532904424768,-0.202993708003753,-0.0191459895266863,-0.303642030474405,1.62907371235298,-1.59286348777642,-2.26390404116519,-1.1603681679367,-0.527680489439249,-0.177318504788345
"1188",0,-0.346763866306412,-0.314065241041354,0.524013130597061,-0.112707670625565,-0.634864546128108,-0.416428649433891,-0.135962069060475,-0.0247411626405223,-0.640995384823577,-0.467204948361685,-0.171343179456834,-1.1850649899467,1.29148053419773,-0.540830462877054,-0.1555961886108,-0.0445734002443183,-0.741918245459386,-0.26973131945978,1.05837374204791,0.272904339343459,1.08802203704667,1.11574673128727,-0.113860786417039,-0.0382639442739243,-0.759253601238671,-1.04018443927651,1.1507788827907,1.00657188464015,0.700605947741373,-0.376647239159639,-0.048236570436645,-0.0330109162638679,-0.639535815693025,0.532065252075134,0.774351712302486,0.278080687139385,-0.525005166616057,-0.831486854781667,0,0.285395017321932,0.581826353892396,0.708877117089123,-0.966425658098632,1.11440709687275,-0.96501522868577,-1.01238211650283,-0.0998707974396848,-0.0692112518235939,2.4951782258119,0.550851699251816,-1.14105748492343,-0.0664142828771749,-0.302589027613371,-0.767532904424768,-0.202993708003753,-0.0191459895266863,0.728815661816031,0.42804705949191,0.474752486526631,0.904845870642121,0.386518455422421,-0.38269577012007,-0.177318504788345
"1189",0,-0.346763866306412,-1.17387929654563,-2.31980619198519,-1.22011672780482,0.617509001117085,-0.416428649433891,-0.135962069060475,-0.0247411626405223,-0.640995384823577,-1.93416775881521,-1.1641017596378,0.922682789033507,-0.728298841317257,-0.540830462877054,-0.1555961886108,-0.0445734002443183,-0.741918245459386,-1.11962895073218,1.22670964665357,-0.0368324778460259,-1.29347794903808,-0.574697546273115,-0.113860786417039,-0.0382639442739243,-0.759253601238671,-0.057768335128474,-0.0355450541663019,-1.53432688309958,0.867584711348771,0.17013722254388,-0.048236570436645,-0.0330109162638679,-0.0211034405390152,1.33132611434538,-1.15717727793518,-1.40363381321687,1.1603029827845,-0.831486854781667,0,-0.0930309953194633,2.20895771667237,1.47858362970634,0.397854570266884,1.27280760797249,1.27008134505226,0.57377943662225,-0.0998707974396848,-0.0692112518235939,0.558214809138742,-0.680633513211668,-1.14105748492343,0.41724441800515,-0.209697428597592,-0.767532904424768,-0.202993708003753,-0.0191459895266863,-0.303642030474405,-1.17332181098952,-2.7415390290559,-0.481482215773575,0.730271038391115,-0.527680489439249,-0.177318504788345
"1190",0,-0.346763866306412,-0.0991117271652847,0.524013130597061,0.108774140810285,-0.634864546128108,-0.726489807696617,-0.135962069060475,-0.0247411626405223,-0.314012775301545,0.999757862091843,-0.171343179456834,-1.1850649899467,0.449905794399818,-0.540830462877054,-0.1555961886108,-0.0445734002443183,0.865829514985559,0.7501458380671,-1.12999301782559,-1.18029468333559,0.135422042612768,0.552265305433806,-0.113860786417039,-0.0382639442739243,1.81411968551902,0.105967682229532,-1.56081868739673,-1.53432688309958,-0.46824539751041,1.53709837680268,0.069877364779292,-0.0330109162638679,1.83419368492302,0.0525087347129891,-1.36232992427648,-1.73997671328813,-0.201230637018563,1.46221250555829,0,-0.0930309953194633,0.863684766259023,0.708877117089123,-0.660030391151356,-1.26160056962335,0.238498311019326,0.34521688350542,-0.0998707974396848,-0.0692112518235939,0.558214809138742,1.43048399386859,0.220009185649271,0.41724441800515,0.802782297954812,-0.767532904424768,-0.202993708003753,-0.0191459895266863,-0.303642030474405,-0.172466266938626,0.474752486526631,0.508752131666208,-0.644739293483662,-0.527680489439249,-0.177318504788345
"1191",0,-0.346763866306412,0.760702328338993,0.990200011287507,0.108774140810285,-0.277043532629481,-0.416428649433891,-0.135962069060475,-0.0247411626405223,0.33995244374252,0.999757862091843,1.06960504576937,1.13345756693153,1.29148053419773,0.198268875224692,-0.1555961886108,-0.0445734002443183,0.698221046055578,0.808578444433813,-0.961657113219938,-1.01694293969422,1.33063181551413,1.67922815714073,-0.113860786417039,-0.0382639442739243,-0.43758194039396,0.760911751661556,0.133929793970413,0.403823911669563,1.36852100217096,0.990313915099158,-0.048236570436645,-0.0330109162638679,-0.639535815693025,-0.267195610195108,1.09627321067543,0.950766487281889,-0.201230637018563,-0.831486854781667,0,-0.0930309953194633,-0.145269946550987,1.17070102465946,1.36287885195866,0.63920556357353,-1.48080674570224,-0.811443202572465,-0.0998707974396848,-0.0692112518235939,1.52669651747532,1.43048399386859,0.0255710898531705,1.16729496510292,-0.884683912965861,-0.767532904424768,-0.202993708003753,-0.0191459895266863,0.728815661816031,1.02856038592245,0.93422270303842,0.310705262178251,-0.897460902946981,-0.527680489439249,-0.177318504788345
"1192",0,-0.346763866306412,-1.17387929654563,-0.641454071129054,-0.334189482061415,-0.992685559626734,-0.416428649433891,-0.135962069060475,-0.0247411626405223,-0.640995384823577,-0.833945650975067,1.06960504576937,-0.763515434150662,-1.40155863315559,-0.540830462877054,-0.1555961886108,-0.0445734002443183,-0.741918245459386,0.92012536432158,0.0483583144139882,-1.18029468333559,-1.29347794903808,-0.574697546273115,-0.113860786417039,-0.0382639442739243,0.205761381295462,1.08838378637757,-1.2218689911233,-1.53432688309958,-1.3031392155474,-0.650039470011399,-0.048236570436645,-0.0330109162638679,0.906545122192,1.33132611434538,1.09627321067543,0.950766487281889,-0.371422339493946,-0.831486854781667,0,-0.0930309953194633,0.19104829105235,1.47858362970634,0.741730982610052,0.322404541374051,1.27008134505226,0.116654330388589,-0.0998707974396848,-0.0692112518235939,-0.410266899197836,0.497739845566382,0.997761568833671,-0.145293492318181,0.802782297954812,0.739847765727145,-0.202993708003753,-0.0191459895266863,-0.303642030474405,-1.17332181098952,-1.13339327126463,0.508752131666208,1.58965249581285,0.209604697681432,-0.177318504788345
"1193",0,-0.346763866306412,1.19060935609113,0.757106570942284,-2.10604397354822,-0.992685559626734,-0.416428649433891,-0.135962069060475,-0.0247411626405223,-0.314012775301545,0.562403957544162,1.06960504576937,-2.02816410153879,-1.40155863315559,-0.239046594563158,-0.1555961886108,-0.0445734002443183,0.986248904358571,1.09010489057606,1.05837374204791,-0.200184221487392,-0.0233446231262145,-0.0112161204196545,-0.113860786417039,-0.0382639442739243,2.45746300720844,1.08838378637757,1.1507788827907,1.00657188464015,1.36852100217096,1.53709837680268,-0.048236570436645,-0.0330109162638679,-0.33031962811602,-0.427047782649156,0.130508715556599,0.950766487281889,0.990111280309114,-0.831486854781667,0,-0.0930309953194633,-0.481588184154324,-0.984477210668762,0.12058311326144,0.591788823866044,-0.96501522868577,-0.797595882078731,-0.0998707974396848,-0.0692112518235939,-0.410266899197836,-1.03248643105838,1.19219966462977,-0.145293492318181,-1.55967039733413,-0.767532904424768,-0.202993708003753,-0.0191459895266863,-0.303642030474405,0.828389277112268,0.93422270303842,-1.66976343270132,-1.1603681679367,-0.527680489439249,-0.177318504788345
"1194",0,-0.346763866306412,-0.958925782669563,-0.175267190438608,0.108774140810285,1.15424052136502,2.51674293759336,-0.135962069060475,-0.0247411626405223,-0.640995384823577,-1.38405670489514,-0.419532824502074,-0.552740656252641,1.29148053419773,1.9228339974621,-0.0464434848221138,-0.0445734002443183,-0.741918245459386,-1.62956752949562,-1.12999301782559,-0.690239452411488,1.24678870278565,0.270524592507076,-0.113860786417039,-0.0382639442739243,-0.759253601238671,-1.04018443927651,0.133929793970413,0.847765711656421,1.03456347495617,-0.10325500830788,-0.048236570436645,-0.0330109162638679,-0.639535815693025,1.01162176943728,1.38909763300412,0.950766487281889,1.1603029827845,0.8887876654733,0,-0.0930309953194633,-0.481588184154324,-0.830535908145318,1.05230491728436,0.164004030274312,-1.48080674570224,-0.797595882078731,-0.0998707974396848,-0.0692112518235939,-0.410266899197836,-0.856559972135023,1.19219966462977,-1.27036931296484,-2.06247702216053,-0.767532904424768,-0.202993708003753,-0.0191459895266863,-0.303642030474405,0.027704841871553,0.0152822700148413,-2.26390404116519,-1.1603681679367,-0.527680489439249,-0.177318504788345
"1195",0,-0.346763866306412,-0.743972268793493,-0.408360630783831,0.994701386553687,1.33315102811434,0.17020566797156,-0.135962069060475,-0.0247411626405223,-0.640995384823577,0.44964680817177,-0.716160337564562,-1.39583976784473,0.786535690318983,1.67646755142818,-0.1555961886108,-0.0445734002443183,-0.453890387156393,1.09010489057606,-0.961657113219938,-1.18029468333559,0.611722039829717,2.80619100884765,-0.113860786417039,-0.0382639442739243,-0.759253601238671,0.59717573430355,0.734554962800129,0.688959538672687,1.10727338101926,1.81049060765444,-0.048236570436645,-0.0330109162638679,-0.639535815693025,-1.2263086449194,-0.858092491002182,-1.5718052632525,0.309344470407584,1.46221250555829,0,-0.0930309953194633,-0.481588184154324,-0.984477210668762,-1.12171262543579,-1.26160056962335,1.09815083938011,0.116654330388589,-0.0998707974396848,-0.15082737245201,-0.406536508501266,-1.38433934890509,-1.91880986810783,-1.0828566761904,1.14027554013895,-0.159645077646464,-0.202993708003753,-0.0191459895266863,-0.303642030474405,-0.572808484558983,0.245017378270736,0.706799001154165,-0.129110419030621,-0.527680489439249,-0.177318504788345
"1196",0,-0.346763866306412,2.05042341159541,-2.27310815354561,-0.791367111147384,-0.992685559626734,-0.416428649433891,-0.135962069060475,-0.0247411626405223,0.993917662786584,0.999757862091843,0.821415400724128,0.0795836774414227,-0.559983893357675,-0.540830462877054,-0.1555961886108,-0.0445734002443183,1.27427676266156,1.09010489057606,1.39504555125922,0.779926240360802,0.7704887055687,-0.38360447740613,-0.113860786417039,-0.0382639442739243,-0.43758194039396,0.924647769019562,-0.374494750439731,-1.53432688309958,-1.3031392155474,-0.650039470011399,-0.048236570436645,-0.0539306280597664,-0.639535815693025,-0.427047782649156,1.09627321067543,-0.899119463109996,-1.56276425682162,-0.831486854781667,0,-0.0930309953194633,-0.481588184154324,-0.984477210668762,0.431157047935746,0.95600658577301,-1.48080674570224,-0.797595882078731,-0.0998707974396848,-0.0692112518235939,-0.410266899197836,-1.20841288998173,0.414447281445371,0.979782328328481,-1.55967039733413,-0.767532904424768,-0.202993708003753,-0.0191459895266863,-0.303642030474405,1.02856038592245,-1.07186832990625,-1.07562282423745,-1.1603681679367,-0.527680489439249,-0.177318504788345
"1197",0,-0.346763866306412,-0.0991117271652847,0.290919690251838,0.773219575117836,0.0807774808691453,-0.416428649433891,-0.135962069060475,-0.0247411626405223,-0.314012775301545,1.0063102292914,0.821415400724128,-0.131191100456599,0.449905794399818,-0.540830462877054,-0.217914309384994,-0.0445734002443183,1.27427676266156,1.09010489057606,-0.961657113219938,-1.18029468333559,-1.29347794903808,-0.574697546273115,-0.113860786417039,-0.0382639442739243,2.45746300720844,1.08838378637757,1.1507788827907,0.37134719270522,-0.969181688332602,-0.650039470011399,-0.048236570436645,-0.0330109162638679,0.28811274703799,0.0525087347129891,-0.835255779562232,-0.226433662967493,0.139152767932202,-0.831486854781667,0,-0.0930309953194633,-0.481588184154324,-0.984477210668762,-1.12171262543579,-0.469598014124647,0.926220333707951,-0.797595882078731,-0.0148374195856048,-0.0692112518235939,-0.410266899197836,-0.680633513211668,-1.14105748492343,0.426041718867351,0.782917574718138,-0.767532904424768,-0.202993708003753,-0.0191459895266863,-0.303642030474405,1.02856038592245,0.93422270303842,0.904845870642121,-0.111370850605143,-0.527680489439249,-0.102210302082834
"1198",0,-0.346763866306412,-0.529018754917424,0.0578262499066152,0.994701386553687,1.69097204161296,0.756839985377011,-0.135962069060475,-0.0247411626405223,-0.640995384823577,0.633017159478461,1.06960504576937,0.711908011135486,1.63199105942407,0.937368213326437,-0.1555961886108,-0.0445734002443183,-0.453890387156393,0.24020725930366,-0.624985304008629,0.943277984002168,0.7704887055687,-0.292956833346385,-0.113860786417039,-0.0382639442739243,-0.759253601238671,-1.36765647399252,0.811829186517271,0.37134719270522,-1.13616045194,-0.919592897911989,-0.048236570436645,-0.0330109162638679,-0.639535815693025,-0.746752127557253,1.09627321067543,0.614423587210637,-1.05218914939548,-0.831486854781667,0,-0.0930309953194633,-0.481588184154324,-0.830535908145318,-0.189990821412867,1.27280760797249,0.926220333707951,-1.05173472813572,-0.0998707974396848,-0.0692112518235939,-0.410266899197836,1.07863107602188,0.608885377241471,0.792269691554037,0.971528919046879,-0.767532904424768,-0.202993708003753,-0.0912709356995593,-0.303642030474405,-0.372637375748804,0.93422270303842,0.706799001154165,-0.300986710514968,-0.527680489439249,-0.177318504788345
"1199",0,-0.346763866306412,0.330795300586854,0.757106570942284,0.108774140810285,-0.0981330258801679,-0.416428649433891,-0.135962069060475,-0.0247411626405223,-0.640995384823577,0.946020723024257,-0.81909938742674,-0.974290212048683,1.29148053419773,-0.0480975708092236,-0.1555961886108,-0.0445734002443183,0.122165329449593,1.09010489057606,-0.624985304008629,0.453222753078071,1.24678870278565,1.11574673128727,0.0848694883765322,-0.0382639442739243,-0.759253601238671,0.760911751661556,1.1507788827907,1.00657188464015,0.533627184133976,-0.10325500830788,-0.048236570436645,-0.0330109162638679,-0.639535815693025,-1.06645647246535,0.774351712302486,0.950766487281889,-0.446394493210324,-1.01943062969621,0,-0.0930309953194633,-0.481588184154324,-0.676594605621874,1.05230491728436,1.11440709687275,0.582359322363638,-0.797595882078731,-0.0998707974396848,-0.0692112518235939,-0.410266899197836,0.726778158175171,-0.36330510173903,-0.332806129092624,1.14027554013895,-0.767532904424768,-0.202993708003753,-0.0191459895266863,-0.303642030474405,0.628218168302089,0.93422270303842,0.508752131666208,0.558394746906768,-0.527680489439249,-0.177318504788345
"1200",0,-0.346763866306412,-0.529018754917424,0.0578262499066152,0.330255952246136,-0.184458730111595,-0.416428649433891,-0.135962069060475,-0.0247411626405223,-0.640995384823577,0.266276456865079,0.573225755678888,-0.763515434150662,0.618220742359401,-0.540830462877054,-0.1555961886108,-0.0152492710856271,-0.315016283949275,1.09010489057606,-0.961657113219938,-1.18029468333559,0.929255371307683,-0.301398974099422,-0.0680697833583178,-0.0382639442739243,-0.759253601238671,0.760911751661556,-1.56081868739673,-1.53432688309958,1.20154223856357,-0.650039470011399,-0.048236570436645,-0.0330109162638679,-0.639535815693025,-1.06645647246535,-1.47909877630812,-1.06729091314562,0.479536172882967,-0.831486854781667,0,-0.0930309953194633,-0.481588184154324,-0.984477210668762,-1.12171262543579,0.95600658577301,-0.105362700324987,-0.797595882078731,-0.0998707974396848,-0.0692112518235939,-0.410266899197836,-1.03248643105838,0.803323473037571,1.16729496510292,0.465289055770677,2.06927695387398,2.25623249403729,-0.0191459895266863,-0.303642030474405,0.227875950681732,0.93422270303842,0.112658392690295,0.902147329875462,2.42146025904347,2.44807774115328
"1201",0,-0.346763866306412,-1.17387929654563,0.290919690251838,-0.998634916368966,-0.992685559626734,-0.416428649433891,-0.135962069060475,-0.0247411626405223,0.993917662786584,0.633017159478461,1.06960504576937,1.13345756693153,0.0244053542567564,-0.540830462877054,-0.1555961886108,-0.0445734002443183,2.71441605417653,0.0702277330491799,-1.12999301782559,-0.200184221487392,1.24678870278565,-0.574697546273115,-0.113860786417039,-0.0382639442739243,-0.115910279549249,0.760911751661556,0.472879490243842,-0.740296018180913,1.36852100217096,0.17013722254388,-0.048236570436645,-0.0330109162638679,-0.639535815693025,-1.2263086449194,0.291469464743071,0.950766487281889,0.309344470407584,-0.831486854781667,0,-0.0930309953194633,-0.481588184154324,-0.676594605621874,1.20759188462151,0.164004030274312,1.27008134505226,0.34521688350542,-0.0998707974396848,-0.0692112518235939,-0.177939037118982,0.374925240328461,0.803323473037571,-1.0828566761904,1.06910505126266,1.66401840268845,-0.202993708003753,-0.0191459895266863,-0.303642030474405,-0.97315070217934,-0.673923054752843,0.508752131666208,1.58965249581285,2.17569853000325,-0.177318504788345
"1202",0,-0.346763866306412,0.975655842215063,0.990200011287507,-0.555671293497266,-0.992685559626734,-0.416428649433891,-0.135962069060475,-0.0247411626405223,0.0129698342204877,0.999757862091843,1.06960504576937,1.15889543934122,-1.06492873723642,-0.540830462877054,-0.1555961886108,-0.0445734002443183,-0.241105242979006,-0.438973478225869,-0.961657113219938,1.2699814712849,-0.0233446231262145,-0.574697546273115,-0.113860786417039,-0.0382639442739243,-0.759253601238671,-1.53139249135053,-1.56081868739673,0.688959538672687,0.19966965691918,-0.650039470011399,-0.049335153206293,-0.0330109162638679,-0.627576361589739,-1.2263086449194,-1.31813802712165,0.950766487281889,0.139152767932202,0.0420127550452489,0,-0.0930309953194633,-0.481588184154324,-0.984477210668762,0.275870080598593,0.62331947338464,1.27008134505226,0.80234198973908,-0.0998707974396848,-0.0692112518235939,-0.410266899197836,0.0230723224817513,1.19219966462977,0.979782328328481,0.465289055770677,2.27190622946675,2.83342966823715,-0.0191459895266863,-0.303642030474405,1.4289026035428,0.704487594782526,-2.06585717167723,-1.1603681679367,0.701128155761885,5.0734739870949
"1203",0,-0.346763866306412,-0.529018754917424,-0.641454071129054,0.551737763681986,0.438598494367772,-0.416428649433891,-0.135962069060475,-0.0247411626405223,-0.640995384823577,0.44964680817177,1.06960504576937,0.711908011135486,1.29148053419773,-0.540830462877054,-0.1555961886108,-0.0445734002443183,-0.741918245459386,0.0702277330491799,-1.12999301782559,0.779926240360802,0.294188708351751,-0.574697546273115,-0.113860786417039,-0.0382639442739243,-0.759253601238671,-0.796390188826304,-0.374494750439731,1.00657188464015,0.032690893311783,-0.650039470011399,-0.048236570436645,-0.0330109162638679,-0.639535815693025,-1.2263086449194,-0.996216528748704,0.446252137175011,0.990111280309114,-0.544774434739172,0,-0.0930309953194633,-0.481588184154324,-1.25103650388458,-0.966425658098632,-1.10320005852361,0.754289828035795,0.116654330388589,-0.0998707974396848,-0.0692112518235939,-0.565458385169911,-0.856559972135023,0.608885377241471,0.229731781230706,0.300096237376048,-0.564903628832,-0.17354334218666,-0.0191459895266863,-0.303642030474405,-0.572808484558983,0.93422270303842,-0.283435346285619,-0.988491876452356,-0.527680489439249,-0.177318504788345
"1204",0,-0.346763866306412,-1.3198391029645,-1.1076409518195,-0.112707670625565,-0.992685559626734,-0.416428649433891,-0.135962069060475,-0.0247411626405223,-0.640995384823577,-1.93416775881521,1.06960504576937,-0.131191100456599,-1.40155863315559,-0.540830462877054,-0.1555961886108,-0.0445734002443183,-0.967545541742076,-0.9496494244777,1.56338145586488,-1.18029468333559,-1.29347794903808,-0.574697546273115,-0.113860786417039,-0.0382639442739243,-0.759253601238671,-0.876448421918504,0.472879490243842,-1.53432688309958,-1.3031392155474,-0.650039470011399,-0.048236570436645,-0.0330109162638679,-0.639535815693025,0.0525087347129891,0.452430213929543,0.278080687139385,0.309344470407584,0.00346459118928765,0,-0.0930309953194633,-0.481588184154324,0.247053209518791,1.36287885195866,0.63920556357353,-0.105362700324987,1.94515475532323,-0.0998707974396848,-0.0692112518235939,-0.410266899197836,-0.856559972135023,1.19219966462977,-0.895344039415955,-0.209697428597592,2.27190622946675,2.25623249403729,-0.0191459895266863,-0.320546156216634,-1.17332181098952,-0.673923054752843,0.904845870642121,1.24589991284416,0.701128155761885,-0.177318504788345
"1205",0,-0.346763866306412,1.4055628699672,0.990200011287507,0.773219575117836,-0.0981330258801679,-0.416428649433891,-0.135962069060475,-0.0247411626405223,0.33995244374252,0.816387510785152,-0.915912114592555,-0.199635826153391,-0.268356175059908,-0.540830462877054,-0.1555961886108,-0.0445734002443183,0.764766188929392,0.58016631181262,0.216694219019643,0.12651926579534,-0.975944617560112,-0.574697546273115,-0.113860786417039,-0.0382639442739243,0.527433042140173,0.924647769019562,0.472879490243842,0.847765711656421,-0.000605888697350028,0.17013722254388,-0.048236570436645,-0.0330109162638679,-0.639535815693025,-1.2263086449194,-1.47909877630812,-1.5718052632525,0.819919577833732,1.46221250555829,0,-0.0930309953194633,-0.481588184154324,-0.830535908145318,-1.12171262543579,-1.69515003623753,0.410428816691482,1.48802964908957,-0.0998707974396848,-0.0692112518235939,0.558214809138742,1.43048399386859,-0.16886700594293,-0.145293492318181,0.971528919046879,-0.159645077646464,-0.202993708003753,-0.0191459895266863,-0.303642030474405,0.42804705949191,-0.214452838241053,0.310705262178251,-0.236163469141682,-0.527680489439249,-0.177318504788345
"1206",0,-0.227519348160086,-1.17387929654563,0.290919690251838,-0.112707670625565,-0.992685559626734,-0.416428649433891,-0.135962069060475,-0.0247411626405223,-0.640995384823577,-0.833945650975067,1.06960504576937,-0.974290212048683,-1.40155863315559,-0.750127961758252,-0.1555961886108,-0.111531751188364,-0.741918245459386,0.92012536432158,1.05837374204791,-1.18029468333559,-0.499644620343163,-0.292956833346385,-0.113860786417039,-0.0382639442739243,1.17077636382959,1.08838378637757,-0.543969598576446,-0.899102191164647,1.36852100217096,1.81049060765444,-0.048236570436645,-0.0330109162638679,2.76184224765403,1.33132611434538,-0.67429503037576,-0.152557573182356,1.1603029827845,-0.258062014696678,0,-0.0930309953194633,-0.145269946550987,0.708877117089123,1.36287885195866,1.27280760797249,0.0665678053471691,-0.797595882078731,-0.0998707974396848,-0.0692112518235939,-0.410266899197836,-1.38433934890509,0.220009185649271,1.08366831775864,-1.22217715515,-0.767532904424768,-0.202993708003753,-0.0191459895266863,-0.303642030474405,-1.14417938361377,0.0152822700148413,0.310705262178251,-1.1603681679367,-0.527680489439249,-0.177318504788345
"1207",0,-0.346763866306412,-0.529018754917424,0.0578262499066152,0.994701386553687,0.796419507866398,-0.416428649433891,-0.135962069060475,-0.0247411626405223,0.33995244374252,0.633017159478461,-1.06915716735566,-2.23893887943681,0.618220742359401,-0.540830462877054,-0.1555961886108,-0.0445734002443183,1.85033247926755,-0.26973131945978,-0.961657113219938,-0.467375296430127,1.24678870278565,0.552265305433806,-0.113860786417039,0.0648763477579032,0.849104702984884,0.924647769019562,0.981304034653986,0.847765711656421,1.03456347495617,0.558814288637273,-0.048236570436645,-0.0330109162638679,-0.639535815693025,-1.2263086449194,-1.47909877630812,0.782595037246263,-1.05218914939548,-0.831486854781667,0,-0.0930309953194633,-0.481588184154324,-0.984477210668762,0.12058311326144,0.322404541374051,-1.48080674570224,-0.797595882078731,-0.0998707974396848,-0.0692112518235939,-0.410266899197836,-1.38433934890509,0.220009185649271,-0.707831402641512,-1.55967039733413,-0.767532904424768,-0.324600811293777,-0.0191459895266863,-0.303642030474405,-0.572808484558983,0.704487594782526,-1.86781030218927,-1.1050835096239,-0.527680489439249,-0.177318504788345
"1208",0,-0.346763866306412,-1.17387929654563,-2.04001471320039,1.14283114136061,1.86988254836228,1.05015714407974,-0.135962069060475,-0.0247411626405223,-0.640995384823577,-1.38405670489514,-1.30993158786856,-0.763515434150662,0.786535690318983,2.66193333556384,-0.1555961886108,-0.0445734002443183,-0.453890387156393,0.58016631181262,-0.119977590191666,1.10662972764353,1.24678870278565,2.52445029592092,-0.113860786417039,-0.0382639442739243,-0.43758194039396,1.08838378637757,0.811829186517271,0.0537348467377536,0.533627184133976,2.0838828385062,-0.048236570436645,-0.0330109162638679,-0.639535815693025,-1.2263086449194,-1.47909877630812,-1.73997671328813,0.819919577833732,0.8887876654733,0,-0.0930309953194633,-0.481588184154324,-0.984477210668762,-1.12171262543579,-0.944799547423866,1.09815083938011,-0.340470775845071,-0.0998707974396848,-0.0692112518235939,-0.410266899197836,-1.38433934890509,-1.91880986810783,0.0422191444562627,-0.209697428597592,-0.767532904424768,-0.202993708003753,-0.0191459895266863,-0.303642030474405,-1.17332181098952,-1.82259859603232,0.310705262178251,-0.24447265942267,-0.527680489439249,-0.177318504788345
"1209",0,-0.346763866306412,-0.314065241041354,0.524013130597061,0.479016867222874,0.0329891211806952,-0.416428649433891,-0.135962069060475,-0.064995348517452,-0.640995384823577,0.633017159478461,0.0768464655884069,0.922682789033507,0.582380926263911,-0.17814420891718,-0.1555961886108,-0.0445734002443183,-0.741918245459386,0.7501458380671,0.553366028230951,0.499069396924706,0.135422042612768,-0.292956833346385,-0.113860786417039,-0.0382639442739243,-0.759253601238671,-0.876448421918504,1.1507788827907,0.212541019721487,-1.3031392155474,-0.520233296519256,-0.048236570436645,-0.0539306280597664,-0.639535815693025,0.212360907167038,1.09627321067543,0.278080687139385,-1.56276425682162,-0.831486854781667,0,-0.0930309953194633,-0.481588184154324,0.862818419612568,0.741730982610052,1.27280760797249,-1.37403512461028,-0.797595882078731,-0.0998707974396848,-0.0692112518235939,0.0739739549704533,1.25455753494524,0.803323473037571,1.16729496510292,-1.39092377624206,-0.767532904424768,-0.202993708003753,-0.0191459895266863,-0.303642030474405,0.227875950681732,0.306057595025997,-0.679529085261532,-1.1603681679367,-0.527680489439249,-0.177318504788345
"1210",0,-0.346763866306412,0.330795300586854,0.757106570942284,0.994701386553687,0.510358184213719,0.463522826674285,-0.135962069060475,-0.064995348517452,-0.640995384823577,0.816387510785152,-0.915912114592555,-0.974290212048683,-0.728298841317257,-0.0222327882180912,-0.1555961886108,-0.0445734002443183,-0.741918245459386,1.09010489057606,-0.28831349479732,-0.526887708770123,-0.975944617560112,-0.574697546273115,-0.113860786417039,-0.0382639442739243,0.205761381295462,1.08838378637757,0.811829186517271,1.00657188464015,-0.657701884190438,-0.685913859691657,-0.048236570436645,-0.0330109162638679,1.52497749734601,0.665929927457066,0.613390963116015,1.04667442238003,0.272826128620551,-0.831486854781667,0,-0.0930309953194633,-0.481588184154324,-0.368712000574986,-1.12171262543579,-0.311197503024907,1.27008134505226,-0.569033328961901,-0.0998707974396848,-0.0692112518235939,-0.410266899197836,0.0230723224817513,-0.36330510173903,0.41724441800515,0.802782297954812,-0.767532904424768,-0.202993708003753,-0.0191459895266863,-0.303642030474405,0.227875950681732,0.245017378270736,-0.0853884767976621,-0.472863001999315,-0.527680489439249,-0.177318504788345
"1211",0,-0.346763866306412,0.115841786710785,0.757106570942284,0.994701386553687,1.33315102811434,-0.123111490731166,-0.135962069060475,-0.0247411626405223,-0.640995384823577,0.266276456865079,0.0768464655884069,0.711908011135486,1.29148053419773,-0.294464016843139,-0.1555961886108,-0.0445734002443183,-0.741918245459386,-1.62956752949562,-1.12999301782559,0.943277984002168,0.929255371307683,-0.574697546273115,-0.113860786417039,-0.0382639442739243,-0.759253601238671,-0.876448421918504,-0.882919294849875,1.00657188464015,0.867584711348771,-0.10325500830788,-0.048236570436645,-0.0330109162638679,1.83419368492302,1.33132611434538,1.09627321067543,0.950766487281889,1.1603029827845,2.03563734564328,0,-0.0930309953194633,1.20000300386236,0.247053209518791,1.20759188462151,0.95600658577301,-0.793084723013613,-0.569033328961901,-0.0998707974396848,-0.0692112518235939,-0.410266899197836,-0.856559972135023,1.19219966462977,-0.332806129092624,-1.55967039733413,-0.767532904424768,-0.202993708003753,-0.0191459895266863,-0.303642030474405,0.227875950681732,0.93422270303842,-2.26390404116519,-1.1603681679367,-0.527680489439249,-0.177318504788345
"1212",0,-0.346763866306412,-1.17387929654563,-2.73929503423606,0.533521990769575,1.69097204161296,-0.123111490731166,-0.135962069060475,-0.0247411626405223,-0.640995384823577,-1.93132908928213,-2.90142927495448,0.711908011135486,1.29148053419773,-0.0480975708092236,-0.1555961886108,-0.0445734002443183,-0.741918245459386,-1.45958800324114,0.89003783744226,1.43333321492626,1.11132675290626,-0.0112161204196545,-0.113860786417039,-0.0382639442739243,-0.43758194039396,0.59717573430355,1.1507788827907,0.37134719270522,1.36852100217096,-0.650039470011399,-0.048236570436645,-0.0330109162638679,0.597328934614995,0.851769596983231,-1.15717727793518,-0.394605113003119,0.649727875358349,-0.831486854781667,0,-0.0930309953194633,-0.481588184154324,-0.984477210668762,-1.12171262543579,0.164004030274312,0.754289828035795,-0.797595882078731,-0.0998707974396848,-0.0692112518235939,-0.410266899197836,-1.38433934890509,-1.91880986810783,0.229731781230706,1.14027554013895,-0.767532904424768,-0.202993708003753,-0.0191459895266863,-0.341847500880138,-0.9027629129978,-2.7415390290559,-1.47171656321336,1.58965249581285,0.455366426721658,-0.177318504788345
"1213",0,0.767805440878689,1.62051638384327,0.990200011287507,0.994701386553687,0.0807774808691453,-0.416428649433891,-0.135962069060475,-0.0247411626405223,2.62883071039675,0.999757862091843,-0.171343179456834,0.0795836774414227,0.786535690318983,-0.540830462877054,-0.1555961886108,-0.0445734002443183,0.698221046055578,0.41018678555814,-1.12999301782559,-0.526887708770123,1.24678870278565,-0.0112161204196545,-0.113860786417039,-0.0382639442739243,-0.759253601238671,-1.53139249135053,-1.56081868739673,-0.58148984519718,0.794554287202053,-0.376647239159639,-0.048236570436645,-0.0330109162638679,-0.639535815693025,-1.2263086449194,-1.47909877630812,-0.226433662967493,0.819919577833732,-0.831486854781667,0,-0.0930309953194633,-0.481588184154324,-0.984477210668762,-0.500564756087173,1.27280760797249,-0.621154217341457,-0.797595882078731,-0.0998707974396848,-0.0692112518235939,-0.410266899197836,-0.328780595364958,1.19219966462977,0.979782328328481,-0.0409508075055244,0.853501300317375,3.48584559505782,-0.0191459895266863,-0.303642030474405,1.22873149473262,1.41092629003438,0.904845870642121,1.24589991284416,2.6672219880837,5.0734739870949
"1214",0,1.88237474806379,0.975655842215063,0.757106570942284,0.551737763681986,0.493462509413923,0.17020566797156,-0.135962069060475,-0.0247411626405223,0.666935053264552,0.082906105558388,-1.90867069477352,-1.1850649899467,0.954850638278565,1.43010110539427,-0.1555961886108,-0.0445734002443183,-0.741918245459386,-1.62956752949562,-1.12999301782559,0.12651926579534,1.24678870278565,0.270524592507076,-0.113860786417039,-0.0382639442739243,-0.759253601238671,-1.53139249135053,-0.543969598576446,0.688959538672687,0.171792311930774,-0.650039470011399,-0.166864636400317,-0.0330109162638679,-0.639535815693025,-1.2263086449194,-0.191412782816345,0.950766487281889,-0.371422339493946,-0.831486854781667,0,-0.0930309953194633,-0.481588184154324,-0.984477210668762,-1.12171262543579,-0.152796991925168,1.27008134505226,-0.569033328961901,-0.218159545560669,-0.0692112518235939,0.546992180405245,-0.680633513211668,-1.14105748492343,-0.520318765867068,0.971528919046879,-0.564903628832,-0.202993708003753,-0.0191459895266863,2.7937310463969,1.18967516380701,0.474752486526631,0.112658392690295,-0.129110419030621,-0.527680489439249,-0.177318504788345
"1215",0,-0.346763866306412,-0.73908591825262,-0.874547511474277,0.330255952246136,1.33315102811434,0.17020566797156,-0.135962069060475,-0.0247411626405223,0.666935053264552,0.999757862091843,-0.915912114592555,-2.02816410153879,0.618220742359401,0.444635321258607,-0.1555961886108,-0.0445734002443183,1.27427676266156,0.58016631181262,-0.624985304008629,0.453222753078071,0.7704887055687,-0.574697546273115,-0.325915288047628,-0.0382639442739243,0.205761381295462,0.924647769019562,0.981304034653986,0.688959538672687,1.20154223856357,0.0567902724343705,-0.048236570436645,-0.0330109162638679,-0.639535815693025,0.851769596983231,0.130508715556599,-1.73997671328813,0.139152767932202,0.8887876654733,0,-0.0930309953194633,-0.319424610101235,0.429472597756972,-0.34527778875002,-1.26160056962335,0.0665678053471691,1.03090454285591,-0.0998707974396848,-0.0692112518235939,-0.410266899197836,-0.152854136441604,-0.695760168282163,-1.0828566761904,0.802782297954812,-0.362274353239232,-0.202993708003753,-0.0912709356995593,-0.303642030474405,-0.97315070217934,0.245017378270736,0.112658392690295,-0.472863001999315,-0.527680489439249,-0.177318504788345
"1216",0,-0.346763866306412,1.62051638384327,0.990200011287507,-0.334189482061415,-0.992685559626734,-0.416428649433891,-0.135962069060475,-0.0247411626405223,0.33995244374252,0.999757862091843,-0.171343179456834,1.13345756693153,-0.559983893357675,-0.540830462877054,-0.1555961886108,-0.0445734002443183,-0.741918245459386,0.92012536432158,0.357858672558604,1.2699814712849,0.7704887055687,-0.574697546273115,-0.113860786417039,-0.0382639442739243,-0.944263352023896,-0.712712404560498,0.472879490243842,0.212541019721487,1.36852100217096,-0.10325500830788,-0.048236570436645,-0.0539306280597664,-0.639535815693025,-1.2263086449194,-1.47909877630812,-1.73997671328813,0.819919577833732,2.03563734564328,0,-0.0930309953194633,-0.481588184154324,-0.984477210668762,-1.1534919382338,-1.26160056962335,-0.621154217341457,2.85940496779055,-0.0998707974396848,-0.425700462580797,-0.410266899197836,-0.152854136441604,-0.36330510173903,0.229731781230706,0.634035676862745,2.47453550505952,2.25623249403729,-0.0191459895266863,-0.126065336643114,1.82924482116316,0.93422270303842,0.904845870642121,1.58965249581285,2.17569853000325,-0.177318504788345
"1217",0,0.767805440878689,1.83546989771934,0.990200011287507,0.994701386553687,1.86988254836228,1.05015714407974,-0.135962069060475,-0.0247411626405223,0.666935053264552,0.999757862091843,-1.1641017596378,-1.39583976784473,0.160599945630946,0.198268875224692,-0.1555961886108,-0.0445734002443183,1.27427676266156,1.09010489057606,-0.28831349479732,-1.01694293969422,-1.43619113293011,-0.574697546273115,-0.113860786417039,-0.0382639442739243,1.81411968551902,1.08838378637757,1.1507788827907,0.847765711656421,-1.13616045194,-0.650039470011399,-0.048236570436645,-0.0330109162638679,-0.639535815693025,-0.906604300011301,0.0300768616342886,0.409575051003555,-0.371422339493946,-0.831486854781667,0,-0.0930309953194633,-0.481588184154324,-0.984477210668762,-1.12171262543579,0.322404541374051,0.433881165698966,-0.797595882078731,-0.0998707974396848,-0.0692112518235939,2.4951782258119,0.198998781405106,-1.72437177231173,0.604757054779594,0.802782297954812,-0.767532904424768,-0.202993708003753,-0.0191459895266863,0.728815661816031,1.62907371235298,1.05382697479374,0.706799001154165,-0.644739293483662,-0.527680489439249,-0.177318504788345
"1218",0,-0.346763866306412,0.330795300586854,-0.408360630783831,0.330255952246136,-0.0981330258801679,-0.51765492371063,-0.135962069060475,-0.0247411626405223,1.32090027230862,0.999757862091843,-0.619221577961737,1.13345756693153,0.618220742359401,-0.540830462877054,-0.1555961886108,-0.0445734002443183,0.986248904358571,0.92012536432158,-0.119977590191666,1.43333321492626,1.05510809093486,-0.292956833346385,-0.113860786417039,-0.0382639442739243,-0.43758194039396,0.59717573430355,1.1507788827907,0.37134719270522,1.36852100217096,-0.10325500830788,-0.048236570436645,-0.0330109162638679,-0.639535815693025,-1.2263086449194,-1.47909877630812,-1.73997671328813,0.649727875358349,0.315362825388311,0,-0.0930309953194633,-0.481588184154324,-0.984477210668762,-1.12171262543579,-1.26160056962335,0.410428816691482,0.80234198973908,-0.0998707974396848,-0.0692112518235939,-0.410266899197836,0.550851699251816,-0.75218129333123,-1.0828566761904,0.878987301735605,0.853501300317375,-0.202993708003753,-0.0191459895266863,-0.303642030474405,0.628218168302089,0.93422270303842,0.687200194147776,0.902147329875462,0.209604697681432,-0.177318504788345
"1219",0,1.88237474806379,0.975655842215063,0.290919690251838,-0.334189482061415,-0.813775052877421,-0.416428649433891,-0.135962069060475,0.299712168650831,2.95581331991878,0.266276456865079,-0.896055903564643,0.312750783433684,0.113275898480654,-0.540830462877054,-0.1555961886108,-0.0445734002443183,-0.741918245459386,-1.62956752949562,-1.12999301782559,0.779926240360802,0.135422042612768,-0.574697546273115,-0.113860786417039,-0.0382639442739243,-0.759253601238671,-1.13905644271421,0.303404642107127,1.00657188464015,-0.301266633903012,-0.650039470011399,-0.048236570436645,-0.0330109162638679,-0.639535815693025,-0.282195713763122,1.09627321067543,0.950766487281889,1.1603029827845,0.315362825388311,0,-0.0930309953194633,-0.481588184154324,-0.984477210668762,-1.12171262543579,-1.26160056962335,0.754289828035795,1.25946709597274,-0.0998707974396848,-0.0692112518235939,-0.410266899197836,-1.20841288998173,-0.55774319753513,-0.145293492318181,0.336461459423857,0.245613473539072,-0.202993708003753,-0.0191459895266863,-0.303642030474405,1.4289026035428,0.704487594782526,-0.0853884767976621,-0.644739293483662,-0.527680489439249,-0.177318504788345
"1220",0,-0.346763866306412,-0.958925782669563,-0.175267190438608,0.994701386553687,1.86988254836228,3.39669441370154,-0.135962069060475,-0.0247411626405223,-0.640995384823577,-1.38405670489514,-0.610920099538948,-1.39583976784473,0.113275898480654,2.66193333556384,-0.1555961886108,-0.0445734002443183,-0.741918245459386,-1.62956752949562,-1.12999301782559,-1.18029468333559,0.403223984330396,1.11574673128727,-0.113860786417039,-0.0177637689065176,-0.631545747648926,-1.20392045663452,-0.882919294849875,-0.263877499229713,1.20154223856357,0.990313915099158,-0.048236570436645,-0.0539306280597664,-0.639535815693025,0.212360907167038,0.613390963116015,0.782595037246263,0.819919577833732,0.611922999214029,0,-0.0930309953194633,-0.481588184154324,-0.830535908145318,-0.811138690761479,1.11440709687275,-1.48080674570224,-0.797595882078731,-0.179146110219891,-0.0692112518235939,-0.410266899197836,-1.71614060370828,0.414447281445371,-0.145293492318181,-1.55967039733413,-0.767532904424768,-0.202993708003753,-0.0191459895266863,-0.33122569265092,-0.772979593369162,0.704487594782526,-1.66976343270132,-1.1603681679367,-0.527680489439249,-0.177318504788345
"1221",0,-0.346763866306412,-0.743972268793493,0.290919690251838,0.352441512022013,-0.277043532629481,-0.585493351474271,-0.135962069060475,-0.0247411626405223,-0.640995384823577,0.266276456865079,0.325036110633647,0.0795836774414227,0.954850638278565,-0.540830462877054,-0.163345483145043,-0.0445734002443183,-0.741918245459386,-0.0997517932053001,1.05837374204791,0.943277984002168,0.929255371307683,-0.292956833346385,-0.113860786417039,-0.0382639442739243,-0.759253601238671,-1.53139249135053,-0.882919294849875,-0.263877499229713,0.867584711348771,0.17013722254388,-0.048236570436645,-0.0330109162638679,-0.639535815693025,-1.2263086449194,-1.47909877630812,-1.73997671328813,-0.371422339493946,1.74892492560078,0,-0.0930309953194633,-0.481588184154324,0.394210675762903,-1.12171262543579,-1.26160056962335,-0.96501522868577,2.17371730844006,0.689365976303702,-0.0692112518235939,-0.410266899197836,1.07863107602188,-0.518124247454692,-1.83290722328817,-0.547190670781726,1.66401840268845,0.594775017560147,-0.0191459895266863,-0.303642030474405,-0.772979593369162,0.0152822700148413,0.904845870642121,1.58965249581285,1.19265161384234,-0.177318504788345
"1222",0,-0.346763866306412,-0.958925782669563,0.757106570942284,0.551737763681986,-0.992685559626734,-0.416428649433891,-0.135962069060475,-0.0247411626405223,-0.640995384823577,-0.833945650975067,1.06960504576937,0.0423724019874801,-0.72544559738851,-0.540830462877054,-0.1555961886108,-0.0445734002443183,-0.741918245459386,0.41018678555814,1.56338145586488,0.069726173149301,-0.975944617560112,-0.574697546273115,-0.113860786417039,-0.0382639442739243,-0.759253601238671,0.433439716945544,1.1507788827907,-0.319818776717136,-1.3031392155474,-0.650039470011399,-0.048236570436645,-0.0330109162638679,-0.639535815693025,1.17147394189133,1.09627321067543,-0.562776563038745,-1.56276425682162,-0.831486854781667,0,-0.252691440856956,-0.481588184154324,1.17070102465946,1.36287885195866,-0.152796991925168,-1.48080674570224,-0.797595882078731,-0.0998707974396848,-0.0692112518235939,-0.410266899197836,0.550851699251816,1.19219966462977,0.229731781230706,-1.55967039733413,-0.767532904424768,-0.202993708003753,-0.0191459895266863,-0.303642030474405,-0.789938819450312,0.474752486526631,0.310705262178251,-1.1603681679367,-0.527680489439249,-0.177318504788345
"1223",0,-0.346763866306412,0.545748814462924,0.990200011287507,0.994701386553687,0.796419507866398,-0.416428649433891,-0.135962069060475,-0.0247411626405223,-0.314012775301545,0.816387510785152,0.246736597760403,-0.34196587835462,1.12316558623815,-0.294464016843139,-0.1555961886108,-0.0445734002443183,-0.741918245459386,-0.30856586445115,-0.624985304008629,-1.18029468333559,1.08802203704667,0.834006018360537,-0.113860786417039,-0.0382639442739243,-0.759253601238671,-1.53139249135053,-1.56081868739673,-1.53432688309958,1.20154223856357,0.990313915099158,-0.048236570436645,-0.0330109162638679,-0.639535815693025,-1.2263086449194,-1.47909877630812,-0.899119463109996,1.1603029827845,0.315362825388311,0,-0.0930309953194633,-0.481588184154324,-0.968113131905501,-1.12171262543579,0.63920556357353,-0.148406335018225,-0.797595882078731,-0.0998707974396848,-0.0692112518235939,-0.410266899197836,0.0230723224817513,0.997761568833671,1.16729496510292,-0.547190670781726,0.0429841979463036,3.69950854531102,-0.0191459895266863,-0.326397241803921,0.828389277112268,0.93422270303842,0.904845870642121,0.770168400455504,3.40450717520438,7.69887023303652
"1224",0,-0.346763866306412,0.975655842215063,0.631669704020057,0.994701386553687,0.308605270482969,-0.416428649433891,-0.135962069060475,-0.0247411626405223,-0.504528375179405,-0.833945650975067,1.06960504576937,-0.34196587835462,-0.223353997438511,-0.540830462877054,-0.1555961886108,-0.0445734002443183,-0.741918245459386,-0.43971084571426,0.650678209516969,-0.526887708770123,-1.29347794903808,-0.574697546273115,-0.113860786417039,-0.0382639442739243,-0.48861948301117,0.269703699587538,1.1507788827907,1.00657188464015,0.366648420526578,-0.376647239159639,-0.014845341259091,-0.0330109162638679,-0.639535815693025,-0.746752127557253,-0.191412782816345,-0.73094801307437,0.649727875358349,2.32234976568577,0,-0.0930309953194633,-0.481588184154324,-0.984477210668762,-1.12171262543579,-1.26160056962335,-0.277293205997144,2.52488349525722,-0.0998707974396848,-0.0692112518235939,-0.410266899197836,-1.38433934890509,-1.91880986810783,-1.27036931296484,0.971528919046879,2.27190622946675,-0.202993708003753,-0.0191459895266863,-0.303642030474405,0.828389277112268,0.93422270303842,0.904845870642121,1.07402362135981,-0.0361570313587953,-0.177318504788345
"1225",0,-0.346763866306412,-0.529018754917424,0.757106570942284,0.330255952246136,-0.813775052877421,-0.416428649433891,-0.135962069060475,-0.0247411626405223,-0.314012775301545,0.687507157264288,0.0768464655884069,0.501133233237465,0.281590846440236,-0.540830462877054,-0.1555961886108,-0.0445734002443183,0.122165329449593,1.09010489057606,-0.961657113219938,-1.01694293969422,0.611722039829717,-0.0112161204196545,-0.113860786417039,-0.0382639442739243,1.17077636382959,0.433439716945544,-1.56081868739673,-1.53432688309958,-0.635224161117807,0.990313915099158,0.0792507296809033,-0.0330109162638679,0.597328934614995,0.532065252075134,-1.47909877630812,-1.73997671328813,-0.881997446920094,0.873713309563746,0,-0.0930309953194633,-0.481588184154324,1.01675972213601,-0.655851723424326,-0.469598014124647,0.754289828035795,1.03090454285591,-0.0998707974396848,-0.0375349291145381,-0.410266899197836,0.374925240328461,0.997761568833671,1.16729496510292,1.14027554013895,0.245613473539072,-0.202993708003753,-0.0191459895266863,-0.45056393755123,-0.772979593369162,0.474752486526631,0.39308727208702,-0.300986710514968,-0.527680489439249,-0.177318504788345
"1226",0,0.125311476361227,1.62051638384327,0.990200011287507,0.994701386553687,-0.455954039378794,-0.416428649433891,-0.135962069060475,-0.0247411626405223,-0.640995384823577,-1.56742705620183,-2.405049984864,-0.131191100456599,0.954850638278565,-0.540830462877054,-0.1555961886108,-0.0445734002443183,-0.741918245459386,-1.62956752949562,-1.12999301782559,-0.363535965128757,0.929255371307683,-0.574697546273115,-0.113860786417039,-0.0382639442739243,-0.759253601238671,-1.53139249135053,0.303404642107127,1.00657188464015,-0.802202924725205,-0.650039470011399,-0.049335153206293,-0.0330109162638679,-0.639535815693025,-1.2263086449194,0.291469464743071,0.782595037246263,0.0492791171616356,-0.544774434739172,0,-0.0930309953194633,-0.481588184154324,-0.984477210668762,-1.12171262543579,0.164004030274312,1.27008134505226,0.116654330388589,-0.0998707974396848,-0.0692112518235939,-0.410266899197836,-0.856559972135023,-1.14105748492343,-0.520318765867068,0.971528919046879,-0.0356007776423555,-0.202993708003753,-0.0191459895266863,-0.303642030474405,1.82924482116316,0.93422270303842,0.112658392690295,-0.300986710514968,-0.447482436211656,-0.177318504788345
"1227",0,-0.346763866306412,-1.17387929654563,-1.34073439216472,-0.334189482061415,1.51206153486365,1.34347430278246,-0.135962069060475,-0.064995348517452,-0.640995384823577,0.633017159478461,1.06960504576937,0.290358455339444,1.29148053419773,1.43010110539427,-0.1555961886108,-0.0445734002443183,-0.741918245459386,-0.26973131945978,1.56338145586488,1.43333321492626,1.24678870278565,1.67922815714073,-0.113860786417039,-0.0382639442739243,0.849104702984884,0.433439716945544,-0.205019902303017,-1.37552071011585,0.867584711348771,0.990313915099158,-0.048236570436645,-0.0330109162638679,-0.639535815693025,-1.2263086449194,-1.47909877630812,-1.06729091314562,1.1603029827845,0.231379884292454,0,-0.0930309953194633,-0.481588184154324,-0.984477210668762,-1.12171262543579,0.304274501412974,0.410428816691482,-0.797595882078731,-0.191180874625657,-0.0692112518235939,-0.410266899197836,-1.38433934890509,-0.657085184653839,1.16729496510292,-1.22217715515,-0.767532904424768,-0.202993708003753,-0.0338432573430967,-0.303642030474405,-1.17332181098952,-0.673923054752843,-0.0853884767976621,-1.1603681679367,-0.527680489439249,0.0970979771358426
"1228",0,-0.346763866306412,0.330795300586854,0.290919690251838,-0.334189482061415,-0.992685559626734,-0.416428649433891,-0.135962069060475,-0.0247411626405223,-0.640995384823577,0.999757862091843,1.06960504576937,1.13345756693153,0.113275898480654,-0.540830462877054,-0.1555961886108,-0.0445734002443183,0.122165329449593,0.41018678555814,0.11150719425441,0.289871009436705,1.24678870278565,0.552265305433806,0.069544220647471,-0.0382639442739243,1.17077636382959,-0.057768335128474,-1.56081868739673,-1.53432688309958,0.867584711348771,1.26370614595092,-0.048236570436645,-0.0330109162638679,1.83419368492302,0.691917424529183,-1.47909877630812,-1.73997671328813,-0.201230637018563,1.46221250555829,0,-0.0930309953194633,1.87263947906903,1.3246423271829,-0.500564756087173,-0.944799547423866,0.582359322363638,1.03090454285591,-0.0998707974396848,0.0123348452936616,0.558214809138742,1.43048399386859,1.19219966462977,1.16729496510292,1.14027554013895,0.245613473539072,-0.202993708003753,-0.0191459895266863,-0.303642030474405,0.227875950681732,0.474752486526631,0.112658392690295,0.0427658724537265,-0.527680489439249,-0.199722590597476
"1229",0,-0.346763866306412,0.115841786710785,0.757106570942284,-0.112707670625565,-0.813775052877421,-0.416428649433891,-0.135962069060475,-0.0247411626405223,-0.640995384823577,0.816387510785152,-0.640271159097003,0.501133233237465,1.12316558623815,-0.0480975708092236,-0.1555961886108,-0.0445734002443183,0.698221046055578,0.7501458380671,-1.12999301782559,-0.853591196052854,1.24678870278565,0.552265305433806,-0.0605004960180497,-0.0382639442739243,0.205761381295462,0.924647769019562,-0.205019902303017,0.162347193657513,1.36852100217096,0.443529453395639,-0.048236570436645,-0.0330109162638679,-0.639535815693025,-0.267195610195108,0.452430213929543,-0.0582622129318667,0.819919577833732,1.46221250555829,0,-0.0930309953194633,0.685285573611883,-0.52265330309843,-1.12171262543579,-1.34116295884699,0.582359322363638,0.80234198973908,-0.0998707974396848,-0.0692112518235939,3.94790078831677,1.25455753494524,-0.36330510173903,-0.332806129092624,1.14027554013895,0.177708866666947,-0.202993708003753,-0.0191459895266863,-0.303642030474405,0.227875950681732,0.704487594782526,0.706799001154165,-0.472863001999315,-0.527680489439249,-0.177318504788345
"1230",0,-0.346763866306412,-0.529018754917424,-0.175267190438608,0.330255952246136,1.51206153486365,4.04836220148675,7.28310247549322,-0.0247411626405223,-0.640995384823577,0.082906105558388,0.573225755678888,-0.768238116042427,0.618220742359401,3.40103267366559,2.77970488301997,-0.0445734002443183,-0.741918245459386,-1.62956752949562,-0.772753006714429,-1.01694293969422,1.08802203704667,1.67922815714073,-0.826588090932139,-0.0382639442739243,-0.759253601238671,-1.87509497170754,-1.2218689911233,0.298728156364131,1.20154223856357,1.09756233501634,-0.048236570436645,-0.0330109162638679,-0.386948192995062,-0.906604300011301,0.935312461488958,0.950766487281889,0.539392202674462,1.46221250555829,0,-0.0930309953194633,-0.481588184154324,-0.830535908145318,0.745443686098985,0.95600658577301,-1.48080674570224,-0.797595882078731,-0.0998707974396848,-0.0692112518235939,-0.410266899197836,-1.38433934890509,0.414447281445371,-0.145293492318181,-1.55967039733413,-0.767532904424768,-0.232457456782823,-0.0191459895266863,-0.303642030474405,-0.372637375748804,0.704487594782526,-1.45757370409778,-1.1603681679367,-0.527680489439249,-0.177318504788345
"1231",0,-0.346763866306412,-0.314065241041354,-0.175267190438608,-0.334189482061415,-0.634864546128108,-0.416428649433891,-0.125898712389523,-0.0247411626405223,0.059933186831058,0.999757862091843,-1.66048104972828,0.711908011135486,0.113275898480654,-0.540830462877054,-0.1555961886108,-0.073994983229481,-0.453890387156393,-0.00704646737513559,-0.456649399402975,0.943277984002168,1.24678870278565,0.270524592507076,-0.113860786417039,-0.0382639442739243,-0.759253601238671,-0.876448421918504,1.1507788827907,0.847765711656421,-0.635224161117807,-0.650039470011399,-0.048236570436645,-0.0330109162638679,-0.639535815693025,-0.906604300011301,1.09627321067543,0.109909237103759,-1.0756842164035,-0.831486854781667,0,-0.0930309953194633,-0.481588184154324,0.400994512042235,0.586444015272899,0.95600658577301,-0.277293205997144,-0.797595882078731,-0.0998707974396848,-0.0692112518235939,-0.410266899197836,1.07863107602188,-1.33549558071953,-0.895344039415955,0.971528919046879,-0.767532904424768,-0.202993708003753,-0.0191459895266863,-0.303642030474405,-0.172466266938626,-0.903658163008738,0.112658392690295,0.558394746906768,-0.527680489439249,-0.177318504788345
"1232",0,-0.346763866306412,-0.314065241041354,0.524013130597061,-0.631907191969299,-0.992685559626734,-0.384187872007071,-0.135962069060475,-0.0247411626405223,-0.640995384823577,-0.283834597054994,1.06960504576937,1.13345756693153,-0.728298841317257,-0.540830462877054,-0.1555961886108,-0.0445734002443183,-0.741918245459386,0.7501458380671,1.56338145586488,1.43333321492626,0.929255371307683,-0.574697546273115,-0.113860786417039,-0.0382639442739243,-0.115910279549249,1.08838378637757,-0.543969598576446,-1.37552071011585,1.36852100217096,0.443529453395639,0.088624094582515,-0.0330109162638679,0.91455596339583,1.17147394189133,-1.47909877630812,-1.73997671328813,0.479536172882967,0.315362825388311,0,-0.0930309953194633,1.20000300386236,1.01675972213601,-1.12171262543579,-1.26160056962335,0.582359322363638,1.03090454285591,-0.0998707974396848,-0.0692112518235939,-0.410266899197836,1.43048399386859,0.0255710898531705,-0.145293492318181,1.14027554013895,0.650872024724607,-0.202993708003753,-0.0191459895266863,-0.303642030474405,0.027704841871553,0.93422270303842,0.706799001154165,0.5075497778778,-0.527680489439249,-0.177318504788345
"1233",0,4.11151336243399,2.05042341159541,0.990200011287507,0.108774140810285,-0.992685559626734,-0.416428649433891,-0.135962069060475,-0.0247411626405223,3.28279592944081,0.816387510785152,-1.1641017596378,1.13345756693153,-0.559983893357675,-0.540830462877054,-0.1555961886108,-0.0445734002443183,0.122165329449593,-1.11962895073218,-1.35697896347042,1.2699814712849,-0.658411286082146,-0.574697546273115,-0.113860786417039,-0.0382639442739243,-0.759253601238671,-1.53139249135053,-1.56081868739673,0.530153365688954,-0.134287870295615,-0.637986943184188,-0.048236570436645,-0.0330109162638679,-0.672128725646446,-1.2263086449194,-0.67429503037576,0.448716461996897,-1.22238085187086,-0.831486854781667,0,-0.0930309953194633,-0.481588184154324,-0.830535908145318,1.05230491728436,0.480805052473791,-1.34361380552255,-1.40147989630874,-0.0998707974396848,-0.169966111588174,0.0739739549704533,0.902704617098525,1.19219966462977,-0.145293492318181,-0.209697428597592,-0.159645077646464,-0.202993708003753,-0.0191459895266863,2.7937310463969,2.02941592997334,0.93422270303842,0.904845870642121,2.00899541449,3.40450717520438,1.5054244129497
"1234",0,-0.346763866306412,-1.17387929654563,-0.408360630783831,0.108774140810285,-0.992685559626734,-0.416428649433891,-0.135962069060475,-0.0247411626405223,-0.640995384823577,-1.38405670489514,0.771026807429011,-0.34196587835462,-1.40155863315559,-0.540830462877054,-0.1555961886108,-0.0445734002443183,-0.924850267451402,-0.26973131945978,0.89003783744226,-1.18029468333559,-1.29347794903808,-0.574697546273115,-0.113860786417039,-0.0382639442739243,-0.759253601238671,0.105967682229532,0.133929793970413,-1.37552071011585,-1.3031392155474,-0.650039470011399,-0.048236570436645,-0.0330109162638679,-0.639535815693025,0.691917424529183,1.09627321067543,0.950766487281889,0.990111280309114,0.0286504053458163,0,-0.0930309953194633,-0.331325020318366,0.554935814565679,0.767933459867944,-0.627998525224387,-0.105362700324987,2.85940496779055,4.95470122853544,-0.0692112518235939,-0.410266899197836,-0.328780595364958,0.803323473037571,-1.83290722328817,-0.0409508075055244,2.27190622946675,-0.202993708003753,-0.0191459895266863,-0.303642030474405,-0.97315070217934,-0.444187946496948,0.583249457016627,1.4177762043285,0.455366426721658,-0.177318504788345
"1235",0,-0.346763866306412,-1.29259813319197,-0.874547511474277,0.108774140810285,-0.992685559626734,-0.416428649433891,-0.135962069060475,-0.0247411626405223,-0.640995384823577,-1.93416775881521,0.821415400724128,-0.681685812806204,0.449905794399818,1.18373465936035,-0.1555961886108,-0.0445734002443183,-0.741918245459386,-0.26973131945978,0.89003783744226,-1.01694293969422,1.24678870278565,0.270524592507076,-0.113860786417039,-0.0382639442739243,0.815815877060017,0.353040926995759,-0.71344444671316,-0.58148984519718,1.03456347495617,-0.650039470011399,-0.048236570436645,-0.0330109162638679,3.07105843523104,1.17147394189133,0.130508715556599,0.782595037246263,1.1603029827845,1.17550008551579,0,-0.0930309953194633,3.55423066708572,1.47858362970634,1.36287885195866,1.27280760797249,0.238498311019326,-0.111908222728241,-0.125282325825791,-0.0692112518235939,-0.410266899197836,-1.03248643105838,0.456808560371672,0.604757054779594,-1.55967039733413,-0.767532904424768,-0.202993708003753,-0.0191459895266863,-0.354475665562725,-1.17332181098952,-0.214452838241053,-0.283435346285619,-1.1603681679367,-0.527680489439249,-0.177318504788345
"1236",0,-0.346763866306412,0.115841786710785,0.990200011287507,-1.22011672780482,-0.992685559626734,-0.337209755011584,-0.135962069060475,-0.0247411626405223,0.0129698342204877,0.999757862091843,0.573225755678888,0.922682789033507,-1.40155863315559,-0.638246981413435,-0.1555961886108,-0.0445734002443183,1.85033247926755,0.58016631181262,-0.0664705433416165,1.10662972764353,-0.817177951821129,-0.574697546273115,-0.113860786417039,0.0337041416019022,0.527433042140173,-0.548976387202492,-0.25772793595003,1.00657188464015,-0.46824539751041,-0.650039470011399,-0.048236570436645,-0.0330109162638679,-0.639535815693025,-1.2263086449194,-0.191412782816345,0.950766487281889,-1.05218914939548,-0.831486854781667,0,-0.0930309953194633,-0.779214243866733,-0.52265330309843,1.36287885195866,0.95600658577301,-1.48080674570224,0.172231893607944,0.547010316933485,-0.0692112518235939,-0.410266899197836,0.902704617098525,1.19219966462977,1.16729496510292,1.14027554013895,2.27190622946675,1.04949878541473,-0.0191459895266863,-0.303642030474405,0.227875950681732,0.474752486526631,0.112658392690295,0.902147329875462,2.42146025904347,0.697813577192196
"1237",0,-0.346763866306412,-1.17387929654563,-0.175267190438608,0.994701386553687,1.51206153486365,0.463522826674285,-0.135962069060475,-0.064995348517452,-0.640995384823577,-0.467204948361685,0.779745248232813,1.13345756693153,1.29148053419773,0.0821206959155728,-0.1555961886108,-0.0445734002443183,-0.453890387156393,1.09010489057606,-0.119977590191666,-1.18029468333559,-1.29347794903808,-0.574697546273115,-0.113860786417039,-0.0382639442739243,0.849104702984884,1.08838378637757,-0.205019902303017,-0.422683672213447,-1.13616045194,-0.650039470011399,-0.048236570436645,-0.0330109162638679,0.28811274703799,1.33132611434538,0.531147561078559,0.950766487281889,0.309344470407584,-0.831486854781667,0,-0.0930309953194633,-0.481588184154324,-0.830535908145318,-0.34527778875002,0.322404541374051,1.27008134505226,-0.340470775845071,-0.0998707974396848,-0.0692112518235939,-0.410266899197836,-1.38433934890509,-0.55774319753513,0.41724441800515,0.802782297954812,-0.767532904424768,-0.202993708003753,-0.0191459895266863,-0.303642030474405,-1.17332181098952,0.245017378270736,0.706799001154165,-0.644739293483662,-0.527680489439249,-0.177318504788345
"1238",0,0.767805440878689,-1.17387929654563,-1.34073439216472,0.994701386553687,0.438598494367772,-0.336502266007002,-0.135962069060475,-0.0247411626405223,2.95581331991878,-0.650575299668376,0.325036110633647,-1.60661454574275,0.786535690318983,-0.0480975708092236,-0.1555961886108,-0.0445734002443183,2.42638819587353,0.7501458380671,-0.456649399402975,-1.18029468333559,-0.0233446231262145,0.552265305433806,-0.113860786417039,-0.0382639442739243,0.977723873927023,-0.385240369844486,-1.56081868739673,-1.53432688309958,-0.46824539751041,1.26370614595092,-0.048236570436645,-0.0330109162638679,0.297679386606828,0.212360907167038,-1.47909877630812,-1.73997671328813,-0.711805744444711,1.46221250555829,0,-0.0930309953194633,-0.481588184154324,0.31587531779347,-0.500564756087173,-1.26160056962335,0.410428816691482,1.11451498717721,-0.0998707974396848,-0.0692112518235939,-0.410266899197836,-0.328780595364958,0.803323473037571,0.229731781230706,1.14027554013895,0.650872024724607,-0.202993708003753,-0.0191459895266863,0.10003920689463,-1.17332181098952,-1.59286348777642,0.904845870642121,0.558394746906768,-0.527680489439249,-0.177318504788345
"1239",0,-0.346763866306412,0.760702328338993,0.990200011287507,-0.998634916368966,-0.0981330258801679,-0.416428649433891,-0.334671137602722,-0.0247411626405223,-0.640995384823577,-0.283834597054994,1.06960504576937,1.13345756693153,1.29148053419773,-0.540830462877054,-0.392704037945135,-0.0445734002443183,-0.741918245459386,-0.43971084571426,1.56338145586488,1.2699814712849,-0.34087795460418,-0.574697546273115,-0.113860786417039,-0.0382639442739243,-0.759253601238671,-0.385240369844486,1.1507788827907,-0.422683672213447,-1.3031392155474,-0.283911981316435,-0.048236570436645,-0.0330109162638679,-0.639535815693025,1.01162176943728,1.09627321067543,-0.899119463109996,-1.56276425682162,-0.831486854781667,0,-0.0930309953194633,0.527366528655686,1.47858362970634,1.36287885195866,-0.627998525224387,-1.48080674570224,-0.797595882078731,-0.007546017151514,-0.0692112518235939,0.0739739549704533,1.43048399386859,1.19219966462977,-0.895344039415955,-1.55967039733413,-0.767532904424768,-0.202993708003753,-0.0191459895266863,-0.303642030474405,0.838746637858572,0.0152822700148413,-2.06585717167723,-1.1603681679367,-0.527680489439249,-0.177318504788345
"1240",0,-0.346763866306412,0.115841786710785,0.290919690251838,0.330255952246136,1.15424052136502,0.17020566797156,-0.135962069060475,-0.0247411626405223,0.666935053264552,0.816387510785152,-1.66048104972828,-0.974290212048683,0.855521052908726,1.43010110539427,-0.1555961886108,0.188762392482701,1.56230462096456,0.24020725930366,-1.12999301782559,-0.388714789205044,0.294188708351751,1.11574673128727,-0.113860786417039,-0.0382639442739243,0.65401605822142,0.760911751661556,0.642354338380556,0.530153365688954,0.867584711348771,-0.376647239159639,-0.048236570436645,-0.0330109162638679,-0.639535815693025,0.0525087347129891,1.09627321067543,0.614423587210637,-0.0310389345431809,-0.831486854781667,0,-0.0930309953194633,-0.481588184154324,1.47858362970634,-0.500564756087173,-1.10320005852361,0.0693695883574055,-0.797595882078731,-0.0998707974396848,-0.0692112518235939,-0.410266899197836,1.25455753494524,-0.94661938912733,-0.707831402641512,0.426025687898982,-0.767532904424768,-0.202993708003753,-0.0912709356995593,-0.303642030474405,-0.172466266938626,0.323220047804923,0.904845870642121,0.386518455422421,-0.527680489439249,-0.177318504788345
"1241",0,-0.346763866306412,-0.529018754917424,0.757106570942284,-1.88456216211237,-0.992685559626734,-0.416428649433891,-0.632664034423447,-0.0247411626405223,-0.640995384823577,-0.00776382145835958,0.573225755678888,-2.23893887943681,-1.40155863315559,0.691001767292522,2.77970488301997,-0.0445734002443183,-0.1658625288534,1.09010489057606,0.553366028230951,-1.18029468333559,-0.499644620343163,3.93315386055457,11.4271020132806,-0.0382639442739243,0.205761381295462,1.08838378637757,0.811829186517271,0.37134719270522,1.20154223856357,3.17745176191323,-0.048236570436645,-0.0330109162638679,-0.639535815693025,0.851769596983231,1.09627321067543,0.950766487281889,0.984579899551188,0.0286504053458163,0,-0.0930309953194633,-0.481588184154324,-0.984477210668762,0.12058311326144,1.27280760797249,-0.621154217341457,-0.797595882078731,-0.0998707974396848,-0.0692112518235939,-0.410266899197836,-1.10748035543915,0.608885377241471,0.604757054779594,-1.57518338111188,-0.767532904424768,-0.202993708003753,-0.0191459895266863,-0.303642030474405,-0.172466266938626,0.93422270303842,-1.47171656321336,-1.1603681679367,-0.527680489439249,-0.177318504788345
"1242",0,-0.346763866306412,-0.0991117271652847,0.757106570942284,0.994701386553687,0.0807774808691453,-0.416428649433891,-0.135962069060475,-0.0247411626405223,-0.640995384823577,0.61707752521605,0.0768464655884069,-1.1850649899467,1.29148053419773,-0.0480975708092236,-0.1555961886108,-0.0445734002443183,0.410193187752585,1.09010489057606,-0.624985304008629,-1.18029468333559,0.611722039829717,1.67922815714073,-0.113860786417039,-0.0382639442739243,1.81411968551902,0.760911751661556,-1.56081868739673,-1.53432688309958,0.366648420526578,2.0838828385062,-0.048236570436645,-0.0330109162638679,1.83419368492302,0.851769596983231,-1.47909877630812,-1.73997671328813,-0.0557277944126743,2.89577460577076,0,-0.0930309953194633,0.863684766259023,1.47858362970634,-1.12171262543579,-1.26160056962335,-0.793084723013613,2.63084241467372,-0.0998707974396848,-0.0692112518235939,0.0739739549704533,1.25455753494524,-0.16886700594293,-1.27036931296484,0.151752500046895,1.25875985150291,-0.202993708003753,-0.0191459895266863,-0.303642030474405,-0.172466266938626,0.704487594782526,0.904845870642121,1.4177762043285,-0.281918760399022,-0.177318504788345
"1243",0,-0.346763866306412,-0.314065241041354,0.318242586718999,0.108774140810285,-0.813775052877421,-0.512937633363354,-0.135962069060475,-0.0247411626405223,-0.640995384823577,-0.100464245748303,1.06960504576937,0.711908011135486,0.113275898480654,-0.382546915829738,-0.1555961886108,-0.0445734002443183,-0.741918245459386,0.92012536432158,0.828820306851307,-0.853591196052854,1.24678870278565,0.599269710689918,-0.113860786417039,-0.0382639442739243,-0.43758194039396,1.08838378637757,0.981304034653986,-1.37552071011585,0.700605947741373,1.26370614595092,-0.048236570436645,-0.0330109162638679,-0.33031962811602,1.33132611434538,-0.191412782816345,-1.23546236318125,0.139152767932202,2.03563734564328,0,-0.0930309953194633,-0.481588184154324,1.3246423271829,-0.500564756087173,-1.26160056962335,0.582359322363638,1.48802964908957,-0.0998707974396848,-0.0692112518235939,-0.410266899197836,0.550851699251816,-0.36330510173903,-1.0828566761904,1.14027554013895,0.44824274913184,-0.202993708003753,-0.0191459895266863,-0.303642030474405,-0.772979593369162,0.245017378270736,0.904845870642121,1.24589991284416,-0.281918760399022,-0.177318504788345
"1244",0,-0.346763866306412,-0.529018754917424,0.290919690251838,0.994701386553687,1.86988254836228,0.17020566797156,-0.135962069060475,-0.0247411626405223,-0.640995384823577,-0.100464245748303,0.573225755678888,0.501133233237465,1.29148053419773,1.18373465936035,-0.1555961886108,-0.0445734002443183,-0.741918245459386,-0.995491091141087,-1.12999301782559,-0.200184221487392,1.24678870278565,0.552265305433806,-0.182919713015573,-0.0382639442739243,-0.759253601238671,-1.20392045663452,0.303404642107127,0.847765711656421,1.36852100217096,2.63066730020971,-0.048236570436645,-0.0330109162638679,-0.639535815693025,0.212360907167038,0.774351712302486,0.950766487281889,-0.0310389345431809,-0.544774434739172,0,-0.0255124225535918,-0.481588184154324,-0.984477210668762,0.275870080598593,0.479115588817752,-1.48080674570224,-0.797595882078731,-0.0998707974396848,-0.0692112518235939,-0.410266899197836,-1.03248643105838,0.997761568833671,-0.707831402641512,-1.55967039733413,-0.767532904424768,-0.202993708003753,-0.0191459895266863,-0.303642030474405,0.227875950681732,-0.444187946496948,-2.26390404116519,-1.1603681679367,-0.527680489439249,-0.177318504788345
"1245",0,-0.346763866306412,0.545748814462924,0.0578262499066152,0.245576819061345,0.0807774808691453,-0.416428649433891,-0.135962069060475,-0.064995348517452,-0.640995384823577,0.816387510785152,1.06960504576937,1.13345756693153,1.29148053419773,-0.540830462877054,-0.1555961886108,-0.0445734002443183,-0.741918245459386,-0.26973131945978,1.56338145586488,1.24166519167604,1.24678870278565,-0.574697546273115,-0.113860786417039,-0.0382639442739243,-0.759253601238671,-0.45091358110114,1.1507788827907,1.00657188464015,1.36852100217096,0.443529453395639,-0.048236570436645,-0.0330109162638679,-0.639535815693025,-0.427047782649156,1.09627321067543,0.950766487281889,1.1603029827845,0.642228967791824,0,-0.0930309953194633,-0.481588184154324,-0.368712000574986,1.36287885195866,1.27280760797249,1.27008134505226,0.80234198973908,-0.0998707974396848,-0.0692112518235939,-0.410266899197836,1.25455753494524,1.19219966462977,1.16729496510292,1.14027554013895,0.853501300317375,-0.202993708003753,-0.0191459895266863,-0.303642030474405,-0.372637375748804,-0.673923054752843,0.0685661290860364,0.214642163938074,0.455366426721658,-0.177318504788345
"1246",0,1.88237474806379,1.69166552085017,0.290919690251838,-2.32752578498407,-0.992685559626734,-0.416428649433891,-0.135962069060475,-0.0247411626405223,1.64788288183065,0.633017159478461,-0.419532824502074,-1.35568316156712,-1.40155863315559,-0.540830462877054,-0.1555961886108,-0.0445734002443183,1.56230462096456,0.41018678555814,-1.12999301782559,-1.18029468333559,-1.29347794903808,-0.574697546273115,-0.113860786417039,-0.0382639442739243,2.13579134636373,0.642486298202189,-1.39134383926002,-0.58148984519718,-0.802202924725205,-0.650039470011399,-0.048236570436645,-0.0330109162638679,1.52497749734601,1.01162176943728,0.935312461488958,0.950766487281889,-0.537469388286499,0.315362825388311,0,-0.0930309953194633,0.58453521731323,1.47858362970634,0.586444015272899,-0.585455894951698,-0.621154217341457,1.94914525670147,-0.0998707974396848,-0.0692112518235939,0.0739739549704533,1.43048399386859,0.130421909363668,-1.4006201963561,-0.378444049689659,2.27190622946675,1.02661939301677,-0.0191459895266863,1.76127335410647,1.62907371235298,0.245017378270736,0.904845870642121,1.58965249581285,0.455366426721658,-0.177318504788345
"1247",0,-0.346763866306412,-0.305638702863148,0.990200011287507,0.551737763681986,-0.455954039378794,-0.416428649433891,-0.135962069060475,-0.064995348517452,-0.640995384823577,-0.283834597054994,0.821415400724128,-0.131191100456599,0.010246865589547,-0.540830462877054,-0.1555961886108,-0.0445734002443183,-0.741918245459386,-1.62956752949562,-0.456649399402975,0.12651926579534,0.7704887055687,-0.574697546273115,-0.113860786417039,-0.0382639442739243,-0.759253601238671,-2.14759934812551,-1.56081868739673,0.688959538672687,0.366648420526578,-0.650039470011399,-0.048236570436645,-0.0330109162638679,-0.639535815693025,-1.2263086449194,-0.835255779562232,0.950766487281889,-0.711805744444711,-0.831486854781667,0,-0.168948841811443,-0.481588184154324,-0.984477210668762,0.897017949947205,1.27280760797249,-0.621154217341457,-0.797595882078731,-0.0998707974396848,-0.0692112518235939,-0.410266899197836,-0.561109357358609,1.19219966462977,1.16729496510292,1.14027554013895,2.06927695387398,9.63391110016043,-0.0912709356995593,-0.303642030474405,-0.372637375748804,0.93422270303842,0.112658392690295,0.214642163938074,1.68417507192279,11.1993985609587
"1248",0,-0.274216907691256,-0.0991117271652847,0.757782450361337,0.330255952246136,-0.813775052877421,-0.416428649433891,-0.135962069060475,-0.0247411626405223,-0.640995384823577,0.266276456865079,1.06960504576937,0.290358455339444,0.330150284178433,-0.540830462877054,-0.1555961886108,-0.0445734002443183,-0.741918245459386,0.7501458380671,0.216694219019643,-1.18029468333559,0.7704887055687,0.270524592507076,-0.113860786417039,-0.0382639442739243,-0.759253601238671,1.08838378637757,-0.0355450541663019,-1.53432688309958,0.366648420526578,1.81049060765444,-0.048236570436645,-0.0330109162638679,-0.639535815693025,1.33132611434538,-0.0299381527168736,-1.73997671328813,-0.201230637018563,1.74892492560078,0,-0.0930309953194633,-0.145269946550987,1.47858362970634,-0.189990821412867,-0.944799547423866,1.27008134505226,1.25946709597274,-0.0998707974396848,-0.0692112518235939,-0.410266899197836,1.13226901394268,0.414447281445371,0.134700627718239,0.971528919046879,-0.362274353239232,-0.202993708003753,-0.0191459895266863,-0.303642030474405,0.027704841871553,0.93422270303842,0.904845870642121,0.0427658724537265,-0.527680489439249,-0.177318504788345
"1249",0,-0.346763866306412,-0.743972268793493,0.290919690251838,0.773219575117836,-0.813775052877421,-0.416428649433891,-0.135962069060475,-0.0247411626405223,0.0129698342204877,0.44964680817177,1.04658270445801,0.158853143502098,-0.0130558181167623,-0.540830462877054,-0.1555961886108,-0.0445734002443183,1.27427676266156,0.92012536432158,-0.317720545301589,-1.18029468333559,-0.0233446231262145,-0.0145569270407713,-0.113860786417039,-0.0382639442739243,1.81411968551902,0.924647769019562,-1.56081868739673,-1.53432688309958,-0.46824539751041,0.443529453395639,-0.048236570436645,0.172438965208053,1.52497749734601,1.33132611434538,-1.47909877630812,-1.73997671328813,-0.0310389345431809,0.8887876654733,0,-0.0930309953194633,-0.481588184154324,1.17070102465946,-0.51868287825653,-1.26160056962335,0.754289828035795,0.80234198973908,-0.0998707974396848,-0.0692112518235939,-0.410266899197836,0.561329418414053,0.997761568833671,0.792269691554037,0.802782297954812,-0.767532904424768,-0.202993708003753,-0.0191459895266863,-0.303642030474405,-1.17332181098952,0.474752486526631,0.508752131666208,-0.300986710514968,-0.527680489439249,-0.177318504788345
"1250",0,-0.498698483529075,0.330795300586854,0.757106570942284,0.330255952246136,-0.813775052877421,-0.416428649433891,-0.135962069060475,-0.0247411626405223,-0.640995384823577,0.816387510785152,-0.667722469547314,0.501133233237465,0.281590846440236,-0.540830462877054,-0.1555961886108,-0.0445734002443183,-0.741918245459386,1.09010489057606,-0.28831349479732,0.779926240360802,0.558099675498315,-0.574697546273115,-0.113860786417039,-0.0382639442739243,-0.759253601238671,-0.876448421918504,0.981304034653986,1.00657188464015,0.700605947741373,-0.650039470011399,-0.048236570436645,-0.0330109162638679,-0.639535815693025,-1.2263086449194,-0.972388161970079,-0.562776563038745,0.990111280309114,-0.544774434739172,0,-0.0930309953194633,-0.0508644780073124,-0.984477210668762,-1.12171262543579,-1.26160056962335,1.09815083938011,0.116654330388589,-0.0998707974396848,0.243951173705227,1.52669651747532,0.726778158175171,-0.55774319753513,-0.895344039415955,0.802782297954812,0.0429841979463036,-0.202993708003753,-0.0191459895266863,-0.303642030474405,0.227875950681732,0.245017378270736,0.310705262178251,0.386518455422421,-0.281918760399022,-0.177318504788345
"1251",0,1.88237474806379,0.975655842215063,0.524013130597061,0.330255952246136,0.279932522698398,-0.018967769683419,-0.135962069060475,-0.0247411626405223,0.666935053264552,0.999757862091843,-0.437135535016425,0.501133233237465,1.12316558623815,0.198268875224692,-0.1555961886108,-0.0445734002443183,0.13877417817192,1.09010489057606,-0.456649399402975,0.289871009436705,1.24678870278565,0.420247890890181,-0.113860786417039,-0.0382639442739243,-0.759253601238671,0.433439716945544,0.133929793970413,0.37134719270522,1.36852100217096,0.443529453395639,-0.048236570436645,-0.0330109162638679,-0.639535815693025,-0.496979800963771,-0.0304520336298728,0.278080687139385,1.1603029827845,-0.831486854781667,0,-0.0930309953194633,-0.481588184154324,-0.984477210668762,-1.12171262543579,-0.0865977162642298,1.40869388939006,-0.569033328961901,-0.0998707974396848,-0.0692112518235939,-0.410266899197836,-1.03248643105838,-1.14105748492343,0.229731781230706,1.14027554013895,0.0429841979463036,-0.202993708003753,-0.0191459895266863,2.7937310463969,0.878592106425372,0.245017378270736,-0.0853884767976621,-0.472863001999315,-0.527680489439249,-0.177318504788345
"1252",0,-0.346763866306412,-1.17387929654563,0.290919690251838,0.551737763681986,-0.992685559626734,-0.416428649433891,-0.135962069060475,-0.0247411626405223,-0.640995384823577,-0.467204948361685,0.356631376761537,-1.60661454574275,-0.559983893357675,0.198268875224692,-0.1555961886108,-0.0445734002443183,-0.1658625288534,1.09010489057606,0.216694219019643,-1.01694293969422,1.24678870278565,2.24270958299419,-0.113860786417039,-0.0382639442739243,0.825141715909965,1.08838378637757,-0.205019902303017,0.0537348467377536,1.36852100217096,0.990313915099158,-0.048236570436645,-0.0330109162638679,0.906545122192,0.647485782354136,1.09627321067543,0.950766487281889,1.1603029827845,0.8887876654733,0,-0.0930309953194633,-0.27568814941068,-0.984477210668762,0.275870080598593,1.12975530104493,-1.48080674570224,-0.797595882078731,-0.0998707974396848,-0.0692112518235939,-0.410266899197836,-1.38433934890509,0.414447281445371,0.0422191444562627,-1.55967039733413,-0.767532904424768,-0.202993708003753,-0.0191459895266863,-0.303642030474405,-1.17332181098952,0.93422270303842,-1.86781030218927,-1.1603681679367,-0.527680489439249,-0.177318504788345
"1253",0,-0.346763866306412,-0.529018754917424,0.757106570942284,-1.66308035067652,-0.992685559626734,-0.418111701000922,-0.135962069060475,-0.0247411626405223,-0.640995384823577,-0.467204948361685,0.325036110633647,0.922682789033507,-0.223353997438511,-0.540830462877054,-0.1555961886108,-0.0445734002443183,-0.1658625288534,1.09010489057606,0.0527748910557497,-0.363535965128757,0.55923273132651,0.255536233433182,-0.113860786417039,-0.0382639442739243,0.527433042140173,0.760911751661556,-1.56081868739673,-1.53432688309958,0.533627184133976,1.53709837680268,-0.048236570436645,-0.0330109162638679,1.21576130976901,0.691917424529183,-1.47909877630812,-1.73997671328813,-0.201230637018563,1.46221250555829,0,-0.0930309953194633,0.863684766259023,1.3246423271829,-0.966425658098632,-1.26160056962335,0.701514019417668,0.80234198973908,-0.0998707974396848,-0.0575374961568183,0.0739739549704533,1.25455753494524,0.220009185649271,-0.145293492318181,1.14027554013895,-0.159645077646464,-0.202993708003753,-0.0191459895266863,-0.303642030474405,-0.372637375748804,-0.444187946496948,0.706799001154165,0.214642163938074,-0.527680489439249,-0.177318504788345
"1254",0,-0.346763866306412,0.760702328338993,0.0578262499066152,-0.555671293497266,-0.992685559626734,-0.416428649433891,-0.135962069060475,-0.0247411626405223,-0.640995384823577,0.999757862091843,1.06960504576937,1.13345756693153,-0.728298841317257,-0.540830462877054,-0.1555961886108,-0.0445734002443183,-0.741918245459386,0.58016631181262,1.56338145586488,1.43333321492626,-0.658411286082146,-0.574697546273115,-0.113860786417039,-0.0382639442739243,-0.759253601238671,0.433439716945544,1.1507788827907,1.00657188464015,-0.969181688332602,-0.650039470011399,-0.049335153206293,-0.0330109162638679,-0.639535815693025,0.691917424529183,1.09627321067543,0.950766487281889,-0.881997446920094,-0.911748784538431,0,-0.0930309953194633,-0.481588184154324,1.01675972213601,1.36287885195866,0.79389357658377,-0.793084723013613,-1.13651464102007,-0.0998707974396848,-0.0692112518235939,-0.410266899197836,1.43048399386859,1.19219966462977,1.16729496510292,-0.0409508075055244,-0.767532904424768,-0.202993708003753,-0.0191459895266863,-0.303642030474405,-0.372637375748804,-0.903658163008738,-0.283435346285619,-0.521768545638879,-0.277035466408588,-0.177318504788345
"1255",0,-0.346763866306412,1.62051638384327,0.990200011287507,0.756883259962915,0.796419507866398,-0.416428649433891,-0.135962069060475,-0.0247411626405223,-0.314012775301545,0.082906105558388,-1.41229140468304,-0.34196587835462,1.29148053419773,0.937368213326437,-0.1555961886108,-0.0445734002443183,-0.741918245459386,-1.62956752949562,-0.28831349479732,0.859274288109913,1.24678870278565,0.834006018360537,-0.113860786417039,-0.0909846830221019,-0.759253601238671,-1.20392045663452,0.981304034653986,1.0679306225773,0.931614843665804,-0.650039470011399,-0.245217625196333,-0.0330109162638679,-0.639535815693025,-1.2263086449194,-1.47909877630812,-0.899119463109996,0.990111280309114,1.17550008551579,0,-0.0930309953194633,-0.481588184154324,-0.984477210668762,-1.12171262543579,-1.26160056962335,0.754289828035795,1.03090454285591,-0.0998707974396848,-0.0692112518235939,0.0739739549704533,0.902704617098525,0.0255710898531705,-0.707831402641512,0.802782297954812,0.650872024724607,-0.202993708003753,-0.0191459895266863,0.728815661816031,1.02856038592245,0.93422270303842,0.904845870642121,0.902147329875462,0.134038605163402,-0.177318504788345
"1256",0,-0.346763866306412,-0.961306196837854,-0.583228111394567,0.108774140810285,-0.455954039378794,-0.416428649433891,-0.152330326501244,-0.0247411626405223,-0.640995384823577,-1.93416775881521,1.06960504576937,1.13345756693153,-0.0550390494789284,-0.540830462877054,-0.1555961886108,-0.0445734002443183,-0.741918245459386,-0.0997517932053001,1.56338145586488,1.43333321492626,0.135422042612768,-0.574697546273115,-0.113860786417039,-0.0382639442739243,-0.759253601238671,-1.53139249135053,0.133929793970413,1.00657188464015,0.867584711348771,-0.650039470011399,-0.048236570436645,-0.0330109162638679,-0.639535815693025,-1.2263086449194,-0.835255779562232,0.950766487281889,1.1603029827845,-0.258062014696678,0,-0.0930309953194633,-0.481588184154324,-0.830535908145318,0.12058311326144,0.907460216154614,1.27008134505226,1.48802964908957,-0.0998707974396848,-0.0692112518235939,-0.410266899197836,0.0230723224817513,1.19219966462977,1.16729496510292,1.14027554013895,2.47453550505952,5.94507179709886,-0.0191459895266863,-0.303642030474405,-0.97315070217934,-0.673923054752843,0.112658392690295,1.24589991284416,2.42146025904347,3.32320982313382
"1257",0,-0.346763866306412,-1.17387929654563,-1.80692127285517,0.551737763681986,-0.992685559626734,-0.416428649433891,-0.135962069060475,-0.0247411626405223,-0.640995384823577,-1.56742705620183,0.821415400724128,-0.241389487985588,-1.40155863315559,-0.540830462877054,-0.1555961886108,-0.0445734002443183,-0.741918245459386,0.0702277330491799,0.721701932836606,-1.18029468333559,-1.29347794903808,-0.574697546273115,-0.113860786417039,-0.0382639442739243,0.205761381295462,0.924647769019562,-1.2218689911233,-1.53432688309958,-1.00206438689492,-0.650039470011399,-0.048236570436645,-0.0330109162638679,1.21576130976901,1.122068982994,-0.352373532002817,-0.0582622129318667,0.0530109814949435,-0.831486854781667,0,-0.0930309953194633,1.20000300386236,1.3246423271829,1.36287885195866,0.79760607467327,1.09815083938011,0.733116375485292,-0.0998707974396848,-0.0692112518235939,-0.410266899197836,0.0230723224817513,0.516071572242357,-0.332806129092624,0.634035676862745,1.66401840268845,-0.202993708003753,-0.0191459895266863,-0.303642030474405,-1.17332181098952,-0.903658163008738,0.508752131666208,1.07402362135981,0.946889884802112,-0.177318504788345
"1258",0,-0.346763866306412,-1.17387929654563,-2.73929503423606,0.76233675693548,1.86988254836228,0.463522826674285,-0.197551016045169,-0.0247411626405223,-0.640995384823577,-1.75079740750852,-0.171343179456834,1.13345756693153,1.51729567043176,0.746475088986022,-0.1555961886108,-0.0445734002443183,0.122165329449593,0.58016631181262,1.56338145586488,1.43333321492626,1.24678870278565,0.834006018360537,-0.113860786417039,-0.0382639442739243,2.45746300720844,1.08838378637757,0.303404642107127,-0.10507132624598,1.36852100217096,0.990313915099158,-0.048236570436645,-0.0330109162638679,-0.33031962811602,-0.586899955103205,-1.47909877630812,0.109909237103759,1.1603029827845,0.315362825388311,0,-0.0930309953194633,-0.481588184154324,-1.15599594989621,-1.12171262543579,0.63920556357353,1.27008134505226,-0.340470775845071,-0.0998707974396848,-0.0692112518235939,-0.410266899197836,-1.38433934890509,-0.980390380714182,0.604757054779594,0.971528919046879,-0.564903628832,-0.202993708003753,-0.0191459895266863,-0.303642030474405,-1.17332181098952,-2.7415390290559,-0.679529085261532,1.58965249581285,0.3980732394761,-0.177318504788345
"1259",0,-0.346763866306412,-0.529018754917424,0.326853227655732,-0.0141201640255688,-0.992685559626734,-0.416428649433891,-0.150767285701083,-0.0247411626405223,-0.640995384823577,-0.283834597054994,0.802064520812431,1.13345756693153,0.449905794399818,-0.540830462877054,-0.159574683725708,-0.0445734002443183,-0.741918245459386,0.7501458380671,0.89003783744226,-0.853591196052854,1.08802203704667,0.270524592507076,-0.113860786417039,-0.0382639442739243,-0.43758194039396,1.08838378637757,-0.0355450541663019,-1.53432688309958,0.19966965691918,1.26370614595092,-0.048236570436645,-0.0330109162638679,0.597328934614995,1.17147394189133,-1.31813802712165,-1.73997671328813,-0.201230637018563,1.46221250555829,0,-0.0930309953194633,0.527366528655686,1.47858362970634,-1.12171262543579,-1.26160056962335,-0.277293205997144,1.7165922022064,-0.0998707974396848,-0.0692112518235939,0.558214809138742,1.25455753494524,0.0255710898531705,-0.145293492318181,0.971528919046879,0.44824274913184,0.0571416650492581,-0.0191459895266863,-0.303642030474405,-0.572808484558983,0.704487594782526,0.706799001154165,0.0427658724537265,-0.527680489439249,-0.177318504788345
"1260",0,-0.346763866306412,-0.529018754917424,0.0578262499066152,0.994701386553687,0.854278625099019,0.463522826674285,-0.135962069060475,-0.0247411626405223,-0.640995384823577,-0.620978544661716,-0.419532824502074,0.0795836774414227,1.29148053419773,1.9228339974621,-0.1555961886108,-0.0445734002443183,-0.741918245459386,-1.62956752949562,-1.12999301782559,-1.18029468333559,1.24678870278565,2.25396926998274,-0.113860786417039,-0.0382639442739243,-0.759253601238671,-1.53139249135053,-1.2218689911233,-0.422683672213447,1.36852100217096,2.35727506935795,-0.048236570436645,-0.0330109162638679,0.28811274703799,0.372213079621086,1.09627321067543,0.950766487281889,1.1603029827845,0.8887876654733,0,-0.0930309953194633,2.88159419187904,0.862818419612568,0.431157047935746,1.27280760797249,0.238498311019326,-0.797595882078731,-0.0998707974396848,-0.0692112518235939,-0.410266899197836,-1.20841288998173,0.997761568833671,0.979782328328481,-1.55967039733413,-0.767532904424768,-0.202993708003753,-0.0191459895266863,-0.303642030474405,-0.172466266938626,0.704487594782526,-1.2736696937254,-1.1603681679367,-0.388822436089751,-0.125518001519884
"1261",0,-0.346763866306412,-1.17387929654563,0.0578262499066152,0.330255952246136,-0.992685559626734,-0.416428649433891,0.0475175050856995,-0.0247411626405223,-0.640995384823577,-1.20068635358845,1.06960504576937,1.13345756693153,0.113275898480654,-0.540830462877054,-0.1555961886108,-0.111531751188364,-0.741918245459386,-1.28960847698666,1.56338145586488,-0.200184221487392,0.929255371307683,-0.574697546273115,-0.113860786417039,-0.0382639442739243,0.527433042140173,-1.04018443927651,0.642354338380556,-0.422683672213447,0.19966965691918,0.716921684247398,-0.048236570436645,-0.0330109162638679,1.83419368492302,0.495382989402834,-0.996216528748704,0.950766487281889,0.479536172882967,0.789216908811958,0,-0.0930309953194633,-0.481588184154324,1.17070102465946,-0.34527778875002,-1.10320005852361,0.987718977644696,1.03090454285591,-0.0998707974396848,-0.0692112518235939,-0.410266899197836,0.374925240328461,0.803323473037571,0.604757054779594,1.14027554013895,-0.362274353239232,-0.202993708003753,-0.0191459895266863,-0.303642030474405,-1.17332181098952,0.245017378270736,0.904845870642121,-0.129110419030621,-0.527680489439249,-0.177318504788345
"1262",0,-0.346763866306412,0.330795300586854,-0.874547511474277,0.108774140810285,1.86988254836228,3.10337725499881,-0.135962069060475,-0.0247411626405223,-0.314012775301545,0.999757862091843,0.961114040112778,1.13345756693153,1.12316558623815,0.937368213326437,-0.1555961886108,-0.0445734002443183,2.13836033757054,1.09010489057606,0.0483583144139882,-1.01694293969422,-0.734560737853571,-0.574697546273115,-0.113860786417039,-0.0382639442739243,1.81411968551902,1.08838378637757,-0.0355450541663019,-1.37552071011585,-1.3031392155474,-0.650039470011399,-0.049335153206293,-0.0330109162638679,-0.639535815693025,0.212360907167038,1.09627321067543,0.278080687139385,-1.56276425682162,-0.831486854781667,0,-0.0930309953194633,-1.00039639870763,-0.984477210668762,0.12058311326144,1.27280760797249,-0.793084723013613,-0.797595882078731,-0.0998707974396848,-0.0692112518235939,-0.410266899197836,-0.504707054288313,0.803323473037571,0.792269691554037,-1.39092377624206,-0.767532904424768,-0.202993708003753,-0.0912709356995593,-0.166979746242322,0.628218168302089,0.704487594782526,-1.66976343270132,-1.1603681679367,-0.527680489439249,-0.177318504788345
"1263",0,-0.346763866306412,-0.529018754917424,0.290919690251838,0.773219575117836,1.86988254836228,2.89681580016552,2.64618713514716,-0.0247411626405223,-0.640995384823577,-0.100464245748303,1.06960504576937,0.501133233237465,0.786535690318983,2.16920044349601,0.822837501932791,-0.0445734002443183,-0.741918245459386,0.24020725930366,1.56338145586488,0.616574496719437,0.453922935761947,-0.574697546273115,-0.113860786417039,-0.0382639442739243,-0.437633313410042,-0.876448421918504,0.876795470099734,1.00657188464015,1.20154223856357,-0.376647239159639,-0.048236570436645,-0.0330109162638679,-0.639535815693025,-1.2263086449194,-1.15717727793518,0.446252137175011,1.1603029827845,-0.544774434739172,0,-0.0930309953194633,-0.481588184154324,-0.984477210668762,-1.12171262543579,-0.311197503024907,1.27008134505226,-0.797595882078731,-0.0998707974396848,-0.0692112518235939,-0.410266899197836,-1.38433934890509,-0.94661938912733,0.979782328328481,0.424329768408395,-0.767532904424768,-0.206043712145111,-0.0191459895266863,-0.303642030474405,-0.572808484558983,0.93422270303842,-0.481482215773575,-1.1603681679367,-0.527680489439249,-0.177318504788345
"1264",0,-0.402879068356457,-1.17387929654563,-2.21126114595245,0.330255952246136,0.259687987618459,-0.416428649433891,-0.135962069060475,-0.0247411626405223,-0.640995384823577,-1.93416775881521,-0.667722469547314,0.922682789033507,-0.89661378927684,-0.540830462877054,-0.1555961886108,-0.0152492710856271,-1.08041347522874,-1.28960847698666,1.22670964665357,0.453222753078071,-1.29347794903808,-0.574697546273115,-0.113860786417039,-0.0382639442739243,-0.759253601238671,0.59717573430355,0.642354338380556,-1.21671453713211,-0.301266633903012,-0.650039470011399,-0.048236570436645,-0.0330109162638679,1.83419368492302,1.17147394189133,-1.15717727793518,0.614423587210637,0.819919577833732,-0.831486854781667,0,12.272245394612,4.56318537989573,1.47858362970634,1.36287885195866,1.67440630188061,0.582359322363638,-0.797595882078731,-0.0998707974396848,3.74986562380231,1.52669651747532,0.0230723224817513,0.0255710898531705,1.16729496510292,-0.378444049689659,-0.767532904424768,-0.202993708003753,1.33518166973968,-0.303642030474405,-1.17332181098952,-1.59286348777642,0.904845870642121,-0.129110419030621,-0.527680489439249,-0.177318504788345
"1265",0,-0.0404144679171043,0.797884289722258,0.990200011287507,0.994701386553687,0.259687987618459,-0.416428649433891,-0.135962069060475,-0.0247411626405223,0.057468738684083,0.816387510785152,0.0768464655884069,0.922682789033507,1.14120785215571,-0.540830462877054,-0.1555961886108,-0.0445734002443183,-0.741918245459386,-1.28960847698666,-1.12999301782559,0.289871009436705,0.929255371307683,-0.574697546273115,-0.113860786417039,-0.0382639442739243,-0.759253601238671,-1.92615139986772,-1.56081868739673,0.847765711656421,0.032690893311783,-0.650039470011399,-0.048236570436645,-0.0330109162638679,-0.639535815693025,-0.427047782649156,0.613390963116015,0.950766487281889,0.0323287741689834,0.8887876654733,0,-0.0930309953194633,1.20000300386236,1.47858362970634,1.36287885195866,0.95600658577301,-0.105362700324987,-0.340470775845071,-0.0998707974396848,-0.0692112518235939,-0.410266899197836,0.858907756039161,1.19219966462977,0.0178700175223236,-0.771136041020629,-0.767532904424768,-0.202993708003753,-0.0191459895266863,-0.303642030474405,1.02856038592245,0.245017378270736,-1.86781030218927,-1.1603681679367,-0.527680489439249,-0.214288186163804
"1266",0,-0.346763866306412,-0.314065241041354,0.757106570942284,0.994701386553687,1.86988254836228,4.27664588980972,13.7747839519777,-0.064995348517452,-0.640995384823577,-1.56742705620183,-0.915912114592555,-0.552740656252641,-0.559983893357675,2.66193333556384,8.65030702628152,-0.0445734002443183,-0.741918245459386,-2.41125495486575,-1.12999301782559,-1.18029468333559,-0.499644620343163,3.65141314762784,4.50252433346203,-0.0382639442739243,-0.914741984061088,-1.53139249135053,-1.56081868739673,-1.05790836414838,1.03456347495617,1.53709837680268,-0.048236570436645,-0.0330109162638679,-0.639535815693025,-0.906604300011301,0.935312461488958,0.950766487281889,1.1603029827845,1.46221250555829,0,-0.0930309953194633,-0.481588184154324,-0.52265330309843,0.275870080598593,1.27280760797249,-0.793084723013613,-0.797595882078731,-0.0998707974396848,-0.0692112518235939,-0.410266899197836,-1.38433934890509,0.220009185649271,0.604757054779594,-1.55967039733413,-0.767532904424768,-0.202993708003753,-0.0191459895266863,-0.303642030474405,-0.172466266938626,0.0199592312880285,-1.66976343270132,-1.1603681679367,-0.527680489439249,-0.177318504788345
"1267",0,-0.346763866306412,-0.958925782669563,-0.874547511474277,0.551737763681986,0.438598494367772,-0.416428649433891,-0.135962069060475,-0.0247411626405223,1.64788288183065,0.999757862091843,0.821415400724128,-0.131191100456599,-0.0737312619053393,-0.540830462877054,-0.1555961886108,-0.0445734002443183,3.29047177078251,1.34523933343021,-0.793321208614283,-1.18029468333559,-1.29347794903808,-0.574697546273115,-0.113860786417039,-0.0382639442739243,0.527433042140173,0.760911751661556,-0.205019902303017,-1.53432688309958,-1.3031392155474,-0.650039470011399,-0.048236570436645,-0.0330109162638679,-0.639535815693025,-0.906604300011301,0.613390963116015,0.109909237103759,-1.56276425682162,-0.831486854781667,0,-0.0930309953194633,-0.481588184154324,-0.984477210668762,0.229315235592983,0.0224788967964111,-0.277293205997144,-0.797595882078731,-0.0998707974396848,-0.0692112518235939,-0.410266899197836,-1.03248643105838,0.608885377241471,0.0422191444562627,1.14027554013895,-0.767532904424768,-0.202993708003753,-0.0191459895266863,-0.303642030474405,-1.17332181098952,0.245017378270736,0.112658392690295,0.730271038391115,-0.281918760399022,-0.177318504788345
"1268",0,-0.133559682896722,-1.17387929654563,-1.80692127285517,0.330255952246136,-0.992685559626734,-0.416428649433891,-0.135962069060475,-0.0247411626405223,-0.640995384823577,-2.12850612797597,0.325036110633647,-0.34196587835462,-1.40155863315559,-0.540830462877054,-0.1555961886108,-0.0445734002443183,-0.741918245459386,-0.9496494244777,1.39504555125922,-0.853591196052854,-0.975944617560112,0.552265305433806,-0.113860786417039,-0.0598124768661009,-0.43758194039396,0.924647769019562,-0.543969598576446,-1.53432688309958,0.19966965691918,2.0838828385062,0.138856988673696,-0.0330109162638679,2.45262606007703,1.33132611434538,0.0549757889056568,-0.226433662967493,1.1603029827845,0.315362825388311,0,-0.0930309953194633,1.54053802899381,0.862818419612568,0.741730982610052,1.27280760797249,0.582359322363638,-0.797595882078731,-0.0998707974396848,-0.0692112518235939,-0.410266899197836,-1.38433934890509,-1.52993367651563,1.16729496510292,-0.32392051639943,-0.767532904424768,-0.202993708003753,-0.0191459895266863,-0.303642030474405,-1.17332181098952,-1.59286348777642,0.904845870642121,-0.644739293483662,-0.527680489439249,-0.177318504788345
"1269",0,-0.346763866306412,-1.17387929654563,-2.04001471320039,0.108774140810285,-0.992685559626734,-0.416428649433891,-0.135962069060475,-0.0247411626405223,-0.640995384823577,-1.93416775881521,-0.0625944892603548,-0.34196587835462,-1.233243685196,-0.294464016843139,-0.1555961886108,-0.0445734002443183,-0.741918245459386,-1.11962895073218,1.56338145586488,-0.690239452411488,0.294188708351751,1.397487444214,-0.113860786417039,-0.0382639442739243,-0.43758194039396,0.480145579973745,0.133929793970413,-1.37552071011585,1.36852100217096,0.17013722254388,-0.048236570436645,-0.0330109162638679,1.83419368492302,1.33132611434538,0.613390963116015,0.446252137175011,1.1603029827845,-0.258062014696678,0,0.0825575690241221,0.527366528655686,-0.0608293955280974,0.12058311326144,1.27280760797249,0.926220333707951,-0.340470775845071,-0.0998707974396848,-0.0692112518235939,-0.410266899197836,-1.38433934890509,-1.52993367651563,1.16729496510292,-1.22217715515,-0.767532904424768,-0.202993708003753,-0.0191459895266863,-0.303642030474405,-1.17332181098952,-2.05233370428821,0.310705262178251,-1.1603681679367,-0.527680489439249,-0.177318504788345
"1270",0,-0.561815892903522,-1.25828142520297,-0.641454071129054,0.961255539952757,0.975330014615711,-0.416428649433891,-0.135962069060475,-0.0247411626405223,-1.07124581076581,-0.833945650975067,0.821415400724128,0.290358455339444,0.703431993013945,0.937368213326437,-0.1555961886108,-0.0445734002443183,-0.741918245459386,1.09010489057606,0.29827041505985,-1.18029468333559,0.135422042612768,2.80619100884765,0.175186282428189,-0.0382639442739243,0.849104702984884,1.08838378637757,-1.05239414298659,-1.93965508798564,0.032690893311783,1.53709837680268,-0.048236570436645,-0.0330109162638679,0.597328934614995,1.33132611434538,-1.47909877630812,-1.73997671328813,-0.0696611155167252,1.46221250555829,0,-0.0930309953194633,0.19104829105235,1.47858362970634,-0.0347038540757136,-1.26160056962335,0.582359322363638,0.34521688350542,-0.0998707974396848,-0.0692112518235939,-0.410266899197836,0.76079315365956,1.19219966462977,0.792269691554037,1.14027554013895,-0.564903628832,-0.202993708003753,-0.0191459895266863,-0.303642030474405,-1.36590820824421,-0.673923054752843,0.310705262178251,-0.129110419030621,-0.527680489439249,-0.177318504788345
"1271",0,-0.346763866306412,-1.17387929654563,-1.80692127285517,0.773219575117836,1.15424052136502,-0.416428649433891,-0.135962069060475,-0.0247411626405223,-0.640995384823577,-1.93416775881521,-0.419532824502074,1.13345756693153,0.954850638278565,-0.540830462877054,-0.1555961886108,-0.0445734002443183,-0.1658625288534,-0.0997517932053001,1.56338145586488,1.43333321492626,0.7704887055687,-0.574697546273115,-0.113860786417039,-0.0382639442739243,3.74414965058728,1.08838378637757,0.642354338380556,0.688959538672687,1.03456347495617,-0.650039470011399,-0.048236570436645,-0.0330109162638679,0.906545122192,0.691917424529183,-1.47909877630812,0.109909237103759,1.1603029827845,-0.831486854781667,0,0.0839446842664326,0.208308239910885,-0.984477210668762,-1.33428302688592,0.79760607467327,0.926220333707951,-0.797595882078731,-0.0998707974396848,-0.0692112518235939,-0.410266899197836,-1.38433934890509,-1.72437177231173,1.0093052740546,0.29654243467861,-0.767532904424768,-0.202993708003753,-0.0191459895266863,-0.303642030474405,-1.14478288024917,-1.83938590893925,0.197680892066823,0.0427658724537265,-0.527680489439249,-0.177318504788345
"1272",0,-0.346763866306412,0.115841786710785,0.757106570942284,0.994701386553687,1.86988254836228,1.55081354791627,-0.135962069060475,-0.0247411626405223,0.0129698342204877,0.999757862091843,-0.171343179456834,-0.763515434150662,1.39771896163266,3.40103267366559,2.77970488301997,-0.0152492710856271,-0.172536378327179,-0.0249704310358417,1.56338145586488,0.34578734204063,1.24678870278565,3.08793172177438,-0.113860786417039,-0.0382639442739243,-0.759253601238671,-0.712712404560498,0.303404642107127,1.00657188464015,0.700605947741373,-0.376647239159639,-0.048236570436645,-0.0330109162638679,-0.639535815693025,-1.2263086449194,-0.191412782816345,0.950766487281889,-0.881997446920094,-0.831486854781667,0,-0.0930309953194633,-0.481588184154324,-0.984477210668762,0.741730982610052,0.480805052473791,-1.48080674570224,-0.797595882078731,-0.0998707974396848,-0.0692112518235939,-0.410266899197836,-0.504707054288313,1.19219966462977,-1.0828566761904,-1.55967039733413,-0.767532904424768,-0.202993708003753,-0.0191459895266863,-0.169791226377541,0.828389277112268,0.474752486526631,-2.26390404116519,-1.1603681679367,-0.527680489439249,-0.177318504788345
"1273",0,-0.346763866306412,-0.314065241041354,0.757106570942284,-0.334189482061415,0.259687987618459,-0.416428649433891,-0.135962069060475,-0.0247411626405223,-0.640995384823577,-0.220663688455842,1.06960504576937,1.04085762825565,1.29148053419773,-0.294464016843139,-0.1555961886108,-0.0445734002443183,-0.741918245459386,-0.26973131945978,1.56338145586488,1.43333321492626,1.24678870278565,-0.574697546273115,-0.113860786417039,-0.0909846830221019,-0.759253601238671,-1.04018443927651,0.966249303383264,1.00657188464015,0.366648420526578,-0.376647239159639,-0.048236570436645,-0.0330109162638679,-0.639535815693025,0.372213079621086,1.09627321067543,0.950766487281889,-0.881997446920094,-0.831486854781667,0,-0.0930309953194633,0.527366528655686,1.47858362970634,1.05230491728436,1.11440709687275,0.410428816691482,-0.797595882078731,-0.0998707974396848,-0.0692112518235939,0.255340766698963,1.25455753494524,0.220009185649271,0.604757054779594,0.971528919046879,-0.767532904424768,-0.202993708003753,-0.0191459895266863,-0.303642030474405,-0.172466266938626,0.245017378270736,0.904845870642121,0.214642163938074,-0.527680489439249,-0.177318504788345
"1274",0,-0.346763866306412,0.115841786710785,-0.388678978778278,0.773219575117836,1.51206153486365,0.17020566797156,-0.135962069060475,-0.0247411626405223,1.97486549135268,0.44964680817177,0.0768464655884069,-0.085636664173531,-0.728298841317257,-0.294464016843139,-0.1555961886108,-0.0445734002443183,2.13836033757054,0.58016631181262,0.216694219019643,0.481457584166824,-1.29347794903808,-0.639057683636689,-0.113860786417039,-0.0382639442739243,-0.115910279549249,0.269703699587538,0.981304034653986,1.00657188464015,-0.46824539751041,-0.650039470011399,-0.048236570436645,-0.0539306280597664,-0.639535815693025,-1.2263086449194,-1.47909877630812,-0.562776563038745,0.479536172882967,-0.831486854781667,0,-0.0930309953194633,-0.481588184154324,-0.984477210668762,-1.12171262543579,-1.10320005852361,0.754289828035795,-0.797595882078731,-0.0998707974396848,-0.0692112518235939,-0.410266899197836,-1.38433934890509,-1.72437177231173,-0.145293492318181,0.465289055770677,-0.767532904424768,-0.202993708003753,-0.0191459895266863,-0.303642030474405,0.42804705949191,0.0152822700148413,-0.283435346285619,-0.988491876452356,-0.527680489439249,-0.177318504788345
"1275",0,-0.346763866306412,0.760702328338993,0.772029548691316,0.773219575117836,-0.0981330258801679,-0.416428649433891,-0.135962069060475,-0.0247411626405223,0.122792451628031,0.816387510785152,0.573225755678888,1.30571741674903,0.113275898480654,-0.540830462877054,-0.1555961886108,-0.0445734002443183,-0.741918245459386,-0.77966989822322,-0.961657113219938,0.943277984002168,0.294188708351751,-0.574697546273115,-0.113860786417039,-0.0382639442739243,-0.759253601238671,-1.83356020268331,-1.56081868739673,0.530153365688954,-0.134287870295615,-0.650039470011399,-0.048236570436645,-0.0330109162638679,-0.639535815693025,-1.2263086449194,-0.191412782816345,0.446252137175011,-1.56276425682162,-0.831486854781667,0,-0.0930309953194633,-0.481588184154324,-0.274695528629728,1.20759188462151,-0.152796991925168,-1.30887624003008,-0.797595882078731,-0.0998707974396848,-0.0692112518235939,-0.410266899197836,0.767335189932209,1.50821040347465,1.16729496510292,0.971528919046879,-0.767532904424768,-0.202993708003753,-0.0191459895266863,-0.303642030474405,1.4289026035428,0.93422270303842,0.112658392690295,0.902147329875462,-0.527680489439249,-0.177318504788345
"1276",0,-0.346763866306412,-1.34509041978296,-1.34073439216472,0.551737763681986,1.86988254836228,1.93010862018791,-0.135962069060475,-0.0247411626405223,-0.640995384823577,-1.20068635358845,0.325036110633647,-0.552740656252641,1.29148053419773,1.67646755142818,-0.1555961886108,-0.0445734002443183,-0.741918245459386,-1.62956752949562,-1.12999301782559,-1.18029468333559,1.08802203704667,1.11574673128727,-0.0224129693868692,-0.0382639442739243,-0.759253601238671,-1.53139249135053,-0.71344444671316,-0.10507132624598,1.36852100217096,1.81049060765444,-0.048236570436645,-0.0966656094424419,-0.639535815693025,0.372213079621086,1.09627321067543,0.950766487281889,0.990111280309114,0.315362825388311,0,-0.0930309953194633,-0.145269946550987,0.400994512042235,-0.655851723424326,0.79760607467327,-0.277293205997144,-0.797595882078731,-0.0998707974396848,-0.0692112518235939,-0.410266899197836,-1.3100181085504,-1.72437177231173,1.16729496510292,-1.22217715515,-0.767532904424768,-0.202993708003753,-0.0191459895266863,-0.303642030474405,-1.17332181098952,-0.903658163008738,-0.481482215773575,-1.1603681679367,-0.527680489439249,-0.177318504788345
"1277",0,-0.346763866306412,0.50424511852868,0.0578262499066152,0.458705149426435,1.51206153486365,1.96730880285262,-0.135962069060475,-0.0247411626405223,0.0129698342204877,-0.307859841953677,0.0768464655884069,0.290358455339444,1.29148053419773,2.41556688952993,0.11548151382672,-0.0445734002443183,-0.741918245459386,-1.62956752949562,-1.12999301782559,-0.690239452411488,1.24678870278565,0.834006018360537,-0.113860786417039,-0.0909846830221019,-0.759253601238671,-1.04018443927651,-0.374494750439731,0.847765711656421,0.867584711348771,-0.650039470011399,-0.048236570436645,-0.0330109162638679,-0.639535815693025,1.17147394189133,1.09627321067543,0.950766487281889,1.1603029827845,0.315362825388311,0,-0.0930309953194633,-0.481588184154324,-0.830535908145318,1.20759188462151,0.164004030274312,-1.48080674570224,-0.797595882078731,-0.0998707974396848,-0.0692112518235939,-0.410266899197836,0.374925240328461,0.803323473037571,-1.83290722328817,-1.55967039733413,-0.767532904424768,-0.202993708003753,-0.0191459895266863,-0.303642030474405,0.828389277112268,-0.600172710507385,-2.26390404116519,-1.1603681679367,-0.527680489439249,-0.177318504788345
"1278",0,-0.346763866306412,-1.17387929654563,-1.57382783250995,-1.66308035067652,-0.813775052877421,-0.416428649433891,-0.0654248665805534,-0.0247411626405223,-0.640995384823577,-1.93416775881521,0.573225755678888,-0.552740656252641,0.618220742359401,-0.540830462877054,-0.1555961886108,-0.0445734002443183,-0.741918245459386,-0.9496494244777,0.590642941854386,-0.526887708770123,0.611722039829717,-0.574697546273115,-0.113860786417039,-0.0382639442739243,-0.759253601238671,0.433439716945544,-0.71344444671316,-0.422683672213447,0.19966965691918,-0.650039470011399,-0.049335153206293,-0.0330109162638679,-0.0211034405390152,0.696010914257372,-0.835255779562232,0.446252137175011,1.1603029827845,-0.535933979399592,0,0.944124327538853,2.88159419187904,1.47858362970634,1.36287885195866,1.27280760797249,0.410428816691482,-0.569033328961901,-0.0998707974396848,-0.0692112518235939,2.01093737164361,-0.328780595364958,-0.55774319753513,0.979782328328481,-1.55967039733413,-0.767532904424768,-0.202993708003753,-0.0191459895266863,-0.303642030474405,-1.17332181098952,-1.13339327126463,-0.877575954749489,-1.1603681679367,-0.527680489439249,-0.177318504788345
"1279",0,-0.346763866306412,-1.22411341344978,-2.50620159389084,0.773219575117836,0.438598494367772,-0.416428649433891,-0.135962069060475,-0.0247411626405223,-0.640995384823577,-1.7377186232832,-2.405049984864,0.632666568202205,-0.649220678849706,-0.540830462877054,-0.1555961886108,-0.0445734002443183,-0.741918245459386,-1.62956752949562,0.0483583144139882,1.43333321492626,-0.658411286082146,-0.574697546273115,-0.113860786417039,-0.0382639442739243,-0.43758194039396,-0.385240369844486,1.1507788827907,0.847765711656421,1.20154223856357,-0.10325500830788,-0.048236570436645,0.356090986917858,2.76184224765403,1.33132611434538,1.09627321067543,0.446252137175011,1.9449054680875,0.602075245430805,0,0.670191027823547,1.87263947906903,0.862818419612568,0.741730982610052,0.95600658577301,1.27008134505226,0.34521688350542,-0.0998707974396848,-0.0692112518235939,-0.410266899197836,-1.38433934890509,-1.91880986810783,0.604757054779594,0.971528919046879,-0.767532904424768,-0.202993708003753,-0.0912709356995593,-0.303642030474405,-1.17332181098952,-1.82259859603232,0.904845870642121,0.558394746906768,-0.527680489439249,-0.226835624198426
"1280",0,-0.346763866306412,-0.529018754917424,-0.175267190438608,0.551737763681986,0.975330014615711,1.93010862018791,3.57357020321637,-0.0247411626405223,-0.640995384823577,-1.38405670489514,-0.915912114592555,-0.552740656252641,0.281590846440236,3.40103267366559,5.71500595465075,-0.0445734002443183,-0.719211999457826,-1.62956752949562,-1.12999301782559,-1.18029468333559,0.7704887055687,1.96096887006746,-0.113860786417039,-0.0382639442739243,-0.759253601238671,-1.53139249135053,-1.05239414298659,0.212541019721487,1.36852100217096,1.81049060765444,-0.048236570436645,-0.0330109162638679,-0.639535815693025,-1.2263086449194,0.291469464743071,0.950766487281889,-0.201230637018563,0.0286504053458163,0,-0.0930309953194633,-0.481588184154324,-0.984477210668762,0.431157047935746,0.79760607467327,-1.48080674570224,-0.797595882078731,-0.257068775467301,-0.0692112518235939,-0.410266899197836,-1.20841288998173,1.19219966462977,-1.27036931296484,-1.55967039733413,-0.767532904424768,-0.202993708003753,-0.0191459895266863,-0.303642030474405,-0.172466266938626,-0.535604533476226,-2.26390404116519,-1.1603681679367,-0.527680489439249,-0.177318504788345
"1281",0,-0.346763866306412,-1.41038954905639,-2.73929503423606,0.291360485015499,0.259687987618459,-0.416428649433891,-0.135962069060475,-0.0247411626405223,-0.640995384823577,-1.93416775881521,-1.90867069477352,0.922682789033507,0.0931421377883864,-0.540830462877054,-0.1555961886108,-0.0445734002443183,-0.741918245459386,-1.62956752949562,0.733100081647195,-0.200184221487392,0.135422042612768,-0.292956833346385,-0.113860786417039,-0.0382639442739243,-0.759253601238671,-0.22150435248648,0.472879490243842,-1.53432688309958,1.03456347495617,0.17013722254388,-0.048236570436645,-0.0330109162638679,0.28811274703799,1.33132611434538,-0.14891507795687,-1.40363381321687,1.1603029827845,-0.831486854781667,0,-0.0930309953194633,1.20000300386236,1.47858362970634,1.36287885195866,0.79760607467327,1.27008134505226,-0.354202590220691,-0.0998707974396848,-0.0692112518235939,-0.410266899197836,-1.20841288998173,-0.55774319753513,0.41724441800515,0.802782297954812,-0.362274353239232,-0.202993708003753,-0.0191459895266863,-0.303642030474405,-1.17332181098952,-2.7415390290559,-0.481482215773575,0.558394746906768,-0.527680489439249,-0.177318504788345
"1282",0,-0.346763866306412,-0.529018754917424,0.140323666100682,0.773219575117836,-0.634864546128108,-0.416428649433891,-0.135962069060475,-0.064995348517452,-0.640995384823577,0.633017159478461,-0.419532824502074,-2.23893887943681,-1.40155863315559,-0.540830462877054,-0.1555961886108,-0.0445734002443183,0.410193187752585,0.7501458380671,-0.394850641911308,-1.18029468333559,-1.29347794903808,-0.574697546273115,-0.113860786417039,-0.0382639442739243,0.547820320482067,0.105967682229532,-1.56081868739673,-1.53432688309958,-1.2169043941881,-0.650039470011399,-0.048236570436645,-0.0330109162638679,1.83419368492302,0.212360907167038,-0.191412782816345,-0.0582622129318667,-0.371422339493946,-0.544774434739172,0,-0.0930309953194633,0.863684766259023,1.47858362970634,1.05230491728436,-0.311197503024907,0.383845952456494,1.48802964908957,-0.0998707974396848,-0.0692112518235939,0.558214809138742,1.25455753494524,-0.16886700594293,-0.895344039415955,0.258677828328252,1.46138912709568,-0.202993708003753,-0.0191459895266863,-0.303642030474405,-0.572808484558983,0.245017378270736,0.904845870642121,0.730271038391115,-0.281918760399022,-0.177318504788345
"1283",0,-0.346763866306412,0.037500838786821,0.757106570942284,-1.05612115757386,-0.992685559626734,-0.416428649433891,-0.103876885545046,-0.0247411626405223,-0.640995384823577,-0.467204948361685,1.06960504576937,-2.02816410153879,-1.40155863315559,-0.540830462877054,-0.1555961886108,-0.0445734002443183,-0.741918245459386,0.7501458380671,1.05837374204791,-1.3949961934463,-1.29347794903808,-0.574697546273115,-0.113860786417039,-0.0382639442739243,0.205761381295462,1.08838378637757,0.133929793970413,-0.899102191164647,-0.802202924725205,-0.650039470011399,-0.048236570436645,-0.0330109162638679,1.83419368492302,1.33132611434538,1.09627321067543,-0.0104607937208569,1.1603029827845,0.602075245430805,0,-0.0930309953194633,2.20895771667237,1.48851556106625,-0.189990821412867,-0.627998525224387,0.926220333707951,1.03090454285591,0.0954679317210669,-0.0692112518235939,2.01093737164361,1.43048399386859,0.220009185649271,0.138088763433299,1.14027554013895,0.245613473539072,-0.202993708003753,-0.0191459895266863,-0.303642030474405,0.027704841871553,0.704487594782526,1.12516153789114,0.144490190105982,-0.527680489439249,-0.177318504788345
"1284",0,-0.346763866306412,-0.958925782669563,-0.26168886399716,0.994701386553687,-0.455954039378794,-0.416428649433891,-0.135962069060475,-0.0247411626405223,-0.640995384823577,-0.650575299668376,-0.171343179456834,-0.552740656252641,0.618220742359401,-0.540830462877054,-0.1555961886108,-0.0445734002443183,-0.1658625288534,0.7501458380671,-0.961657113219938,-0.997125252178382,0.929255371307683,-0.292956833346385,-0.113860786417039,-0.0382639442739243,0.527433042140173,0.760911751661556,-1.56081868739673,-1.53432688309958,0.533627184133976,0.845198632519327,-0.048236570436645,-0.0330109162638679,0.28811274703799,0.851769596983231,-1.47909877630812,-1.73997671328813,-0.711805744444711,1.46221250555829,0,-0.0930309953194633,-0.481588184154324,1.01675972213601,-0.500564756087173,-1.26160056962335,0.0665678053471691,0.80234198973908,-0.0998707974396848,-0.0692112518235939,-0.410266899197836,0.374925240328461,0.608885377241471,-0.332806129092624,0.802782297954812,-0.564903628832,-0.202993708003753,-0.0912709356995593,-0.303642030474405,-0.97315070217934,-0.673923054752843,0.508752131666208,-0.129110419030621,-0.527680489439249,-0.31123176916679
"1285",0,-0.346763866306412,-0.314065241041354,0.990200011287507,-1.44159853924067,-0.992685559626734,-0.416428649433891,-0.135962069060475,-0.0247411626405223,-0.640995384823577,-0.283834597054994,1.06960504576937,-1.81738932364077,-1.40155863315559,-0.540830462877054,-0.1555961886108,-0.0445734002443183,-0.741918245459386,0.24020725930366,1.05837374204791,-1.18029468333559,-1.29347794903808,-0.574697546273115,-0.113860786417039,-0.0382639442739243,-0.759253601238671,0.269703699587538,0.472879490243842,-1.53432688309958,-1.00481114868189,-0.650039470011399,-0.048236570436645,-0.0539306280597664,-0.639535815693025,1.17147394189133,0.935312461488958,0.446252137175011,0.479536172882967,0.602075245430805,0,-0.0930309953194633,-0.481588184154324,1.01675972213601,1.36287885195866,1.11440709687275,0.410428816691482,2.63084241467372,10.0092732545106,-0.0692112518235939,-0.410266899197836,0.726778158175171,1.19219966462977,-0.145293492318181,0.802782297954812,2.27190622946675,2.25623249403729,-0.0191459895266863,-0.303642030474405,-0.172466266938626,0.704487594782526,0.904845870642121,1.07402362135981,-0.0361570313587953,-0.177318504788345
"1286",0,-0.346763866306412,-0.529018754917424,-0.408360630783831,0.551737763681986,0.799549756691097,0.17020566797156,-0.135962069060475,-0.0318401196839718,-0.314012775301545,0.816387510785152,-0.171343179456834,-0.552740656252641,1.29148053419773,0.444635321258607,-0.1555961886108,-0.0445734002443183,-0.741918245459386,-0.77966989822322,-1.12999301782559,0.12651926579534,0.611722039829717,-0.574697546273115,-0.113860786417039,-0.0382639442739243,-0.759253601238671,-1.53139249135053,-1.56081868739673,0.847765711656421,-0.969181688332602,-0.650039470011399,-0.048236570436645,-0.0330109162638679,-0.639535815693025,-1.2263086449194,-1.47909877630812,0.950766487281889,-0.371422339493946,-0.831486854781667,0,-0.0930309953194633,-0.481588184154324,-0.984477210668762,-1.12171262543579,0.164004030274312,1.27008134505226,0.34521688350542,-0.0998707974396848,-0.0692112518235939,-0.410266899197836,-1.20841288998173,-1.14105748492343,-0.707831402641512,1.14027554013895,0.216246220047438,-0.202993708003753,-0.0912709356995593,-0.303642030474405,-0.772979593369162,0.93422270303842,0.203086234321831,0.0427658724537265,-0.527680489439249,-0.177318504788345
"1287",0,-0.346763866306412,-0.958925782669563,0.757106570942284,0.994701386553687,1.86988254836228,3.98332873110699,-0.135962069060475,-0.0247411626405223,-0.640995384823577,-1.93416775881521,-0.915912114592555,-0.552740656252641,0.954850638278565,1.9228339974621,-0.1555961886108,-0.111531751188364,-0.741918245459386,-1.62956752949562,-1.12999301782559,-0.526887708770123,1.08802203704667,-0.292956833346385,-0.113860786417039,-0.0382639442739243,-0.759253601238671,-1.53139249135053,-1.05239414298659,0.37134719270522,0.700605947741373,-0.10325500830788,-0.048236570436645,-0.0330109162638679,-0.0211034405390152,0.691917424529183,1.09627321067543,0.950766487281889,0.819919577833732,1.17550008551579,0,-0.0930309953194633,0.527366528655686,-0.0353159335855991,0.275870080598593,0.322404541374051,-0.709211251821499,-0.378103807354704,-0.0998707974396848,-0.0692112518235939,-0.410266899197836,-1.38433934890509,0.166480157350347,-0.707831402641512,-1.55967039733413,-0.767532904424768,-0.202993708003753,-0.0191459895266863,-0.303642030474405,-0.772979593369162,0.93422270303842,-1.86781030218927,-1.1603681679367,-0.527680489439249,-0.177318504788345
"1288",0,-0.346763866306412,0.115841786710785,0.0578262499066152,0.994701386553687,1.86988254836228,2.22342577889064,-0.135962069060475,-0.0247411626405223,-0.640995384823577,0.266276456865079,-1.66048104972828,-2.02816410153879,0.954850638278565,1.9228339974621,-0.1555961886108,-0.0445734002443183,-0.741918245459386,-1.62956752949562,-0.793321208614283,0.779926240360802,0.611722039829717,0.260289122745473,-0.113860786417039,-0.0382639442739243,-0.759253601238671,-0.876448421918504,0.981304034653986,0.688959538672687,-1.13616045194,-0.650039470011399,-0.048236570436645,-0.0330109162638679,-0.639535815693025,-0.746728453533574,0.613390963116015,0.950766487281889,-0.201230637018563,-0.831486854781667,0,-0.0930309953194633,-0.481588184154324,-0.984477210668762,-1.12171262543579,-0.944799547423866,1.27008134505226,-0.569033328961901,-0.0998707974396848,-0.0692112518235939,-0.410266899197836,-0.680633513211668,-0.36330510173903,0.41724441800515,0.634035676862745,-0.767532904424768,-0.202993708003753,-0.0191459895266863,-0.303642030474405,0.227875950681732,0.474752486526631,-0.877575954749489,-0.988491876452356,-0.527680489439249,-0.177318504788345
"1289",0,-0.346763866306412,-0.0991117271652847,0.524013130597061,0.994701386553687,0.438598494367772,-0.416428649433891,-0.135962069060475,-0.0247411626405223,0.33995244374252,0.999757862091843,0.573225755678888,0.922682789033507,1.12316558623815,-0.540830462877054,-0.1555961886108,-0.0445734002443183,-0.741918245459386,-0.26973131945978,-0.624985304008629,1.10662972764353,0.452955374090734,-0.574697546273115,-0.113860786417039,-0.0382639442739243,-0.759253601238671,-1.53139249135053,-0.0355450541663019,0.847765711656421,-0.802202924725205,-0.650039470011399,-0.048236570436645,-0.0539306280597664,-0.639535815693025,-0.746752127557253,0.935312461488958,-0.394605113003119,-1.56276425682162,-0.831486854781667,0,-0.0930309953194633,-0.481588184154324,0.554935814565679,1.05230491728436,-1.10320005852361,-1.48080674570224,-0.797595882078731,-0.0998707974396848,-0.0692112518235939,-0.410266899197836,1.43048399386859,0.608885377241471,-1.0828566761904,0.0263012110502633,0.853501300317375,-0.202993708003753,-0.0191459895266863,-0.303642030474405,-0.172466266938626,0.474752486526631,0.706799001154165,0.902147329875462,0.209604697681432,-0.177318504788345
"1290",0,-0.346763866306412,0.545748814462924,-0.641454071129054,0.773219575117836,0.975330014615711,-0.416428649433891,-0.135962069060475,-0.0247411626405223,2.30184810087471,0.816387510785152,0.821415400724128,-1.39583976784473,1.12316558623815,-0.156922644260856,-0.1555961886108,-0.0445734002443183,1.56230462096456,-0.0997517932053001,-1.12999301782559,0.12651926579534,0.611722039829717,-0.574697546273115,-0.113860786417039,-0.0382639442739243,-0.115910279549249,0.760911751661556,0.303404642107127,0.688959538672687,-0.969181688332602,-0.650039470011399,-0.048236570436645,-0.0539306280597664,-0.639535815693025,0.532065252075134,1.09627321067543,-0.562776563038745,-1.56276425682162,-0.831486854781667,0,-0.0930309953194633,-0.481588184154324,1.17070102465946,-0.811138690761479,0.79760607467327,-0.4492237116693,-0.797595882078731,-0.0998707974396848,-0.0692112518235939,0.558214809138742,0.726778158175171,-1.72437177231173,-0.332806129092624,0.465289055770677,-0.767532904424768,-0.202993708003753,-0.0191459895266863,-0.303642030474405,0.383927565305408,-0.0652470901681603,0.508752131666208,-0.300986710514968,-0.527680489439249,-0.177318504788345
"1291",0,0.767805440878689,1.19060935609113,0.290919690251838,0.994701386553687,-0.813775052877421,-0.416428649433891,-0.215803347400542,-0.0247411626405223,0.33995244374252,0.999757862091843,-1.66048104972828,-1.39583976784473,-0.728298841317257,-0.294464016843139,-0.245144759032027,-0.0445734002443183,0.698221046055578,0.951518857632431,-0.624985304008629,-0.526887708770123,-1.29347794903808,-0.574697546273115,-0.113860786417039,-0.0382639442739243,0.327891164006442,0.924647769019562,0.472879490243842,0.530153365688954,1.20154223856357,-0.10325500830788,-0.048236570436645,-0.0330109162638679,-0.317175312802074,-1.2263086449194,-1.47909877630812,-1.73997671328813,0.139152767932202,1.46221250555829,0,-0.0930309953194633,-0.481588184154324,-0.984477210668762,-1.12171262543579,-1.26160056962335,0.238498311019326,1.03090454285591,-0.0998707974396848,-0.0692112518235939,0.558214809138742,0.0230723224817513,-0.55774319753513,-0.895344039415955,0.671839518038482,0.245613473539072,-0.202993708003753,-0.0191459895266863,-0.303642030474405,0.42804705949191,0.0152822700148413,0.904845870642121,0.902147329875462,-0.527680489439249,-0.177318504788345
"1292",0,-0.346763866306412,-0.958925782669563,0.290919690251838,-1.88456216211237,-0.992685559626734,-0.416428649433891,-0.135962069060475,-0.0247411626405223,-0.738289269358648,0.082906105558388,0.325036110633647,-2.23893887943681,-1.40155863315559,-0.540830462877054,-0.1555961886108,-0.0445734002443183,-0.741918245459386,0.7501458380671,-0.28831349479732,-1.18029468333559,-1.20075512670796,-0.574697546273115,-0.113860786417039,-0.0382639442739243,-0.759253601238671,1.08838378637757,-1.56081868739673,-1.53432688309958,-1.3031392155474,-0.650039470011399,-0.048236570436645,-0.0330109162638679,-0.0211034405390152,1.33132611434538,1.09627321067543,0.950766487281889,0.990111280309114,0.315362825388311,0,-0.0930309953194633,-0.145269946550987,1.47858362970634,0.431157047935746,-0.627998525224387,-0.105362700324987,2.17371730844006,-0.0998707974396848,-0.0692112518235939,-0.410266899197836,0.374925240328461,0.608885377241471,-1.64539458651373,-0.715937291873794,2.06927695387398,-0.202993708003753,-0.0191459895266863,-0.303642030474405,-1.17332181098952,0.245017378270736,0.904845870642121,1.58965249581285,1.43841334288257,-0.177318504788345
"1293",0,-0.346763866306412,-0.958925782669563,-0.175267190438608,0.551737763681986,-0.455954039378794,-0.416428649433891,-0.135962069060475,-0.0247411626405223,-0.640995384823577,-0.833945650975067,1.06960504576937,-0.428784203145477,-1.06492873723642,-0.540830462877054,-0.1555961886108,-0.0445734002443183,-0.741918245459386,0.58016631181262,0.721701932836606,-1.18029468333559,-1.29347794903808,-0.574697546273115,-0.113860786417039,-0.0382639442739243,-0.43758194039396,0.760911751661556,-0.0355450541663019,-1.05790836414838,-1.3031392155474,-0.650039470011399,-0.049335153206293,-0.0308394736466229,1.21576130976901,1.29866039284443,0.701941760895926,0.782595037246263,-0.371422339493946,-0.831486854781667,0,-0.0930309953194633,0.863684766259023,1.47858362970634,0.586444015272899,-0.152796991925168,0.28237466938208,0.57377943662225,-0.0998707974396848,-0.150602725609756,-0.410266899197836,0.726778158175171,0.803323473037571,-0.707831402641512,0.29654243467861,1.01919411523168,-0.202993708003753,-0.115134277125818,-0.303642030474405,-0.572808484558983,-0.236112862196079,0.904845870642121,1.4177762043285,0.946889884802112,-0.177318504788345
"1294",0,-0.346763866306412,-0.958925782669563,0.0578262499066152,0.773219575117836,-0.813775052877421,-0.416428649433891,-0.135962069060475,-0.0247411626405223,-0.640995384823577,-0.100464245748303,1.58842519580298,1.13345756693153,-1.40155863315559,-0.540830462877054,-0.1555961886108,-0.0445734002443183,0.122165329449593,1.09010489057606,1.39504555125922,0.453222753078071,-1.54665576435477,-0.574697546273115,-0.113860786417039,0.0960485539139038,1.17077636382959,1.08838378637757,0.981304034653986,0.847765711656421,-0.969181688332602,-0.650039470011399,-0.048236570436645,-0.0330109162638679,-0.639535815693025,-0.586899955103205,-1.15717727793518,0.614423587210637,0.990111280309114,-0.544774434739172,0,-0.0930309953194633,-0.481588184154324,-0.984477210668762,-1.12171262543579,-0.786399036324126,1.09815083938011,0.34521688350542,-0.0998707974396848,-0.0692112518235939,-0.410266899197836,-1.03248643105838,0.803323473037571,0.467486760516798,1.11383999025187,0.245613473539072,-0.202993708003753,-0.0191459895266863,-0.303642030474405,-1.17332181098952,0.704487594782526,0.904845870642121,1.07402362135981,-0.281918760399022,-0.177318504788345
"1295",0,7.45522128398929,1.78370087326306,0.990200011287507,-0.501281253343018,-0.0981330258801679,-0.416428649433891,-0.0821972703902835,-0.0247411626405223,-0.314012775301545,-0.467204948361685,-0.915912114592555,0.922682789033507,0.540848155652703,-0.540830462877054,-0.1555961886108,-0.0445734002443183,-0.741918245459386,-1.62956752949562,-0.624985304008629,1.2699814712849,-0.201359590860238,-0.574697546273115,-0.113860786417039,-0.0382639442739243,-0.759253601238671,-1.53139249135053,0.303404642107127,0.530153365688954,-0.635224161117807,-0.208213431405803,-0.048236570436645,-0.0330109162638679,-0.639535815693025,0.0525087347129891,1.09627321067543,0.950766487281889,1.1603029827845,-0.124539767439965,0,-0.0930309953194633,-0.481588184154324,1.01675972213601,1.05230491728436,0.00560351917457189,-0.793084723013613,-0.340470775845071,-0.0998707974396848,-0.0692112518235939,2.01093737164361,0.600997260525831,-1.14105748492343,-1.83290722328817,-1.55967039733413,-0.767532904424768,-0.202993708003753,-0.0191459895266863,6.92356181555865,1.22873149473262,-2.7415390290559,-2.26390404116519,-0.975874966357549,-0.527680489439249,-0.177318504788345
"1296",0,-0.346763866306412,1.19060935609113,0.390228273458612,0.994701386553687,1.69097204161296,0.17020566797156,-0.389898324385219,-0.064995348517452,-0.640995384823577,0.633017159478461,-0.0156597007363751,-1.39583976784473,-0.728298841317257,-0.180183685349882,-0.390208266172612,-0.0445734002443183,-0.741918245459386,0.7501458380671,0.385030123625297,-1.18029468333559,-1.29347794903808,-0.574697546273115,-0.113860786417039,-0.0382639442739243,-0.43758194039396,0.329327315588777,0.716468427771329,0.212541019721487,-1.13616045194,-0.650039470011399,-0.048236570436645,-0.0330109162638679,-0.268297035142385,-0.746752127557253,-0.835255779562232,0.614423587210637,-0.371422339493946,-0.831486854781667,0,-0.0930309953194633,-0.481588184154324,-0.984477210668762,-1.12171262543579,-0.311197503024907,0.582359322363638,-0.797595882078731,-0.0998707974396848,-0.0692112518235939,0.558214809138742,0.198998781405106,-1.52993367651563,0.792269691554037,0.29654243467861,-0.767532904424768,-0.202993708003753,-0.0191459895266863,0.0631635750528515,1.82924482116316,0.93422270303842,0.706799001154165,-0.644739293483662,-0.527680489439249,-0.177318504788345
"1297",0,-0.346763866306412,-0.0991117271652847,0.0578262499066152,0.551737763681986,-0.455954039378794,-0.585660564232247,-0.135962069060475,-0.064995348517452,-0.640995384823577,-0.283834597054994,-0.419532824502074,-0.763515434150662,0.502690592843001,-0.540830462877054,-0.1555961886108,-0.0445734002443183,-0.741918245459386,-0.916687204021468,-0.755133067185186,-0.200184221487392,1.08802203704667,-0.574697546273115,-0.113860786417039,-0.0382639442739243,-0.699173184298427,-1.36765647399252,-0.71344444671316,0.847765711656421,-0.134287870295615,-0.650039470011399,-0.048236570436645,-0.0330109162638679,-0.639535815693025,-0.906604300011301,0.774351712302486,0.950766487281889,-1.39257255434624,-0.831486854781667,0,-0.0930309953194633,-0.481588184154324,-0.984477210668762,-1.12171262543579,0.00560351917457189,0.754289828035795,-0.569033328961901,-0.0998707974396848,-0.0692112518235939,-0.410266899197836,-0.680633513211668,-1.72437177231173,-1.64539458651373,0.127795813586543,0.853501300317375,-0.202993708003753,-0.0191459895266863,-0.303642030474405,0.227875950681732,0.247219471381555,0.904845870642121,1.07402362135981,1.19265161384234,-0.177318504788345
"1298",0,-0.346763866306412,0.975655842215063,0.990200011287507,-1.22011672780482,-1.43036016990508,-0.416428649433891,-0.135962069060475,-0.0247411626405223,1.64788288183065,0.999757862091843,-0.915912114592555,1.13345756693153,-0.559983893357675,-0.540830462877054,-0.1555961886108,0.301372696359349,2.42638819587353,1.09010489057606,-1.12999301782559,-0.200184221487392,0.929255371307683,0.270524592507076,-0.113860786417039,-0.0382639442739243,2.06138116851135,0.433439716945544,-1.56081868739673,-1.53432688309958,0.533627184133976,1.61672822591157,-0.048236570436645,-0.0330109162638679,3.07105843523104,0.691917424529183,-1.47909877630812,-1.73997671328813,-0.201230637018563,2.60906218572827,0,-0.0930309953194633,1.87263947906903,1.3246423271829,-0.966425658098632,-1.26160056962335,0.754289828035795,1.7165922022064,-0.0998707974396848,-0.0692112518235939,-0.410266899197836,1.43048399386859,-0.36330510173903,0.0422191444562627,0.971528919046879,-0.159645077646464,-0.142790079883151,-0.0191459895266863,-0.303642030474405,0.828389277112268,0.93422270303842,0.706799001154165,-0.644739293483662,-0.527680489439249,-0.177318504788345
"1299",0,-0.346763866306412,-0.314065241041354,0.0578262499066152,-0.998634916368966,-0.992685559626734,-0.416428649433891,-0.135962069060475,-0.0247411626405223,0.0129698342204877,0.44964680817177,1.06960504576937,1.13345756693153,-0.391668945398093,-0.540830462877054,-0.1555961886108,-0.0445734002443183,0.879010404071806,1.09010489057606,-0.624985304008629,-0.363535965128757,1.08802203704667,-0.574697546273115,-0.113860786417039,-0.0382639442739243,1.81411968551902,0.59717573430355,-1.55776966896508,-1.53432688309958,0.533627184133976,0.244267355386401,-0.048236570436645,-0.0330109162638679,1.33528480158273,0.691917424529183,-1.47909877630812,-1.73997671328813,-0.201230637018563,0.315362825388311,0,-0.0930309953194633,1.20000300386236,0.554935814565679,-0.521252288856032,-0.724185426945043,0.0665678053471691,0.34521688350542,-0.0998707974396848,-0.00632550421711474,0.0739739549704533,1.25455753494524,0.608885377241471,0.604757054779594,1.14027554013895,-0.159645077646464,-0.202993708003753,-0.0191459895266863,-0.303642030474405,-0.172466266938626,0.474752486526631,0.904845870642121,0.558394746906768,0.0775844099226618,-0.177318504788345
"1300",0,-0.346763866306412,-0.0991117271652847,0.990200011287507,0.773219575117836,0.0807774808691453,-0.341333432808488,-0.135962069060475,-0.0247411626405223,-0.640995384823577,-0.283834597054994,0.821415400724128,0.501133233237465,0.281590846440236,-0.540830462877054,-0.1555961886108,-0.0445734002443183,-0.741918245459386,0.24020725930366,1.39504555125922,0.616574496719437,-0.658411286082146,-0.574697546273115,-0.152877645520518,-0.0382639442739243,-0.759253601238671,-1.20392045663452,0.388414061097727,0.709998037839662,1.36852100217096,-0.10325500830788,-0.048236570436645,-0.0330109162638679,-0.639535815693025,-1.2263086449194,-1.47909877630812,-0.960145484839101,-0.371422339493946,2.03563734564328,0,-0.0930309953194633,-0.481588184154324,-0.984477210668762,-1.12171262543579,-1.26160056962335,-0.793084723013613,2.17371730844006,-0.0998707974396848,-0.0692112518235939,-0.410266899197836,0.902704617098525,0.220009185649271,-0.332806129092624,0.802782297954812,1.46138912709568,-0.202993708003753,-0.0191459895266863,-0.303642030474405,-0.372637375748804,0.456439327950465,0.706799001154165,1.4177762043285,0.455366426721658,-0.177318504788345
"1301",0,-0.346763866306412,-0.0991117271652847,0.290919690251838,0.551737763681986,-0.0981330258801679,-0.416428649433891,-0.135962069060475,-0.0247411626405223,0.993917662786584,0.999757862091843,0.0768464655884069,0.290358455339444,1.29148053419773,-0.540830462877054,-0.1555961886108,-0.0445734002443183,-0.453890387156393,-0.524680853804383,-1.12999301782559,0.616574496719437,0.929255371307683,-0.574697546273115,-0.113860786417039,-0.0382639442739243,-0.759253601238671,-1.53139249135053,-0.0355450541663019,1.00657188464015,-0.635224161117807,-0.881841259704091,-0.048236570436645,-0.0330109162638679,-0.639535815693025,-0.906604300011301,1.09627321067543,0.950766487281889,-0.0310389345431809,-0.544774434739172,0,-0.271059630680801,-1.05662683878723,-0.984477210668762,-0.655851723424326,-0.469598014124647,1.27008134505226,0.80234198973908,-0.0998707974396848,-0.0692112518235939,-0.616563442890988,-1.03248643105838,-1.14105748492343,-0.145293492318181,0.71179031478432,0.245613473539072,-0.162777725465397,-0.0191459895266863,-0.303642030474405,-0.172466266938626,0.245017378270736,0.508752131666208,-0.129110419030621,-0.527680489439249,-0.177318504788345
"1302",0,-0.346763866306412,-1.17387929654563,-2.50620159389084,0.330255952246136,0.796419507866398,-0.416428649433891,-0.135962069060475,-0.0247411626405223,-0.640995384823577,-1.93416775881521,-0.419532824502074,0.922682789033507,-0.89661378927684,-0.540830462877054,-0.1555961886108,-0.0445734002443183,-0.741918245459386,-0.43971084571426,1.56338145586488,-0.200184221487392,-1.13471128329909,3.36967243470111,2.19433177352249,-0.0382639442739243,0.205761381295462,1.08838378637757,-0.205019902303017,-1.53432688309958,0.19966965691918,3.45084399276499,-0.048236570436645,-0.0330109162638679,3.68949081038505,1.33132611434538,1.09627321067543,0.182932555194277,1.1603029827845,2.03563734564328,0,-0.0930309953194633,1.5363212414657,0.465879853978727,0.0127862335914716,1.27280760797249,1.09230409930597,0.57377943662225,-0.0998707974396848,-0.0692112518235939,-0.410266899197836,-1.38433934890509,-1.91880986810783,0.792269691554037,0.465289055770677,-0.767532904424768,-0.202993708003753,-0.0191459895266863,-0.358122573947316,-1.17332181098952,-2.28206881254411,0.706799001154165,-0.644739293483662,-0.527680489439249,-0.146647074313797
"1303",0,0.767805440878689,1.19060935609113,0.990200011287507,0.551737763681986,0.438598494367772,-0.416428649433891,-0.135962069060475,-0.0318401196839718,-0.314012775301545,0.999757862091843,0.821415400724128,-0.154944199172449,1.12316558623815,0.198268875224692,-0.1555961886108,-0.0445734002443183,-0.1658625288534,1.09010489057606,0.553366028230951,-1.18029468333559,-0.975944617560112,-0.067897473904811,-0.113860786417039,0.0648763477579032,0.849104702984884,1.08838378637757,-0.205019902303017,-1.21671453713211,-1.3031392155474,-0.650039470011399,-0.048236570436645,-0.0330109162638679,0.28811274703799,0.437379281019706,1.09627321067543,0.782595037246263,-1.05218914939548,-0.831486854781667,0,-0.0930309953194633,-0.481588184154324,-0.676594605621874,-0.500564756087173,0.370337109189591,0.410428816691482,-0.797595882078731,0.0785261595758304,-0.0692112518235939,-0.410266899197836,-0.328780595364958,-0.36330510173903,0.979782328328481,0.29654243467861,-0.767532904424768,-0.202993708003753,-0.0191459895266863,-0.303642030474405,1.4289026035428,1.27412796877086,0.904845870642121,-0.300986710514968,-0.527680489439249,-0.177318504788345
"1304",0,-0.346763866306412,1.19060935609113,0.990200011287507,0.994701386553687,0.617509001117085,-0.416428649433891,-0.135962069060475,-0.0247411626405223,-0.640995384823577,-0.100464245748303,-0.915912114592555,0.290358455339444,0.449905794399818,-0.540830462877054,-0.1555961886108,-0.0445734002443183,-0.741918245459386,-1.62956752949562,-1.12999301782559,0.779926240360802,0.00474771218098705,-0.574697546273115,-0.113860786417039,-0.0382639442739243,-0.759253601238671,-0.22150435248648,0.642354338380556,1.00657188464015,-0.301266633903012,-0.650039470011399,-0.048236570436645,-0.0330109162638679,-0.639535815693025,-0.107343437741059,0.774351712302486,0.614423587210637,0.649727875358349,0.8887876654733,0,-0.0930309953194633,-0.532757545952591,-0.860294775605557,0.897017949947205,-0.786399036324126,-1.48080674570224,-0.797595882078731,-0.0998707974396848,-0.0692112518235939,-0.410266899197836,-0.328780595364958,0.997761568833671,-1.83290722328817,-1.55967039733413,-0.767532904424768,-0.217541197845684,-0.0191459895266863,-0.134951717100752,1.02856038592245,-0.444187946496948,-2.26390404116519,-1.1603681679367,-0.527680489439249,-0.177318504788345
"1305",0,-0.346763866306412,-0.958925782669563,-0.175267190438608,-2.10604397354822,-0.992685559626734,-0.416428649433891,10.0652516797009,-0.0247411626405223,-0.640995384823577,-1.01731600228176,1.06960504576937,-1.60661454574275,-1.40155863315559,1.18373465936035,14.5209091695431,-0.0445734002443183,-0.741918245459386,-0.26973131945978,1.56338145586488,-0.758052680624543,-1.13471128329909,3.65141314762784,8.13855014433943,-0.0382639442739243,-0.759253601238671,-0.22150435248648,1.1507788827907,-0.263877499229713,0.867584711348771,2.63066730020971,-0.048236570436645,-0.0330109162638679,-0.639535815693025,-0.107343437741059,1.09627321067543,0.194888840860801,1.1603029827845,0.8887876654733,0,-0.0930309953194633,-0.481588184154324,-0.984477210668762,-0.500564756087173,1.26536991193682,0.582359322363638,-0.797595882078731,-0.0998707974396848,-0.0692112518235939,-0.410266899197836,-1.38433934890509,-0.75218129333123,0.792269691554037,-1.55967039733413,-0.767532904424768,-0.202993708003753,-0.0191459895266863,-0.303642030474405,-0.772979593369162,0.704487594782526,-1.07562282423745,-1.1603681679367,-0.527680489439249,-0.177318504788345
"1306",0,-0.346763866306412,-0.529018754917424,-0.874547511474277,-0.334189482061415,1.15424052136502,3.98332873110699,-0.135962069060475,-0.0247411626405223,-0.640995384823577,-0.467204948361685,-0.419532824502074,-0.34196587835462,1.12316558623815,2.96661740166623,-0.1555961886108,-0.0445734002443183,-0.741918245459386,-1.62956752949562,-1.19026036443553,-0.363535965128757,1.24678870278565,0.834006018360537,-0.113860786417039,-0.0909846830221019,-0.759253601238671,-1.53139249135053,-0.71344444671316,0.530153365688954,1.03456347495617,0.17013722254388,-0.048236570436645,-0.0330109162638679,-0.639535815693025,-0.586899955103205,0.774351712302486,0.950766487281889,1.1603029827845,0.602075245430805,0,-0.0930309953194633,-0.481588184154324,-0.984477210668762,0.586444015272899,0.63920556357353,-1.30887624003008,-0.797595882078731,-0.0998707974396848,-0.0692112518235939,-0.410266899197836,-1.38433934890509,1.19219966462977,-0.299860597796556,-1.55967039733413,-0.767532904424768,-0.202993708003753,-0.0191459895266863,-0.303642030474405,-0.772979593369162,0.245017378270736,-2.26390404116519,-1.1603681679367,-0.269844338979248,-0.177318504788345
"1307",0,-0.346763866306412,-0.743972268793493,0.290919690251838,0.994701386553687,0.0807774808691453,-0.416428649433891,-0.135962069060475,-0.0247411626405223,-0.640995384823577,0.082906105558388,-0.419532824502074,-2.02816410153879,-1.40155863315559,-0.583036551740627,-0.1555961886108,-0.0445734002443183,-0.141394958785588,0.7501458380671,-0.961657113219938,-1.18029468333559,-1.29347794903808,-0.574697546273115,-0.140369096878668,-0.0382639442739243,-0.43758194039396,0.38051723168679,-1.56081868739673,-1.53432688309958,-1.3031392155474,-0.650039470011399,-0.048236570436645,-0.0330109162638679,-0.33031962811602,1.01162176943728,0.32834925262,-0.394605113003119,-1.22238085187086,-0.831486854781667,0,-0.0930309953194633,-0.481588184154324,1.3246423271829,0.897017949947205,0.00560351917457189,0.410428816691482,-0.569033328961901,-0.0998707974396848,-0.0692112518235939,-0.410266899197836,0.581376241396843,0.414447281445371,-1.83290722328817,-0.0409508075055244,0.650872024724607,-0.202993708003753,-0.0191459895266863,-0.303642030474405,-1.17332181098952,0.245017378270736,0.763241645772636,1.4177762043285,0.946889884802112,-0.177318504788345
"1308",0,-0.346763866306412,-0.958925782669563,0.0578262499066152,-2.10604397354822,-0.992685559626734,-0.416428649433891,-0.135962069060475,-0.0247411626405223,-0.640995384823577,-0.100464245748303,-0.915912114592555,-2.23893887943681,0.113275898480654,1.67646755142818,-0.1555961886108,-0.0445734002443183,-0.453890387156393,0.744942720027682,-0.961657113219938,-1.18029468333559,1.08802203704667,0.834006018360537,-0.113860786417039,-0.0382639442739243,0.231946182575594,1.08838378637757,-0.71344444671316,-0.0532100029554204,1.36852100217096,-0.10325500830788,-0.048236570436645,-0.0330109162638679,-0.0211034405390152,1.33132611434538,1.09627321067543,0.950766487281889,1.1603029827845,1.17550008551579,0,-0.0930309953194633,-0.481588184154324,-0.0608293955280974,0.431157047935746,1.27280760797249,-1.30887624003008,-0.797595882078731,-0.0998707974396848,-0.0692112518235939,-0.410266899197836,-1.38433934890509,-0.16886700594293,-0.0789142870617957,-1.55967039733413,-0.767532904424768,-0.33711029871284,-0.0191459895266863,-0.303642030474405,-1.17332181098952,0.474752486526631,-1.12324905609141,-1.1603681679367,-0.527680489439249,-0.177318504788345
"1309",0,-0.346763866306412,1.19060935609113,0.624343916187467,-0.777153104933116,-0.992685559626734,-0.752090663572199,-0.135962069060475,-0.0247411626405223,0.993917662786584,0.999757862091843,1.06960504576937,1.13345756693153,0.449905794399818,-0.540830462877054,-0.1555961886108,-0.0445734002443183,1.56230462096456,0.58016631181262,-0.793321208614283,0.289871009436705,1.24678870278565,0.270524592507076,-0.113860786417039,-0.0382639442739243,1.81411968551902,0.497754092630917,-1.56081868739673,-1.53432688309958,1.20154223856357,0.443529453395639,-0.0289053886115086,-0.0330109162638679,1.83419368492302,0.691917424529183,-1.47909877630812,-1.73997671328813,0.649727875358349,0.8887876654733,0,-0.0930309953194633,2.20895771667237,1.3246423271829,-1.12171262543579,-1.10320005852361,1.27008134505226,-0.111908222728241,-0.0998707974396848,-0.0692112518235939,1.52669651747532,1.43048399386859,0.803323473037571,1.16729496510292,-0.0409508075055244,-0.767532904424768,-0.202993708003753,-0.0191459895266863,-0.303642030474405,0.886952760015714,0.93422270303842,0.112658392690295,-1.1603681679367,-0.527680489439249,-0.177318504788345
"1310",0,-0.346763866306412,-1.17387929654563,-0.408360630783831,-0.112707670625565,-0.992685559626734,-0.416428649433891,-0.135962069060475,-0.064995348517452,-0.640995384823577,-1.93416775881521,1.213554906818,-0.552740656252641,-1.40155863315559,-0.540830462877054,-0.1555961886108,-0.111531751188364,-0.741918245459386,-1.27253828767066,1.56338145586488,-0.853591196052854,-1.29347794903808,-0.574697546273115,-0.120103795020854,-0.0382639442739243,-0.759253601238671,-0.548976387202492,-0.330041495588894,-1.53432688309958,-1.3031392155474,-0.650039470011399,-0.048236570436645,-0.0330109162638679,-0.639535815693025,0.451759061819613,1.23489280687659,0.950766487281889,0.0612957162742169,0.0286504053458163,0,-0.0930309953194633,0.19104829105235,1.17070102465946,1.36287885195866,-0.627998525224387,0.410428816691482,1.48802964908957,-0.0998707974396848,-0.0692112518235939,-0.410266899197836,-1.20841288998173,0.803323473037571,-0.707831402641512,0.465289055770677,1.66401840268845,-0.202993708003753,-0.0191459895266863,-0.303642030474405,-1.20682085080329,-0.673923054752843,0.904845870642121,1.24589991284416,0.455366426721658,-0.177318504788345
"1311",0,-0.346763866306412,-0.159812781883511,0.0578262499066152,-0.555671293497266,-0.992685559626734,-0.416428649433891,-0.0212629544644552,-0.0247411626405223,-0.640995384823577,0.44964680817177,0.325036110633647,0.711908011135486,0.113275898480654,-0.540830462877054,-0.1555961886108,-0.0445734002443183,-0.741918245459386,0.24020725930366,0.89003783744226,1.10662972764353,0.929255371307683,-0.574697546273115,-0.113860786417039,-0.0382639442739243,-0.759253601238671,-1.36765647399252,0.133929793970413,0.37134719270522,1.20154223856357,0.443529453395639,-0.048236570436645,-0.0677629935268027,-0.639535815693025,-1.2263086449194,-1.47909877630812,-1.73997671328813,0.309344470407584,1.74892492560078,0,-0.0930309953194633,-0.476186743762872,-0.984477210668762,-1.12171262543579,-1.26160056962335,0.0665678053471691,1.25946709597274,-0.0998707974396848,-0.0692112518235939,-0.410266899197836,-1.38433934890509,-1.91880986810783,-1.64539458651373,0.117921480781685,0.44824274913184,-0.202993708003753,-0.0191459895266863,-0.303642030474405,-0.172466266938626,0.0152822700148413,0.508752131666208,0.730271038391115,-0.281918760399022,-0.177318504788345
"1312",0,-0.346763866306412,-1.17387929654563,-0.33861343602788,-0.777153104933116,-0.992685559626734,-0.416428649433891,-0.135962069060475,-0.0247411626405223,-0.640995384823577,-1.20068635358845,1.06960504576937,0.178367734878191,-0.559983893357675,-0.540830462877054,-0.1555961886108,-0.0445734002443183,-0.889915015628561,-0.60969037196874,0.674030697139325,-0.526887708770123,1.08802203704667,-0.574697546273115,-0.113860786417039,-0.0382639442739243,-0.759253601238671,-0.371245302676659,-0.882919294849875,-1.23720448288589,1.03456347495617,0.443529453395639,-0.048236570436645,-0.0330109162638679,-0.639535815693025,0.313814921459349,-1.15717727793518,-1.73997671328813,0.788820031901331,0.8887876654733,0,-0.0930309953194633,0.337045615813689,1.17070102465946,-0.655851723424326,-0.627998525224387,1.27008134505226,0.34521688350542,-0.0998707974396848,-0.0692112518235939,-0.410266899197836,0.198998781405106,0.803323473037571,0.979782328328481,0.845521177834492,-0.564903628832,-0.202993708003753,-0.0191459895266863,-0.303642030474405,-0.97315070217934,-0.214452838241053,0.508752131666208,-0.472863001999315,-0.527680489439249,-0.177318504788345
"1313",0,-0.346763866306412,-0.314065241041354,0.155772132036252,-1.66308035067652,-0.992685559626734,-0.631567495454457,-0.135962069060475,-0.0247411626405223,0.0129698342204877,0.44964680817177,1.06960504576937,0.922682789033507,-0.503680928775177,-0.797819382083221,-0.1555961886108,-0.0445734002443183,1.85033247926755,1.09010489057606,-0.28831349479732,0.453222753078071,0.135422042612768,-0.574697546273115,-0.113860786417039,-0.0382639442739243,2.77913466805315,1.08838378637757,-1.39134383926002,-1.37552071011585,1.03456347495617,-0.376647239159639,-0.048236570436645,-0.0330109162638679,1.21576130976901,1.18077979238808,-0.996216528748704,-1.73997671328813,0.59547745159281,1.74892492560078,0,-0.0930309953194633,0.19104829105235,1.47858362970634,-0.811138690761479,-1.26160056962335,-0.621154217341457,1.7165922022064,0.158605098681899,-0.0692112518235939,-0.410266899197836,0.726778158175171,0.414447281445371,-0.332806129092624,0.971528919046879,0.786102677104868,-0.202993708003753,-0.0191459895266863,-0.303642030474405,-0.772979593369162,0.0152822700148413,0.310705262178251,0.388358786845802,-0.281918760399022,-0.177318504788345
"1314",0,-0.346763866306412,-0.958925782669563,0.0578262499066152,0.330255952246136,-0.484379508137067,-0.416428649433891,-0.135962069060475,-0.0247411626405223,-0.640995384823577,0.266276456865079,1.06960504576937,-0.131191100456599,-1.06492873723642,-0.540830462877054,-0.1555961886108,-0.0445734002443183,-0.1658625288534,1.09010489057606,0.0483583144139882,-1.18029468333559,-1.29347794903808,-0.518844427303819,-0.113860786417039,-0.0382639442739243,-0.43758194039396,1.08838378637757,0.472879490243842,-0.263877499229713,-0.969181688332602,-0.650039470011399,-0.048236570436645,-0.0330109162638679,-0.0211034405390152,1.33132611434538,0.613390963116015,0.446252137175011,0.819919577833732,-0.258062014696678,0,-0.0930309953194633,-0.481588184154324,1.01675972213601,-0.0347038540757136,-1.26160056962335,0.582359322363638,1.94515475532323,-0.0998707974396848,-0.117333759451902,-0.410266899197836,0.198998781405106,0.207359563417595,-0.707831402641512,0.971528919046879,1.82438175977319,-0.202993708003753,-0.0191459895266863,-0.303642030474405,-0.97315070217934,0.078004344680438,0.706799001154165,1.24589991284416,0.946889884802112,-0.177318504788345
"1315",0,-0.346763866306412,-1.17387929654563,0.0578262499066152,0.994701386553687,0.796419507866398,-0.416428649433891,-0.135962069060475,-0.0247411626405223,-0.640995384823577,-0.100464245748303,0.821415400724128,0.922682789033507,0.604798486205825,-0.540830462877054,-0.1555961886108,-0.0445734002443183,-0.741918245459386,-0.0997517932053001,-0.119977590191666,1.43333321492626,-0.182111288865197,-0.574697546273115,-0.113860786417039,-0.0382639442739243,-0.759253601238671,-1.53139249135053,-0.205019902303017,0.847765711656421,-0.802202924725205,-0.650039470011399,-0.048236570436645,-0.0330109162638679,-0.639535815693025,-0.427047782649156,1.09627321067543,-0.73094801307437,-1.56276425682162,-0.831486854781667,0,-0.0930309953194633,2.20895771667237,1.3246423271829,1.36287885195866,2.61573522996173,-1.48080674570224,-0.797595882078731,26.2682187315549,19.0261731263059,7.33758676749479,1.43048399386859,1.19219966462977,1.16729496510292,-0.547190670781726,-0.767532904424768,-0.202993708003753,52.2111134392735,3.82618873868734,-0.372637375748804,-0.673923054752843,0.904845870642121,0.730271038391115,-0.527680489439249,-0.177318504788345
"1316",0,0.767805440878689,0.876163617482058,0.0578262499066152,-0.112707670625565,-0.277043532629481,-0.416428649433891,-0.135962069060475,-0.0247411626405223,3.28279592944081,0.999757862091843,-0.171343179456834,0.922682789033507,0.622782206119869,-0.540830462877054,-0.1555961886108,-0.0445734002443183,0.122165329449593,-1.11962895073218,-0.624985304008629,1.43333321492626,0.452955374090734,-0.574697546273115,-0.113860786417039,-0.0382639442739243,-0.759253601238671,-1.36765647399252,0.642354338380556,1.00657188464015,-1.13616045194,-0.650039470011399,-0.048236570436645,-0.0330109162638679,-0.639535815693025,-1.2263086449194,-0.67429503037576,0.950766487281889,-0.371422339493946,-0.831486854781667,0,-0.0958914286758817,-0.481588184154324,-0.984477210668762,-0.0499700817556293,0.63920556357353,-0.272732149445524,-0.797595882078731,-0.225260289522496,-0.0692112518235939,-0.410266899197836,-1.38433934890509,0.121048006713345,1.16729496510292,-0.0409508075055244,-0.767532904424768,-0.202993708003753,-0.0191459895266863,-0.303642030474405,0.828389277112268,0.245017378270736,-0.877575954749489,-0.783392972962048,-0.209774363543061,-0.177318504788345
"1317",0,-0.346763866306412,0.115841786710785,0.990200011287507,0.994701386553687,1.33315102811434,1.63679146148519,-0.135962069060475,-0.0247411626405223,-0.640995384823577,0.633017159478461,0.0768464655884069,1.13345756693153,1.29148053419773,1.67646755142818,-0.0925265654271879,-0.0445734002443183,-0.741918245459386,-1.62956752949562,-1.12999301782559,-0.363535965128757,1.08802203704667,-0.292956833346385,-0.113860786417039,-0.0382639442739243,-0.759253601238671,-1.53139249135053,-0.882919294849875,0.212541019721487,1.03456347495617,0.135980857675685,-0.048236570436645,-0.0539306280597664,-0.639535815693025,-0.746752127557253,1.09627321067543,0.950766487281889,1.1603029827845,2.03563734564328,0,-0.0930309953194633,-0.481588184154324,-0.830535908145318,0.741730982610052,0.79760607467327,-0.793084723013613,-0.569033328961901,-0.0998707974396848,-0.0578598545614604,-0.410266899197836,-0.856559972135023,0.997761568833671,-0.895344039415955,-1.55967039733413,-0.597728879926806,-0.202993708003753,-0.0191459895266863,-0.303642030474405,0.433019982145357,0.704487594782526,-2.26390404116519,-1.1603681679367,-0.527680489439249,-0.177318504788345
"1318",0,-0.346763866306412,-0.465987353921153,0.211045764830111,0.551737763681986,1.11374573977207,1.34347430278246,-0.135962069060475,-0.0247411626405223,-0.640995384823577,-1.38405670489514,-0.171343179456834,-0.763515434150662,0.618220742359401,2.18110037237506,-0.1555961886108,-0.0445734002443183,-0.741918245459386,-1.62956752949562,-1.12999301782559,-1.18029468333559,0.727833848260366,2.52445029592092,-0.113860786417039,-0.0382639442739243,-0.43758194039396,-0.454112842371447,0.472879490243842,0.37134719270522,1.20154223856357,1.53709837680268,-0.048236570436645,-0.0330109162638679,-0.406225623240339,-0.107343437741059,-0.191412782816345,0.614423587210637,0.649727875358349,-0.544774434739172,0,-0.0930309953194633,-0.481588184154324,-0.984477210668762,-0.500564756087173,1.11440709687275,-1.13694573435793,-0.797595882078731,-0.0998707974396848,-0.0692112518235939,-0.410266899197836,-1.38433934890509,0.608885377241471,-0.473815073887599,-1.55967039733413,-0.930990530938019,-0.202993708003753,-0.0912709356995593,-0.303642030474405,-0.129077968885076,0.474752486526631,-1.86781030218927,-1.1603681679367,-0.527680489439249,-0.017921264321114
"1319",0,2.99694405524889,2.05042341159541,0.489054086720168,-0.112707670625565,1.15424052136502,1.11555915391487,0.0302979698807867,-0.0247411626405223,3.28279592944081,0.999757862091843,1.06960504576937,0.0648252221357506,0.327940181365881,0.937368213326437,-0.1555961886108,-0.0445734002443183,2.71441605417653,0.58016631181262,-1.12999301782559,-0.690239452411488,-0.658411286082146,-0.574697546273115,-0.113860786417039,-0.0382639442739243,0.205761381295462,0.924647769019562,0.642354338380556,-1.21671453713211,-1.3031392155474,-0.650039470011399,-0.048236570436645,-0.0330109162638679,-0.639535815693025,-0.427047782649156,0.935312461488958,0.109909237103759,-1.56276425682162,-0.831486854781667,0,-0.0930309953194633,-0.481588184154324,-0.984477210668762,-0.189990821412867,1.27280760797249,-0.96501522868577,-0.797595882078731,-0.129683705091645,-0.0692112518235939,-0.410266899197836,-0.504707054288313,0.414447281445371,1.16729496510292,-1.05343053405793,-0.767532904424768,-0.202993708003753,-0.0191459895266863,3.82618873868734,2.02941592997334,0.93422270303842,0.112658392690295,-1.1603681679367,-0.527680489439249,-0.0364989578847863
"1320",0,-0.346763866306412,-1.17387929654563,-1.1076409518195,-0.555671293497266,-0.992685559626734,-0.416428649433891,-0.135962069060475,-0.0247411626405223,-0.640995384823577,-1.20068635358845,0.821415400724128,-0.974290212048683,-1.40155863315559,-0.540830462877054,-0.1555961886108,-0.0445734002443183,-0.741918245459386,0.24020725930366,0.721701932836606,-0.508380053044948,-1.29347794903808,-0.574697546273115,-0.113860786417039,-0.0382639442739243,-0.43758194039396,1.08838378637757,0.811829186517271,0.37134719270522,-0.635224161117807,-0.650039470011399,-0.048236570436645,-0.0330109162638679,0.28811274703799,1.53947042157002,1.09627321067543,0.446252137175011,0.819919577833732,0.0286504053458163,0,-0.0930309953194633,-0.481588184154324,1.47858362970634,-0.189990821412867,-1.10320005852361,-0.105362700324987,1.23181938258942,-0.0998707974396848,-0.0692112518235939,-0.410266899197836,0.550851699251816,0.220009185649271,-1.64539458651373,-1.39092377624206,2.47453550505952,-0.202993708003753,-0.0191459895266863,-0.303642030474405,-0.772979593369162,-0.673923054752843,0.508752131666208,1.58965249581285,3.40450717520438,0.697813577192196
"1321",0,-0.346763866306412,-0.0991117271652847,0.990200011287507,0.994701386553687,1.86988254836228,1.34347430278246,-0.135962069060475,-0.0247411626405223,-0.640995384823577,-1.01731600228176,-0.419532824502074,0.0795836774414227,1.29148053419773,0.198268875224692,-0.1555961886108,-0.0445734002443183,-0.741918245459386,-1.62956752949562,-1.12999301782559,-0.0189217960489527,0.929255371307683,-0.574697546273115,-0.113860786417039,-0.0382639442739243,-0.759253601238671,-1.36765647399252,-0.882919294849875,0.505732596825997,0.544976227077468,-0.650039470011399,-0.048236570436645,-0.0330109162638679,-0.639535815693025,0.372213079621086,0.681793229291437,0.950766487281889,0.524723867534852,0.8887876654733,0,-0.0930309953194633,-0.481588184154324,-0.0608293955280974,1.05230491728436,0.79760607467327,-0.959831347465326,-0.111908222728241,-0.0998707974396848,-0.053012612373075,-0.410266899197836,-0.512037318488225,1.19219966462977,-0.707831402641512,-1.55967039733413,-0.767532904424768,-0.202993708003753,-0.0191459895266863,-0.303642030474405,0.175508112079392,0.474752486526631,-2.06585717167723,-1.1603681679367,-0.663086367232963,-0.177318504788345
"1322",0,-0.346763866306412,0.760702328338993,0.990200011287507,-1.66308035067652,-0.992685559626734,-0.416428649433891,-0.135962069060475,-0.0247411626405223,0.117688135468283,0.633017159478461,0.573225755678888,0.501133233237465,-0.223353997438511,-0.173100178189406,-0.1555961886108,-0.0445734002443183,0.410193187752585,0.92012536432158,0.89003783744226,1.43333321492626,1.24678870278565,0.834006018360537,-0.113860786417039,-0.0382639442739243,0.527433042140173,0.433439716945544,-0.374494750439731,-0.263877499229713,1.03456347495617,1.53709837680268,-0.048236570436645,-0.0330109162638679,1.52497749734601,0.691917424529183,-1.47909877630812,-1.69268404203235,0.479536172882967,1.46221250555829,0,-0.0930309953194633,1.20000300386236,1.01675972213601,-0.654219754784475,-1.26160056962335,0.754289828035795,1.03090454285591,-0.0998707974396848,-0.0692112518235939,0.558214809138742,1.43048399386859,0.414447281445371,0.979782328328481,1.14027554013895,0.245613473539072,-0.202993708003753,-0.0191459895266863,-0.303642030474405,0.628218168302089,0.474752486526631,0.112658392690295,0.214642163938074,-0.0600822610930519,-0.177318504788345
"1323",0,1.88237474806379,0.975655842215063,0.757106570942284,-0.777153104933116,-0.992685559626734,-0.416428649433891,-0.135962069060475,-0.0247411626405223,1.32090027230862,0.999757862091843,0.821415400724128,1.13345756693153,-0.0550390494789284,-0.540830462877054,-0.1555961886108,-0.0445734002443183,0.924903588044429,1.09010489057606,-0.28831349479732,0.30280453912581,1.24678870278565,0.0419100186297161,-0.113860786417039,-0.0382639442739243,0.527433042140173,1.08838378637757,0.472879490243842,0.704363856592018,1.36852100217096,0.716921684247398,-0.048236570436645,-0.0330109162638679,-0.639535815693025,-0.427047782649156,0.291469464743071,0.446252137175011,1.1603029827845,0.715213015169432,0,-0.102709984048623,-0.481588184154324,-0.984477210668762,-1.12171262543579,-1.10320005852361,1.27008134505226,1.03090454285591,-0.0998707974396848,-0.0692112518235939,-0.410266899197836,-1.03248643105838,-0.382266490715255,0.0422191444562627,1.14027554013895,0.289988494498912,-0.202993708003753,-0.0191459895266863,1.38102651082315,1.22873149473262,0.93422270303842,0.508752131666208,0.121047783728217,-0.527680489439249,-0.177318504788345
"1324",0,-0.346763866306412,-0.314065241041354,-0.0385137048785968,0.330255952246136,1.33315102811434,1.05015714407974,-0.135962069060475,-0.0247411626405223,-0.640995384823577,-0.283834597054994,0.821415400724128,-0.763515434150662,-0.728298841317257,-0.0480975708092236,-0.1555961886108,0.00107855268828527,0.122165329449593,0.7501458380671,0.385030123625297,-1.18029468333559,-1.29347794903808,-0.574697546273115,-0.113860786417039,-0.0382639442739243,0.849104702984884,1.08838378637757,1.1507788827907,0.530153365688954,-0.220295491011725,-0.650039470011399,-0.048236570436645,-0.0330109162638679,-0.555202748375646,-1.2263086449194,-1.15717727793518,-0.0582622129318667,0.990111280309114,-0.544774434739172,0,-0.0930309953194633,-0.481588184154324,-0.984477210668762,-1.12171262543579,-0.469598014124647,1.09815083938011,-0.569033328961901,-0.0998707974396848,-0.0692112518235939,-0.410266899197836,-1.20841288998173,-0.411459462615338,0.792269691554037,-0.547190670781726,-0.767532904424768,-0.202993708003753,-0.0191459895266863,-0.303642030474405,-0.772979593369162,0.93422270303842,-0.283435346285619,-1.1603681679367,-0.527680489439249,-0.177318504788345
"1325",0,2.99694405524889,2.26537692547148,0.757106570942284,-0.998634916368966,-0.992685559626734,-0.416428649433891,-0.135962069060475,-0.0247411626405223,0.993917662786584,0.999757862091843,1.06960504576937,1.13345756693153,0.786535690318983,-0.0480975708092236,0.304415731293513,-0.0445734002443183,-0.741918245459386,-0.43971084571426,0.216694219019643,0.453222753078071,1.24678870278565,1.11574673128727,0.580803075227579,-0.0909846830221019,-0.759253601238671,-1.53139249135053,-1.22059367335132,-1.21671453713211,1.36852100217096,0.443529453395639,0.0822088190274308,-0.0330109162638679,-0.639535815693025,-1.2263086449194,-1.62821085585064,-1.06729091314562,1.1603029827845,0.4454570842454,0,-0.0930309953194633,-0.481588184154324,-0.984477210668762,-1.12171262543579,0.63920556357353,0.0665678053471691,-0.797595882078731,-0.0998707974396848,-0.0692112518235939,-0.410266899197836,-0.680633513211668,0.220009185649271,0.979782328328481,-1.05343053405793,-0.767532904424768,-0.202993708003753,-0.0191459895266863,1.76127335410647,1.82924482116316,0.0152822700148413,-1.27193690890256,-1.1603681679367,-0.527680489439249,-0.177318504788345
"1326",0,-0.346763866306412,-0.0991117271652847,0.290919690251838,0.330255952246136,-0.634864546128108,-0.416428649433891,-0.135962069060475,-0.0247411626405223,-0.640995384823577,0.266276456865079,-1.12827312746197,1.13345756693153,-0.0550390494789284,-0.540830462877054,-0.1555961886108,-0.0445734002443183,-0.741918245459386,-1.62956752949562,-0.624985304008629,1.43333321492626,0.0158219063560692,-0.574697546273115,-0.113860786417039,-0.0382639442739243,-0.759253601238671,-1.53139249135053,-0.402656153837465,1.00657188464015,-0.46824539751041,-0.650039470011399,-0.048236570436645,-0.0330109162638679,-0.472610716171492,-1.2263086449194,-1.47909877630812,-0.0582622129318667,0.819919577833732,-0.258062014696678,0,-0.0699376037342838,-0.481588184154324,-0.984477210668762,-1.12171262543579,-0.786399036324126,1.27008134505226,0.57377943662225,-0.0998707974396848,-0.0692112518235939,-0.305226242332806,-1.20841288998173,-1.91880986810783,-0.895344039415955,1.14027554013895,0.0429841979463036,-0.202993708003753,-0.0758585761396516,-0.303642030474405,0.027704841871553,0.245017378270736,0.904845870642121,0.902147329875462,0.209604697681432,0.0122790348352582
"1327",0,0.767805440878689,1.83546989771934,0.990200011287507,-1.22011672780482,-0.992685559626734,-0.3067106346406,-0.135962069060475,-0.0247411626405223,0.666935053264552,0.816387510785152,-0.419532824502074,0.501133233237465,-1.40155863315559,-0.540830462877054,-0.1555961886108,-0.0445734002443183,-0.453890387156393,-1.11962895073218,-0.456649399402975,1.2699814712849,-1.29347794903808,-0.574697546273115,-0.129378686752941,-0.0382639442739243,-0.946384538679457,-1.53139249135053,-0.354113291432789,0.847765711656421,-1.3031392155474,-0.650039470011399,-0.048236570436645,-0.0330109162638679,-0.639535815693025,-1.16359462418049,0.566470705591419,-0.226433662967493,-1.56276425682162,-0.831486854781667,0,-0.0930309953194633,-0.481588184154324,-0.830535908145318,1.20759188462151,-0.215555885506116,-1.48080674570224,-0.797595882078731,-0.0998707974396848,-0.0692112518235939,0.0739739549704533,0.902704617098525,0.803323473037571,-0.520318765867068,-1.22217715515,-0.767532904424768,-0.202993708003753,-0.0191459895266863,2.7937310463969,1.82924482116316,0.93422270303842,0.904845870642121,1.58965249581285,2.6672219880837,0.697813577192196
"1328",0,-0.346763866306412,-0.0991117271652847,-0.408360630783831,0.994701386553687,1.69097204161296,1.34347430278246,-0.0731357575556159,-0.0247411626405223,-0.569380210517662,0.266276456865079,-0.667722469547314,-0.552740656252641,1.12316558623815,2.41556688952993,-0.1555961886108,-0.111531751188364,-0.741918245459386,-1.62956752949562,-1.12999301782559,-1.01694293969422,1.24678870278565,0.834006018360537,-0.113860786417039,-0.0382639442739243,-0.115910279549249,0.924647769019562,0.472879490243842,0.530153365688954,1.20154223856357,-0.10325500830788,-0.048236570436645,-0.0179575742192926,-0.262010847581114,0.532065252075134,0.291469464743071,0.782595037246263,0.139152767932202,0.602075245430805,0,-0.0930309953194633,-0.481588184154324,-0.984477210668762,0.586444015272899,0.156758159689899,-1.48080674570224,-0.797595882078731,-0.0998707974396848,-0.0692112518235939,-0.410266899197836,-0.680633513211668,0.304707309617163,-1.64539458651373,-1.55967039733413,-0.767532904424768,-0.275552872002395,-0.0191459895266863,-0.303642030474405,0.628218168302089,0.0152822700148413,-2.26390404116519,-1.1603681679367,-0.527680489439249,-0.177318504788345
"1329",0,-0.346763866306412,0.545748814462924,0.0578262499066152,-0.112707670625565,-0.813775052877421,-0.531586444801989,-0.135962069060475,-0.0247411626405223,-0.640995384823577,0.44964680817177,0.0768464655884069,-0.974290212048683,0.618220742359401,-0.540830462877054,-0.1555961886108,-0.0445734002443183,-0.453890387156393,0.7501458380671,-0.456649399402975,-1.18029468333559,0.611722039829717,-0.574697546273115,-0.113860786417039,-0.0286402707100998,-0.115910279549249,1.08838378637757,-1.39134383926002,-1.53432688309958,-0.46824539751041,0.443529453395639,-0.048236570436645,-0.0330109162638679,0.906545122192,0.532065252075134,-1.47909877630812,-1.73997671328813,-0.201230637018563,1.08043942012183,0,-0.0930309953194633,0.863684766259023,0.862818419612568,-1.12171262543579,-1.26160056962335,0.0665678053471691,0.23808010983014,-0.0998707974396848,-0.0692112518235939,0.558214809138742,1.25455753494524,-0.75218129333123,-0.332806129092624,0.802782297954812,-0.767532904424768,-0.202993708003753,-0.0191459895266863,-0.303642030474405,-0.172466266938626,0.130391132701228,0.112658392690295,-0.644739293483662,-0.527680489439249,-0.177318504788345
"1330",0,-0.346763866306412,0.115841786710785,0.757106570942284,0.330255952246136,-0.455954039378794,-0.416428649433891,-0.135962069060475,-0.0247411626405223,0.798223843216769,0.816387510785152,-1.41229140468304,0.501133233237465,1.12316558623815,0.198268875224692,-0.1555961886108,-0.0445734002443183,2.13836033757054,0.24020725930366,-1.12999301782559,0.943277984002168,1.24678870278565,0.834006018360537,-0.113860786417039,-0.0382639442739243,0.527433042140173,0.924647769019562,0.811829186517271,1.4790661331223,1.20154223856357,-0.376647239159639,-0.048236570436645,-0.0330109162638679,-0.639535815693025,-1.2263086449194,-1.31813802712165,0.278080687139385,-0.0310389345431809,-0.496932400244298,0,-0.0930309953194633,-0.215419113353502,-0.984477210668762,0.12058311326144,1.11440709687275,-1.30887624003008,-0.797595882078731,-0.0998707974396848,-0.0692112518235939,-0.410266899197836,-1.20841288998173,0.803323473037571,-0.332806129092624,-1.55967039733413,-0.898484608747166,-0.202993708003753,-0.0191459895266863,-0.303642030474405,0.027704841871553,0.704487594782526,-2.26390404116519,-1.1603681679367,-0.527680489439249,-0.177318504788345
"1331",0,-0.346763866306412,0.350062399291489,0.290919690251838,-0.555671293497266,-0.992685559626734,-0.416428649433891,-0.135962069060475,-0.0247411626405223,-0.640995384823577,0.44964680817177,-0.171343179456834,0.501133233237465,0.449905794399818,-0.540830462877054,-0.1555961886108,-0.0445734002443183,-0.741918245459386,0.7501458380671,0.216694219019643,0.779926240360802,1.24678870278565,-0.0112161204196545,-0.113860786417039,-0.0382639442739243,-0.759253601238671,-0.712712404560498,0.642354338380556,0.530153365688954,1.20154223856357,0.17013722254388,-0.048236570436645,-0.0330109162638679,-0.639535815693025,-1.2263086449194,-1.47909877630812,-1.73997671328813,0.309344470407584,1.17550008551579,0,-0.0930309953194633,-0.481588184154324,-0.984477210668762,-1.12171262543579,-1.26160056962335,-0.964412349346528,2.17371730844006,-0.15107570406569,-0.283699390731759,-0.410266899197836,0.726778158175171,-0.16886700594293,-1.54226820455214,-0.884683912965861,2.47453550505952,-0.202993708003753,-0.0191459895266863,-0.303642030474405,0.227875950681732,0.93422270303842,0.904845870642121,1.58965249581285,2.42146025904347,-0.177318504788345
"1332",0,-0.346763866306412,0.330795300586854,0.990200011287507,0.773219575117836,-0.813775052877421,-0.416428649433891,-0.135962069060475,-0.0247411626405223,-0.20115718654036,0.999757862091843,-1.66048104972828,0.290358455339444,1.29148053419773,0.937368213326437,-0.1555961886108,-0.0364582152705978,-0.1658625288534,0.92012536432158,-0.961657113219938,-0.526887708770123,1.24678870278565,1.11574673128727,-0.113860786417039,-0.0382639442739243,-0.161619537567441,0.59717573430355,1.1507788827907,1.00657188464015,1.36852100217096,0.716921684247398,-0.048236570436645,-0.0330109162638679,-0.639535815693025,-1.2263086449194,-1.31813802712165,-1.07332600242218,0.309344470407584,1.46221250555829,0,-0.0930309953194633,-0.481588184154324,-0.984477210668762,-1.12171262543579,-1.26160056962335,0.410428816691482,0.80234198973908,-0.0998707974396848,-0.0692112518235939,2.97941907998019,1.07863107602188,-0.16886700594293,0.0422191444562627,1.14027554013895,-0.159645077646464,-0.202993708003753,-0.0191459895266863,0.178965554041592,0.628218168302089,0.474752486526631,0.706799001154165,0.386518455422421,-0.527680489439249,-0.177318504788345
"1333",0,-0.346763866306412,-1.17387929654563,-2.15627428148977,0.108774140810285,0.796419507866398,0.257742744957297,-0.135962069060475,-0.0247411626405223,-0.640995384823577,-1.93416775881521,-1.66048104972828,1.13345756693153,-1.06492873723642,-0.540830462877054,-0.1555961886108,-0.0445734002443183,-0.741918245459386,-1.28960847698666,0.985262108026265,0.12651926579534,-0.817177951821129,0.762064051881437,0.262983040970754,-0.0598124768661009,-0.43758194039396,0.433439716945544,0.303404642107127,-1.37552071011585,-0.301266633903012,3.17745176191323,-0.048236570436645,0.0881181115905719,2.76184224765403,1.33132611434538,1.09627321067543,-0.0563553246405894,0.990111280309114,2.03563734564328,0,-0.0930309953194633,1.20000300386236,0.247053209518791,0.12058311326144,0.600250678978919,1.27008134505226,-0.111908222728241,-0.0998707974396848,-0.0692112518235939,-0.410266899197836,-1.38433934890509,-1.91880986810783,0.229731781230706,0.29654243467861,-0.479176054233797,-0.202993708003753,-0.0912709356995593,-0.303642030474405,-1.17332181098952,-2.7415390290559,-0.0430896283306094,-0.129110419030621,-0.527680489439249,-0.177318504788345
"1334",0,-0.346763866306412,0.183097152522251,0.271420935334584,0.994701386553687,1.69097204161296,0.17020566797156,-0.119710004571891,-0.0247411626405223,-0.640995384823577,-0.283834597054994,-1.41229140468304,-0.552740656252641,1.29148053419773,1.43010110539427,0.0252056964140081,-0.0445734002443183,-0.741918245459386,-1.62956752949562,-0.793321208614283,-1.01694293969422,1.24678870278565,1.397487444214,-0.113860786417039,-0.0382639442739243,-0.0431024764243684,0.433439716945544,1.1507788827907,1.00657188464015,1.36852100217096,2.90405953106147,-0.048236570436645,-0.0330109162638679,-0.595289990951035,-0.746752127557253,-0.835255779562232,0.782595037246263,0.139152767932202,-0.544774434739172,0,-0.0930309953194633,-0.481588184154324,-0.984477210668762,-0.0347038540757136,1.11440709687275,-1.13694573435793,-0.87779407470545,-0.0998707974396848,-0.0692112518235939,-0.410266899197836,-0.856559972135023,0.997761568833671,-0.538075313800435,-1.55967039733413,-0.767532904424768,-0.202993708003753,-0.0191459895266863,-0.303642030474405,0.42804705949191,0.245017378270736,-2.06585717167723,-1.1603681679367,-0.527680489439249,-0.177318504788345
"1335",0,-0.346763866306412,-0.0991117271652847,0.290919690251838,-1.22011672780482,-0.813775052877421,-0.416428649433891,-0.135962069060475,-0.0247411626405223,-0.640995384823577,-0.467204948361685,1.06960504576937,1.13345756693153,1.12316558623815,0.712353341364442,-0.1555961886108,-0.0445734002443183,-0.741918245459386,-1.11962895073218,1.05837374204791,-1.01694293969422,1.56393142319487,1.67922815714073,-0.113860786417039,-0.0909846830221019,-0.759253601238671,-1.20392045663452,0.811829186517271,0.847765711656421,1.03456347495617,-0.10325500830788,-0.048236570436645,-0.288398471090546,-0.0211034405390152,1.01162176943728,0.935312461488958,0.782595037246263,-1.05218914939548,-0.831486854781667,0,-0.0930309953194633,1.87263947906903,0.708877117089123,-0.483621396715952,-0.311197503024907,0.238498311019326,-0.797595882078731,-0.0998707974396848,-0.0692112518235939,2.01093737164361,0.550851699251816,-1.72437177231173,-1.64539458651373,1.14027554013895,-0.767532904424768,-0.202993708003753,-0.0191459895266863,-0.303642030474405,0.42804705949191,0.245017378270736,0.904845870642121,1.07402362135981,-0.281918760399022,-0.177318504788345
"1336",0,-0.346763866306412,-0.0991117271652847,0.0578262499066152,-0.777153104933116,-0.634864546128108,-0.416428649433891,-0.135962069060475,-0.0247411626405223,-0.640995384823577,0.266276456865079,-1.41229140468304,-1.25527750095849,0.786535690318983,-0.540830462877054,-0.1555961886108,-0.0445734002443183,-0.1658625288534,0.0702277330491799,-1.12999301782559,-1.18029468333559,0.611722039829717,-0.0112161204196545,-0.0515314745342711,-0.0382639442739243,-0.759253601238671,0.760911751661556,0.472879490243842,0.37134719270522,0.366648420526578,-0.650039470011399,-0.048236570436645,-0.0330109162638679,-0.639535815693025,0.757318611910052,0.935312461488958,0.950766487281889,-0.371422339493946,-0.831486854781667,0,-0.0930309953194633,-0.481588184154324,1.17070102465946,0.12058311326144,-0.487259710727104,0.0665678053471691,-0.569033328961901,-0.0998707974396848,-0.0692112518235939,-0.410266899197836,1.07863107602188,-1.52993367651563,-1.64539458651373,0.465289055770677,-0.362274353239232,-0.202993708003753,-0.0191459895266863,-0.303642030474405,0.42804705949191,0.0152822700148413,0.112658392690295,-0.129110419030621,-0.527680489439249,-0.177318504788345
"1337",0,-0.346763866306412,-0.529018754917424,0.524013130597061,-0.345130828903173,-0.992685559626734,-0.416428649433891,-0.135962069060475,-0.0247411626405223,-0.314012775301545,0.999757862091843,1.06960504576937,1.13345756693153,-0.223353997438511,-0.540830462877054,-0.1555961886108,-0.0445734002443183,0.986248904358571,1.09010489057606,0.89003783744226,1.43333321492626,1.24678870278565,-0.0112161204196545,-0.113860786417039,0.00253193544590119,0.205761381295462,1.08838378637757,1.1507788827907,0.37134719270522,1.36852100217096,0.443529453395639,-0.048236570436645,-0.0330109162638679,-0.639535815693025,-1.2263086449194,-1.47909877630812,-1.26786551271654,1.1603029827845,0.8887876654733,0,-0.0930309953194633,-0.527278136450728,-0.984477210668762,-1.12171262543579,-0.944799547423866,1.27008134505226,0.80234198973908,-0.0998707974396848,-0.0692112518235939,-0.410266899197836,-1.20841288998173,0.220009185649271,0.979782328328481,0.745765835572123,-0.362274353239232,-0.202993708003753,-0.0191459895266863,-0.470761348355927,-0.372637375748804,0.245017378270736,-0.481482215773575,-0.644739293483662,-0.527680489439249,-0.177318504788345
"1338",0,0.767805440878689,1.62051638384327,0.990200011287507,0.108774140810285,-0.813775052877421,-0.416428649433891,-0.135962069060475,-0.0247411626405223,1.32090027230862,1.75390412150653,-0.171343179456834,0.711908011135486,-0.223353997438511,-0.540830462877054,-0.1555961886108,-0.0445734002443183,0.698221046055578,1.09010489057606,-1.12999301782559,0.453222753078071,0.294188708351751,-0.574697546273115,-0.113860786417039,-0.0382639442739243,-0.759253601238671,-1.20392045663452,-1.56081868739673,0.530153365688954,0.366648420526578,-0.650039470011399,-0.048236570436645,-0.0330109162638679,-0.639535815693025,-1.2263086449194,-1.15717727793518,0.950766487281889,-0.371422339493946,-0.831486854781667,0,-0.0930309953194633,-0.481588184154324,-0.984477210668762,0.586444015272899,1.11440709687275,-1.30887624003008,-0.797595882078731,-0.0998707974396848,-0.0692112518235939,-0.410266899197836,0.550851699251816,1.19219966462977,1.16729496510292,0.465289055770677,1.66401840268845,2.25623249403729,-0.0191459895266863,-0.303642030474405,1.82924482116316,0.93422270303842,0.112658392690295,0.902147329875462,2.42146025904347,2.44807774115328
"1339",0,-0.346763866306412,-0.314065241041354,0.524013130597061,0.108774140810285,-0.813775052877421,-0.416428649433891,-0.135962069060475,-0.0247411626405223,-0.640995384823577,0.082906105558388,-0.950734208347297,-0.131191100456599,-0.559983893357675,-0.540830462877054,-0.1555961886108,-0.0445734002443183,-0.741918245459386,-1.62956752949562,-1.12999301782559,0.779926240360802,0.135422042612768,-0.456570634027841,-0.113860786417039,-0.0909846830221019,-0.759253601238671,-1.53139249135053,-0.374494750439731,1.00657188464015,0.370721231535108,-0.10325500830788,-0.048236570436645,-0.0330109162638679,-0.639535815693025,-1.2263086449194,-1.47909877630812,-1.06729091314562,0.139152767932202,2.03563734564328,0,-0.0930309953194633,-0.481588184154324,-0.830535908145318,-0.885232025405749,-1.26160056962335,-0.96501522868577,2.40227986155689,-0.0998707974396848,-0.0692112518235939,-0.410266899197836,0.550851699251816,-0.75218129333123,-1.27036931296484,0.465289055770677,1.86664767828122,-0.202993708003753,-0.0191459895266863,-0.303642030474405,0.027704841871553,0.474752486526631,0.904845870642121,0.730271038391115,-0.281918760399022,-0.177318504788345
"1340",0,0.767805440878689,1.4055628699672,0.990200011287507,0.994701386553687,0.438598494367772,-0.416428649433891,-0.135962069060475,0.20024648215039,1.97486549135268,0.633017159478461,-0.915912114592555,1.13345756693153,-0.0550390494789284,-0.540830462877054,-0.1555961886108,-0.0445734002443183,-0.453890387156393,-1.28960847698666,0.385030123625297,1.2699814712849,-0.817177951821129,-0.574697546273115,-0.113860786417039,-0.0382639442739243,-0.759253601238671,0.433439716945544,0.981304034653986,-1.05790836414838,-1.3031392155474,-0.650039470011399,-0.048236570436645,-0.0330109162638679,-0.639535815693025,0.372213079621086,0.93507287428237,-0.226433662967493,-1.39257255434624,-0.831486854781667,0,-0.0930309953194633,-0.481588184154324,-0.830535908145318,0.275870080598593,1.27280760797249,0.410428816691482,-0.797595882078731,-0.0998707974396848,-0.0692112518235939,0.280994881128076,-1.20841288998173,-1.91880986810783,-1.27036931296484,1.14027554013895,0.0429841979463036,-0.202993708003753,-0.0191459895266863,1.76127335410647,1.82924482116316,0.93422270303842,0.904845870642121,1.4177762043285,0.455366426721658,-0.177318504788345
"1341",0,-0.319408471492592,-0.529018754917424,0.524013130597061,-1.88456216211237,-0.992685559626734,-0.416428649433891,-0.135962069060475,-0.0247411626405223,0.33995244374252,0.816387510785152,1.06960504576937,0.922682789033507,-1.233243685196,-0.540830462877054,-0.1555961886108,-0.0445734002443183,0.986248904358571,0.92012536432158,-0.28831349479732,0.12651926579534,0.452955374090734,-0.574697546273115,-0.113860786417039,-0.0382639442739243,1.49244802467431,0.105967682229532,-1.56081868739673,-1.53432688309958,0.700605947741373,0.716921684247398,-0.048236570436645,-0.0330109162638679,0.597328934614995,0.532065252075134,-1.47909877630812,-1.73997671328813,-0.541614041969328,2.03563734564328,0,-0.0930309953194633,0.19104829105235,1.17070102465946,-1.12171262543579,-1.26160056962335,0.0177643100745058,1.94515475532323,-0.0998707974396848,-0.0692112518235939,-0.410266899197836,0.726778158175171,-0.16886700594293,-0.895344039415955,0.634035676862745,0.853501300317375,-0.202993708003753,-0.0912709356995593,-0.303642030474405,-0.772979593369162,0.704487594782526,0.904845870642121,1.07402362135981,-0.0361570313587953,-0.177318504788345
"1342",0,-0.346763866306412,-0.314065241041354,0.524013130597061,0.994701386553687,0.975330014615711,-0.123111490731166,-0.135962069060475,-0.0247411626405223,-0.640995384823577,0.816387510785152,-0.419532824502074,-1.39583976784473,0.786535690318983,2.16920044349601,-0.1555961886108,-0.0445734002443183,0.122165329449593,1.09010489057606,-0.624985304008629,-0.542352634657395,0.611722039829717,2.24270958299419,-0.113860786417039,-0.0382639442739243,-0.43758194039396,0.59717573430355,1.1507788827907,1.00657188464015,1.36852100217096,1.26370614595092,-0.048236570436645,-0.0330109162638679,-0.639535815693025,-1.2263086449194,-1.47909877630812,-0.899119463109996,1.1603029827845,-0.544774434739172,0,-0.0930309953194633,-0.305688385525028,-0.984477210668762,-0.966425658098632,0.79760607467327,0.0665678053471691,-0.797595882078731,-0.0998707974396848,-0.0692112518235939,-0.410266899197836,-1.03248643105838,0.608885377241471,0.792269691554037,-0.609192299881636,-0.767532904424768,-0.202993708003753,-0.0191459895266863,-0.303642030474405,-0.216194126797672,0.93422270303842,-0.877575954749489,-1.1603681679367,-0.527680489439249,-0.177318504788345
"1343",0,-0.346763866306412,-1.17387929654563,-2.04001471320039,-0.112707670625565,-0.992685559626734,-0.416428649433891,-0.135962069060475,-0.0247411626405223,-0.732487340004271,-1.64652066440308,-0.171343179456834,-0.763515434150662,-1.08600017171142,-0.540830462877054,-0.1555961886108,-0.111531751188364,-0.741918245459386,-0.9496494244777,0.592030662460824,-0.853591196052854,-0.499644620343163,-0.574697546273115,-0.113860786417039,-0.0382639442739243,-0.759253601238671,0.433439716945544,-0.0355450541663019,-0.422683672213447,0.533627184133976,-0.650039470011399,-0.048236570436645,-0.0330109162638679,1.52497749734601,1.11013597208812,0.452430213929543,0.614423587210637,0.139152767932202,-0.544774434739172,0,-0.0930309953194633,0.527366528655686,0.554935814565679,0.897017949947205,1.27280760797249,-0.206822472610641,1.03090454285591,-0.0998707974396848,-0.0692112518235939,-0.353596783896454,-1.38433934890509,-0.94661938912733,0.792269691554037,-1.55967039733413,-0.767532904424768,-0.202993708003753,-0.0191459895266863,-0.303642030474405,-1.0564912114172,-1.13339327126463,-0.283435346285619,-1.1603681679367,-0.527680489439249,-0.177318504788345
"1344",0,4.41496517138801,2.05042341159541,0.966582688983148,-1.88456216211237,-0.992685559626734,-0.46413942536562,-0.135962069060475,-0.0247411626405223,2.95581331991878,0.999757862091843,0.821415400724128,0.290358455339444,-1.40155863315559,-0.540830462877054,-0.1555961886108,-0.0735160476046984,-0.453890387156393,-1.45958800324114,-0.119977590191666,1.43333321492626,-1.00965059524261,-0.574697546273115,-0.113860786417039,-0.0980157101479449,-0.759253601238671,-1.53139249135053,-0.71344444671316,1.00657188464015,-1.3031392155474,-0.650039470011399,-0.048236570436645,-0.0330109162638679,-0.639535815693025,-1.2263086449194,0.774351712302486,0.278080687139385,-1.56276425682162,-0.831486854781667,0,-0.0930309953194633,-0.0664931012233477,0.400994512042235,1.36287885195866,0.164004030274312,-0.105362700324987,0.34521688350542,-0.0998707974396848,-0.0692112518235939,1.04245566330703,1.43048399386859,1.19219966462977,1.16729496510292,1.14027554013895,1.46138912709568,-0.202993708003753,-0.0191459895266863,4.85864643097778,2.02941592997334,0.93422270303842,0.310705262178251,0.214642163938074,0.915981538328923,-0.177318504788345
"1345",0,1.88237474806379,-0.647297812334367,0.290919690251838,0.108774140810285,-0.455954039378794,-0.416428649433891,-0.135962069060475,48.7683660162751,3.93676114848487,-1.75079740750852,0.325036110633647,0.721371903050695,-0.559983893357675,-0.540830462877054,-0.1555961886108,-0.0445734002443183,1.56230462096456,1.09010489057606,1.22670964665357,1.43333321492626,-0.658411286082146,-0.574697546273115,-0.113860786417039,-0.0382639442739243,-0.759253601238671,-0.22150435248648,1.44303905661198,1.00657188464015,-0.969181688332602,-0.650039470011399,-0.048236570436645,-0.0330109162638679,-1.11242909207798,-1.2263086449194,1.09627321067543,0.812470791000226,-0.0310389345431809,-1.15881214271413,0,-0.0930309953194633,-0.481588184154324,0.124446889490302,0.780086305741247,1.27280760797249,1.27008134505226,0.116654330388589,-0.0998707974396848,-0.0692112518235939,-0.410266899197836,0.550851699251816,1.19219966462977,1.16729496510292,1.14027554013895,0.44824274913184,-0.202993708003753,-0.0191459895266863,-0.303642030474405,-0.97315070217934,0.704487594782526,0.904845870642121,0.558394746906768,-0.527680489439249,-0.177318504788345
"1346",0,-0.346763866306412,-1.17387929654563,-1.34073439216472,-0.492509955350969,-0.992685559626734,-0.375331073030729,-0.135962069060475,-0.0247411626405223,-0.640995384823577,-1.56742705620183,0.821415400724128,-0.974290212048683,-1.40155863315559,-0.540830462877054,-0.1555961886108,-0.0445734002443183,-0.741918245459386,0.0702277330491799,0.721701932836606,-1.01694293969422,-1.13471128329909,-0.574697546273115,-0.113860786417039,0.0337041416019022,0.527433042140173,1.08838378637757,-0.71344444671316,0.0537348467377536,0.19966965691918,-0.0243683510729596,-0.048236570436645,0.162042497149352,1.83419368492302,1.33132611434538,1.09627321067543,0.950766487281889,0.990111280309114,-0.258062014696678,0,-0.0930309953194633,-0.145269946550987,-0.368712000574986,-0.0347038540757136,1.27280760797249,0.0992304408439587,-0.797595882078731,-0.0998707974396848,-0.0692112518235939,-0.410266899197836,-1.38433934890509,-0.94661938912733,1.16729496510292,-1.39092377624206,-0.767532904424768,-0.202993708003753,-0.0191459895266863,-0.303642030474405,-1.06286914891925,-0.673923054752843,-0.0853884767976621,-1.1603681679367,-0.527680489439249,-0.177318504788345
"1347",0,-0.346763866306412,-1.17387929654563,-2.27310815354561,0.773219575117836,-0.634864546128108,-0.416428649433891,-0.135962069060475,-0.0247411626405223,-0.640995384823577,-1.93416775881521,0.0768464655884069,-0.34196587835462,-1.40155863315559,-0.540830462877054,-0.1555961886108,-0.0445734002443183,-0.741918245459386,-0.77966989822322,1.39504555125922,-0.853591196052854,-0.975944617560112,-0.574697546273115,-0.113860786417039,-0.0382639442739243,-0.43758194039396,0.59717573430355,-0.280283003530743,-1.53432688309958,1.03456347495617,0.17013722254388,-0.048236570436645,-0.0330109162638679,0.906545122192,1.17147394189133,-1.47909877630812,-0.394605113003119,1.1603029827845,-0.544774434739172,0,-0.0930309953194633,2.54527595427571,1.47858362970634,1.36287885195866,1.27280760797249,1.27008134505226,-0.111908222728241,-0.0998707974396848,-0.0692112518235939,-0.410266899197836,-0.680633513211668,-1.14105748492343,0.912613529871949,-0.378444049689659,-0.767532904424768,-0.202993708003753,-0.0191459895266863,-0.303642030474405,-1.17332181098952,-1.85845761867707,0.706799001154165,-0.472863001999315,-0.527680489439249,-0.177318504788345
"1348",0,-0.346763866306412,-1.17387929654563,-2.73929503423606,0.108774140810285,1.86988254836228,0.17020566797156,-0.135962069060475,-0.0247411626405223,-0.640995384823577,-1.38405670489514,-0.171343179456834,1.13345756693153,1.29148053419773,0.691001767292522,-0.1555961886108,-0.0445734002443183,0.122165329449593,0.92012536432158,1.56338145586488,1.43333321492626,0.929255371307683,-0.574697546273115,-0.113860786417039,-0.0382639442739243,0.527433042140173,0.433439716945544,0.472879490243842,1.00657188464015,1.03456347495617,-0.650039470011399,-0.048236570436645,-0.0330109162638679,-0.639535815693025,-1.2263086449194,-0.67429503037576,0.950766487281889,0.309344470407584,-0.831486854781667,0,-0.0930309953194633,-0.481588184154324,-0.984477210668762,-0.0347038540757136,1.41940171054219,0.410428816691482,-0.797595882078731,-0.0998707974396848,-0.0692112518235939,-0.671097168147228,-1.38433934890509,-1.14105748492343,1.16729496510292,0.634035676862745,-0.767532904424768,-0.202993708003753,-0.0191459895266863,-0.303642030474405,-1.17332181098952,-2.5118039208,0.310705262178251,1.07402362135981,-0.527680489439249,-0.177318504788345
"1349",0,-0.346763866306412,-0.958925782669563,0.0578262499066152,0.0253719810377979,-0.813775052877421,-0.416428649433891,-0.135962069060475,-0.0247411626405223,-0.643845085078588,-0.100464245748303,0.325036110633647,0.290358455339444,0.113275898480654,-0.540830462877054,-0.1555961886108,-0.0445734002443183,-0.1658625288534,1.09010489057606,-0.119977590191666,-1.01694293969422,0.7704887055687,0.270524592507076,-0.113860786417039,-0.0382639442739243,1.17077636382959,1.08838378637757,-1.2218689911233,-1.53432688309958,0.500158620496565,1.53709837680268,-0.048236570436645,-0.0330109162638679,-0.0211034405390152,1.33132611434538,-1.31813802712165,-1.8810646665582,-0.201230637018563,1.46221250555829,0,-0.0930309953194633,-0.481588184154324,1.17070102465946,-0.34527778875002,-1.26160056962335,0.0665678053471691,1.25946709597274,-0.0998707974396848,-0.0692112518235939,-0.410266899197836,-0.504707054288313,0.997761568833671,-1.0828566761904,0.802782297954812,0.44824274913184,-0.202993708003753,-0.0191459895266863,-0.303642030474405,-1.17332181098952,0.474752486526631,0.706799001154165,0.0427658724537265,-0.527680489439249,-0.177318504788345
"1350",0,-0.346763866306412,0.115841786710785,-0.175267190438608,0.108774140810285,0.119610034281843,-0.416428649433891,-0.135962069060475,-0.0247411626405223,-0.640995384823577,-0.283834597054994,1.06960504576937,1.13345756693153,0.786535690318983,-0.335681279741246,-0.1555961886108,-0.0445734002443183,-0.741918245459386,-0.77966989822322,1.56338145586488,1.33829787480258,0.135422042612768,-0.574697546273115,-0.172008930765828,-0.0382639442739243,-0.759253601238671,-0.712712404560498,1.1507788827907,1.00657188464015,-0.206066586226119,-0.650039470011399,-0.048236570436645,-0.0539306280597664,-0.639535815693025,-0.107343437741059,1.09627321067543,0.950766487281889,-0.541614041969328,-0.831486854781667,0,-0.0930309953194633,-0.481588184154324,0.247053209518791,1.36287885195866,1.27280760797249,-0.4492237116693,-0.797595882078731,-0.0998707974396848,-0.0692112518235939,-0.410266899197836,0.198998781405106,1.19219966462977,1.16729496510292,-0.547190670781726,-0.767532904424768,-0.202993708003753,-0.0191459895266863,-0.303642030474405,-0.172466266938626,0.0152822700148413,-0.0853884767976621,-0.644739293483662,-0.527680489439249,-0.177318504788345
"1351",0,-0.346763866306412,-0.920998816105987,-1.1076409518195,0.108774140810285,-0.634864546128108,-0.416428649433891,-0.135962069060475,-0.0247411626405223,-0.314012775301545,-0.100464245748303,1.06960504576937,0.922682789033507,-0.391668945398093,-0.540830462877054,-0.1555961886108,-0.0445734002443183,-0.741918245459386,0.92012536432158,1.05837374204791,-1.01694293969422,-1.29347794903808,-0.574697546273115,-0.113860786417039,-0.0382639442739243,-0.115910279549249,1.08838378637757,-0.205019902303017,-1.53432688309958,-1.3031392155474,-0.650039470011399,-0.048236570436645,-0.0330109162638679,-0.0211034405390152,1.33132611434538,0.291469464743071,0.278080687139385,-0.0310389345431809,-0.831486854781667,0,-0.0930309953194633,0.19104829105235,1.47858362970634,1.05230491728436,0.322404541374051,0.926220333707951,1.48802964908957,-0.0998707974396848,0.0613873354622526,-0.0117543361222101,0.550851699251816,0.997761568833671,-0.332806129092624,0.29654243467861,2.47453550505952,1.02661939301677,-0.0502487751124888,-0.300443603008976,-0.97315070217934,-0.673923054752843,0.904845870642121,1.58965249581285,2.6672219880837,0.697813577192196
"1352",0,-0.346763866306412,0.475072480176364,0.757106570942284,0.962578054387585,1.86988254836228,2.22342577889064,-0.135962069060475,-0.0247411626405223,0.0129698342204877,0.816387510785152,-1.41229140468304,0.922682789033507,1.12316558623815,2.16920044349601,0.0697600039171727,-0.0445734002443183,-0.453890387156393,0.58016631181262,-1.12999301782559,-0.0368324778460259,1.08802203704667,0.974156664033336,-0.113860786417039,-0.0382639442739243,-0.43758194039396,0.760911751661556,0.472879490243842,0.847765711656421,-0.802202924725205,-0.825731942103333,-0.048236570436645,-0.0330109162638679,-0.639535815693025,0.372213079621086,1.09627321067543,0.950766487281889,-0.81130692874382,-0.831486854781667,0,-0.0930309953194633,0.19104829105235,1.01675972213601,-0.811138690761479,0.322404541374051,0.582359322363638,-0.797595882078731,-0.0998707974396848,-0.0692112518235939,0.0739739549704533,1.43048399386859,-0.94661938912733,-0.332806129092624,0.492042275839329,-0.655791165326559,-0.202993708003753,-0.0191459895266863,-0.303642030474405,0.42804705949191,0.641956056765868,0.904845870642121,0.0427658724537265,-0.527680489439249,-0.177318504788345
"1353",0,-0.346763866306412,-1.17387929654563,-1.34073439216472,-0.112707670625565,-0.992685559626734,-0.416428649433891,-0.135962069060475,-0.0247411626405223,-0.640995384823577,-1.75079740750852,1.06960504576937,0.711908011135486,-1.233243685196,-0.540830462877054,-0.1555961886108,-0.0445734002443183,-0.741918245459386,-0.77966989822322,1.56338145586488,-0.853591196052854,-1.29347794903808,-0.574697546273115,-0.113860786417039,-0.0382639442739243,-0.759253601238671,-0.22150435248648,0.811829186517271,-1.53432688309958,-1.3031392155474,-0.650039470011399,-0.048236570436645,-0.0330109162638679,-0.639535815693025,0.0525087347129891,0.452430213929543,-1.40363381321687,-1.56276425682162,-0.831486854781667,0,-0.0930309953194633,-0.481588184154324,0.708877117089123,1.23605055444051,-0.243487925745705,1.27008134505226,1.7165922022064,10.0092732545106,-0.0692112518235939,-0.410266899197836,-1.03248643105838,1.19219966462977,-0.351970566876158,-1.05343053405793,1.66401840268845,12.0931373022015,-0.0191459895266863,-0.303642030474405,-1.17332181098952,-1.82259859603232,0.508752131666208,1.58965249581285,2.6672219880837,5.84862313301077
"1354",0,-0.346763866306412,-1.17387929654563,-0.874547511474277,0.108774140810285,0.975330014615711,-0.416428649433891,-0.135962069060475,-0.0247411626405223,-0.640995384823577,-0.650575299668376,1.06960504576937,1.13345756693153,-0.0550390494789284,-0.540830462877054,-0.1555961886108,-0.0445734002443183,-0.741918245459386,-0.43971084571426,1.56338145586488,1.43333321492626,0.135422042612768,-0.574697546273115,-0.113860786417039,-0.0382639442739243,-0.61843612237962,-0.22150435248648,1.1507788827907,1.00657188464015,-0.301266633903012,-0.650039470011399,-0.048236570436645,-0.0330109162638679,-0.639535815693025,-0.427047782649156,1.09627321067543,0.950766487281889,-0.201230637018563,-0.831486854781667,0,-0.0930309953194633,-0.481588184154324,0.400994512042235,1.36287885195866,1.27280760797249,-0.105362700324987,-0.917931932545485,-0.0998707974396848,-0.0692112518235939,-0.410266899197836,-0.504707054288313,1.19219966462977,1.16729496510292,0.29654243467861,-0.767532904424768,-0.202993708003753,-0.0191459895266863,-0.303642030474405,-1.17332181098952,0.0152822700148413,0.112658392690295,-0.300986710514968,-0.527680489439249,-0.177318504788345
"1355",0,-0.346763866306412,-1.17387929654563,-2.04001471320039,0.994701386553687,-0.455954039378794,-0.416428649433891,-0.135962069060475,-0.0247411626405223,-0.640995384823577,-1.93416775881521,-0.667722469547314,1.13345756693153,-1.06492873723642,-0.540830462877054,-0.1555961886108,-0.0445734002443183,-0.741918245459386,-1.28960847698666,1.22670964665357,0.289871009436705,-0.499644620343163,1.11574673128727,-0.113860786417039,-0.0382639442739243,-0.759253601238671,-0.22150435248648,0.981304034653986,-1.21671453713211,1.20154223856357,2.63066730020971,0.129483623772083,-0.3946613699733,0.597328934614995,1.33132611434538,-0.513334281189288,-1.23546236318125,1.1603029827845,0.602075245430805,0,-0.0930309953194633,3.21791242948238,1.47858362970634,0.897017949947205,1.27280760797249,1.27008134505226,-0.128650419307129,-0.0998707974396848,-0.0692112518235939,2.01093737164361,0.550851699251816,0.608885377241471,1.16729496510292,0.127795813586543,-0.564903628832,-0.202993708003753,-0.0191459895266863,-0.303642030474405,-1.17332181098952,-1.82259859603232,0.904845870642121,0.0427658724537265,-0.527680489439249,-0.177318504788345
"1356",0,-0.346763866306412,-0.958925782669563,-0.175267190438608,-0.777153104933116,-0.992685559626734,-0.570713209396658,-0.133863441293857,-0.0247411626405223,-0.640995384823577,-0.467204948361685,0.821415400724128,-1.60661454574275,-1.40155863315559,-0.686152317244271,-0.1555961886108,-0.0445734002443183,-0.453890387156393,0.92012536432158,-0.456649399402975,-1.18029468333559,-1.29347794903808,-0.574697546273115,-0.113860786417039,0.0337041416019022,0.527433042140173,1.08838378637757,-0.205019902303017,-0.0883152706062466,1.03456347495617,0.17013722254388,-0.048236570436645,-0.0330109162638679,0.597328934614995,1.01162176943728,-0.201417712767795,-0.562776563038745,-0.711805744444711,2.03563734564328,0,-0.0930309953194633,-0.145269946550987,0.458789009024993,-1.12171262543579,-1.26160056962335,-1.30887624003008,1.91417924642829,-0.0998707974396848,-0.0692112518235939,-0.410266899197836,0.550851699251816,-0.94661938912733,-1.83290722328817,-0.0409508075055244,1.86664767828122,-0.202993708003753,-0.0191459895266863,-0.303642030474405,-0.772979593369162,-0.119394450882836,0.904845870642121,0.902147329875462,0.570435710818077,-0.177318504788345
"1357",0,-0.346763866306412,-1.17387929654563,-1.34073439216472,0.551737763681986,-0.455954039378794,-0.382648398862319,-0.135962069060475,-0.0247411626405223,-0.694950013545121,-1.56742705620183,0.821415400724128,0.711908011135486,-0.753891354566281,-0.540830462877054,-0.1555961886108,-0.0445734002443183,-0.741918245459386,-0.0997517932053001,1.56338145586488,-0.853591196052854,-1.29347794903808,-0.574697546273115,-0.113860786417039,-0.0382639442739243,-0.769326123784828,0.59717573430355,0.642354338380556,-1.53432688309958,-1.3031392155474,-0.650039470011399,-0.048236570436645,-0.0330109162638679,-0.639535815693025,1.01162176943728,0.774351712302486,0.950766487281889,1.1603029827845,-0.124146119454181,0,-0.0930309953194633,-0.481588184154324,1.17070102465946,1.36287885195866,1.11440709687275,0.754289828035795,1.7165922022064,-0.0998707974396848,-0.0692112518235939,-0.410266899197836,0.374925240328461,1.19219966462977,-0.707831402641512,0.634035676862745,1.86664767828122,-0.202993708003753,-0.0191459895266863,-0.314796218929332,-0.97315070217934,-0.673923054752843,0.706799001154165,1.07402362135981,0.455366426721658,-0.177318504788345
"1358",0,-0.346763866306412,0.760702328338993,0.524013130597061,0.773219575117836,-0.277043532629481,-0.697197029629032,-0.135962069060475,-0.064995348517452,-0.640995384823577,0.999757862091843,-0.667722469547314,-0.34196587835462,1.29148053419773,-0.540830462877054,-0.1555961886108,-0.0445734002443183,-0.741918245459386,-1.62956752949562,-0.961657113219938,0.417412783459948,0.611722039829717,-0.574697546273115,-0.113860786417039,-0.0382639442739243,-0.759253601238671,-1.20392045663452,0.981304034653986,1.00657188464015,-0.802202924725205,-0.650039470011399,-0.048236570436645,-0.0330109162638679,-1.08475831014754,-1.30203299406136,-0.142643432828842,0.278080687139385,0.479536172882967,-0.544774434739172,0,-0.0930309953194633,-0.481588184154324,-0.984477210668762,-1.12171262543579,-1.26160056962335,0.0665678053471691,1.25946709597274,-0.00809674354718085,-0.0692112518235939,-0.410266899197836,1.07863107602188,-0.16886700594293,-0.895344039415955,0.634035676862745,1.66401840268845,-0.202993708003753,-0.0338432573430967,-0.303642030474405,0.628218168302089,0.93422270303842,0.86416534738782,1.24589991284416,-0.281918760399022,-0.177318504788345
"1359",0,-0.346763866306412,0.41938531931069,0.757106570942284,0.551737763681986,-0.455954039378794,-0.416428649433891,-0.135962069060475,-0.0247411626405223,-0.640995384823577,-0.467204948361685,-0.171343179456834,-0.131191100456599,0.618220742359401,-0.269578769265325,-0.1555961886108,-0.0445734002443183,-0.741918245459386,-1.62956752949562,-1.12999301782559,-0.363535965128757,0.7704887055687,-0.311823539793184,-0.113860786417039,-0.0382639442739243,-0.759253601238671,-1.53139249135053,-0.140433257165162,0.847765711656421,0.19966965691918,-0.650039470011399,-0.048236570436645,-0.0330109162638679,-0.639535815693025,-1.2263086449194,-0.388112150063491,0.278080687139385,0.990111280309114,0.8887876654733,0,-0.0930309953194633,-0.481588184154324,-0.984477210668762,-1.12171262543579,-1.26160056962335,-0.105362700324987,1.94515475532323,-0.0998707974396848,-0.0692112518235939,-0.410266899197836,0.0230723224817513,-1.72437177231173,-1.64539458651373,0.465289055770677,1.66401840268845,-0.202993708003753,-0.0191459895266863,-0.303642030474405,0.628218168302089,0.704487594782526,0.904845870642121,1.07402362135981,-0.281918760399022,-0.177318504788345
"1360",0,1.88237474806379,1.83546989771934,0.290919690251838,0.779754401650729,1.33315102811434,-0.416428649433891,-0.135962069060475,-0.064995348517452,-0.640995384823577,-0.650575299668376,-1.23624549540334,0.711908011135486,1.25879226664584,-0.540830462877054,-0.338046037747047,-0.0445734002443183,-1.12373065849041,-1.62956752949562,-1.12999301782559,0.943277984002168,0.902347467814317,-0.574697546273115,-0.113860786417039,-0.0382639442739243,-0.759253601238671,0.269703699587538,0.642354338380556,1.00657188464015,1.03456347495617,0.716921684247398,-0.048236570436645,-0.0330109162638679,-0.639535815693025,0.0525087347129891,1.09627321067543,0.950766487281889,0.479536172882967,0.602075245430805,0,-0.0930309953194633,-0.481588184154324,-0.52265330309843,1.36287885195866,-0.152796991925168,-1.48080674570224,-0.797595882078731,-0.0998707974396848,-0.0692112518235939,-0.410266899197836,0.550851699251816,0.871135332704112,-1.64539458651373,-1.55967039733413,-0.767532904424768,-0.202993708003753,-0.0191459895266863,1.76127335410647,2.02941592997334,-0.903658163008738,-2.26390404116519,-1.1603681679367,-0.36200179129963,-0.177318504788345
"1361",0,1.88237474806379,1.83546989771934,0.990200011287507,0.108774140810285,-0.813775052877421,-0.416428649433891,-0.135962069060475,-0.0247411626405223,1.97486549135268,0.816387510785152,0.0768464655884069,1.13345756693153,-1.06492873723642,-0.540830462877054,-0.1555961886108,-0.0445734002443183,-0.741918245459386,-1.11962895073218,-0.456649399402975,1.13636719198843,-0.975944617560112,-0.574697546273115,-0.113860786417039,-0.0909846830221019,-0.759253601238671,-1.53139249135053,0.642354338380556,0.0537348467377536,-1.3031392155474,-0.697885647320922,-0.048236570436645,-0.0539306280597664,-0.639535815693025,-0.586899955103205,1.09627321067543,-1.06729091314562,-1.42604406040057,-0.831486854781667,0,-0.0930309953194633,-0.481588184154324,0.307043126943041,0.586444015272899,-1.26160056962335,-1.48080674570224,-0.797595882078731,-0.0998707974396848,-0.0692112518235939,0.558214809138742,1.43048399386859,-0.36330510173903,-0.707831402641512,-0.209697428597592,1.05613057591014,1.02661939301677,-0.0191459895266863,1.76127335410647,1.4289026035428,0.93422270303842,0.904845870642121,1.58965249581285,3.40450717520438,4.19834190511436
"1362",0,-0.346763866306412,1.4055628699672,0.0578262499066152,-2.54900759641992,-0.992685559626734,-0.416428649433891,-0.135962069060475,-0.0247411626405223,-0.314012775301545,0.816387510785152,-0.171343179456834,-2.23893887943681,-1.40155863315559,-0.540830462877054,-0.1555961886108,-0.0445734002443183,0.986248904358571,1.09010489057606,-0.624985304008629,-1.94706084370702,-1.29347794903808,-0.574697546273115,-0.113860786417039,-0.0382639442739243,1.17077636382959,1.08838378637757,-1.39134383926002,-1.53432688309958,-1.3031392155474,-0.650039470011399,-0.048236570436645,-0.0330109162638679,2.76184224765403,0.851769596983231,-0.996216528748704,0.614423587210637,0.120222397591769,0.0286504053458163,0,-0.0930309953194633,2.51652435232507,1.3246423271829,1.36287885195866,0.79760607467327,0.754289828035795,2.63084241467372,-0.0998707974396848,-0.0692112518235939,2.01093737164361,1.43048399386859,-0.55774319753513,-1.64539458651373,0.29654243467861,2.05014404867074,-0.202993708003753,-0.0191459895266863,0.728815661816031,1.02856038592245,0.93422270303842,0.904845870642121,1.4177762043285,0.740789424230507,-0.177318504788345
"1363",0,-0.346763866306412,-0.314065241041354,0.524013130597061,-0.112707670625565,-0.225536249757264,-0.416428649433891,-0.135962069060475,-0.0247411626405223,-0.314012775301545,0.633017159478461,0.821415400724128,1.13345756693153,0.954850638278565,-0.540830462877054,-0.1555961886108,-0.0445734002443183,0.122165329449593,1.09010489057606,-0.793321208614283,-0.690239452411488,0.452955374090734,0.0767721037431717,-0.113860786417039,0.0960485539139038,1.17077636382959,0.269703699587538,-1.56081868739673,-1.53432688309958,-0.301266633903012,0.990313915099158,-0.048236570436645,-0.0330109162638679,1.07153106316564,0.851769596983231,-1.47909877630812,-1.73997671328813,-0.201230637018563,1.17550008551579,0,-0.194665300443305,0.19104829105235,1.3246423271829,-1.12171262543579,-1.26160056962335,0.375141406634462,-0.111908222728241,-0.0998707974396848,-0.0692112518235939,-0.410266899197836,0.726778158175171,-0.75218129333123,0.229731781230706,0.634035676862745,-0.767532904424768,-0.202993708003753,-0.0191459895266863,-0.303642030474405,-0.372637375748804,0.0152822700148413,0.310705262178251,-0.816615584968009,-0.527680489439249,-0.177318504788345
"1364",0,-0.346763866306412,0.374924957695488,-0.175267190438608,0.773219575117836,1.86988254836228,3.10337725499881,-0.135962069060475,-0.0247411626405223,-0.640995384823577,-0.437316784327993,-0.915912114592555,-1.1850649899467,0.735507820933816,1.9228339974621,-0.1555961886108,-0.0445734002443183,-0.741918245459386,-1.62956752949562,-1.12999301782559,-0.853591196052854,0.632841873335411,-0.0112161204196545,-0.113860786417039,-0.0382639442739243,-0.759253601238671,-0.385240369844486,0.472879490243842,0.530153365688954,1.20154223856357,0.443529453395639,-0.048236570436645,-0.0330109162638679,-0.639535815693025,-0.267195610195108,0.130508715556599,0.950766487281889,-0.0310389345431809,0.315362825388311,0,-0.0930309953194633,-0.481588184154324,-0.984477210668762,0.897017949947205,-0.152796991925168,-1.48080674570224,-0.797595882078731,-0.0998707974396848,-0.0692112518235939,-0.410266899197836,-0.564217232203144,0.997761568833671,-1.45788194973929,-1.55967039733413,-0.767532904424768,-0.247508499126572,-0.0191459895266863,-0.303642030474405,0.828389277112268,-0.444187946496948,-2.26390404116519,-1.1603681679367,-0.527680489439249,-0.177318504788345
"1365",0,-0.309500456759089,-0.958925782669563,-0.408360630783831,0.551737763681986,0.259687987618459,-0.123111490731166,-0.135962069060475,-0.0247411626405223,0.666935053264552,0.999757862091843,0.0768464655884069,0.0795836774414227,1.29148053419773,0.444635321258607,-0.1555961886108,-0.0445734002443183,0.986248904358571,-0.60969037196874,-1.12999301782559,-0.363535965128757,1.00801816800949,-0.292956833346385,-0.113860786417039,-0.0382639442739243,-0.759253601238671,-1.53139249135053,-1.05239414298659,1.00657188464015,0.388996255297313,-0.650039470011399,-0.048236570436645,-0.0330109162638679,-0.639535815693025,-1.2263086449194,-0.513334281189288,0.950766487281889,0.309344470407584,-0.831486854781667,0,-0.0930309953194633,-0.481588184154324,-0.984477210668762,-0.555374456742016,0.322404541374051,1.27008134505226,0.116654330388589,-0.0998707974396848,-0.0692112518235939,-0.410266899197836,-0.850199261041395,-0.55774319753513,0.0422191444562627,1.14027554013895,0.0429841979463036,-0.202993708003753,-0.0191459895266863,-0.303642030474405,-1.17332181098952,-1.13339327126463,-0.327274414552912,-0.300986710514968,-0.527680489439249,-0.177318504788345
"1366",0,-0.346763866306412,-1.17387929654563,-2.04001471320039,0.497702709604484,-0.0981330258801679,-0.416428649433891,-0.135962069060475,-0.0247411626405223,-0.640995384823577,-1.75079740750852,0.487427576708811,-0.327184428595932,-1.233243685196,0.937368213326437,4.73657226410715,-0.0445734002443183,-0.741918245459386,0.0702277330491799,1.56338145586488,-0.853591196052854,-0.499644620343163,3.93315386055457,9.1189094533411,-0.0382639442739243,-0.115910279549249,1.08838378637757,0.133929793970413,-1.53432688309958,0.998043741434685,2.0838828385062,-0.048236570436645,-0.0330109162638679,3.07105843523104,1.33132611434538,0.291469464743071,0.109909237103759,1.1603029827845,-0.544774434739172,0,-0.0930309953194633,0.863684766259023,1.17070102465946,1.36287885195866,1.27280760797249,0.0665678053471691,-0.797595882078731,-0.0998707974396848,-0.0692112518235939,-0.410266899197836,-1.38433934890509,-0.55774319753513,1.16729496510292,-1.39092377624206,-0.767532904424768,-0.202993708003753,-0.0191459895266863,-0.303642030474405,-1.17332181098952,-1.36312837952053,0.508752131666208,-1.1603681679367,-0.527680489439249,-0.177318504788345
"1367",0,-0.346763866306412,0.545748814462924,0.341208085976948,0.994701386553687,1.51206153486365,-0.416428649433891,-0.135962069060475,0.0344703379829887,0.33995244374252,0.999757862091843,-0.419532824502074,1.13345756693153,0.786535690318983,-0.540830462877054,-0.1555961886108,-0.0445734002443183,-0.356390431392046,-1.28960847698666,0.721701932836606,1.43333321492626,-0.34087795460418,-0.574697546273115,-0.113860786417039,-0.0382639442739243,-0.759253601238671,-1.20392045663452,1.1507788827907,0.847765711656421,0.032690893311783,-0.650039470011399,-0.048236570436645,-0.0539306280597664,-0.639535815693025,-1.06645647246535,0.613390963116015,0.950766487281889,1.1603029827845,1.17550008551579,0,-0.0930309953194633,-0.481588184154324,-0.984477210668762,-0.966425658098632,0.00560351917457189,1.27008134505226,-0.103346126577928,-0.0998707974396848,-0.0692112518235939,-0.410266899197836,-0.504707054288313,1.19219966462977,1.16729496510292,0.29654243467861,-0.767532904424768,-0.202993708003753,-0.0191459895266863,-0.303642030474405,0.628218168302089,0.474752486526631,-0.934656216041444,-1.1603681679367,-0.527680489439249,-0.177318504788345
"1368",0,-0.346763866306412,-1.17387929654563,-0.408360630783831,-0.552049026401547,-0.992685559626734,-0.416428649433891,-0.135962069060475,-0.0247411626405223,-0.640995384823577,-0.650575299668376,1.06960504576937,1.13345756693153,-0.728298841317257,-0.540830462877054,-0.1555961886108,-0.0445734002443183,-0.741918245459386,0.41018678555814,1.56338145586488,1.43333321492626,-0.817177951821129,-0.574697546273115,-0.113860786417039,-0.0382639442739243,-0.759253601238671,0.59717573430355,1.1507788827907,1.00657188464015,-0.802202924725205,-0.650039470011399,-0.048236570436645,-0.0330109162638679,-0.0211034405390152,1.17147394189133,1.09627321067543,0.950766487281889,-1.22238085187086,-0.831486854781667,0,-0.0930309953194633,-0.481588184154324,0.862818419612568,1.36287885195866,1.19598176973229,-0.183198161258332,-0.797595882078731,-0.0998707974396848,-0.0692112518235939,-0.410266899197836,-0.680633513211668,1.19219966462977,1.16729496510292,0.802782297954812,-0.564903628832,-0.202993708003753,-0.0191459895266863,-0.303642030474405,-1.17332181098952,-1.36312837952053,0.112658392690295,0.386518455422421,-0.281918760399022,-0.177318504788345
"1369",0,0.767805440878689,0.975655842215063,0.757106570942284,-0.555671293497266,-0.992685559626734,-0.416428649433891,-0.135962069060475,-0.0247411626405223,0.993917662786584,0.999757862091843,-0.915912114592555,1.13345756693153,-0.223353997438511,-0.687900273662463,-0.1555961886108,-0.0445734002443183,0.698221046055578,0.7501458380671,-1.12999301782559,0.779926240360802,0.135422042612768,-0.574697546273115,-0.10734644218613,-0.0382639442739243,-0.43758194039396,0.433439716945544,0.642354338380556,1.00657188464015,1.36852100217096,-0.10325500830788,-0.048236570436645,-0.0330109162638679,-0.639535815693025,-1.06645647246535,-0.0304520336298728,0.278080687139385,0.819919577833732,1.17550008551579,0,-0.0930309953194633,-0.481588184154324,-0.984477210668762,-1.12171262543579,-1.26160056962335,-0.0553728745420448,2.17371730844006,-0.0865107899185669,-0.0692112518235939,-0.410266899197836,1.07863107602188,0.414447281445371,-0.332806129092624,0.29654243467861,2.47453550505952,-0.202993708003753,-0.0191459895266863,-0.303642030474405,0.227875950681732,0.93422270303842,0.904845870642121,1.58965249581285,1.68417507192279,-0.177318504788345
"1370",0,-0.346763866306412,1.4055628699672,0.757106570942284,-0.396550096982975,-0.753261457477474,-0.416428649433891,-0.135962069060475,-0.0247411626405223,1.97486549135268,0.44964680817177,-0.419532824502074,1.13345756693153,-1.06492873723642,-0.540830462877054,-0.1555961886108,0.0386153206471683,0.410193187752585,-0.9496494244777,-1.12999301782559,1.2699814712849,-0.34087795460418,-0.574697546273115,-0.113860786417039,-0.0382639442739243,-0.529408951611336,-1.53139249135053,-0.374494750439731,1.00657188464015,0.19966965691918,-0.650039470011399,-0.048236570436645,-0.0330109162638679,-0.639535815693025,-1.2263086449194,-0.725983621624871,-0.0582622129318667,0.444537830372112,0.315362825388311,0,-0.0930309953194633,-0.631617036835476,-1.26354591261941,-1.12171262543579,-1.26160056962335,-0.105362700324987,1.25946709597274,-0.0998707974396848,-0.0692112518235939,-0.410266899197836,0.0230723224817513,-0.94661938912733,-1.0828566761904,-0.0409508075055244,1.66401840268845,-0.202993708003753,-0.0191459895266863,0.728815661816031,1.62907371235298,0.63476064788378,0.904845870642121,1.24589991284416,0.209604697681432,-0.177318504788345
"1371",0,-0.346763866306412,0.330795300586854,-0.175267190438608,0.773219575117836,1.33315102811434,-0.416428649433891,-0.135962069060475,-0.0247411626405223,-0.314012775301545,0.633017159478461,0.0768464655884069,1.13345756693153,0.65678600231282,-0.540830462877054,-0.1555961886108,-0.0445734002443183,-0.741918245459386,-1.62956752949562,-0.296694486867911,1.43333321492626,-0.34087795460418,-0.574697546273115,-0.113860786417039,-0.0382639442739243,-0.759253601238671,-1.20392045663452,0.303404642107127,1.00657188464015,0.032690893311783,-0.376647239159639,-0.048236570436645,-0.0330109162638679,-0.33031962811602,1.17147394189133,1.09627321067543,0.950766487281889,1.1603029827845,2.03563734564328,0,-0.0930309953194633,-0.481588184154324,0.554935814565679,1.36287885195866,0.164004030274312,-0.793084723013613,-0.569033328961901,-0.0998707974396848,-0.0692112518235939,-0.410266899197836,0.0230723224817513,0.608885377241471,-1.83290722328817,-1.55967039733413,-0.767532904424768,-0.202993708003753,-0.0191459895266863,-0.303642030474405,1.02856038592245,-0.673923054752843,-2.26390404116519,-1.1603681679367,-0.527680489439249,-0.177318504788345
"1372",0,-0.346763866306412,-0.529018754917424,0.415195182301833,-1.66308035067652,-0.992685559626734,-0.416428649433891,-0.0260079248061724,-0.0247411626405223,-0.640995384823577,0.266276456865079,0.821415400724128,0.290358455339444,-0.728298841317257,-0.921130739047331,-0.1555961886108,-0.0445734002443183,0.122165329449593,0.92012536432158,-0.28831349479732,-0.853591196052854,0.611722039829717,-0.574697546273115,-0.113860786417039,-0.0382639442739243,0.849104702984884,-0.057768335128474,-1.56081868739673,-1.53432688309958,0.183916990538786,0.716921684247398,0.123113906529717,-0.0330109162638679,0.945204412317699,0.0525087347129891,-1.47909877630812,-1.73997671328813,-0.881997446920094,1.46221250555829,0,-0.0930309953194633,0.863684766259023,0.862818419612568,-1.12171262543579,-1.26160056962335,-1.13694573435793,1.94515475532323,-0.0998707974396848,-0.0692112518235939,-0.410266899197836,1.07863107602188,-0.94661938912733,-1.83290722328817,-0.0409508075055244,0.853501300317375,-0.202993708003753,-0.0191459895266863,-0.303642030474405,-0.572808484558983,0.704487594782526,0.95741524643508,1.07402362135981,0.290695428099372,-0.177318504788345
"1373",0,-0.48531317559551,-0.743972268793493,0.0578262499066152,-0.334189482061415,-0.634864546128108,1.05015714407974,-0.135962069060475,-0.064995348517452,-0.640995384823577,-0.42815512580632,1.06960504576937,0.268750272710563,0.786535690318983,3.15466622763167,-0.1555961886108,-0.0445734002443183,-0.1658625288534,0.7501458380671,1.39504555125922,1.10662972764353,1.24678870278565,3.36967243470111,-0.113860786417039,-0.0382639442739243,-0.759253601238671,0.59717573430355,1.1507788827907,0.688959538672687,1.36852100217096,1.60557900630006,-0.048236570436645,-0.0330109162638679,-0.639535815693025,-1.2263086449194,-1.47909877630812,-1.06729091314562,0.637144632976544,-0.0897267905640424,0,-0.0930309953194633,-0.481588184154324,-0.984477210668762,-0.811138690761479,1.11440709687275,0.410428816691482,-0.797595882078731,-0.0998707974396848,-0.0692112518235939,-0.410266899197836,-1.38433934890509,0.803323473037571,1.16729496510292,-1.05343053405793,-0.767532904424768,-0.202993708003753,-0.0191459895266863,-0.498860960476286,-0.772979593369162,0.245017378270736,-1.47171656321336,-1.27969626283155,-0.56043663914733,-0.177318504788345
"1374",0,-0.346763866306412,0.330795300586854,0.290919690251838,-2.54900759641992,-0.992685559626734,-0.416428649433891,-0.135962069060475,-0.0247411626405223,0.0129698342204877,0.816387510785152,-0.171343179456834,-2.23893887943681,-1.40155863315559,-0.540830462877054,-0.1555961886108,-0.0445734002443183,1.85033247926755,1.09010489057606,-0.793321208614283,-1.18029468333559,-1.29347794903808,-0.562304146385693,-0.113860786417039,-0.0382639442739243,1.49244802467431,1.08838378637757,-1.56081868739673,-1.53432688309958,-1.3031392155474,-0.650039470011399,-0.048236570436645,-0.0330109162638679,2.14340987250002,1.33132611434538,-1.15717727793518,-1.06729091314562,-0.881997446920094,-0.831486854781667,0,-0.0930309953194633,1.20000300386236,1.47858362970634,1.36287885195866,1.27280760797249,1.27008134505226,1.24856124179284,-0.0998707974396848,-0.0692112518235939,1.04245566330703,1.43048399386859,1.19219966462977,-0.145293492318181,1.0678543468204,2.47453550505952,-0.202993708003753,-0.0191459895266863,-0.303642030474405,0.115060393058532,0.245017378270736,0.904845870642121,1.58965249581285,1.19265161384234,-0.177318504788345
"1375",0,-0.346763866306412,-0.314065241041354,0.524013130597061,-0.334189482061415,0.0807774808691453,-0.416428649433891,-0.314372250869868,-0.0247411626405223,-0.640995384823577,0.266276456865079,1.06960504576937,1.13345756693153,1.29148053419773,0.444635321258607,-0.1555961886108,0.20639298340793,1.27427676266156,1.09010489057606,-0.456649399402975,1.2699814712849,1.24678870278565,0.50663662138079,-0.113860786417039,0.192667315319544,1.49244802467431,1.08838378637757,1.1507788827907,1.00657188464015,1.36852100217096,0.443529453395639,-0.048236570436645,-0.0330109162638679,-0.639535815693025,-0.427047782649156,-0.191412782816345,0.614423587210637,1.1603029827845,0.602075245430805,0,-0.0930309953194633,-0.481588184154324,-0.984477210668762,-1.12171262543579,0.63920556357353,1.27008134505226,-0.340470775845071,-0.0998707974396848,-0.0692112518235939,-0.504683374623999,-0.328780595364958,0.0112501889146152,1.16729496510292,-0.0409508075055244,-0.737564756419234,-0.202993708003753,-0.0191459895266863,-0.303642030474405,-0.172466266938626,0.93422270303842,-0.0853884767976621,-0.480880941265765,-0.527680489439249,-0.177318504788345
"1376",0,2.99694405524889,2.05042341159541,0.700291670541908,-1.44159853924067,-0.813775052877421,-0.416428649433891,-0.135962069060475,-0.0247411626405223,3.28279592944081,0.999757862091843,1.0175700631031,1.13345756693153,1.29148053419773,0.691001767292522,0.0211381660261053,-0.0445734002443183,1.85033247926755,1.09010489057606,1.39504555125922,-0.0368324778460259,-0.0233446231262145,0.270524592507076,-0.113860786417039,-0.0382639442739243,-0.43758194039396,0.59717573430355,0.642354338380556,-1.53432688309958,-1.3031392155474,-0.650039470011399,-0.048236570436645,-0.0330109162638679,-0.639535815693025,-0.267195610195108,1.09627321067543,-0.899119463109996,-1.56276425682162,-0.831486854781667,0,-0.15473834925174,-0.481588184154324,-0.830535908145318,1.20759188462151,0.480805052473791,-1.48080674570224,-0.797595882078731,-0.0998707974396848,-0.0692112518235939,-0.410266899197836,-0.152854136441604,1.19219966462977,0.0422191444562627,-1.55967039733413,-0.767532904424768,-0.202993708003753,-0.0191459895266863,1.76127335410647,2.02941592997334,0.245017378270736,-1.50225304557987,-1.1603681679367,-0.527680489439249,0.0492363728290599
"1377",0,-0.346763866306412,0.545748814462924,0.990200011287507,-0.609443374255866,-0.455954039378794,-0.416428649433891,-0.135962069060475,-0.0247411626405223,-0.0758740791922959,-0.100464245748303,1.06960504576937,0.922682789033507,0.281590846440236,-0.540830462877054,-0.1555961886108,-0.0445734002443183,-0.741918245459386,-1.11962895073218,0.721701932836606,0.943277984002168,0.611722039829717,-0.574697546273115,-0.113860786417039,-0.0382639442739243,-0.759253601238671,-1.53139249135053,-0.258233001549459,1.00657188464015,0.19966965691918,-0.650039470011399,-0.048236570436645,-0.0179575742192926,-0.915551547497006,-1.2263086449194,-0.513334281189288,0.950766487281889,-0.881997446920094,-0.733624522490949,0,-0.0930309953194633,-0.481588184154324,-0.984477210668762,0.741730982610052,0.95600658577301,-0.634369167775264,-0.797595882078731,-0.0998707974396848,-0.0692112518235939,-0.410266899197836,-0.166746238338765,1.68476422225802,0.979782328328481,0.465289055770677,1.66401840268845,3.48584559505782,-0.0191459895266863,-0.303642030474405,0.42804705949191,0.704487594782526,0.310705262178251,1.58965249581285,3.40450717520438,9.4491343969976
"1378",0,-0.346763866306412,-1.17387929654563,-1.34073439216472,0.773219575117836,1.86988254836228,1.34347430278246,-0.135962069060475,-0.0247411626405223,-1.04794891601428,-1.38405670489514,-0.464765710301642,-1.1850649899467,0.113275898480654,2.41556688952993,-0.1555961886108,-0.0445734002443183,-0.741918245459386,-0.9496494244777,1.39504555125922,-0.0368324778460259,0.7704887055687,0.552265305433806,-0.113860786417039,-0.0382639442739243,-0.759253601238671,0.760911751661556,1.1507788827907,1.00657188464015,0.366648420526578,-0.650039470011399,-0.048236570436645,-0.0330109162638679,0.906545122192,1.33132611434538,0.613390963116015,1.04767342901305,-1.56276425682162,-0.569847456666427,0,-0.0930309953194633,1.20000300386236,0.801184793710809,-0.966425658098632,1.27280760797249,-0.96501522868577,-0.797595882078731,-0.0998707974396848,-0.0692112518235939,0.591792638153992,0.374925240328461,-1.53426150971224,0.513892323068995,-0.547190670781726,-0.767532904424768,-0.121947044620636,-0.0191459895266863,-0.303642030474405,-1.17332181098952,-1.59286348777642,0.310705262178251,-0.300986710514968,-0.527680489439249,-0.177318504788345
"1379",0,-0.346763866306412,0.115841786710785,-0.439246770466353,0.330255952246136,0.975330014615711,0.17020566797156,-0.067429490077782,0.16709125331691,1.64788288183065,0.999757862091843,1.06960504576937,1.13345756693153,1.29148053419773,0.198268875224692,-0.1555961886108,-0.0445734002443183,1.56230462096456,1.32264012825502,0.553366028230951,-0.200184221487392,-1.29347794903808,-0.574697546273115,-0.381440948632512,0.0648763477579032,0.849104702984884,1.08838378637757,1.1507788827907,1.00657188464015,0.867584711348771,-0.376647239159639,-0.0647484780492521,-0.0330109162638679,-0.639535815693025,-0.160323693631985,-0.874347905006436,-0.73094801307437,1.1603029827845,0.315362825388311,0,-0.0930309953194633,0.527366528655686,-0.00212352916345378,-1.12171262543579,-1.26160056962335,0.582359322363638,0.34521688350542,-0.0998707974396848,-0.0692112518235939,2.01093737164361,1.43048399386859,-0.16886700594293,-0.332806129092624,0.802782297954812,0.44824274913184,-0.202993708003753,-0.0191459895266863,-0.303642030474405,-0.172466266938626,-0.444187946496948,0.112658392690295,0.558394746906768,-0.527680489439249,-0.447014912932489
"1380",0,-0.346763866306412,1.83546989771934,0.757106570942284,0.108774140810285,1.15424052136502,1.2843746075867,-0.135962069060475,-0.0247411626405223,-0.314012775301545,0.999757862091843,0.0768464655884069,0.290358455339444,1.29148053419773,1.18373465936035,-0.1555961886108,-0.0445734002443183,-0.741918245459386,-0.60969037196874,-0.570783606092693,0.779926240360802,0.611722039829717,-0.574697546273115,-0.416777535366585,-0.0382639442739243,-1.08989487096908,-1.53139249135053,-0.205019902303017,0.847765711656421,-0.969181688332602,-0.650039470011399,-0.048236570436645,-0.0330109162638679,-0.639535815693025,-1.2263086449194,0.613390963116015,-0.562776563038745,-1.56276425682162,-0.831486854781667,0,-0.0930309953194633,-0.481588184154324,-0.0608293955280974,1.20759188462151,-1.10320005852361,-1.48080674570224,-0.797595882078731,-0.0998707974396848,-0.0692112518235939,-0.410266899197836,1.25455753494524,0.0255710898531705,-1.83290722328817,-1.55967039733413,-0.767532904424768,-0.202993708003753,-0.0191459895266863,-0.303642030474405,1.82924482116316,-1.36312837952053,-2.26390404116519,-1.1603681679367,-0.527680489439249,-0.177318504788345
"1381",0,-0.346763866306412,-1.17387929654563,-0.874547511474277,-0.112707670625565,-0.655644612276713,-0.416428649433891,-0.183727933241331,-0.0247411626405223,-0.640995384823577,-1.47522683913799,1.06960504576937,0.290358455339444,-1.40155863315559,-0.540830462877054,-0.1555961886108,-0.0445734002443183,-0.741918245459386,0.24020725930366,1.39504555125922,-1.01694293969422,-1.29347794903808,-0.574697546273115,-0.113860786417039,-0.0382639442739243,-0.43758194039396,0.924647769019562,0.472879490243842,-0.740296018180913,-1.3031392155474,-0.650039470011399,-0.048236570436645,-0.0330109162638679,-0.0211034405390152,1.33132611434538,1.09627321067543,0.446252137175011,0.479536172882967,-0.544774434739172,0,-0.0930309953194633,-0.481588184154324,1.17070102465946,0.275870080598593,-1.10320005852361,-0.793084723013613,0.891163232278616,3.99079435447402,-0.0692112518235939,-0.410266899197836,-0.504707054288313,0.803323473037571,-0.624439238398123,-1.55967039733413,1.46138912709568,7.17468489811939,-0.0191459895266863,-0.303642030474405,-1.17332181098952,-1.59286348777642,0.706799001154165,1.58965249581285,3.40450717520438,5.94860606907544
"1382",0,-0.346763866306412,-1.17387929654563,-2.73929503423606,-1.22011672780482,0.975330014615711,-0.416428649433891,-0.135962069060475,-0.0247411626405223,-0.640995384823577,-1.93416775881521,-2.15686033981876,0.922682789033507,0.618220742359401,-0.540830462877054,-0.1555961886108,-0.0445734002443183,-0.741918245459386,-0.77966989822322,1.22670964665357,0.453222753078071,0.611722039829717,-0.574697546273115,-0.100948710900909,-0.0382639442739243,-0.115910279549249,0.924647769019562,-0.543969598576446,-0.740296018180913,0.19966965691918,-0.650039470011399,-0.048236570436645,-0.0330109162638679,1.21576130976901,1.17147394189133,0.452430213929543,0.782595037246263,1.1603029827845,1.46221250555829,0,-0.0930309953194633,-0.145269946550987,0.247053209518791,0.12058311326144,0.63920556357353,0.582359322363638,-0.340470775845071,-0.0998707974396848,-0.0692112518235939,-0.410266899197836,-1.38433934890509,-1.91880986810783,-0.332806129092624,-0.0919906910204694,-0.767532904424768,-0.202993708003753,-0.0191459895266863,-0.303642030474405,-1.17332181098952,-2.7415390290559,-1.2736696937254,0.730271038391115,-0.042882877961287,-0.177318504788345
"1383",0,-0.346763866306412,-0.529018754917424,0.524013130597061,-0.777153104933116,-0.992685559626734,-0.416428649433891,-0.135962069060475,-0.0247411626405223,1.97486549135268,0.999757862091843,1.06960504576937,1.13345756693153,-0.391668945398093,-0.540830462877054,-0.308865910070278,-0.0445734002443183,2.42638819587353,0.7501458380671,-0.456649399402975,-0.0368324778460259,0.929255371307683,-0.574697546273115,-0.113860786417039,-0.0382639442739243,2.13579134636373,0.105967682229532,-1.56081868739673,-1.53432688309958,0.700605947741373,1.26370614595092,-0.048236570436645,0.140100451884079,1.21576130976901,0.532065252075134,-1.47909877630812,-1.68569657678055,-0.541614041969328,1.46221250555829,0,-0.0930309953194633,-0.481588184154324,0.558526808075283,-0.500564756087173,-1.26160056962335,-0.793084723013613,1.94515475532323,-0.0998707974396848,-0.0692112518235939,-0.410266899197836,0.374925240328461,0.803323473037571,0.0422191444562627,0.802782297954812,1.25875985150291,-0.202993708003753,-0.0191459895266863,-0.303642030474405,-0.772979593369162,0.0152822700148413,0.904845870642121,1.07402362135981,-0.0361570313587953,-0.177318504788345
"1384",0,-0.346763866306412,-1.17387929654563,-1.57382783250995,-0.777153104933116,0.258762852824782,-0.416428649433891,-0.135962069060475,-0.064995348517452,-0.640995384823577,0.816387510785152,1.06960504576937,1.13345756693153,1.29148053419773,-0.540830462877054,-0.1555961886108,-0.0445734002443183,-0.741918245459386,1.09010489057606,1.56338145586488,1.43333321492626,0.7704887055687,-0.574697546273115,-0.113860786417039,-0.0382639442739243,-0.759253601238671,1.08838378637757,1.1507788827907,1.00657188464015,-0.46824539751041,-0.650039470011399,-0.048236570436645,-0.0330109162638679,-0.639535815693025,1.33132611434538,1.09627321067543,0.950766487281889,-1.19395409889863,-0.831486854781667,0,-0.0930309953194633,-0.481588184154324,1.47858362970634,1.36287885195866,1.27280760797249,-0.793084723013613,-0.797595882078731,-0.0998707974396848,-0.0692112518235939,-0.410266899197836,1.25455753494524,1.19219966462977,1.16729496510292,0.127795813586543,-0.767532904424768,-0.202993708003753,-0.0191459895266863,-0.303642030474405,-0.772979593369162,-0.903658163008738,-0.679529085261532,0.0427658724537265,-0.527680489439249,-0.177318504788345
"1385",0,-0.418185916322284,-0.0991117271652847,0.290919690251838,0.108774140810285,-0.813775052877421,-0.416428649433891,-0.135962069060475,-0.0247411626405223,0.0129698342204877,0.816387510785152,0.573225755678888,0.922682789033507,0.113275898480654,-0.540830462877054,-0.1555961886108,-0.0445734002443183,1.27427676266156,1.09010489057606,-0.456649399402975,0.943277984002168,1.24678870278565,-0.292956833346385,-0.113860786417039,0.0960485539139038,1.17077636382959,1.08838378637757,0.811829186517271,1.00657188464015,1.36852100217096,0.990313915099158,-0.048236570436645,-0.0330109162638679,-0.639535815693025,0.691917424529183,0.774351712302486,-0.226433662967493,1.1603029827845,1.17550008551579,0,-0.0930309953194633,-0.949600884621312,-0.984477210668762,-1.12171262543579,-1.10320005852361,1.27008134505226,1.07285738148533,-0.0998707974396848,-0.0692112518235939,-0.410266899197836,-0.856559972135023,-1.14105748492343,-0.332806129092624,0.971528919046879,0.245613473539072,-0.202993708003753,-0.0191459895266863,-0.303642030474405,0.42804705949191,0.704487594782526,0.706799001154165,0.386518455422421,-0.527680489439249,-0.177318504788345
"1386",0,-0.346763866306412,-0.314065241041354,0.0578262499066152,0.108774140810285,0.975330014615711,-0.123111490731166,-0.135962069060475,-0.0247411626405223,-0.314012775301545,0.999757862091843,-0.419532824502074,-2.02816410153879,0.954850638278565,-0.540830462877054,-0.1555961886108,-0.0445734002443183,-0.453890387156393,0.7501458380671,0.0483583144139882,-1.18029468333559,0.929255371307683,-0.574697546273115,-0.113860786417039,-0.0382639442739243,-0.759253601238671,-0.876448421918504,1.1507788827907,0.530153365688954,0.366648420526578,-0.650039470011399,-0.048236570436645,-0.0330109162638679,-0.639535815693025,-0.906604300011301,1.09627321067543,0.824441022873584,-1.05218914939548,-0.831486854781667,0,0.0618696593411249,-0.145269946550987,0.73966686091426,0.586444015272899,1.11440709687275,-0.277293205997144,-0.797595882078731,-0.0998707974396848,0.315468223005972,0.558214809138742,1.43048399386859,-0.94661938912733,0.792269691554037,-0.209697428597592,-0.767532904424768,-0.364665819210289,-0.0191459895266863,-0.303642030474405,0.027704841871553,-0.673923054752843,0.112658392690295,-0.644739293483662,-0.527680489439249,-0.177318504788345
"1387",0,-0.346763866306412,-1.17387929654563,-0.175267190438608,-0.112707670625565,-0.992685559626734,-0.416428649433891,-0.135962069060475,-0.0247411626405223,-0.640995384823577,-1.56742705620183,1.06960504576937,0.501133233237465,-1.40155863315559,-0.540830462877054,-0.1555961886108,-0.0445734002443183,-0.829853977752057,-0.60969037196874,1.56338145586488,-0.363535965128757,-1.29347794903808,-0.574697546273115,-0.113860786417039,-0.0382639442739243,-0.759253601238671,0.269703699587538,1.1507788827907,-0.740296018180913,-1.3031392155474,-0.650039470011399,-0.048236570436645,-0.0330109162638679,-0.639535815693025,0.851769596983231,1.09627321067543,0.0662381565197002,0.479536172882967,-0.544774434739172,0,-0.0930309953194633,-0.481588184154324,0.708877117089123,1.05230491728436,-0.944799547423866,-0.105362700324987,2.40227986155689,-0.0998707974396848,-0.0692112518235939,-0.410266899197836,-0.328780595364958,0.541474913581482,-0.895344039415955,0.465289055770677,2.27190622946675,1.02661939301677,-0.0912709356995593,-0.303642030474405,-1.17332181098952,-0.903658163008738,0.706799001154165,1.07402362135981,0.946889884802112,-0.177318504788345
"1388",0,-0.346763866306412,-0.743972268793493,0.757106570942284,0.773219575117836,0.259687987618459,-0.416428649433891,-0.461950737829372,-0.0247411626405223,-0.640995384823577,-0.100464245748303,0.0768464655884069,-0.974290212048683,1.29148053419773,0.691001767292522,-0.1555961886108,-0.0445734002443183,-0.1658625288534,1.09010489057606,-0.624985304008629,-1.18029468333559,-0.0233446231262145,2.24270958299419,-0.113860786417039,-0.0382639442739243,1.49244802467431,1.08838378637757,-1.56081868739673,-1.53432688309958,0.032690893311783,1.53709837680268,-0.048236570436645,-0.0330109162638679,0.919933971145885,1.33132611434538,-0.198643191985134,-1.1022559783979,0.479536172882967,0.602075245430805,0,-0.439222055640285,-0.481588184154324,1.47858362970634,-0.0347038540757136,-1.10320005852361,1.09815083938011,-0.111908222728241,-0.0998707974396848,-0.0692112518235939,-0.410266899197836,0.726778158175171,0.608885377241471,0.604757054779594,0.127795813586543,-0.624396681353327,-0.202993708003753,-0.0191459895266863,-0.303642030474405,-0.772979593369162,0.0152822700148413,0.310705262178251,-0.988491876452356,-0.527680489439249,-0.179180837991405
"1389",0,-0.346763866306412,-1.17387929654563,-0.641454071129054,0.551737763681986,-0.813775052877421,-0.416428649433891,-0.135962069060475,-0.0247411626405223,-0.640995384823577,-1.56742705620183,0.941744501979977,0.413073486900696,-1.40155863315559,-0.540830462877054,-0.1555961886108,-0.0445734002443183,-0.755422455845579,-0.43971084571426,1.56338145586488,-0.0949867641271244,-1.29347794903808,-0.574697546273115,-0.113860786417039,-0.0382639442739243,-0.759253601238671,0.269703699587538,0.811829186517271,-1.53432688309958,-1.3031392155474,-0.650039470011399,-0.048236570436645,-0.0330109162638679,-0.639535815693025,1.01162176943728,0.130508715556599,-1.06729091314562,-1.56276425682162,-0.831486854781667,0,-0.0930309953194633,-0.481588184154324,1.47858362970634,1.36287885195866,1.27280760797249,0.754289828035795,-0.340470775845071,-0.0998707974396848,-0.0692112518235939,-0.410266899197836,0.198998781405106,0.997761568833671,0.517921414854729,0.465289055770677,1.25875985150291,-0.202993708003753,-0.0191459895266863,-0.303642030474405,-1.17332181098952,-0.903658163008738,1.1333049918244,1.58965249581285,1.05904028341257,-0.17178845863799
"1390",0,-0.346763866306412,0.760702328338993,0.524013130597061,-0.998634916368966,-0.992685559626734,-0.416428649433891,-0.135962069060475,-0.0247411626405223,0.0129698342204877,0.999757862091843,1.06960504576937,1.13345756693153,1.12316558623815,-0.540830462877054,-0.1555961886108,-0.0445734002443183,0.122165329449593,1.09010489057606,1.56338145586488,1.43333321492626,0.294188708351751,-0.842188075243783,-0.113860786417039,-0.0382639442739243,-0.167632293976577,-0.057768335128474,1.1507788827907,1.00657188464015,0.366648420526578,-0.650039470011399,-0.048236570436645,-0.0539306280597664,-0.639535815693025,-1.2263086449194,-0.996216528748704,0.950766487281889,0.139152767932202,-0.831486854781667,0,-0.0930309953194633,-0.481588184154324,-0.984477210668762,0.586444015272899,0.95600658577301,-0.310148317750241,-0.797595882078731,-0.0998707974396848,-0.0692112518235939,-0.410266899197836,-0.504707054288313,1.19219966462977,0.979782328328481,-1.05343053405793,-0.767532904424768,-0.202993708003753,-0.0191459895266863,-0.303642030474405,0.828389277112268,0.0152822700148413,-1.47171656321336,-1.1603681679367,-0.527680489439249,0.159824662348279
"1391",0,-0.346763866306412,-1.17387929654563,-2.27310815354561,0.551737763681986,0.796419507866398,-0.416428649433891,-0.135962069060475,-0.0247411626405223,-0.640995384823577,-1.75079740750852,0.26860131783806,1.02997185735254,0.786535690318983,-0.540830462877054,-0.1555961886108,-0.0445734002443183,0.986248904358571,0.58016631181262,1.56338145586488,1.43333321492626,-0.34087795460418,-0.694603525868169,-0.113860786417039,-0.0382639442739243,0.849104702984884,0.105967682229532,0.472879490243842,1.00657188464015,-0.46824539751041,-0.650039470011399,-0.048236570436645,-0.0330109162638679,-0.639535815693025,-1.2263086449194,-0.352373532002817,0.950766487281889,-0.846485808740088,-0.831486854781667,0,-0.0930309953194633,-0.481588184154324,-0.984477210668762,-0.500564756087173,1.27280760797249,-0.4492237116693,-0.797595882078731,-0.0998707974396848,-0.0692112518235939,-0.64938853318131,-1.38433934890509,-1.14105748492343,1.16729496510292,-0.378444049689659,-0.767532904424768,-0.587147072317916,-0.0191459895266863,-0.303642030474405,-1.17332181098952,-2.28206881254411,-0.0853884767976621,1.24589991284416,-0.527680489439249,-0.349168081245306
"1392",0,-0.346763866306412,-0.0991117271652847,0.0578262499066152,0.551737763681986,-0.0981330258801679,-0.416428649433891,-0.135962069060475,-0.0247411626405223,0.0129698342204877,0.999757862091843,0.325036110633647,1.13345756693153,-0.054582831028148,-0.540830462877054,-0.1555961886108,-0.0445734002443183,-0.741918245459386,-1.62956752949562,-0.624985304008629,1.43333321492626,-0.658411286082146,-0.574697546273115,-0.137534782322733,-0.0382639442739243,-0.685501069678019,-1.26497887286055,0.981304034653986,1.00657188464015,-0.46824539751041,-0.297740807420222,-0.048236570436645,-0.0330109162638679,-0.639535815693025,-0.844582953341551,-0.835255779562232,0.109909237103759,1.1603029827845,0.315362825388311,0,-0.0930309953194633,-0.481588184154324,-0.984477210668762,-1.12171262543579,-1.10320005852361,1.27008134505226,0.116654330388589,-0.0998707974396848,-0.0692112518235939,-0.410266899197836,-0.328780595364958,0.414447281445371,0.604757054779594,0.971528919046879,-0.214667169344757,-0.202993708003753,-0.0191459895266863,-0.303642030474405,0.42804705949191,0.0152822700148413,-0.0853884767976621,-0.644739293483662,-0.527680489439249,-0.177318504788345
"1393",0,-0.346763866306412,0.115841786710785,0.524013130597061,0.994701386553687,0.229785700035504,-0.416428649433891,-0.135962069060475,0.13393602448343,1.32090027230862,0.633017159478461,-2.15686033981876,-0.811053806636315,0.786535690318983,0.444635321258607,-0.1555961886108,-0.0445734002443183,0.979686172340451,0.41018678555814,-1.12999301782559,-0.526887708770123,1.24678870278565,0.270524592507076,-0.113860786417039,-0.0382639442739243,-0.759253601238671,0.483065213107627,0.811829186517271,0.847765711656421,-0.46824539751041,-0.650039470011399,-0.048236570436645,-0.0330109162638679,-0.33031962811602,1.01162176943728,0.452430213929543,-0.107757913663972,-1.56276425682162,-0.831486854781667,0,0.295122952395702,1.20000300386236,1.55789581360043,0.897017949947205,-0.944799547423866,-1.48080674570224,-0.797595882078731,-0.0998707974396848,-0.0692112518235939,0.558214809138742,1.43048399386859,1.19219966462977,0.604757054779594,-1.55967039733413,-0.767532904424768,-0.202993708003753,-0.0191459895266863,-0.303642030474405,-0.772979593369162,0.0152822700148413,-0.428718436958684,-1.1603681679367,-0.527680489439249,-0.177318504788345
"1394",0,1.88237474806379,2.05042341159541,0.0578262499066152,-2.54900759641992,-0.992685559626734,-0.416428649433891,-0.135962069060475,-0.0247411626405223,0.993917662786584,0.999757862091843,1.06960504576937,-1.39583976784473,-1.40155863315559,-0.540830462877054,-0.1555961886108,-0.0445734002443183,1.56230462096456,0.7501458380671,1.05837374204791,0.12651926579534,-1.29347794903808,-0.574697546273115,-0.113860786417039,-0.0598124768661009,-0.43758194039396,-0.22150435248648,-0.543969598576446,0.37134719270522,-1.3031392155474,-0.650039470011399,-0.048236570436645,-0.0330109162638679,-0.639535815693025,-1.2263086449194,-0.0304520336298728,0.278080687139385,-1.56276425682162,-0.831486854781667,0,-0.0930309953194633,-0.481588184154324,-0.368712000574986,1.05230491728436,0.79760607467327,-0.300574684406299,-0.111908222728241,-0.0998707974396848,-0.0692112518235939,2.97941907998019,1.43048399386859,1.19219966462977,1.16729496510292,1.14027554013895,0.378184592970125,-0.202993708003753,-0.0191459895266863,2.09832916145822,1.81646405350617,0.399319120202373,-0.0853884767976621,0.214642163938074,-0.0361570313587953,-0.177318504788345
"1395",0,-0.346763866306412,-1.17387929654563,-0.268621168944885,-0.334189482061415,-0.813775052877421,-0.416428649433891,-0.300795825420356,-0.0247411626405223,-0.640995384823577,-1.01731600228176,1.06960504576937,-1.1850649899467,0.449905794399818,1.18373465936035,-0.1555961886108,-0.0445734002443183,-0.1658625288534,1.09010489057606,0.132033197686689,-1.00413772089567,1.24678870278565,0.552265305433806,-0.113860786417039,-0.0382639442739243,0.978029523644324,1.08838378637757,-1.2218689911233,-0.10507132624598,1.20154223856357,-0.10325500830788,-0.048236570436645,-0.0330109162638679,1.52497749734601,1.33132611434538,0.452430213929543,0.950766487281889,0.990111280309114,1.17550008551579,0,-0.0930309953194633,-0.145269946550987,0.554935814565679,1.05230491728436,1.27280760797249,0.238498311019326,-0.569033328961901,-0.0998707974396848,-0.0692112518235939,-0.410266899197836,-1.38433934890509,0.220009185649271,0.979782328328481,-1.39092377624206,-0.767532904424768,-0.202993708003753,-0.0191459895266863,-0.303642030474405,-1.17332181098952,0.0152822700148413,0.310705262178251,-1.1603681679367,-0.527680489439249,-0.177318504788345
"1396",0,0.767805440878689,0.975655842215063,0.524013130597061,-1.44159853924067,-0.992685559626734,-0.363865790386798,-0.148361853046485,-0.0247411626405223,2.30184810087471,0.999757862091843,0.573225755678888,1.13345756693153,-1.40155863315559,-0.540830462877054,-0.1555961886108,-0.0445734002443183,0.52757975398735,-0.77966989822322,0.385030123625297,1.43333321492626,-1.29347794903808,-0.574697546273115,-0.113860786417039,-0.0382639442739243,-0.759253601238671,-0.712712404560498,1.1507788827907,1.00657188464015,1.03456347495617,-0.650039470011399,-0.048236570436645,-0.0330109162638679,-0.639535815693025,0.0525087347129891,0.774351712302486,0.446252137175011,1.1603029827845,0.8887876654733,0,-0.0930309953194633,-0.481588184154324,-0.984477210668762,-1.12171262543579,-1.26160056962335,1.27008134505226,1.7165922022064,-0.0998707974396848,-0.0692112518235939,-0.410266899197836,0.550851699251816,-0.94661938912733,0.229731781230706,1.2316983444316,0.650872024724607,-0.202993708003753,-0.0191459895266863,0.728815661816031,1.22873149473262,0.93422270303842,0.508752131666208,-0.300986710514968,-0.527680489439249,-0.231560366664172
"1397",0,0.767805440878689,0.330795300586854,-1.34073439216472,0.108774140810285,1.51206153486365,1.63679146148519,-0.135962069060475,-0.0247411626405223,0.666935053264552,0.999757862091843,0.325036110633647,-0.763515434150662,-0.728298841317257,-0.294464016843139,-0.1555961886108,-0.0445734002443183,0.698221046055578,0.7501458380671,-0.456649399402975,-0.853591196052854,-1.29347794903808,-0.574697546273115,-0.113860786417039,0.0648763477579032,0.849104702984884,1.08838378637757,1.1507788827907,0.847765711656421,-0.802202924725205,-0.650039470011399,-0.048236570436645,-0.0330109162638679,-0.33031962811602,-0.107343437741059,-0.996216528748704,0.614423587210637,-0.201230637018563,-0.831486854781667,0,-0.0930309953194633,-0.201133834483798,-0.984477210668762,-1.12171262543579,0.63920556357353,-0.4492237116693,-0.797595882078731,-0.0998707974396848,-0.190997332914531,0.0739739549704533,-0.856559972135023,-0.94661938912733,0.979782328328481,-1.22217715515,-0.9011151763809,-0.202993708003753,-0.0191459895266863,0.728815661816031,1.4289026035428,0.245017378270736,-1.2736696937254,-1.1603681679367,-0.594588752532383,-0.177318504788345
"1398",0,-0.346763866306412,-0.0991117271652847,-0.641454071129054,0.330255952246136,1.33315102811434,0.582825487678419,-0.135962069060475,-0.0247411626405223,-0.640995384823577,0.082906105558388,1.06960504576937,-0.34196587835462,-0.728298841317257,-0.540830462877054,-0.1555961886108,-0.0445734002443183,-0.741918245459386,-0.43971084571426,0.25033820283305,-1.18029468333559,-1.29347794903808,-0.574697546273115,-0.113860786417039,-0.0382639442739243,-0.759253601238671,0.105967682229532,0.981304034653986,0.37134719270522,0.700605947741373,0.325538074664363,-0.048236570436645,-0.0330109162638679,-0.639535815693025,-0.746752127557253,0.452430213929543,-0.394605113003119,0.819919577833732,1.17550008551579,0,-0.0930309953194633,-0.481588184154324,-0.984477210668762,-1.12171262543579,-1.26160056962335,0.431343390063419,0.116654330388589,-0.0998707974396848,-0.254803003026406,-0.410266899197836,-0.769585132253371,-0.16886700594293,0.792269691554037,0.465289055770677,-0.351046297278713,-0.202993708003753,-0.0191459895266863,-0.303642030474405,-0.572808484558983,0.93422270303842,-0.283435346285619,-0.809284546646317,-0.527680489439249,-0.137497488715753
"1399",0,-0.448702884065572,-0.529018754917424,0.233355568304245,0.994701386553687,0.272886787418159,-0.416428649433891,-0.135962069060475,-0.0247411626405223,-0.314012775301545,0.44964680817177,-1.66048104972828,-1.39583976784473,0.786535690318983,-0.540830462877054,-0.1555961886108,-0.0445734002443183,0.698221046055578,0.41018678555814,-1.35128871177636,-1.18029468333559,0.135422042612768,0.552265305433806,-0.113860786417039,-0.0382639442739243,0.849104702984884,-0.057768335128474,-1.56081868739673,-1.53432688309958,-0.46824539751041,1.53709837680268,-0.048236570436645,-0.0330109162638679,1.83419368492302,-0.107343437741059,-1.47909877630812,-1.73997671328813,-1.05218914939548,1.20768190788712,0,-0.0930309953194633,1.5363212414657,0.400994512042235,-1.12171262543579,-1.26160056962335,-1.13694573435793,1.11402605553577,-0.0998707974396848,-0.0692112518235939,-0.410266899197836,1.25455753494524,-1.33549558071953,-1.64539458651373,-0.0409508075055244,0.853501300317375,-0.202993708003753,-0.0191459895266863,-0.303642030474405,-0.32309430045202,0.704487594782526,0.508752131666208,0.386518455422421,-0.527680489439249,-0.177318504788345
"1400",0,-0.346763866306412,0.760702328338993,0.990200011287507,0.551737763681986,1.15424052136502,1.91173317266761,-0.135962069060475,-0.0247411626405223,0.33995244374252,0.44964680817177,-1.90867069477352,0.0795836774414227,-0.0550390494789284,2.16920044349601,-0.1555961886108,-0.0445734002443183,0.242743473478549,0.92012536432158,-0.28831349479732,-1.18029468333559,-0.305668200456895,0.552265305433806,-0.113860786417039,-0.0382639442739243,-0.759253601238671,-1.04018443927651,0.811829186517271,0.207194191575987,-0.134287870295615,-0.650039470011399,-0.048236570436645,-0.0330109162638679,-0.639535815693025,-1.2263086449194,0.130508715556599,0.435763476105146,-1.56276425682162,-0.831486854781667,0,-0.0930309953194633,-0.481588184154324,-0.214770698051542,0.741730982610052,1.11440709687275,-1.48080674570224,-0.797595882078731,-0.0998707974396848,-0.0692112518235939,-0.410266899197836,0.726778158175171,0.519543970315866,0.41724441800515,-1.55967039733413,-0.767532904424768,-0.202993708003753,-0.0191459895266863,-0.303642030474405,0.828389277112268,0.93422270303842,-1.07562282423745,-1.1603681679367,-0.527680489439249,-0.177318504788345
"1401",0,-0.346763866306412,-1.17387929654563,-0.874547511474277,-0.334189482061415,-0.992685559626734,-0.416428649433891,-0.135962069060475,-0.0247411626405223,-0.640995384823577,-0.833945650975067,1.06960504576937,0.290358455339444,-1.40155863315559,-0.540830462877054,-0.1555961886108,-0.0445734002443183,-0.741918245459386,0.41018678555814,0.89003783744226,-1.01694293969422,-1.29347794903808,-0.574697546273115,-0.113860786417039,-0.0382639442739243,-0.759253601238671,0.619189874836534,-0.71344444671316,-1.53432688309958,-0.597085970970863,-0.650039470011399,-0.048236570436645,-0.0215921147357923,-0.33031962811602,1.33132611434538,-0.996216528748704,0.446252137175011,0.819919577833732,-0.258062014696678,0,-0.0930309953194633,-0.481588184154324,1.17070102465946,1.36287885195866,1.11440709687275,0.926220333707951,2.17371730844006,-0.0998707974396848,-0.0692112518235939,-0.410266899197836,0.198998781405106,1.19219966462977,0.41724441800515,0.127795813586543,2.27190622946675,1.02661939301677,-0.0191459895266863,-0.393257228370739,-1.17332181098952,-1.36312837952053,0.112658392690295,1.4177762043285,1.43841334288257,-0.177318504788345
"1402",0,-0.346763866306412,-0.529018754917424,0.290919690251838,0.994701386553687,0.617509001117085,-0.123111490731166,-0.135962069060475,-0.0247411626405223,0.33995244374252,0.44964680817177,0.188647639461774,-0.763515434150662,1.29148053419773,0.937368213326437,-0.1555961886108,-0.0445734002443183,0.986248904358571,1.09010489057606,-0.574372156555987,-0.363535965128757,1.24678870278565,0.270524592507076,-0.30324910637934,-0.0382639442739243,1.17077636382959,1.08838378637757,-0.205019902303017,0.847765711656421,0.533627184133976,-0.650039470011399,-0.048236570436645,-0.0330109162638679,-0.33031962811602,1.33132611434538,1.09627321067543,0.446252137175011,-1.39257255434624,-0.831486854781667,0,-0.0930309953194633,0.863684766259023,1.47858362970634,1.06502584884386,0.95600658577301,-1.13694573435793,-0.797595882078731,-0.0998707974396848,-0.0692112518235939,0.558214809138742,1.43048399386859,1.11548359233587,1.16729496510292,0.127795813586543,-0.767532904424768,-0.202993708003753,-0.0191459895266863,-0.303642030474405,-0.172466266938626,0.474752486526631,0.913940369127919,0.730271038391115,-0.0548017479546466,-0.177318504788345
"1403",0,-0.346763866306412,-0.529018754917424,0.757106570942284,-0.777153104933116,-0.992685559626734,-0.416428649433891,-0.135962069060475,-0.0247411626405223,-0.640995384823577,-0.467204948361685,1.06960504576937,1.13345756693153,-0.223353997438511,-0.540830462877054,-0.1555961886108,-0.0445734002443183,-0.741918245459386,-0.43971084571426,0.721701932836606,0.289871009436705,0.611722039829717,-0.57828809051045,-0.113860786417039,-0.0382639442739243,-0.759253601238671,-1.20392045663452,-0.71344444671316,-0.10507132624598,0.533627184133976,-0.650039470011399,-0.048236570436645,-0.0330109162638679,-0.639535815693025,-1.2263086449194,-1.47909877630812,0.446252137175011,-0.371422339493946,-0.831486854781667,0,-0.232322066025167,-0.481588184154324,0.0931119069953467,0.431157047935746,1.27280760797249,-0.793084723013613,-0.797595882078731,-0.0998707974396848,-0.0692112518235939,-0.410266899197836,1.07863107602188,1.19219966462977,1.16729496510292,1.14027554013895,2.27190622946675,-0.202993708003753,-0.0191459895266863,-0.303642030474405,-0.97315070217934,-1.82259859603232,-1.47171656321336,0.0427658724537265,1.54974588613719,0.697813577192196
"1404",0,-0.346763866306412,1.19060935609113,0.990200011287507,0.994701386553687,1.86988254836228,0.463522826674285,-0.135962069060475,-0.0247411626405223,0.0386971832935093,0.266276456865079,0.0768464655884069,0.501133233237465,1.29148053419773,0.691001767292522,-0.1555961886108,-0.0445734002443183,-0.540120516285851,-1.62956752949562,-1.12999301782559,-0.0368324778460259,1.24678870278565,-0.0112161204196545,-0.113860786417039,-0.0382639442739243,-0.788894713322671,-0.712712404560498,0.642354338380556,1.00657188464015,1.20154223856357,-0.376647239159639,-0.048236570436645,-0.0179575742192926,-0.259745997589587,0.691917424529183,1.09627321067543,0.950766487281889,1.1603029827845,2.03563734564328,0,-0.0930309953194633,-0.481588184154324,-0.830535908145318,0.897017949947205,-0.376260364301287,-0.793084723013613,0.00731974793319384,-0.0998707974396848,-0.0692112518235939,-0.410266899197836,0.0230723224817513,1.19219966462977,-1.45788194973929,-1.55967039733413,-0.767532904424768,-0.202993708003753,-0.0191459895266863,-0.303642030474405,1.82924482116316,-0.214452838241053,-2.26390404116519,-1.1603681679367,-0.527680489439249,-0.177318504788345
"1405",0,-0.346763866306412,-0.743972268793493,0.524013130597061,0.773219575117836,-0.634864546128108,-0.416428649433891,-0.135962069060475,-0.0247411626405223,-0.640995384823577,0.44964680817177,0.821415400724128,0.711908011135486,-0.0550390494789284,-0.540830462877054,-0.1555961886108,-0.111531751188364,-0.741918245459386,1.09010489057606,-0.119977590191666,0.616574496719437,0.294188708351751,-0.74337679644662,-0.113860786417039,-0.0382639442739243,0.584316827833457,-0.057768335128474,-0.205019902303017,0.847765711656421,0.19966965691918,-0.650039470011399,-0.048236570436645,-0.0330109162638679,2.45262606007703,1.0628654938391,1.09627321067543,0.950766487281889,1.1603029827845,1.74892492560078,0,-0.0930309953194633,-0.145269946550987,-0.368712000574986,0.12058311326144,1.27280760797249,-0.621154217341457,0.34521688350542,-0.0998707974396848,-0.0692112518235939,-0.410266899197836,-1.38433934890509,0.803323473037571,0.604757054779594,-1.55967039733413,-0.767532904424768,-0.202993708003753,-0.0191459895266863,-0.303642030474405,-0.772979593369162,0.93422270303842,-1.07562282423745,-1.1603681679367,-0.527680489439249,0.0059321901049668
"1406",0,-0.346763866306412,-0.0991117271652847,0.990200011287507,-2.54900759641992,-0.992685559626734,-0.19612980777131,-0.135962069060475,-0.0247411626405223,-0.640995384823577,0.266276456865079,-0.667722469547314,-1.81738932364077,0.786535690318983,0.685384526974868,-0.1555961886108,-0.0445734002443183,0.410193187752585,1.09010489057606,-1.41926466152451,0.12651926579534,1.08802203704667,1.1329522702578,-0.113860786417039,-0.0382639442739243,1.81411968551902,0.59717573430355,-1.39134383926002,0.688959538672687,1.20154223856357,2.35727506935795,-0.048236570436645,-0.0330109162638679,1.52497749734601,1.33132611434538,1.09627321067543,0.950766487281889,-0.0310389345431809,-0.258062014696678,0,-0.0930309953194633,-0.145269946550987,0.247053209518791,1.05230491728436,0.79760607467327,-1.48080674570224,-0.797595882078731,-0.0998707974396848,-0.0692112518235939,-0.410266899197836,-1.20841288998173,0.997761568833671,-0.520318765867068,-1.55967039733413,-0.767532904424768,-0.202993708003753,-0.0191459895266863,-0.235786028081747,-0.372637375748804,0.93422270303842,-2.26390404116519,-1.1603681679367,-0.527680489439249,-0.177318504788345
"1407",0,-0.346763866306412,0.115841786710785,0.524013130597061,0.773219575117836,0.0807774808691453,-0.416428649433891,-0.135962069060475,-0.0247411626405223,3.93676114848487,0.981084507287111,1.06960504576937,1.13345756693153,1.29148053419773,-0.540830462877054,-0.1555961886108,-0.0445734002443183,1.89584839261674,-0.26973131945978,0.553366028230951,1.06391523149406,0.582786809074898,-0.574697546273115,-0.113860786417039,-0.0382639442739243,-0.759253601238671,-1.53139249135053,0.811829186517271,1.00657188464015,-0.134287870295615,-0.650039470011399,-0.048236570436645,-0.0330109162638679,-0.639535815693025,-1.2263086449194,-0.513334281189288,0.950766487281889,0.479536172882967,-0.251000869913264,0,-0.0930309953194633,-0.481588184154324,-0.984477210668762,-1.12171262543579,0.63920556357353,1.27008134505226,0.57377943662225,-0.0998707974396848,-0.0692112518235939,-0.410266899197836,-1.38433934890509,-0.55774319753513,1.16729496510292,1.14027554013895,0.245613473539072,-0.202993708003753,-0.0191459895266863,-0.303642030474405,0.027704841871553,0.431241248657702,0.112658392690295,-0.988491876452356,-0.527680489439249,-0.177318504788345
"1408",0,-0.346763866306412,-1.17761487510132,-2.50620159389084,0.773219575117836,0.796419507866398,-0.416428649433891,-0.135962069060475,-0.0247411626405223,-0.407159731660051,-1.93416775881521,-1.41229140468304,1.13345756693153,-0.223353997438511,-0.540830462877054,-0.1555961886108,-0.0445734002443183,-0.741918245459386,-1.62956752949562,0.721701932836606,1.43333321492626,-1.29347794903808,-0.574697546273115,-0.113860786417039,-0.0382639442739243,-0.759253601238671,-1.20392045663452,1.1507788827907,0.37134719270522,1.20154223856357,0.618245988426166,-0.048236570436645,-0.0330109162638679,-0.33031962811602,1.17147394189133,0.774351712302486,-0.73094801307437,1.96676269665628,1.46221250555829,0,-0.0930309953194633,2.20895771667237,1.47858362970634,1.31901040422172,1.27280760797249,1.27008134505226,0.57377943662225,-0.0998707974396848,-0.0692112518235939,2.01093737164361,0.726778158175171,0.414447281445371,1.57708524465459,0.634035676862745,-0.159645077646464,-0.202993708003753,-0.0191459895266863,-0.303642030474405,-1.17332181098952,-2.28206881254411,0.508752131666208,-0.644739293483662,-0.527680489439249,-0.177318504788345
"1409",0,-0.346763866306412,-0.117446827347852,0.757106570942284,0.108774140810285,-0.455954039378794,-0.167202621593672,-0.135962069060475,-0.0247411626405223,-0.770104149849302,-0.283834597054994,0.0768464655884069,-0.131191100456599,-0.89661378927684,-0.540830462877054,-0.1555961886108,-0.111531751188364,-0.741918245459386,0.7501458380671,-0.119977590191666,-1.18029468333559,-1.29347794903808,-0.574697546273115,-0.113860786417039,-0.0382639442739243,-0.759253601238671,0.924647769019562,1.1507788827907,1.00657188464015,-0.802202924725205,-0.650039470011399,-0.048236570436645,-0.0330109162638679,-0.639535815693025,-0.107343437741059,-0.191412782816345,-0.0582622129318667,0.139152767932202,-0.831486854781667,0,-0.0930309953194633,-0.730757809493918,-0.984477210668762,-1.12171262543579,-0.469598014124647,0.754289828035795,-0.797595882078731,-0.0998707974396848,-0.0692112518235939,-0.410266899197836,-0.680633513211668,0.414447281445371,1.16729496510292,0.29654243467861,-0.767532904424768,-0.202993708003753,-0.0191459895266863,-0.303642030474405,0.027704841871553,0.93422270303842,-0.0853884767976621,-0.816615584968009,-0.527680489439249,-0.0157741972305427
"1410",0,-0.346763866306412,-0.958925782669563,0.524013130597061,-0.257062508899678,-0.992685559626734,-0.416428649433891,-0.128152066832023,-0.0247411626405223,-0.640995384823577,0.082906105558388,-0.419532824502074,-0.552740656252641,-0.0550390494789284,-0.540830462877054,-0.237437431039964,-0.0445734002443183,0.122165329449593,1.09010489057606,-0.961657113219938,-1.18029468333559,0.294188708351751,-0.0112161204196545,-0.113860786417039,-0.0382639442739243,1.17077636382959,0.269703699587538,-1.56081868739673,-1.53432688309958,-0.301266633903012,0.990313915099158,-0.048236570436645,-0.0330109162638679,0.857952064259984,0.212360907167038,-1.47909877630812,-1.73997671328813,-0.428669925094222,1.42041299435102,0,-0.0930309953194633,0.527366528655686,1.01675972213601,-1.12171262543579,-1.26160056962335,-0.621154217341457,1.48802964908957,-0.0998707974396848,-0.0692112518235939,-0.410266899197836,0.726778158175171,-0.792298553515623,-1.0828566761904,0.465289055770677,0.0429841979463036,-0.202993708003753,-0.0191459895266863,-0.303642030474405,-0.97315070217934,0.245017378270736,0.904845870642121,0.0427658724537265,-0.527680489439249,-0.177318504788345
"1411",0,-0.346763866306412,-1.17387929654563,-2.27310815354561,-0.112707670625565,-0.992685559626734,-0.416428649433891,-0.135962069060475,-0.0247411626405223,-0.640995384823577,-1.93416775881521,-0.171343179456834,-0.552740656252641,-1.40155863315559,-0.540830462877054,-0.1555961886108,-0.0445734002443183,-0.741918245459386,-1.45958800324114,1.56338145586488,-0.690239452411488,0.135422042612768,-0.574697546273115,-0.113860786417039,-0.0382639442739243,-0.759253601238671,0.269703699587538,0.303404642107127,-1.21671453713211,1.36852100217096,-0.650039470011399,-0.048236570436645,-0.0330109162638679,0.597328934614995,1.33132611434538,0.130508715556599,0.278080687139385,0.990111280309114,0.602075245430805,0,-0.0930309953194633,0.527366528655686,0.708877117089123,0.346780909756945,1.11440709687275,0.754289828035795,-0.111908222728241,-0.0998707974396848,-0.0692112518235939,-0.410266899197836,-1.38433934890509,-1.91880986810783,0.792269691554037,-0.884683912965861,-0.432161778899357,-0.0626359671157554,-0.0191459895266863,-0.303642030474405,-1.17332181098952,-2.28206881254411,0.904845870642121,-0.816615584968009,-0.527680489439249,-0.177318504788345
"1412",0,-0.346763866306412,0.760702328338993,0.290919690251838,0.524597226613171,0.437450132448432,0.141973133604889,-0.135962069060475,-0.0247411626405223,-0.640995384823577,0.082906105558388,-0.419532824502074,-0.131191100456599,0.954850638278565,0.444635321258607,-0.1555961886108,-0.0445734002443183,-0.741918245459386,-0.857616406094749,1.22670964665357,-0.0368324778460259,0.308579199054447,0.0458634568193109,-0.113860786417039,-0.0382639442739243,-0.759253601238671,-1.53139249135053,0.973293672835432,0.847765711656421,-0.802202924725205,-0.650039470011399,-0.048236570436645,-0.0330109162638679,-0.639535815693025,0.0525087347129891,1.09627321067543,0.278080687139385,-1.56276425682162,-0.831486854781667,0,-0.0930309953194633,-0.481588184154324,1.17070102465946,-0.655851723424326,0.63920556357353,-0.793084723013613,-0.797595882078731,-0.0998707974396848,-0.0692112518235939,-0.410266899197836,0.902704617098525,-1.72437177231173,0.41724441800515,-0.378444049689659,-0.767532904424768,-0.202993708003753,-0.0191459895266863,-0.303642030474405,0.828389277112268,0.93422270303842,0.310705262178251,-0.988491876452356,-0.527680489439249,-0.177318504788345
"1413",0,-0.346763866306412,0.760702328338993,0.990200011287507,-0.555671293497266,-0.813775052877421,-0.416428649433891,-0.135962069060475,-0.0247411626405223,0.0129698342204877,0.999757862091843,0.325036110633647,1.13345756693153,0.449905794399818,-0.540830462877054,-0.1555961886108,0.299695993745473,1.85033247926755,0.58016631181262,-1.12999301782559,0.453222753078071,1.24678870278565,0.552265305433806,-0.113860786417039,0.0680888758334768,0.527433042140173,0.924647769019562,0.472879490243842,0.530153365688954,1.36852100217096,0.990313915099158,-0.048236570436645,-0.0330109162638679,-0.639535815693025,-0.427047782649156,0.452430213929543,0.446252137175011,1.1603029827845,1.17550008551579,0,-0.0930309953194633,-0.763863236577952,-0.984477210668762,-1.12171262543579,-1.26160056962335,1.09815083938011,1.03090454285591,-0.0998707974396848,-0.0692112518235939,-0.410266899197836,0.198998781405106,-0.75218129333123,-0.0436997345214591,1.14027554013895,-0.362274353239232,-0.202993708003753,-0.0191459895266863,-0.303642030474405,0.628218168302089,0.245017378270736,-0.0853884767976621,-0.644739293483662,-0.527680489439249,-0.177318504788345
"1414",0,-0.346763866306412,-0.635089059174897,-0.175267190438608,-2.10604397354822,0.259687987618459,3.39669441370154,-0.135962069060475,-0.0247411626405223,-1.09366330460404,-1.38405670489514,0.325036110633647,-0.47175651439793,1.29148053419773,2.08765509367834,-0.1555961886108,-0.0445734002443183,-0.741918245459386,-1.62956752949562,-1.12999301782559,-0.363535965128757,0.7704887055687,-0.574697546273115,-0.113860786417039,-0.0382639442739243,-0.759253601238671,-0.822140332172622,-1.56081868739673,-0.332972264811634,-0.134287870295615,-0.650039470011399,-0.048236570436645,-0.0330109162638679,1.83419368492302,1.33132611434538,1.09627321067543,0.950766487281889,0.142249609388924,-0.258062014696678,0,-0.0930309953194633,0.19104829105235,-0.368712000574986,0.741730982610052,0.480805052473791,-1.30887624003008,-0.797595882078731,-0.0998707974396848,-0.0692112518235939,-0.410266899197836,-1.38433934890509,0.997761568833671,-0.382734130243567,-1.55967039733413,-0.767532904424768,-0.202993708003753,-0.0191459895266863,-0.303642030474405,-0.572808484558983,0.93422270303842,-1.66976343270132,-1.1603681679367,-0.527680489439249,-0.177318504788345
"1415",0,-0.346763866306412,-1.17387929654563,-1.80692127285517,-0.271955229691586,-0.455954039378794,-0.416428649433891,-0.135962069060475,-0.0247411626405223,-0.640995384823577,-0.833945650975067,1.06960504576937,0.501133233237465,-1.06492873723642,-0.540830462877054,-0.1555961886108,-0.0445734002443183,-0.1658625288534,1.09010489057606,0.385030123625297,-0.831337933755392,-1.53728998615518,-0.574697546273115,-0.113860786417039,-0.0382639442739243,0.0540668601351129,1.08838378637757,0.133929793970413,-1.21671453713211,-1.3031392155474,-0.650039470011399,-0.048236570436645,-0.0330109162638679,-0.0211034405390152,1.33132611434538,1.09627321067543,0.0322654182148507,0.819919577833732,0.0286504053458163,0,-0.0930309953194633,-0.145269946550987,0.435687594547365,0.275870080598593,-0.944799547423866,-0.105362700324987,1.7165922022064,-0.0998707974396848,-0.0692112518235939,-0.410266899197836,-0.856559972135023,0.997761568833671,-0.332806129092624,-0.0409508075055244,2.47453550505952,1.02661939301677,-0.0191459895266863,-0.303642030474405,-1.17332181098952,-2.05233370428821,-0.0853884767976621,1.24589991284416,1.92993680096302,-0.177318504788345
"1416",0,-0.346763866306412,1.62051638384327,0.757106570942284,0.773219575117836,-0.277043532629481,-0.741381624808849,-0.135962069060475,-0.0247411626405223,0.33995244374252,0.999757862091843,0.573225755678888,1.13345756693153,0.786535690318983,-0.540830462877054,-0.1555961886108,-0.0445734002443183,0.122165329449593,1.09010489057606,-0.0904521511468288,-0.363535965128757,1.24678870278565,0.834006018360537,-0.113860786417039,-0.0382639442739243,1.49244802467431,1.08838378637757,-0.882919294849875,-1.53432688309958,0.867584711348771,1.3120955903127,-0.048236570436645,-0.0330109162638679,0.984853514990812,1.21399358901297,-1.15717727793518,-1.73997671328813,0.990111280309114,1.46221250555829,0,-0.196232046554043,0.527366528655686,1.47858362970634,-0.34527778875002,-0.152796991925168,1.27008134505226,0.57377943662225,-0.0998707974396848,-0.156984656761824,-0.410266899197836,1.07863107602188,1.19219966462977,1.04787864198942,0.802782297954812,-0.253035898330886,-0.202993708003753,-0.0191459895266863,-0.303642030474405,1.02856038592245,0.93422270303842,0.112658392690295,-0.644739293483662,-0.527680489439249,-0.177318504788345
"1417",0,4.11151336243399,1.90313910568456,0.990200011287507,0.994701386553687,1.15424052136502,1.06922060726659,-0.135962069060475,-0.0247411626405223,2.62883071039675,0.999757862091843,-0.419532824502074,-0.552740656252641,0.954850638278565,1.18373465936035,-0.1555961886108,-0.0445734002443183,2.13836033757054,0.41018678555814,-1.31262177796287,-1.18029468333559,-1.29347794903808,-0.574697546273115,-0.113860786417039,-0.0382639442739243,-0.115910279549249,1.08838378637757,-0.374494750439731,-1.53432688309958,-1.3031392155474,-0.650039470011399,-0.048236570436645,-0.0539306280597664,-0.639535815693025,0.344092590624471,0.291469464743071,-1.73997671328813,-1.56276425682162,-0.831486854781667,0,-0.0930309953194633,-0.481588184154324,0.400994512042235,1.20759188462151,-0.786399036324126,-1.48080674570224,-0.797595882078731,-0.0998707974396848,-0.0692112518235939,0.0739739549704533,0.726778158175171,1.19219966462977,-1.0828566761904,-1.55967039733413,-0.767532904424768,-0.202993708003753,-0.0191459895266863,4.85864643097778,2.02941592997334,0.704487594782526,-2.06585717167723,-1.1603681679367,-0.527680489439249,-0.177318504788345
"1418",0,-0.346763866306412,0.330795300586854,0.600316993551218,0.994701386553687,0.259687987618459,-0.416428649433891,-0.135962069060475,-0.0247411626405223,0.33995244374252,0.999757862091843,1.06960504576937,1.13345756693153,0.449905794399818,-0.540830462877054,-0.1555961886108,-0.0445734002443183,-0.453890387156393,-0.60969037196874,-0.456649399402975,1.43333321492626,-0.182111288865197,-0.574697546273115,-0.113860786417039,-0.0382639442739243,-0.759253601238671,-1.53139249135053,0.419790494905823,0.847765711656421,-0.969181688332602,-0.650039470011399,-0.048236570436645,-0.0330109162638679,-0.639535815693025,-1.06645647246535,0.774351712302486,-0.394605113003119,-1.20707579630068,-0.831486854781667,0,-0.0930309953194633,-0.481588184154324,0.030155278250418,1.36287885195866,-0.469598014124647,-0.793084723013613,-0.569033328961901,-0.0998707974396848,-0.0692112518235939,-0.410266899197836,0.374925240328461,1.19219966462977,1.16729496510292,1.14027554013895,0.245613473539072,-0.202993708003753,-0.0191459895266863,-0.303642030474405,0.227875950681732,0.93422270303842,0.904845870642121,0.0427658724537265,-0.527680489439249,-0.177318504788345
"1419",0,-0.346763866306412,0.330795300586854,0.990200011287507,0.522902708423576,0.796419507866398,-0.0985850343180557,-0.135962069060475,-0.0247411626405223,-0.640995384823577,0.44964680817177,1.06960504576937,1.13345756693153,-0.223353997438511,-0.540830462877054,-0.179900861649655,-0.0445734002443183,-0.741918245459386,-0.0997517932053001,1.56338145586488,1.43333321492626,0.929255371307683,-0.292956833346385,-0.113860786417039,-0.0382639442739243,-0.759253601238671,-0.385240369844486,1.1507788827907,1.00657188464015,0.867584711348771,-0.650039470011399,-0.048236570436645,-0.0330109162638679,-0.639535815693025,-0.360943015789514,1.09627321067543,0.950766487281889,0.139152767932202,-0.595262955709385,0,-0.0930309953194633,-0.481588184154324,-0.0608293955280974,1.36287885195866,1.27280760797249,0.238498311019326,-0.797595882078731,-0.0998707974396848,-0.0692112518235939,-0.180744224517952,0.726778158175171,1.19219966462977,1.16729496510292,-0.547190670781726,-0.767532904424768,-0.425117609327833,-0.0191459895266863,-0.303642030474405,0.42804705949191,0.773475030466047,0.904845870642121,0.558394746906768,-0.527680489439249,-0.177318504788345
"1420",0,-0.346763866306412,0.760702328338993,-0.175267190438608,-0.952871881599802,-0.992685559626734,-0.416428649433891,-0.135962069060475,-0.0247411626405223,0.666935053264552,0.999757862091843,0.573225755678888,-0.34196587835462,-1.40155863315559,-0.478891522694153,-0.1555961886108,-0.0445734002443183,0.506874878061206,-0.60969037196874,-0.624985304008629,0.943277984002168,-1.29347794903808,-0.574697546273115,-0.113860786417039,-0.0382639442739243,-0.759253601238671,-1.53139249135053,-1.05239414298659,0.688959538672687,-1.3031392155474,-0.650039470011399,-0.048236570436645,-0.0330109162638679,-0.789160393296113,-1.2263086449194,-0.67429503037576,0.446252137175011,-1.56276425682162,-0.831486854781667,0,-0.0930309953194633,-0.481588184154324,-0.376915633067843,1.05230491728436,0.322404541374051,-0.96501522868577,-0.797595882078731,-0.0998707974396848,-0.0692112518235939,-0.410266899197836,0.550851699251816,1.19219966462977,1.16729496510292,1.14027554013895,2.06927695387398,2.25623249403729,-0.0191459895266863,-0.303642030474405,0.027704841871553,-0.673923054752843,-0.877575954749489,-0.472863001999315,1.43841334288257,1.48515668958703
"1421",0,1.88237474806379,2.05042341159541,0.990200011287507,1.23521225468097,1.69097204161296,-0.123111490731166,-0.223825092951157,-0.0247411626405223,0.0129698342204877,0.44964680817177,0.325036110633647,0.92181950537901,1.29148053419773,-0.294464016843139,-0.1555961886108,-0.0445734002443183,-0.741918245459386,-1.28960847698666,0.450138015914866,1.2699814712849,-0.182111288865197,-0.574697546273115,-0.113860786417039,-0.0382639442739243,-0.759253601238671,-1.53139249135053,0.811829186517271,0.688959538672687,-1.3031392155474,-0.650039470011399,-0.048236570436645,-0.0330109162638679,-0.639535815693025,0.212360907167038,0.774351712302486,0.950766487281889,-1.56276425682162,-0.831486854781667,0,-0.0930309953194633,-0.145269946550987,1.17070102465946,0.12058311326144,0.63920556357353,-0.621154217341457,-0.797595882078731,-0.0624742023640601,-0.0692112518235939,1.04245566330703,1.43048399386859,-0.75218129333123,0.257972159413006,-1.05343053405793,-0.767532904424768,-0.202993708003753,-0.0191459895266863,1.76127335410647,1.8401209263897,0.93422270303842,-0.283435346285619,-1.1603681679367,-0.527680489439249,-0.177318504788345
"1422",0,-0.346763866306412,-0.0991117271652847,0.990200011287507,-0.112707670625565,-0.992685559626734,-0.416428649433891,-0.135962069060475,-0.0318401196839718,-0.314012775301545,0.999757862091843,-1.66048104972828,-0.756443476324381,0.449905794399818,0.198268875224692,-0.1555961886108,-0.0445734002443183,0.122165329449593,0.58016631181262,-1.12999301782559,-0.753191473846511,1.24678870278565,-0.0112161204196545,-0.113860786417039,-0.0382639442739243,0.527433042140173,0.433439716945544,-1.56081868739673,-1.53432688309958,0.721630303374292,0.443529453395639,0.0102711057864993,-0.0330109162638679,0.906545122192,0.532065252075134,-1.47909877630812,-1.5718052632525,1.1603029827845,0.0286504053458163,0,-0.0930309953194633,0.625463607282163,1.01675972213601,-1.12171262543579,-1.26160056962335,1.18254555441611,-0.569033328961901,-0.0998707974396848,-0.0692112518235939,-0.410266899197836,1.07863107602188,-0.55774319753513,-0.707831402641512,0.465289055770677,-0.767532904424768,-0.39203258831002,-0.0191459895266863,-0.303642030474405,-0.372637375748804,0.474752486526631,0.112658392690295,-0.816615584968009,-0.527680489439249,-0.177318504788345
"1423",0,2.99694405524889,2.26537692547148,0.990200011287507,0.994701386553687,1.86988254836228,0.463522826674285,-0.135962069060475,-0.0247411626405223,-0.640995384823577,-0.650575299668376,-0.915912114592555,0.290358455339444,0.954850638278565,-0.294464016843139,-0.1555961886108,-0.111531751188364,-0.741918245459386,-1.62956752949562,-0.961657113219938,1.2699814712849,0.131550959994668,-0.574697546273115,-0.111563395679392,-0.0382639442739243,-0.43758194039396,-0.22150435248648,0.303404642107127,0.847765711656421,0.032690893311783,1.53709837680268,-0.048236570436645,-0.0330109162638679,0.351939900802597,1.33132611434538,1.09627321067543,0.950766487281889,0.479536172882967,0.602075245430805,0,-0.0930309953194633,-0.481588184154324,-0.214770698051542,1.20759188462151,-1.10320005852361,-1.48080674570224,-0.797595882078731,-0.0998707974396848,-0.0692112518235939,-0.410266899197836,0.902704617098525,-0.55774319753513,-1.83290722328817,-1.55967039733413,-0.949286500239154,-0.202993708003753,-0.0191459895266863,2.7937310463969,1.82924482116316,-0.573806344126212,-2.26390404116519,-1.1603681679367,-0.684008227786071,-0.177318504788345
"1424",0,-0.346763866306412,-0.958925782669563,-1.34073439216472,0.108774140810285,1.51206153486365,0.756839985377011,-0.135962069060475,-0.0247411626405223,-0.640995384823577,-1.20068635358845,0.325036110633647,-0.552740656252641,-0.21346663359136,-0.540830462877054,-0.1555961886108,-0.0445734002443183,-0.741918245459386,0.58016631181262,-0.456649399402975,-1.18029468333559,-1.29347794903808,-0.574697546273115,-0.113860786417039,-0.0382639442739243,0.205761381295462,0.924647769019562,-0.71344444671316,-1.21671453713211,-1.3031392155474,-0.650039470011399,-0.048236570436645,-0.0330109162638679,1.83419368492302,1.33132611434538,1.09627321067543,0.672232458591428,0.479536172882967,-0.195947325864995,0,-0.0930309953194633,0.19104829105235,-0.368712000574986,-0.77894244171146,-0.152796991925168,1.09815083938011,-0.111908222728241,-0.0998707974396848,-0.0692112518235939,-0.410266899197836,-0.923727441171507,-1.52993367651563,-0.520318765867068,0.802782297954812,-0.564903628832,-0.202993708003753,-0.0191459895266863,-0.303642030474405,-1.17332181098952,-0.903658163008738,0.00591533708091199,-0.472863001999315,-0.527680489439249,-0.177318504788345
"1425",0,-0.346763866306412,-0.958925782669563,0.0578262499066152,0.994701386553687,-0.334431236452741,-0.416428649433891,-0.135962069060475,-0.0247411626405223,-0.640995384823577,-0.882907270133487,1.06960504576937,0.922682789033507,-1.40155863315559,-0.540830462877054,-0.1555961886108,-0.0445734002443183,-0.741918245459386,0.58016631181262,1.56338145586488,0.616574496719437,-1.29347794903808,-0.574697546273115,-0.113860786417039,0.158392966225907,1.81411968551902,1.08838378637757,1.1507788827907,0.37134719270522,-1.3031392155474,-0.650039470011399,-0.048236570436645,-0.0330109162638679,1.52497749734601,0.372213079621086,1.09627321067543,0.782595037246263,-1.56276425682162,-0.831486854781667,0,-0.0930309953194633,-0.481588184154324,-0.984477210668762,1.05230491728436,1.27280760797249,-1.13694573435793,-0.797595882078731,-0.0998707974396848,-0.0692112518235939,-0.410266899197836,-1.38433934890509,0.608885377241471,1.16729496510292,-0.378444049689659,-0.654736306971053,-0.202993708003753,-0.0191459895266863,-0.303642030474405,-1.17332181098952,0.0152822700148413,0.904845870642121,-0.166806832354116,-0.527680489439249,-0.0773451936363084
"1426",0,-0.346763866306412,0.975655842215063,-0.408360630783831,0.108774140810285,2.02105664178473,3.10337725499881,-0.135962069060475,-0.0247411626405223,-0.640995384823577,-0.467204948361685,1.06960504576937,0.727851172858839,1.29148053419773,1.43010110539427,-0.1555961886108,-0.0445734002443183,-0.741918245459386,-1.62956752949562,-1.12999301782559,0.616574496719437,0.929255371307683,-0.574697546273115,-0.113860786417039,-0.0382639442739243,-0.759253601238671,-0.057768335128474,0.472879490243842,1.02801916987608,1.03456347495617,1.26370614595092,0.192093530424121,-0.0330109162638679,-0.33031962811602,1.33132611434538,1.09627321067543,0.782595037246263,0.212855453999888,0.602075245430805,0,-0.0930309953194633,-0.481588184154324,0.0931119069953467,1.36287885195866,-0.311197503024907,-1.48080674570224,-0.797595882078731,-0.0998707974396848,-0.0692112518235939,-0.410266899197836,-0.152854136441604,1.19219966462977,-1.64539458651373,-1.55967039733413,-0.767532904424768,-0.202993708003753,-0.0191459895266863,-0.303642030474405,0.828389277112268,-0.214452838241053,-2.26390404116519,-1.1603681679367,-0.527680489439249,-0.177318504788345
"1427",0,-0.346763866306412,-0.958925782669563,-1.1076409518195,0.108774140810285,-0.0981330258801679,-0.416428649433891,-0.135962069060475,-0.0247411626405223,-0.640995384823577,-0.185110125063359,1.06960504576937,-0.34196587835462,-0.391668945398093,-0.540830462877054,-0.1555961886108,-0.0445734002443183,-0.78462909914372,0.24020725930366,0.216694219019643,-1.18029468333559,-1.29347794903808,-0.574697546273115,-0.113860786417039,-0.0382639442739243,-0.759253601238671,0.924647769019562,-0.205019902303017,-0.263877499229713,-0.46824539751041,-0.650039470011399,-0.048236570436645,-0.0330109162638679,-0.639535815693025,1.33132611434538,1.09627321067543,0.278080687139385,1.1603029827845,-0.039477317037073,0,-0.0930309953194633,-0.481588184154324,1.3246423271829,-0.34527778875002,-1.26160056962335,1.09815083938011,0.34521688350542,-0.0998707974396848,-0.231200026540084,-0.410266899197836,0.550851699251816,-0.16886700594293,-0.332806129092624,1.14027554013895,0.0429841979463036,-0.202993708003753,-0.0191459895266863,-0.365600406560304,-0.772979593369162,0.474752486526631,0.706799001154165,0.214642163938074,-0.527680489439249,-0.177318504788345
"1428",0,-0.346763866306412,-1.18004832881844,-0.874547511474277,0.108774140810285,-0.813775052877421,-0.416428649433891,-0.135962069060475,-0.0247411626405223,-0.640995384823577,-0.467204948361685,1.06960504576937,0.711908011135486,-0.0550390494789284,-0.540830462877054,-0.1555961886108,-0.0445734002443183,0.986248904358571,1.09010489057606,0.2126343225598,-0.853591196052854,1.24678870278565,-0.574697546273115,-0.113860786417039,-0.0382639442739243,1.81411968551902,1.08838378637757,-1.2218689911233,-1.53432688309958,0.366648420526578,0.990313915099158,-0.048236570436645,-0.0330109162638679,0.597328934614995,1.33132611434538,-0.996216528748704,-1.73997671328813,-0.201230637018563,1.46221250555829,0,-0.0930309953194633,-0.481588184154324,0.733532893010251,0.275870080598593,-1.26160056962335,-0.105362700324987,1.03090454285591,-0.0998707974396848,-0.0692112518235939,-0.410266899197836,-0.680633513211668,1.19219966462977,0.41724441800515,1.14027554013895,0.220224269769448,-0.202993708003753,-0.0912709356995593,-0.303642030474405,-1.17332181098952,-1.13339327126463,0.310705262178251,-0.192694885716429,-0.527680489439249,-0.177318504788345
"1429",0,-0.346763866306412,-0.734963234248147,0.524013130597061,-0.777153104933116,-0.992685559626734,-0.416428649433891,-0.135962069060475,-0.0247411626405223,-0.640995384823577,-0.100464245748303,0.821415400724128,-1.60661454574275,-1.40155863315559,-0.575233213402353,-0.1555961886108,-0.0445734002443183,-0.741918245459386,0.58016631181262,0.89003783744226,-1.18029468333559,-1.29347794903808,-0.574697546273115,-0.113860786417039,-0.0382639442739243,-0.759253601238671,1.08838378637757,-0.205019902303017,-1.53432688309958,-1.58428255156298,-0.650039470011399,-0.048236570436645,-0.0330109162638679,0.28811274703799,1.33132611434538,0.774351712302486,0.109909237103759,-1.22238085187086,-0.831486854781667,0,-0.0930309953194633,0.863684766259023,1.47858362970634,1.05230491728436,0.63920556357353,1.09815083938011,0.507618739536428,-0.0998707974396848,-0.0692112518235939,-0.410266899197836,0.726778158175171,0.997761568833671,-0.332806129092624,1.14027554013895,1.46138912709568,-0.202993708003753,-0.0191459895266863,-0.303642030474405,-0.97315070217934,-0.444187946496948,0.310705262178251,0.902147329875462,0.701128155761885,-0.326450803977686
"1430",0,-0.346763866306412,-0.0991117271652847,0.990200011287507,-0.112707670625565,-0.455954039378794,-0.416428649433891,-0.135962069060475,-0.064995348517452,-0.640995384823577,0.633017159478461,0.821415400724128,-0.131191100456599,1.12316558623815,0.450522777502859,-0.1555961886108,-0.0445734002443183,0.698221046055578,0.58016631181262,-0.119977590191666,-1.18029468333559,0.452955374090734,1.67922815714073,-0.113860786417039,-0.0382639442739243,1.81411968551902,0.200049282916772,-1.56081868739673,-1.53432688309958,-0.46824539751041,1.53709837680268,-0.048236570436645,-0.0330109162638679,1.83419368492302,-0.107343437741059,-1.47909877630812,-1.73997671328813,-0.201230637018563,0.602075245430805,0,-0.0666933080431185,0.863684766259023,0.554935814565679,-1.12171262543579,-0.533081664267161,0.754289828035795,-0.569033328961901,-0.0217050042042849,-0.0692112518235939,-0.410266899197836,0.195940506839462,-0.16886700594293,0.604757054779594,0.127795813586543,-0.767532904424768,-0.202993708003753,-0.0191459895266863,-0.303642030474405,-0.172466266938626,0.245017378270736,-0.481482215773575,-0.798863025663868,-0.527680489439249,-0.177318504788345
"1431",0,-0.328882541334971,-1.17387929654563,-1.57382783250995,0.0408763595177352,-0.992685559626734,-0.416428649433891,-0.135962069060475,-0.0247411626405223,-0.640995384823577,-1.77244101887937,-0.171343179456834,-0.131191100456599,-0.89661378927684,1.43010110539427,-0.1555961886108,-0.0445734002443183,-0.741918245459386,-0.60969037196874,0.28843044079423,-1.01694293969422,0.285292244214781,1.96096887006746,-0.113860786417039,-0.0382639442739243,0.205761381295462,1.08838378637757,-0.205019902303017,-0.10507132624598,0.900043857014851,0.716921684247398,-0.048236570436645,-0.0330109162638679,3.07105843523104,1.33132611434538,0.935312461488958,0.782595037246263,0.649727875358349,1.46221250555829,0,-0.0930309953194633,0.527366528655686,-0.368712000574986,-1.12171262543579,1.27280760797249,-1.13694573435793,-0.797595882078731,-0.0998707974396848,-0.0692112518235939,-0.410266899197836,-1.38433934890509,-1.14105748492343,0.229731781230706,-1.55967039733413,-0.767532904424768,-0.246057114282302,-0.0912709356995593,-0.426268093202887,-1.17332181098952,-1.36312837952053,-0.0853884767976621,-1.1603681679367,-0.527680489439249,-0.177318504788345
"1432",0,0.767805440878689,0.545748814462924,0.00131847432550568,-1.88456216211237,-0.992685559626734,-0.416428649433891,-0.225863262773105,-0.0247411626405223,0.666935053264552,0.999757862091843,1.06960504576937,1.13345756693153,0.449905794399818,-0.294464016843139,-0.1555961886108,-0.0445734002443183,0.405063868889316,1.09010489057606,0.346727601780878,0.12651926579534,0.452955374090734,0.552265305433806,-0.113860786417039,-0.0382639442739243,-0.759253601238671,0.105967682229532,-0.374494750439731,-1.05790836414838,0.366648420526578,-0.10325500830788,-0.13706150690392,-0.0330109162638679,-0.639535815693025,-0.746752127557253,1.09627321067543,0.446252137175011,-0.711805744444711,-0.831486854781667,0,-0.0930309953194633,-0.481588184154324,0.627508682851296,1.20759188462151,0.501527056589704,-1.48080674570224,-0.797595882078731,-0.161613346847377,-0.0692112518235939,1.52669651747532,1.25455753494524,-0.94661938912733,0.604757054779594,-1.55967039733413,-0.767532904424768,-0.202993708003753,-0.0191459895266863,0.728815661816031,0.468772121868285,0.0152822700148413,-0.0853884767976621,-1.1603681679367,-0.527680489439249,-0.177318504788345
"1433",0,0.767805440878689,0.330795300586854,0.757106570942284,0.330255952246136,0.0807774808691453,-0.416428649433891,-0.135962069060475,-0.0247411626405223,1.64788288183065,0.44964680817177,-2.405049984864,-1.39583976784473,1.12316558623815,-0.540830462877054,-0.1555961886108,-0.0445734002443183,0.410193187752585,0.41018678555814,-0.119977590191666,0.943277984002168,-0.658411286082146,-0.574697546273115,-0.113860786417039,-0.0382639442739243,-0.759253601238671,0.105967682229532,1.1507788827907,0.270871617709036,-1.3031392155474,-0.650039470011399,-0.048236570436645,-0.0330109162638679,-0.639535815693025,1.01162176943728,0.452430213929543,-0.73094801307437,-1.28164737808045,-0.831486854781667,0,-0.0930309953194633,0.19104829105235,0.862818419612568,-1.12171262543579,0.63920556357353,-0.96501522868577,-0.797595882078731,-0.0998707974396848,-0.0692112518235939,0.361060433169577,1.07863107602188,-1.72437177231173,-0.707831402641512,-0.209697428597592,-0.767532904424768,-0.202993708003753,-0.0191459895266863,-0.303642030474405,-0.372637375748804,0.476808458923182,0.19242886791224,-0.300986710514968,-0.527680489439249,-0.177318504788345
"1434",0,-0.346763866306412,-0.314065241041354,-0.175267190438608,-2.54900759641992,-0.992685559626734,-0.416428649433891,-0.135962069060475,-0.0247411626405223,-0.640995384823577,-0.467204948361685,-0.667722469547314,-2.23893887943681,-1.40155863315559,-0.540830462877054,-0.1555961886108,-0.0445734002443183,-0.741918245459386,0.92012536432158,-0.456649399402975,-1.18029468333559,-1.29347794903808,-0.574697546273115,-0.113860786417039,-0.0382639442739243,-0.115910279549249,1.08838378637757,-0.205019902303017,-0.422683672213447,-0.969181688332602,-0.650039470011399,-0.048236570436645,-0.0330109162638679,1.21576130976901,1.33132611434538,0.452430213929543,0.0935997563830471,0.25845299147057,0.315362825388311,0,-0.0930309953194633,1.20000300386236,1.47858362970634,-0.811138690761479,-1.10320005852361,0.238498311019326,1.7165922022064,-0.0998707974396848,-0.0692112518235939,-0.410266899197836,1.43048399386859,-0.16886700594293,-1.0828566761904,0.330325051734097,1.05613057591014,-0.202993708003753,-0.0912709356995593,-0.303642030474405,0.227875950681732,0.474752486526631,0.706799001154165,0.214642163938074,-0.527680489439249,-0.177318504788345
"1435",0,-0.346763866306412,0.115841786710785,0.990200011287507,0.994701386553687,1.86988254836228,3.10337725499881,0.996916932193612,-0.0247411626405223,-0.640995384823577,-0.833945650975067,0.0768464655884069,0.0795836774414227,1.12316558623815,3.40103267366559,0.822837501932791,-0.111531751188364,-0.741918245459386,-1.62956752949562,-1.12999301782559,-1.18029468333559,1.08802203704667,2.80619100884765,-0.113860786417039,-0.0382639442739243,-0.759253601238671,-1.36765647399252,0.303404642107127,0.37134719270522,1.36852100217096,0.17013722254388,-0.048236570436645,-0.0330109162638679,-0.639535815693025,-0.746752127557253,1.09627321067543,0.950766487281889,1.1603029827845,0.315362825388311,0,-0.0930309953194633,-0.481588184154324,-0.984477210668762,0.729974945360105,1.27280760797249,0.754289828035795,-0.111908222728241,-0.0998707974396848,-0.0692112518235939,-0.410266899197836,-1.20841288998173,1.19219966462977,-0.145293492318181,-1.55967039733413,-0.767532904424768,-0.202993708003753,-0.0191459895266863,-0.303642030474405,0.227875950681732,0.704487594782526,-1.47171656321336,-1.1603681679367,-0.527680489439249,-0.177318504788345
"1436",0,-0.346763866306412,-0.0614281160049451,0.0578262499066152,0.302389676686634,0.796419507866398,-0.123111490731166,-0.135962069060475,-0.0247411626405223,0.993917662786584,0.999757862091843,0.821415400724128,-0.763515434150662,1.16267945864647,0.444635321258607,-0.1555961886108,-0.0445734002443183,0.698221046055578,1.09010489057606,0.460780999382875,0.12651926579534,1.08802203704667,-0.292956833346385,-0.113860786417039,-0.0382639442739243,-0.759253601238671,-0.385240369844486,1.1507788827907,1.10480101997062,0.366648420526578,-0.650039470011399,-0.048236570436645,-0.0330109162638679,-0.639535815693025,-0.267195610195108,1.09627321067543,0.950766487281889,-0.371422339493946,-0.831486854781667,0,-0.0930309953194633,-0.481588184154324,1.17070102465946,0.431157047935746,0.322404541374051,0.582359322363638,-0.797595882078731,-0.0998707974396848,-0.0692112518235939,-0.148280511645421,1.43048399386859,-0.16886700594293,0.41724441800515,0.802782297954812,-0.767532904424768,-0.202993708003753,-0.0191459895266863,-0.325235549028812,-0.0469672543387641,0.93422270303842,0.706799001154165,-0.300986710514968,-0.527680489439249,-0.177318504788345
"1437",0,-0.346763866306412,0.330795300586854,0.757106570942284,0.108774140810285,-0.455954039378794,-0.50129153031222,-0.137683037785819,-0.0247411626405223,-0.640995384823577,-0.833945650975067,1.06960504576937,1.13345756693153,-0.0550390494789284,-0.540830462877054,-0.1555961886108,-0.0445734002443183,-0.741918245459386,-0.43971084571426,1.56338145586488,1.43333321492626,-0.426857155410446,-0.574697546273115,-0.113860786417039,-0.0382639442739243,-0.759253601238671,-0.385240369844486,1.1507788827907,1.00657188464015,-0.635224161117807,-0.650039470011399,-0.049335153206293,-0.0330109162638679,-0.639535815693025,-0.444636811110583,1.09627321067543,0.950766487281889,-0.541614041969328,-0.831486854781667,0,-0.0930309953194633,-0.481588184154324,-0.676594605621874,1.36287885195866,1.26484898059036,0.0665678053471691,-0.797595882078731,-0.188883881958818,-0.0692112518235939,-0.410266899197836,-0.551983486889429,1.19219966462977,1.16729496510292,-0.547190670781726,-0.767532904424768,-0.202993708003753,-0.0338432573430967,-0.303642030474405,-0.172466266938626,0.93422270303842,-0.283435346285619,-0.644739293483662,-0.527680489439249,-0.177318504788345
"1438",0,2.99694405524889,2.05042341159541,0.990200011287507,-0.112707670625565,-0.992685559626734,-0.59574971417391,-0.121682335195431,0.266556939817351,2.62883071039675,0.816387510785152,0.325036110633647,0.962034056794175,-1.06492873723642,-0.540830462877054,-0.1555961886108,-0.0445734002443183,2.13836033757054,-0.43971084571426,-0.456649399402975,1.43333321492626,-1.29347794903808,-0.574697546273115,-0.184577327425297,-0.0382639442739243,-0.43758194039396,-1.53139249135053,-0.0355450541663019,0.37134719270522,-1.3031392155474,-0.650039470011399,-0.048236570436645,-0.0330109162638679,-0.639535815693025,-1.06645647246535,1.09627321067543,-0.73094801307437,-1.56276425682162,-0.831486854781667,0,-0.0930309953194633,-0.481588184154324,0.554935814565679,1.20759188462151,-1.26160056962335,-1.48080674570224,-0.797595882078731,-0.0998707974396848,0.567192956708339,2.97941907998019,2.01726853324983,0.803323473037571,0.41724441800515,0.802782297954812,0.00195535748344452,-0.202993708003753,0.416807955775425,5.89110412326821,2.05406511662164,0.93422270303842,0.904845870642121,0.730271038391115,0.209604697681432,-0.177318504788345
"1439",0,-0.346763866306412,-0.529018754917424,0.524013130597061,-0.777153104933116,-0.277043532629481,-0.435524245459238,-0.135962069060475,-0.0247411626405223,-0.640995384823577,0.816387510785152,0.723552548875264,0.711908011135486,1.29148053419773,-0.540830462877054,-0.1555961886108,0.0386153206471683,0.410193187752585,0.871687263458248,1.05837374204791,1.43333321492626,1.24678870278565,-0.574697546273115,-0.113860786417039,-0.0382639442739243,0.205761381295462,0.269703699587538,0.303404642107127,0.0537348467377536,1.36852100217096,0.17013722254388,-0.048236570436645,-0.0330109162638679,-0.639535815693025,-1.2263086449194,-1.47909877630812,-1.23546236318125,0.990111280309114,0.602075245430805,0,-0.0930309953194633,-0.481588184154324,-0.830535908145318,-0.34527778875002,-1.10320005852361,0.754289828035795,0.57377943662225,-0.0998707974396848,-0.0843611399804421,-0.410266899197836,-0.328780595364958,0.997761568833671,1.16729496510292,0.29654243467861,-0.767532904424768,-0.202993708003753,-0.0191459895266863,-0.303642030474405,-0.772979593369162,0.474752486526631,-0.068371723413921,-0.461718853475111,-0.527680489439249,-0.177318504788345
"1440",0,-0.346763866306412,0.760702328338993,0.990200011287507,0.773219575117836,-0.0981330258801679,-0.416428649433891,-0.174622725588633,-0.0247411626405223,0.666935053264552,0.999757862091843,0.0768464655884069,0.290358455339444,1.29148053419773,-0.41232888965726,-0.1555961886108,-0.0445734002443183,0.698221046055578,1.09010489057606,-0.456649399402975,-1.18029468333559,-1.13471128329909,-0.686641430814875,-0.113860786417039,-0.0382639442739243,1.81411968551902,1.08838378637757,0.981304034653986,0.212541019721487,-0.802202924725205,-0.402824009506637,-0.048236570436645,-0.0330109162638679,0.597328934614995,1.01162176943728,0.452430213929543,0.614423587210637,0.990111280309114,-0.258062014696678,0,-0.0930309953194633,-0.481588184154324,-0.984477210668762,-1.12171262543579,-0.627998525224387,1.27008134505226,0.116654330388589,-0.0998707974396848,-0.0692112518235939,-0.410266899197836,-0.504707054288313,-0.36330510173903,0.979782328328481,0.971528919046879,-0.362274353239232,-0.202993708003753,-0.0191459895266863,-0.303642030474405,1.02856038592245,0.704487594782526,-0.481482215773575,-0.816615584968009,-0.527680489439249,-0.177318504788345
"1441",0,-0.346763866306412,-1.15127099052259,0.0578262499066152,-0.655419724543482,-0.992685559626734,-0.416428649433891,-0.135962069060475,-0.0247411626405223,-0.640995384823577,-1.01731600228176,0.821415400724128,-1.81738932364077,-0.498865076423757,1.43010110539427,-0.1555961886108,-0.0445734002443183,-0.453890387156393,0.58016631181262,0.721701932836606,-1.01694293969422,0.929255371307683,1.96096887006746,-0.113860786417039,-0.0382639442739243,1.17077636382959,0.745363690029393,-1.05239414298659,-0.58148984519718,1.20154223856357,-0.650039470011399,-0.048236570436645,-0.0330109162638679,3.07105843523104,1.17147394189133,0.452430213929543,0.782595037246263,0.990111280309114,0.8887876654733,0,-0.0930309953194633,1.5363212414657,0.862818419612568,1.05230491728436,1.27280760797249,0.0239119492627974,0.34521688350542,-0.0998707974396848,0.0842825656192162,-0.410266899197836,-1.38433934890509,0.0255710898531705,0.0742574995567824,-1.55967039733413,-0.767532904424768,-0.202993708003753,-0.0191459895266863,-0.303642030474405,-1.17332181098952,0.474752486526631,-1.07562282423745,-1.1603681679367,-0.527680489439249,-0.0308059591408065
"1442",0,-0.346763866306412,1.19060935609113,0.990200011287507,0.994701386553687,1.86988254836228,1.34347430278246,-0.135962069060475,-0.0247411626405223,0.666935053264552,0.999757862091843,0.325036110633647,-0.456544978932194,-0.728298841317257,-0.0480975708092236,-0.1555961886108,-0.0445734002443183,0.410193187752585,1.09010489057606,-1.12999301782559,-1.55791847485503,-1.29347794903808,-0.574697546273115,-0.0683895482094827,-0.0382639442739243,-0.43758194039396,0.924647769019562,0.133929793970413,-1.53432688309958,-1.3031392155474,-0.650039470011399,-0.048236570436645,-0.0330109162638679,-0.639535815693025,-0.267195610195108,0.935312461488958,-0.226433662967493,-1.16019074494682,-0.831486854781667,0,-0.0930309953194633,0.573264637056929,-0.830535908145318,-0.655851723424326,-0.0290166416988605,-1.30887624003008,-0.797595882078731,-0.0998707974396848,-0.0692112518235939,3.94790078831677,0.550851699251816,-0.94661938912733,1.16729496510292,-1.22217715515,-0.767532904424768,-0.202993708003753,-0.0191459895266863,0.728815661816031,1.18165020199434,0.93422270303842,0.508752131666208,-1.1603681679367,-0.527680489439249,-0.177318504788345
"1443",0,-0.346763866306412,0.115841786710785,0.757106570942284,-2.32752578498407,-0.992685559626734,-0.416428649433891,-0.135962069060475,0.00131510914950845,0.0129698342204877,0.999757862091843,-1.1641017596378,-2.23893887943681,-1.40155863315559,-0.540830462877054,-0.1555961886108,-0.0445734002443183,1.56230462096456,0.92012536432158,-1.12999301782559,-1.18029468333559,-0.182111288865197,0.270524592507076,-0.113860786417039,-0.0382639442739243,2.77913466805315,0.59717573430355,-0.882919294849875,-0.263877499229713,1.36852100217096,0.716921684247398,-0.048236570436645,-0.0330109162638679,0.906545122192,1.33132611434538,0.473507081405841,0.950766487281889,0.139152767932202,-0.831486854781667,0,-0.0930309953194633,-0.481588184154324,-0.830535908145318,1.05230491728436,1.11440709687275,-1.48080674570224,-0.797595882078731,-0.0998707974396848,-0.0692112518235939,-0.410266899197836,-0.545927608432058,1.19219966462977,-0.707831402641512,-1.55967039733413,-0.767532904424768,-0.462709808507218,-0.0191459895266863,-0.303642030474405,0.403886302872988,0.62478302915751,-2.26390404116519,-1.1603681679367,-0.527680489439249,-0.177318504788345
"1444",0,-0.346763866306412,0.760702328338993,0.757106570942284,-1.22011672780482,-1.08699550755989,-0.416428649433891,-0.135962069060475,-0.0247411626405223,0.0927460318258943,1.0867098878462,-1.41229140468304,0.711908011135486,-1.06492873723642,-0.540830462877054,-0.185581747867537,-0.0445734002443183,-0.741918245459386,0.7501458380671,-0.961657113219938,0.12651926579534,-0.0233446231262145,-0.574697546273115,-0.113860786417039,-0.0909846830221019,-0.759253601238671,-0.385240369844486,-0.374494750439731,-0.740296018180913,0.19966965691918,-0.650039470011399,-0.048236570436645,-0.0330109162638679,-0.639535815693025,-1.2263086449194,-1.47909877630812,-0.226433662967493,-0.711805744444711,-0.831486854781667,0,-0.0930309953194633,-0.481588184154324,-0.984477210668762,-0.0799434007498907,0.260532550728584,-1.13694573435793,-0.797595882078731,-0.0998707974396848,-0.0692112518235939,-0.410266899197836,-0.504707054288313,0.997761568833671,0.41724441800515,0.29654243467861,0.44824274913184,-0.202993708003753,-0.0191459895266863,-0.303642030474405,1.82924482116316,0.474752486526631,0.112658392690295,0.214642163938074,0.869066578375999,-0.177318504788345
"1445",0,0.937235123011013,1.83546989771934,0.524013130597061,-2.10604397354822,-0.992685559626734,-0.416428649433891,-0.0156126955963893,-0.0247411626405223,1.64788288183065,0.999757862091843,1.06960504576937,0.810553982315343,-1.40155863315559,-0.540830462877054,-0.1555961886108,-0.0445734002443183,0.860537295554388,0.24020725930366,0.553366028230951,1.10662972764353,-1.23635980377904,-0.574697546273115,-0.113860786417039,-0.0382639442739243,-0.759253601238671,-1.53139249135053,-0.193428400427922,0.365494398536029,-1.3031392155474,-0.650039470011399,-0.048236570436645,-0.0330109162638679,-0.631346457820535,-1.2263086449194,0.130508715556599,0.446252137175011,-1.56276425682162,-0.831486854781667,0,-0.0930309953194633,-0.481588184154324,-0.214770698051542,1.36287885195866,0.63920556357353,-1.48080674570224,-0.797595882078731,-0.0998707974396848,-0.0692112518235939,1.52669651747532,1.43048399386859,1.19219966462977,1.16729496510292,1.14027554013895,0.44824274913184,-0.202993708003753,-0.0191459895266863,0.728815661816031,0.42804705949191,-1.36312837952053,-0.679529085261532,1.4177762043285,2.17569853000325,-0.177318504788345
"1446",0,-0.346763866306412,0.115841786710785,0.0578262499066152,0.108774140810285,1.69097204161296,1.63679146148519,-0.135962069060475,-0.0247411626405223,-0.640995384823577,-0.396068020120873,0.821415400724128,0.290358455339444,1.29148053419773,1.67646755142818,-0.1555961886108,-0.0445734002443183,-0.741918245459386,-1.62956752949562,-1.12999301782559,-1.18029468333559,1.24678870278565,1.67922815714073,-0.113860786417039,-0.0382639442739243,-0.759253601238671,-1.36765647399252,-1.39134383926002,-0.10507132624598,1.03456347495617,-0.650039470011399,-0.048236570436645,-0.0851200322358703,0.28811274703799,1.17147394189133,0.58614273311748,0.950766487281889,1.1603029827845,-0.258062014696678,0,-0.0930309953194633,0.527366528655686,0.247053209518791,1.05230491728436,1.27280760797249,-0.621154217341457,-0.797595882078731,-0.0998707974396848,-0.0692112518235939,-0.410266899197836,-0.856559972135023,1.19219966462977,-0.332806129092624,-1.55967039733413,-0.767532904424768,-0.202993708003753,-0.0191459895266863,-0.303642030474405,0.227875950681732,0.704487594782526,-1.2736696937254,-1.1603681679367,-0.527680489439249,-0.177318504788345
"1447",0,-0.346763866306412,0.330795300586854,0.757106570942284,-1.66308035067652,-0.992685559626734,-0.416428649433891,-0.135962069060475,-0.064995348517452,-0.640995384823577,0.633017159478461,1.06960504576937,0.290358455339444,-1.40155863315559,-0.540830462877054,-0.1555961886108,-0.0445734002443183,-0.741918245459386,0.41018678555814,-0.119977590191666,1.43333321492626,-1.29347794903808,-0.574697546273115,-0.113860786417039,-0.0382639442739243,-0.759253601238671,-1.53139249135053,0.133929793970413,1.00657188464015,-0.969181688332602,-0.650039470011399,-0.048236570436645,-0.0330109162638679,-0.669790501815714,-1.2263086449194,-0.786020955352635,-0.18012360535718,0.990111280309114,0.0286504053458163,0,-0.0930309953194633,-0.481588184154324,-0.984477210668762,-1.12171262543579,-0.837086087094681,0.0665678053471691,1.7165922022064,-0.0998707974396848,-0.0692112518235939,-0.410266899197836,-0.504707054288313,-0.16886700594293,-0.145293492318181,0.971528919046879,1.46138912709568,-0.0988806226213361,-0.0191459895266863,-0.112069418296196,0.628218168302089,0.474752486526631,0.112658392690295,0.386518455422421,-0.281918760399022,-0.25416689400917
"1448",0,-0.346763866306412,0.975655842215063,0.990200011287507,0.994701386553687,1.86988254836228,0.463522826674285,-0.135962069060475,-0.0247411626405223,-0.640995384823577,0.633017159478461,1.06960504576937,1.13345756693153,0.786535690318983,0.691001767292522,-0.1555961886108,-0.0445734002443183,-0.741918245459386,-0.26973131945978,1.56338145586488,0.702533245156655,-1.29347794903808,-0.574697546273115,-0.113860786417039,-0.0382639442739243,-1.19471406935658,-1.36765647399252,0.981304034653986,-0.10507132624598,-1.3031392155474,-0.718902931384437,-0.048236570436645,-0.0330109162638679,-1.09023966494203,-1.2263086449194,0.291469464743071,0.278080687139385,-1.56276425682162,-0.831486854781667,0,-0.0930309953194633,-0.481588184154324,-0.52265330309843,0.275870080598593,1.27280760797249,-1.48080674570224,-0.797595882078731,-0.0998707974396848,-0.0692112518235939,-0.017888253770921,-0.00831175975319719,0.997761568833671,1.16729496510292,-1.55967039733413,-0.767532904424768,-0.202993708003753,-0.0191459895266863,-0.303642030474405,0.828389277112268,0.93422270303842,-0.283435346285619,-1.1603681679367,-0.527680489439249,-0.177318504788345
"1449",0,1.88237474806379,2.26537692547148,0.990200011287507,0.994701386553687,0.21749134691016,-0.416428649433891,-0.26146416586161,-0.0247411626405223,-0.640995384823577,-0.650575299668376,-0.915912114592555,0.0795836774414227,1.19528301598526,0.198268875224692,-0.1555961886108,-0.0445734002443183,-0.741918245459386,-1.62956752949562,-0.793321208614283,0.779926240360802,1.24678870278565,0.552265305433806,-0.113860786417039,-0.0382639442739243,-0.759253601238671,-1.36765647399252,1.1507788827907,1.00657188464015,-0.301266633903012,-0.650039470011399,-0.048236570436645,-0.0330109162638679,-0.639535815693025,-0.906604300011301,0.452430213929543,0.950766487281889,0.139152767932202,-0.831486854781667,0,-0.0930309953194633,-0.481588184154324,-0.984477210668762,-1.12171262543579,-0.627998525224387,1.27008134505226,0.116654330388589,-0.221637881349618,-0.0692112518235939,-0.410266899197836,0.374925240328461,-0.36330510173903,0.229731781230706,1.14027554013895,0.650872024724607,-0.202993708003753,-0.0191459895266863,0.728815661816031,1.62907371235298,0.93422270303842,0.904845870642121,0.902147329875462,-0.281918760399022,-0.177318504788345
"1450",0,-0.346763866306412,-0.529018754917424,0.0578262499066152,-2.54900759641992,-0.992685559626734,-0.416428649433891,-0.135962069060475,-0.0247411626405223,-0.640995384823577,-0.650575299668376,1.06960504576937,-1.81738932364077,-1.40155863315559,-0.540830462877054,-0.1555961886108,-0.0445734002443183,-0.741918245459386,0.58016631181262,0.721701932836606,-1.01694293969422,-0.182111288865197,-0.292956833346385,-0.113860786417039,-0.0382639442739243,1.17077636382959,1.22542126469799,1.05876177327536,1.00657188464015,1.36852100217096,1.53709837680268,-0.048236570436645,-0.0330109162638679,-0.0211034405390152,0.532065252075134,0.774351712302486,0.950766487281889,0.649727875358349,-0.831486854781667,0,-0.134707870613152,-0.481588184154324,-0.984477210668762,0.897017949947205,1.11440709687275,-0.96501522868577,-0.797595882078731,-0.0998707974396848,-0.0692112518235939,-0.410266899197836,-0.680633513211668,1.19219966462977,0.41724441800515,-1.55967039733413,-0.795562491510446,-0.202993708003753,-0.0191459895266863,-0.303642030474405,-0.172466266938626,0.0152822700148413,-1.33495375721774,-1.1603681679367,-0.527680489439249,-0.177318504788345
"1451",0,2.99694405524889,2.05042341159541,1.16441110990661,-1.1020481322964,-0.992685559626734,-0.557368432149678,-0.135962069060475,-0.0247411626405223,2.62883071039675,0.633017159478461,0.821415400724128,1.13345756693153,-0.728298841317257,-0.540830462877054,-0.1555961886108,-0.0445734002443183,0.122165329449593,-1.11962895073218,-0.961657113219938,1.43333321492626,-0.225940232560962,-0.574697546273115,-0.113860786417039,-0.0382639442739243,-0.759253601238671,-1.53139249135053,-0.543969598576446,1.00657188464015,-0.635224161117807,-0.650039470011399,-0.049335153206293,-0.0330109162638679,-0.639535815693025,-1.06645647246535,0.774351712302486,0.278080687139385,-1.66542470191462,-0.831486854781667,0,-0.0930309953194633,-0.481588184154324,0.554935814565679,1.36287885195866,-0.786399036324126,-1.48080674570224,-0.797595882078731,-0.0998707974396848,-0.0692112518235939,1.04245566330703,1.43048399386859,0.997761568833671,0.41724441800515,0.29654243467861,-0.564903628832,-0.202993708003753,-0.0191459895266863,1.76127335410647,2.02941592997334,0.761155779684682,0.904845870642121,1.58965249581285,1.43841334288257,-0.177318504788345
"1452",0,-0.346763866306412,0.545748814462924,0.290919690251838,0.994701386553687,0.796419507866398,0.463522826674285,-0.135962069060475,-0.0247411626405223,0.599083370451716,0.999757862091843,-0.476756100928952,-0.552740656252641,0.281590846440236,0.937368213326437,-0.1555961886108,-0.0445734002443183,0.986248904358571,0.41018678555814,-1.12999301782559,-1.18029468333559,-1.29347794903808,-0.574697546273115,-0.113860786417039,-0.0382639442739243,1.17077636382959,0.924647769019562,0.472879490243842,-1.05790836414838,-1.3031392155474,-0.650039470011399,-0.048236570436645,-0.0330109162638679,0.597328934614995,0.691917424529183,0.774351712302486,0.950766487281889,-1.39257255434624,-0.831486854781667,0,-0.0930309953194633,-0.481588184154324,-0.984477210668762,-1.12171262543579,1.27280760797249,-0.105362700324987,-0.797595882078731,-0.0998707974396848,-0.0692112518235939,-0.410266899197836,-0.680633513211668,-0.55774319753513,1.16729496510292,-0.378444049689659,-0.767532904424768,-0.202993708003753,-0.0191459895266863,-0.303642030474405,1.02856038592245,0.474752486526631,-0.283435346285619,-1.1603681679367,-0.527680489439249,-0.177318504788345
"1453",0,-0.346763866306412,-1.17387929654563,0.290919690251838,-0.555671293497266,-0.992685559626734,-0.416428649433891,-0.135962069060475,-0.0247411626405223,-0.640995384823577,-0.467204948361685,1.06960504576937,0.501133233237465,-1.40155863315559,-0.544536194110507,-0.1555961886108,-0.0445734002443183,0.410193187752585,1.09010489057606,1.56338145586488,1.2699814712849,-1.13471128329909,-0.574697546273115,-0.113860786417039,-0.0382639442739243,-0.759253601238671,-1.04018443927651,0.133929793970413,1.00657188464015,-0.635224161117807,-0.650039470011399,-0.048236570436645,-0.0330109162638679,-0.639535815693025,-1.2263086449194,0.774351712302486,0.950766487281889,-1.05218914939548,-0.831486854781667,0,-0.0930309953194633,-0.481588184154324,-0.984477210668762,1.20759188462151,1.27280760797249,-0.96501522868577,-0.797595882078731,-0.0998707974396848,-0.0692112518235939,-0.410266899197836,-0.849388352512775,1.19219966462977,1.16729496510292,0.127795813586543,-0.767532904424768,-0.202993708003753,-0.0191459895266863,-0.303642030474405,-1.17332181098952,-0.444187946496948,0.112658392690295,0.730271038391115,-0.281918760399022,-0.177318504788345
"1454",0,-0.346763866306412,-1.17387929654563,0.524013130597061,-2.10604397354822,-0.992685559626734,-0.39009225725858,-0.139342693106258,-0.0247411626405223,-0.640995384823577,-1.56742705620183,1.06960504576937,-1.81738932364077,-1.40155863315559,-0.540830462877054,-0.1555961886108,-0.0445734002443183,-0.741918245459386,-0.43971084571426,1.05837374204791,-1.09238752367138,-1.29347794903808,-0.574697546273115,-0.113860786417039,-0.0382639442739243,-1.10184645641877,-0.22150435248648,0.472879490243842,-1.53432688309958,-1.3031392155474,-0.650039470011399,-0.048236570436645,-0.0539306280597664,-0.639535815693025,0.212360907167038,0.291469464743071,-1.06729091314562,-0.625389306565518,-0.831486854781667,0,-0.0930309953194633,-0.481588184154324,0.708877117089123,1.36287885195866,1.27280760797249,-1.05053370040266,1.03090454285591,1.95714378591842,-0.0692112518235939,-0.410266899197836,0.902704617098525,0.997761568833671,-1.45788194973929,-1.22217715515,2.47453550505952,3.48584559505782,-0.0191459895266863,-0.303642030474405,-1.17332181098952,-0.227982835015604,0.310705262178251,0.902147329875462,1.92993680096302,-0.177318504788345
"1455",0,-0.346763866306412,-0.743972268793493,0.0644916501400933,-0.998634916368966,-0.992685559626734,-0.416428649433891,-0.135962069060475,-0.0247411626405223,-0.640995384823577,-1.01731600228176,1.06960504576937,1.13345756693153,-1.06492873723642,-0.540830462877054,-0.1555961886108,-0.0445734002443183,-0.741918245459386,-0.646449753327998,1.56338145586488,1.43333321492626,-1.13471128329909,-0.574697546273115,-0.113860786417039,-0.0382639442739243,-0.759253601238671,-1.04018443927651,1.1507788827907,1.00657188464015,-1.3031392155474,-0.650039470011399,-0.049335153206293,-0.0330109162638679,-0.639535815693025,-1.06645647246535,1.09627321067543,0.950766487281889,-1.56276425682162,-0.831486854781667,0,-0.0930309953194633,-0.481588184154324,-0.52265330309843,1.36287885195866,1.27280760797249,-1.48080674570224,-0.797595882078731,-0.0998707974396848,-0.0692112518235939,-0.410266899197836,-0.680633513211668,0.508612254560706,1.16729496510292,-1.55967039733413,-0.767532904424768,-0.202993708003753,-0.0191459895266863,-0.303642030474405,-1.17332181098952,0.474752486526631,0.904845870642121,-1.1603681679367,-0.527680489439249,0.0313658034311771
"1456",0,-0.346763866306412,-0.0698108155426879,0.370749315993397,0.773219575117836,0.259687987618459,-0.412504252502367,-0.135962069060475,-0.0247411626405223,0.33995244374252,0.850824481382058,-1.1641017596378,-0.763515434150662,0.449905794399818,-0.575318454048628,-0.1555961886108,-0.12016755277347,-0.741918245459386,1.09010489057606,0.553366028230951,-0.690239452411488,-0.34087795460418,-0.574697546273115,-0.113860786417039,-0.0980157101479449,-0.759253601238671,-0.385240369844486,1.1507788827907,1.00657188464015,1.20154223856357,0.443529453395639,-0.048236570436645,-0.0330109162638679,-0.639535815693025,0.212360907167038,1.09627321067543,0.432823406971036,-1.05218914939548,-0.831486854781667,0,-0.0930309953194633,-0.145269946550987,1.3246423271829,0.126567759556822,0.480805052473791,0.238498311019326,-0.797595882078731,-0.0998707974396848,-0.0692112518235939,1.52669651747532,1.07863107602188,-1.33549558071953,-0.145293492318181,-0.00262864511666532,-0.767532904424768,-0.202993708003753,-0.0147794972883899,-0.303642030474405,0.107638170607707,0.704487594782526,0.706799001154165,-0.472863001999315,-0.527680489439249,-0.177318504788345
"1457",0,-0.346763866306412,0.115841786710785,0.226929857828052,0.108774140810285,-0.813775052877421,-0.416428649433891,-0.135962069060475,-0.0232776152893404,-0.0699534355776914,0.44964680817177,-1.90867069477352,0.579657814790362,-0.0550390494789284,-0.540830462877054,-0.1555961886108,-0.0445734002443183,-0.1658625288534,-0.497846449881937,-1.12999301782559,1.2699814712849,-0.34087795460418,-0.574697546273115,-0.113860786417039,-0.0382639442739243,-0.759253601238671,-1.24785570536697,-0.543969598576446,1.00657188464015,-0.46824539751041,-0.650039470011399,-0.048236570436645,-0.0539306280597664,-0.639535815693025,-1.2263086449194,1.09627321067543,0.950766487281889,1.1603029827845,0.602075245430805,0,-0.0930309953194633,-0.481588184154324,-0.368712000574986,-0.34527778875002,-1.10320005852361,1.27008134505226,0.80234198973908,-0.0998707974396848,-0.0692112518235939,0.558214809138742,1.43048399386859,0.0255710898531705,0.792269691554037,0.971528919046879,-0.767532904424768,-0.207534847469041,-0.0191459895266863,-0.303642030474405,0.027704841871553,0.245017378270736,0.150917288198382,-0.988491876452356,-0.527680489439249,-0.177318504788345
"1458",0,-0.346763866306412,-0.958925782669563,0.757106570942284,-1.66308035067652,-0.992685559626734,-0.481875052614187,-0.135962069060475,-0.0247411626405223,-0.640995384823577,-0.283834597054994,0.0768464655884069,-2.23893887943681,-1.40155863315559,-0.540830462877054,-0.1555961886108,-0.073994983229481,-0.453890387156393,0.7501458380671,-0.119977590191666,-1.18029468333559,-1.29347794903808,-0.574697546273115,-0.113860786417039,-0.0382639442739243,-0.43758194039396,1.08838378637757,-0.882919294849875,-1.05790836414838,-0.802202924725205,-0.650039470011399,-0.048236570436645,-0.0330109162638679,-0.0211034405390152,1.33132611434538,-0.191412782816345,0.950766487281889,0.990111280309114,-0.258062014696678,0,-0.0930309953194633,-0.145269946550987,1.47858362970634,1.36287885195866,0.322404541374051,-0.621154217341457,1.94515475532323,-0.0998707974396848,0.0786304819767727,-0.410266899197836,0.902704617098525,0.997761568833671,-0.488981198734442,0.465289055770677,1.33335810820265,-0.202993708003753,-0.0191459895266863,-0.303642030474405,-1.17332181098952,0.437507561297074,0.706799001154165,0.558394746906768,-0.281918760399022,-0.177318504788345
"1459",0,-0.346763866306412,-1.17387929654563,-1.1076409518195,0.994701386553687,-0.634864546128108,-0.416428649433891,-0.135962069060475,-0.0247411626405223,-0.640995384823577,-1.20068635358845,1.06960504576937,-0.34196587835462,-1.40155863315559,-0.540830462877054,-0.372725350172091,-0.0445734002443183,-0.118308814614199,0.58016631181262,0.89003783744226,-1.18029468333559,-1.29347794903808,-0.292956833346385,-0.113860786417039,-0.0382639442739243,1.17077636382959,1.08838378637757,-1.2218689911233,-1.53432688309958,0.366648420526578,2.35727506935795,-0.048236570436645,-0.0330109162638679,2.45262606007703,1.33132611434538,-0.513334281189288,0.446252137175011,1.1603029827845,1.46221250555829,0,-0.0930309953194633,1.20000300386236,1.47858362970634,1.36287885195866,1.27280760797249,0.926220333707951,-0.340470775845071,-0.0998707974396848,-0.0692112518235939,-0.410266899197836,-0.637095889958434,-0.94661938912733,1.16729496510292,-0.547190670781726,-0.767532904424768,-0.202993708003753,-0.0191459895266863,-0.303642030474405,-1.17332181098952,-0.903658163008738,0.904845870642121,-0.816615584968009,-0.527680489439249,-0.177318504788345
"1460",0,-0.346763866306412,-0.0991117271652847,0.0578262499066152,0.330255952246136,0.975330014615711,0.463522826674285,-0.135962069060475,-0.0247411626405223,0.140237016488737,0.999757862091843,0.0768464655884069,-0.552740656252641,-0.391668945398093,-0.00462742279437702,-0.1555961886108,-0.0445734002443183,0.410193187752585,1.09010489057606,0.385030123625297,-0.690239452411488,-1.29347794903808,-0.574697546273115,-0.113860786417039,-0.0382639442739243,1.49244802467431,1.08838378637757,0.91443005078976,1.00657188464015,-0.134287870295615,-0.650039470011399,-0.048236570436645,-0.0330109162638679,0.28811274703799,0.0525087347129891,-0.835255779562232,0.109909237103759,0.819919577833732,-0.831486854781667,0,-0.0930309953194633,-0.481588184154324,-0.984477210668762,-1.12171262543579,-0.627998525224387,1.27008134505226,-0.340470775845071,-0.0998707974396848,-0.0692112518235939,-0.410266899197836,-1.03248643105838,-0.75218129333123,0.41724441800515,1.14027554013895,-0.362274353239232,-0.202993708003753,-0.0191459895266863,-0.359755967529991,0.42804705949191,0.0152822700148413,-0.679529085261532,-0.420689209021319,-0.527680489439249,-0.177318504788345
"1461",0,-0.346763866306412,-0.958925782669563,0.0578262499066152,-0.555671293497266,-0.992685559626734,-0.416428649433891,-0.135962069060475,-0.0247411626405223,-0.640995384823577,-0.650575299668376,1.06960504576937,-1.1850649899467,-1.40155863315559,-0.549672469397993,-0.1555961886108,-0.0445734002443183,-0.741918245459386,0.367082697450772,0.385030123625297,-1.18029468333559,-1.43022321108551,-0.569513380974159,-0.113860786417039,-0.0909846830221019,-0.759253601238671,0.924647769019562,0.303404642107127,0.212541019721487,-1.13616045194,-0.650039470011399,-0.048236570436645,-0.0677629935268027,-0.639535815693025,0.851769596983231,1.09627321067543,0.614423587210637,0.819919577833732,-0.544774434739172,0,-0.0930309953194633,-0.364330953673404,0.554935814565679,0.897017949947205,-1.26160056962335,0.582359322363638,0.34521688350542,-0.0998707974396848,-0.0692112518235939,-0.410266899197836,-0.680633513211668,0.608885377241471,-1.45788194973929,1.14027554013895,-0.159645077646464,-0.202993708003753,-0.0191459895266863,-0.303642030474405,-1.17332181098952,-0.214452838241053,0.138156129967194,0.214642163938074,-0.527680489439249,-0.177318504788345
"1462",0,-0.346763866306412,-1.17387929654563,-1.80692127285517,0.773219575117836,-0.992685559626734,-0.416428649433891,-0.135962069060475,-0.0247411626405223,-0.640995384823577,-1.56742705620183,0.325036110633647,0.290358455339444,-1.40155863315559,0.198268875224692,-0.1555961886108,-0.0445734002443183,-0.741918245459386,0.24020725930366,1.39504555125922,-0.853591196052854,-0.34087795460418,1.57711232937594,-0.113860786417039,-0.0382639442739243,0.733845111495366,1.08838378637757,0.472879490243842,-0.263877499229713,1.20154223856357,2.63066730020971,-0.048236570436645,0.0116578396201346,1.52497749734601,1.33132611434538,1.09627321067543,0.950766487281889,1.11489066162301,1.17550008551579,0,-0.0930309953194633,0.483151673783807,-0.368712000574986,-0.0347038540757136,1.06045292781066,0.754289828035795,-0.797595882078731,-0.214453013268411,-0.0692112518235939,-0.410266899197836,-1.38433934890509,-1.72437177231173,1.16729496510292,-0.0409508075055244,-0.767532904424768,-0.202993708003753,-0.0338432573430967,-0.303642030474405,-1.17332181098952,-2.05233370428821,0.904845870642121,-0.644739293483662,-0.527680489439249,-0.177318504788345
"1463",0,-0.346763866306412,0.115841786710785,0.990200011287507,0.773219575117836,-0.634864546128108,-0.416428649433891,-0.135962069060475,-0.0247411626405223,-0.314012775301545,0.999757862091843,-0.419532824502074,-0.763515434150662,-1.06492873723642,-0.540830462877054,-0.1555961886108,-0.0445734002443183,0.986248904358571,0.92012536432158,-0.707644116246793,-1.18029468333559,-1.29347794903808,-0.574697546273115,-0.113860786417039,-0.0382639442739243,1.81411968551902,0.924647769019562,-1.56081868739673,-1.53432688309958,-1.3031392155474,-0.650039470011399,-0.048236570436645,-0.0330109162638679,2.14340987250002,0.691917424529183,-0.67429503037576,0.109909237103759,-0.881997446920094,-0.831486854781667,0,-0.0930309953194633,1.20000300386236,1.3246423271829,1.36287885195866,0.95600658577301,0.926220333707951,1.24349027831716,-0.0998707974396848,-0.0692112518235939,-0.410266899197836,0.550851699251816,0.997761568833671,-1.64539458651373,-0.547190670781726,2.47453550505952,-0.202993708003753,-0.0191459895266863,-0.303642030474405,-0.172466266938626,0.0152822700148413,0.904845870642121,1.58965249581285,1.43841334288257,-0.177318504788345
"1464",0,-0.346763866306412,-1.34925450315417,-2.27310815354561,0.330255952246136,-0.992685559626734,-0.416428649433891,-0.135962069060475,-0.064995348517452,-0.640995384823577,-1.93416775881521,-0.171343179456834,0.290358455339444,-1.40155863315559,-0.540830462877054,-0.1555961886108,-0.0445734002443183,-0.741918245459386,-1.11962895073218,1.56338145586488,-0.200184221487392,-1.13471128329909,0.552265305433806,0.200502336978296,-0.0382639442739243,-0.759253601238671,0.269703699587538,0.133929793970413,-1.53432688309958,0.700605947741373,1.53709837680268,-0.048236570436645,-0.0330109162638679,1.21576130976901,1.33132611434538,-0.352373532002817,-0.562776563038745,1.1603029827845,-0.544774434739172,0,0.81748836729306,2.54527595427571,1.47858362970634,1.36287885195866,1.1787374064367,1.27008134505226,-0.111908222728241,-0.0998707974396848,-0.0692112518235939,-0.410266899197836,-0.856559972135023,-0.94661938912733,0.979782328328481,-0.244514746678222,-0.564903628832,-0.202993708003753,-0.0191459895266863,-0.303642030474405,-1.17332181098952,-2.28206881254411,-0.111301026777995,-1.1603681679367,-0.527680489439249,-0.177318504788345
"1465",0,-0.346763866306412,1.19060935609113,0.990200011287507,-0.777153104933116,-0.992685559626734,-0.416428649433891,-0.135962069060475,-0.0247411626405223,0.993917662786584,0.999757862091843,0.0768464655884069,0.922682789033507,-1.40155863315559,-0.540830462877054,-0.1555961886108,-0.0445734002443183,2.13836033757054,0.41018678555814,0.385030123625297,0.616574496719437,-1.29347794903808,-0.574697546273115,-0.113860786417039,-0.0382639442739243,1.49244802467431,0.924647769019562,0.981304034653986,-0.58148984519718,-1.3031392155474,-0.650039470011399,-0.048236570436645,-0.0330109162638679,-0.639535815693025,1.01162176943728,1.09627321067543,0.109909237103759,-1.39257255434624,-0.831486854781667,0,-0.0930309953194633,-0.145269946550987,1.17070102465946,0.586444015272899,-0.630477566457249,1.09815083938011,-0.111908222728241,-0.0998707974396848,-0.0692112518235939,2.97941907998019,1.43048399386859,-1.52993367651563,-1.83290722328817,0.29654243467861,1.66401840268845,-0.202993708003753,-0.0191459895266863,0.728815661816031,0.828389277112268,0.233789099002487,1.16000551839171,1.58965249581285,0.946889884802112,-0.177318504788345
"1466",0,-0.346763866306412,0.330795300586854,0.990200011287507,0.994701386553687,1.86988254836228,3.39669441370154,1.71880406707795,-0.0247411626405223,-0.640995384823577,-0.467204948361685,-0.171343179456834,-0.552740656252641,0.711664653149019,3.40103267366559,6.69343964519434,-0.0445734002443183,-0.731023995948263,-1.62956752949562,-1.12999301782559,-1.18029468333559,0.611722039829717,3.36967243470111,-0.113860786417039,-0.0382639442739243,-0.759253601238671,-1.53139249135053,-1.56081868739673,-0.58148984519718,1.20154223856357,0.17013722254388,-0.048236570436645,-0.0330109162638679,-0.639535815693025,-1.2263086449194,-0.444502616820066,0.614423587210637,-0.371422339493946,-0.831486854781667,0,-0.158644095593558,-0.481588184154324,-0.984477210668762,0.275870080598593,0.95600658577301,-1.30887624003008,-0.797595882078731,-0.0998707974396848,-0.0692112518235939,-0.410266899197836,-0.856559972135023,1.19219966462977,-1.0828566761904,-1.55967039733413,-0.767532904424768,-0.202993708003753,-0.0191459895266863,-0.303642030474405,0.628218168302089,0.448442162973925,-2.26390404116519,-1.1603681679367,-0.527680489439249,-0.177318504788345
"1467",0,-0.346763866306412,-0.0991117271652847,0.0578262499066152,0.994701386553687,0.617509001117085,-0.416428649433891,-0.135962069060475,-0.0247411626405223,-0.314012775301545,0.999757862091843,0.821415400724128,0.922682789033507,0.786535690318983,-0.540830462877054,-0.1555961886108,-0.0445734002443183,-0.741918245459386,-0.9496494244777,-0.961657113219938,0.943277984002168,0.929255371307683,-0.0112161204196545,-0.113860786417039,-0.0382639442739243,-0.759253601238671,-1.53139249135053,-0.71344444671316,1.00657188464015,1.36852100217096,2.90405953106147,-0.048236570436645,-0.0330109162638679,-0.639535815693025,-1.2263086449194,0.452430213929543,0.950766487281889,0.309344470407584,0.315362825388311,0,-0.217137242538952,-0.481588184154324,-0.984477210668762,0.12058311326144,1.11440709687275,-1.30887624003008,-0.797595882078731,-0.0998707974396848,-0.0692112518235939,-0.410266899197836,-1.38433934890509,0.997761568833671,0.41724441800515,-1.55967039733413,-0.767532904424768,-0.202993708003753,-0.0191459895266863,-0.303642030474405,-0.372637375748804,0.704487594782526,-1.86781030218927,-1.1603681679367,-0.527680489439249,-0.177318504788345
"1468",0,1.88237474806379,1.44418224049868,0.990200011287507,0.994701386553687,1.33315102811434,-0.123111490731166,-0.135962069060475,-0.0247411626405223,-0.640995384823577,-1.38405670489514,-2.15686033981876,-1.60661454574275,1.12316558623815,0.691001767292522,-0.1555961886108,-0.0445734002443183,-1.34949261124713,-1.62956752949562,-1.12999301782559,0.05211651417108,0.207210861900821,-0.574697546273115,-0.113860786417039,-0.0909846830221019,-0.759253601238671,-1.04018443927651,-0.71344444671316,0.688959538672687,-0.802202924725205,-0.650039470011399,-0.048236570436645,-0.0330109162638679,-0.639535815693025,0.386291799746958,1.09627321067543,0.950766487281889,0.819919577833732,0.602075245430805,0,-0.0930309953194633,-0.481588184154324,-0.0608293955280974,1.05230491728436,-0.365044440234421,0.0665678053471691,0.34521688350542,-0.0998707974396848,-0.235442367009914,-0.410266899197836,0.726778158175171,-0.55774319753513,-1.83290722328817,-1.55967039733413,-0.767532904424768,-0.202993708003753,-0.0191459895266863,3.82618873868734,1.82924482116316,-2.7415390290559,-2.26390404116519,-1.1603681679367,-0.527680489439249,-0.177318504788345
"1469",0,-0.346763866306412,-1.17387929654563,-0.175267190438608,0.994701386553687,0.438598494367772,-0.269402557737757,-0.135962069060475,-0.0247411626405223,-0.640995384823577,-0.283834597054994,0.821415400724128,-1.1850649899467,-0.89661378927684,-0.540830462877054,-0.1555961886108,-0.0445734002443183,0.0205735724496832,0.7501458380671,0.60088853082356,-1.18029468333559,-1.29347794903808,-0.574697546273115,-0.113860786417039,-0.0382639442739243,0.527433042140173,0.533294389383851,-0.930982085851901,-1.53432688309958,-1.3031392155474,-0.650039470011399,-0.048236570436645,-0.0330109162638679,0.906545122192,0.532065252075134,-0.817413903905915,-1.06729091314562,-1.39257255434624,-0.831486854781667,0,-0.0930309953194633,0.863684766259023,1.17070102465946,0.628559087669516,1.11440709687275,1.09815083938011,-0.111908222728241,-0.0998707974396848,-0.0692112518235939,0.415344452064832,0.550851699251816,1.19219966462977,-0.175730301055774,0.29654243467861,2.27190622946675,-0.202993708003753,-0.0191459895266863,-0.344242577367493,-0.97315070217934,-0.214452838241053,0.706799001154165,1.58965249581285,2.42146025904347,-0.177318504788345
"1470",0,-0.346763866306412,-1.17387929654563,-0.874547511474277,-0.112707670625565,-0.992685559626734,-0.416428649433891,-0.135962069060475,-0.0247411626405223,-0.640995384823577,-1.38405670489514,1.06960504576937,-0.974290212048683,-1.40155863315559,-0.540830462877054,-0.1555961886108,-0.0445734002443183,-0.741918245459386,-0.0997517932053001,0.553366028230951,-1.18029468333559,-1.29347794903808,-0.574697546273115,-0.113860786417039,-0.0382639442739243,-0.759253601238671,0.269703699587538,-0.882919294849875,-1.37552071011585,-0.876401285567708,-0.650039470011399,-0.048236570436645,-0.0330109162638679,-0.639535815693025,0.851769596983231,0.935312461488958,0.950766487281889,0.819919577833732,0.315362825388311,0,-0.0930309953194633,-0.194081374148698,1.01675972213601,0.431157047935746,-0.627998525224387,-0.793084723013613,2.40227986155689,4.95470122853544,-0.0692112518235939,-0.410266899197836,-0.328780595364958,0.0255710898531705,-1.45788194973929,-0.547190670781726,2.47453550505952,2.25623249403729,-0.0191459895266863,-0.303642030474405,-0.97315070217934,-0.903658163008738,0.310705262178251,0.803625702070056,0.701128155761885,-0.177318504788345
"1471",0,-0.346763866306412,0.760702328338993,0.422134764647937,-1.22011672780482,-0.992685559626734,-0.416428649433891,-0.135962069060475,-0.0247411626405223,-0.640995384823577,0.816387510785152,-0.419532824502074,0.922682789033507,-1.06492873723642,-0.540830462877054,-0.21426556801962,-0.0445734002443183,-0.741918245459386,-0.77966989822322,-0.793321208614283,1.43333321492626,-0.975944617560112,-0.574697546273115,-0.113860786417039,-0.0382639442739243,-0.759253601238671,-1.20392045663452,-0.374494750439731,1.00657188464015,-0.802202924725205,-0.650039470011399,-0.048236570436645,-0.0330109162638679,1.52497749734601,1.33132611434538,1.30943262974987,0.950766487281889,1.1603029827845,1.46221250555829,0,-0.0930309953194633,-0.145269946550987,-0.214770698051542,1.05230491728436,-0.311197503024907,-1.48080674570224,-0.569033328961901,-0.0998707974396848,-0.0692112518235939,-0.410266899197836,0.198998781405106,0.447282173397848,-1.83290722328817,-1.55967039733413,-0.767532904424768,-0.202993708003753,-0.0191459895266863,-0.303642030474405,0.828389277112268,-0.903658163008738,-2.26390404116519,-1.1603681679367,-0.527680489439249,-0.177318504788345
"1472",0,0.767805440878689,0.457650082829393,-0.874547511474277,-0.112707670625565,1.86988254836228,1.34347430278246,-0.135962069060475,-0.0247411626405223,0.993917662786584,0.999757862091843,1.06960504576937,0.290358455339444,0.113275898480654,0.444635321258607,-0.1555961886108,-0.0445734002443183,1.56230462096456,0.58016631181262,-0.961657113219938,-1.18029468333559,-1.29347794903808,-0.574697546273115,-0.160576263109141,-0.0382639442739243,1.17077636382959,1.08838378637757,-0.205154730997599,-0.899102191164647,-1.3031392155474,-0.650039470011399,-0.048236570436645,-0.0330109162638679,-0.639535815693025,-0.107343437741059,0.452430213929543,0.950766487281889,0.139152767932202,-0.831486854781667,0,-0.0930309953194633,-0.481588184154324,-0.984477210668762,-1.12171262543579,-0.152796991925168,0.582359322363638,-0.669493725242727,-0.0998707974396848,-0.0692112518235939,-0.410266899197836,-1.20841288998173,-0.94661938912733,0.792269691554037,0.29654243467861,-0.767532904424768,-0.202993708003753,-0.0191459895266863,-0.303642030474405,0.628218168302089,0.704487594782526,-0.481482215773575,-0.988491876452356,-0.527680489439249,-0.177318504788345
"1473",0,-0.346763866306412,-1.17387929654563,-1.80692127285517,0.773219575117836,-0.992685559626734,-0.416428649433891,-0.135962069060475,-0.0247411626405223,-0.640995384823577,-1.75079740750852,0.325036110633647,0.0795836774414227,-1.40155863315559,-0.540830462877054,-0.1555961886108,-0.0445734002443183,-0.741918245459386,-0.43971084571426,1.56338145586488,-0.0368324778460259,0.611722039829717,0.083047695924825,-0.113860786417039,-0.0382639442739243,-0.115910279549249,1.08838378637757,0.303404642107127,0.0537348467377536,1.36852100217096,-0.10325500830788,-0.048236570436645,-0.0330109162638679,1.21576130976901,1.33132611434538,1.09627321067543,0.950766487281889,1.1603029827845,0.0286504053458163,0,-0.0930309953194633,-0.481588184154324,-0.368712000574986,-0.500564756087173,1.11440709687275,0.754289828035795,-0.569033328961901,-0.0998707974396848,-0.0692112518235939,-0.410266899197836,-1.38433934890509,-1.72437177231173,1.16729496510292,-0.378444049689659,-0.767532904424768,-0.202993708003753,-0.0191459895266863,-0.303642030474405,-1.17332181098952,-1.82259859603232,-0.0853884767976621,-0.988491876452356,-0.527680489439249,-0.177318504788345
"1474",0,-0.346763866306412,-0.958925782669563,0.0578262499066152,0.773219575117836,-0.634864546128108,-0.416428649433891,-0.135962069060475,-0.0247411626405223,-0.640995384823577,0.082906105558388,0.325036110633647,-0.552740656252641,0.281590846440236,-0.540830462877054,-0.1555961886108,-0.0445734002443183,0.410193187752585,1.09010489057606,-0.148102142735546,-1.01694293969422,0.291497592453749,-0.574697546273115,-0.113860786417039,-0.0382639442739243,1.06947478583945,0.924647769019562,-1.16916074037666,-1.53432688309958,-0.169072583927267,0.17013722254388,-0.048236570436645,-0.0330109162638679,1.83419368492302,0.691917424529183,-1.47909877630812,-1.73997671328813,-0.201230637018563,0.602075245430805,0,-0.0930309953194633,0.19104829105235,1.47858362970634,0.12058311326144,-1.26160056962335,-0.105362700324987,1.03090454285591,0.15506372455763,-0.0692112518235939,-0.410266899197836,0.567937141908047,0.220009185649271,-0.520318765867068,0.107120412893897,0.0429841979463036,-0.202993708003753,-0.0191459895266863,-0.303642030474405,-1.17332181098952,-0.0349454904741624,0.706799001154165,-0.129110419030621,-0.527680489439249,-0.177318504788345
"1475",0,-0.346763866306412,0.330795300586854,0.290919690251838,-0.112707670625565,-0.455954039378794,-0.416428649433891,-0.135962069060475,0.00131510914950845,0.0129698342204877,0.816387510785152,-0.915912114592555,-0.552740656252641,-1.06492873723642,-0.540830462877054,-0.1555961886108,-0.0445734002443183,0.986248904358571,0.24020725930366,-0.624985304008629,-0.690239452411488,-1.29347794903808,-0.574697546273115,-0.113860786417039,-0.0382639442739243,1.49244802467431,1.08838378637757,1.1507788827907,1.00657188464015,0.867584711348771,-0.10325500830788,-0.048236570436645,-0.0330109162638679,-0.33031962811602,0.0525087347129891,-0.67429503037576,-1.23546236318125,0.309344470407584,2.03563734564328,0,-0.0930309953194633,-0.481588184154324,-0.984477210668762,-1.12171262543579,-1.26160056962335,-1.13694573435793,2.40227986155689,-0.0998707974396848,-0.0692112518235939,-0.324151880875952,-1.03248643105838,-0.94661938912733,-1.0828566761904,0.127795813586543,2.27190622946675,-0.202993708003753,-0.0758585761396516,-0.303642030474405,0.42804705949191,0.93422270303842,0.904845870642121,1.24589991284416,0.455366426721658,-0.177318504788345
"1476",0,-0.346763866306412,1.4055628699672,0.990200011287507,0.994701386553687,0.796419507866398,-0.123111490731166,-0.135962069060475,-0.0247411626405223,0.666935053264552,0.999757862091843,-0.667722469547314,-0.552740656252641,0.041893837331906,-0.294464016843139,-0.1555961886108,-0.0445734002443183,1.85033247926755,0.7501458380671,-0.961657113219938,-1.18029468333559,-1.29347794903808,-0.574697546273115,-0.113860786417039,-0.0382639442739243,2.13579134636373,1.08838378637757,0.303404642107127,-1.37552071011585,-1.3031392155474,-0.650039470011399,-0.048236570436645,-0.0330109162638679,-0.639535815693025,-0.107343437741059,0.452430213929543,0.109909237103759,-1.56276425682162,-0.831486854781667,0,-0.0930309953194633,-0.481588184154324,-0.984477210668762,-0.811138690761479,1.27280760797249,-1.30887624003008,-0.797595882078731,-0.0998707974396848,-0.0692112518235939,0.0739739549704533,-0.279853762278942,0.414447281445371,0.979782328328481,-1.55967039733413,-0.767532904424768,-0.202993708003753,-0.0191459895266863,-0.156850319864652,1.4289026035428,0.93422270303842,-1.07562282423745,-1.1603681679367,-0.571181480848682,-0.177318504788345
"1477",0,-0.346763866306412,-0.529018754917424,0.524013130597061,-0.24214332529837,-0.813775052877421,-0.416428649433891,-0.135962069060475,-0.0247411626405223,-0.640995384823577,0.44964680817177,1.06960504576937,0.922682789033507,0.113275898480654,-0.540830462877054,-0.1555961886108,-0.0445734002443183,0.986248904358571,1.09010489057606,-0.624985304008629,-1.18029468333559,0.7704887055687,-0.574697546273115,-0.113860786417039,-0.0382639442739243,1.17077636382959,0.59717573430355,-1.56081868739673,-1.53432688309958,-0.134287870295615,0.990313915099158,-0.048236570436645,-0.0330109162638679,1.83419368492302,0.0525087347129891,-1.47909877630812,-1.73997671328813,-0.881997446920094,1.46221250555829,0,-0.0930309953194633,0.685153618547151,1.17070102465946,-1.12171262543579,-1.26160056962335,-1.13694573435793,1.94515475532323,-0.0998707974396848,-0.0692112518235939,-0.410266899197836,0.899011376984892,0.220009185649271,-0.397451999703242,0.971528919046879,0.853501300317375,-0.202993708003753,-0.0191459895266863,-0.446456152980072,-0.772979593369162,0.474752486526631,1.03290876154537,1.07402362135981,0.209604697681432,-0.177318504788345
"1478",0,-0.346763866306412,0.760702328338993,0.757106570942284,0.108774140810285,0.0807774808691453,-0.416428649433891,-0.135962069060475,-0.0247411626405223,0.33995244374252,0.999757862091843,0.821415400724128,0.501133233237465,-0.0550390494789284,-0.540830462877054,-0.1555961886108,-0.0445734002443183,-0.1658625288534,1.09010489057606,-0.456649399402975,0.779926240360802,-0.499644620343163,-0.574697546273115,-0.113860786417039,-0.0382639442739243,-0.759253601238671,0.59717573430355,1.1507788827907,0.0537348467377536,-1.08925192578068,-0.650039470011399,-0.048236570436645,-0.0966656094424419,-0.639535815693025,0.0525087347129891,0.774351712302486,0.109909237103759,-1.39257255434624,-0.831486854781667,0,-0.0930309953194633,-0.145269946550987,0.176504242109501,-1.12171262543579,-1.05466762444551,-0.4492237116693,-0.797595882078731,-0.1882801704051,-0.0692112518235939,-0.410266899197836,0.902704617098525,-0.94661938912733,-1.45788194973929,1.14027554013895,-0.362274353239232,-0.202993708003753,-0.0191459895266863,-0.303642030474405,0.227875950681732,0.474752486526631,0.904845870642121,1.58965249581285,-0.0361570313587953,-0.177318504788345
"1479",0,-0.330114460060371,-0.958925782669563,-0.477993814155755,-1.44159853924067,-0.992685559626734,-0.416428649433891,-0.135962069060475,-0.0247411626405223,-0.640995384823577,-0.650575299668376,1.06960504576937,-0.71497055309848,-1.40155863315559,-0.540830462877054,-0.1555961886108,-0.12016755277347,-0.741918245459386,0.695313542898061,1.56338145586488,-1.18029468333559,-1.29347794903808,-0.574697546273115,-0.113860786417039,-0.0564895636525895,-0.43758194039396,1.08838378637757,-0.0355450541663019,-1.53432688309958,-1.3031392155474,-0.650039470011399,-0.048236570436645,-0.0330109162638679,-0.639535815693025,1.33132611434538,1.09627321067543,0.496710570455651,-0.711805744444711,-0.831486854781667,0,-0.0930309953194633,-0.481588184154324,1.01675972213601,1.02544410652059,0.63920556357353,1.27008134505226,0.34521688350542,-0.0998707974396848,-0.0692112518235939,-0.410266899197836,0.0230723224817513,1.19219966462977,-0.332806129092624,0.29654243467861,2.47453550505952,1.39701049663636,-0.0191459895266863,-0.303642030474405,-0.97315070217934,-0.903658163008738,0.310705262178251,1.58965249581285,2.91298371712393,1.57294565917274
"1480",0,-0.346763866306412,-1.17387929654563,0.524013130597061,-0.777153104933116,-1.21663142659551,-0.416428649433891,-0.135962069060475,-0.0247411626405223,-0.640995384823577,-1.93416775881521,1.06960504576937,-0.552740656252641,-1.40155863315559,-0.540830462877054,-0.1555961886108,-0.0445734002443183,-0.741918245459386,-0.60969037196874,1.56338145586488,-0.690239452411488,-1.29347794903808,-0.574697546273115,-0.113860786417039,-0.0382639442739243,-1.07754441846256,-0.385240369844486,0.981304034653986,-1.53432688309958,-1.3031392155474,-0.650039470011399,-0.048236570436645,-0.0330109162638679,-0.486668256031717,1.17147394189133,1.09627321067543,0.0191069941599027,-0.201230637018563,-0.544774434739172,0,-0.328207010339036,-0.481588184154324,1.47858362970634,0.741730982610052,-0.140732488525301,0.410428816691482,1.94515475532323,-0.0998707974396848,-0.0692112518235939,-0.364414584609861,0.374925240328461,0.608885377241471,-1.45507893495386,-1.22217715515,2.47453550505952,4.71545869607834,-0.0191459895266863,-0.303642030474405,-0.97315070217934,-0.673923054752843,0.706799001154165,1.58965249581285,2.6672219880837,-0.177318504788345
"1481",0,-0.346763866306412,-0.0991117271652847,0.990200011287507,0.994701386553687,0.438598494367772,-0.416428649433891,-0.135962069060475,-0.0247411626405223,0.33995244374252,0.082906105558388,-0.171343179456834,-0.763515434150662,-0.728298841317257,-0.540830462877054,-0.1555961886108,-0.0445734002443183,2.42638819587353,0.24020725930366,-1.12999301782559,-1.18029468333559,-1.29347794903808,-0.574697546273115,-0.113860786417039,-0.0382639442739243,3.42247798974257,0.924647769019562,-0.374494750439731,-1.53432688309958,-1.3031392155474,-0.650039470011399,-0.048236570436645,-0.0330109162638679,0.28811274703799,0.0525087347129891,0.613390963116015,-0.394605113003119,-1.56276425682162,-0.831486854781667,0,-0.0930309953194633,-0.481588184154324,-0.984477210668762,-0.811138690761479,-0.0464913619723346,-1.13694573435793,-0.797595882078731,-0.0998707974396848,-0.0692112518235939,-0.410266899197836,0.0230723224817513,-0.94661938912733,0.979782328328481,-0.547190670781726,-0.714620416904138,-0.202993708003753,-0.0191459895266863,-0.303642030474405,0.227875950681732,0.93422270303842,0.706799001154165,-0.644739293483662,-0.527680489439249,-0.177318504788345
"1482",0,-0.346763866306412,0.975655842215063,-0.641454071129054,-2.54900759641992,-0.992685559626734,-0.416428649433891,-0.135962069060475,-0.0247411626405223,-0.640995384823577,-0.650575299668376,1.06960504576937,-1.81738932364077,-1.40155863315559,-0.540830462877054,-0.1555961886108,-0.0445734002443183,2.42638819587353,0.7501458380671,1.56338145586488,-0.690239452411488,-1.29347794903808,-0.599553226981134,-0.113860786417039,-0.0382639442739243,0.849104702984884,0.924647769019562,1.1507788827907,-0.740296018180913,-1.3031392155474,-0.650039470011399,-0.048236570436645,-0.0330109162638679,-0.639535815693025,-0.398771822643251,0.130508715556599,-0.0582622129318667,-1.56276425682162,-0.831486854781667,0,-0.0930309953194633,-0.481588184154324,-0.984477210668762,-0.34527778875002,1.11440709687275,-1.48080674570224,-0.797595882078731,-0.0998707974396848,-0.0692112518235939,-0.410266899197836,-0.504707054288313,0.414447281445371,1.16729496510292,0.802782297954812,1.66401840268845,5.74860133259002,-0.0191459895266863,-0.303642030474405,0.42804705949191,0.0099114649382045,0.904845870642121,1.25280615567042,3.40450717520438,11.1993985609587
"1483",0,-0.346763866306412,0.115841786710785,0.990200011287507,0.330255952246136,0.839696954821034,1.05015714407974,-0.135962069060475,-0.0247411626405223,-0.640995384823577,-1.75079740750852,-0.915912114592555,-0.131191100456599,1.29148053419773,3.15466622763167,-0.1555961886108,-0.0445734002443183,-0.741918245459386,-1.62956752949562,-1.12999301782559,-1.01694293969422,0.929255371307683,3.08793172177438,-0.113860786417039,-0.0382639442739243,-0.566579242357818,-1.53139249135053,-1.56081868739673,-0.422683672213447,1.36852100217096,0.716921684247398,-0.048236570436645,-0.0330109162638679,0.28811274703799,-0.586899955103205,-0.878373212692224,0.278080687139385,1.1603029827845,-0.831486854781667,0,-0.0930309953194633,3.55423066708572,1.47858362970634,0.956393797498884,1.27280760797249,0.754289828035795,-0.340470775845071,-0.0998707974396848,-0.0692112518235939,-0.410266899197836,-0.856559972135023,0.803323473037571,0.979782328328481,-1.55967039733413,-0.767532904424768,-0.202993708003753,-0.0191459895266863,-0.303642030474405,0.027704841871553,0.93422270303842,-0.877575954749489,-1.1603681679367,-0.527680489439249,-0.177318504788345
"1484",0,-0.346763866306412,-1.17387929654563,0.757106570942284,0.551737763681986,0.0807774808691453,-0.416428649433891,-0.135962069060475,-0.0247411626405223,-0.640995384823577,-1.38405670489514,1.06960504576937,1.13345756693153,-0.391668945398093,-0.431101710360959,-0.1555961886108,-0.0445734002443183,-0.1658625288534,0.58016631181262,1.56338145586488,0.779926240360802,-1.1134706045583,-0.574697546273115,-0.113860786417039,-0.0382639442739243,1.81411968551902,1.08838378637757,1.1507788827907,-0.422683672213447,-1.11138073704886,-0.650039470011399,-0.049335153206293,-0.0330109162638679,-0.33031962811602,0.372213079621086,1.09627321067543,-0.899119463109996,-1.56276425682162,-0.831486854781667,0,-0.0930309953194633,-0.481588184154324,0.0931119069953467,1.36287885195866,-0.311197503024907,-1.48080674570224,-0.797595882078731,-0.0998707974396848,-0.0692112518235939,-0.410266899197836,-0.504707054288313,1.19219966462977,0.748404358042,-1.55967039733413,-0.767532904424768,-0.202993708003753,-0.0912709356995593,-0.303642030474405,-1.17332181098952,0.245017378270736,0.706799001154165,-1.1603681679367,-0.527680489439249,-0.202392672495521
"1485",0,-0.346763866306412,-1.17387929654563,-2.73929503423606,-0.112707670625565,0.617509001117085,-0.123111490731166,-0.135962069060475,-0.0247411626405223,-0.44830983791252,-1.93416775881521,-0.506706694944775,0.711908011135486,1.12316558623815,-0.540830462877054,-0.1555961886108,-0.0445734002443183,-0.453890387156393,-0.43971084571426,0.721701932836606,1.03068489393961,0.611722039829717,-0.574697546273115,-0.113860786417039,-0.0382639442739243,1.17077636382959,0.676582553496501,0.472879490243842,1.00657188464015,0.867584711348771,-0.650039470011399,-0.048236570436645,-0.0330109162638679,0.565997109421402,-0.400962280153704,-1.47909877630812,0.950766487281889,0.479536172882967,-0.831486854781667,0,-0.0930309953194633,-0.0893949216311977,-0.984477210668762,-1.12171262543579,0.79760607467327,1.09815083938011,-0.569033328961901,-0.0998707974396848,-0.0692112518235939,-0.410266899197836,-1.38433934890509,-1.91880986810783,0.41724441800515,1.14027554013895,-0.362274353239232,-0.292750631727777,-0.0191459895266863,-0.303642030474405,-1.17332181098952,-2.7415390290559,-0.481482215773575,1.58965249581285,0.455366426721658,-0.177318504788345
"1486",0,-0.338150587183219,0.115841786710785,0.990200011287507,0.330255952246136,-0.277043532629481,-0.416428649433891,-0.135962069060475,-0.0247411626405223,-0.640995384823577,-0.100464245748303,-1.15146424246558,-0.552740656252641,0.786535690318983,-0.540830462877054,-0.1555961886108,-0.0445734002443183,-1.07908847147109,-1.62956752949562,-1.12999301782559,-0.200184221487392,0.452955374090734,-0.574697546273115,-0.113860786417039,-0.0382639442739243,-0.759253601238671,-0.517318119134891,-0.374494750439731,0.688959538672687,-0.969181688332602,-0.650039470011399,-0.048236570436645,-0.0330109162638679,-0.0211034405390152,1.33132611434538,0.613390963116015,0.782595037246263,-0.541614041969328,-0.831486854781667,0,-0.0930309953194633,-0.574750331559185,-0.52265330309843,-1.12171262543579,-0.311197503024907,0.926220333707951,-0.797595882078731,-0.0998707974396848,-0.0692112518235939,-0.410266899197836,-0.856559972135023,-1.14105748492343,-0.895344039415955,0.802782297954812,-0.592537782581416,-0.202993708003753,-0.0191459895266863,-0.303642030474405,0.628218168302089,0.93422270303842,0.112658392690295,-0.472863001999315,-0.57192397080062,-0.177318504788345
"1487",0,-0.346763866306412,2.05042341159541,0.990200011287507,0.330255952246136,0.0311285475120481,-0.416428649433891,-0.135962069060475,0.0644569913860217,0.96478961020474,0.816387510785152,-2.405049984864,-0.131191100456599,1.12316558623815,-0.0480975708092236,-0.1555961886108,-0.0445734002443183,1.56230462096456,0.010695500703123,-1.12999301782559,-1.18029468333559,0.294188708351751,1.67922815714073,-0.113860786417039,-0.0382639442739243,1.34290033220077,0.433439716945544,-1.56081868739673,-1.53432688309958,-0.635224161117807,2.63066730020971,-0.048236570436645,-0.0330109162638679,2.14340987250002,0.691917424529183,-1.47909877630812,-1.73997671328813,-0.881997446920094,2.60906218572827,0,-0.0930309953194633,2.20895771667237,0.862818419612568,-1.12171262543579,-1.26160056962335,-0.11305905184807,1.03090454285591,-0.0998707974396848,-0.0692112518235939,2.4951782258119,1.25455753494524,-0.758473331263149,0.229731781230706,0.802782297954812,-0.362274353239232,-0.202993708003753,-0.0191459895266863,-0.303642030474405,1.64875908485831,0.93422270303842,0.706799001154165,-0.644739293483662,-0.527680489439249,-0.177318504788345
"1488",0,-0.346763866306412,0.760702328338993,-1.34073439216472,-2.54900759641992,-0.992685559626734,-0.416428649433891,-0.135962069060475,-0.0247411626405223,-0.640995384823577,0.999757862091843,-1.90867069477352,-2.23893887943681,-1.40155863315559,-0.540830462877054,-0.1555961886108,-0.0152492710856271,0.289148243168621,0.92012536432158,-1.12999301782559,-1.18029468333559,-0.959334851451478,-0.574697546273115,-0.113860786417039,-0.0382639442739243,1.17077636382959,0.433439716945544,-1.39134383926002,-1.21671453713211,-1.3031392155474,-0.650039470011399,-0.049335153206293,-0.0330109162638679,1.52497749734601,1.17147394189133,0.774351712302486,0.950766487281889,-0.106392271195234,-0.544774434739172,0,-0.0930309953194633,0.863684766259023,1.47858362970634,0.431157047935746,-0.627998525224387,1.27008134505226,0.34521688350542,-0.0998707974396848,-0.0692112518235939,-0.410266899197836,1.43048399386859,0.220009185649271,-0.332806129092624,1.14027554013895,0.44824274913184,-0.202993708003753,-0.0191459895266863,-0.303642030474405,0.027704841871553,0.474752486526631,0.508752131666208,0.386518455422421,-0.527680489439249,-0.177318504788345
"1489",0,-0.346763866306412,-0.144569120580325,0.0578262499066152,-1.22011672780482,-0.992685559626734,-0.416428649433891,-0.135962069060475,-0.0247411626405223,-0.640995384823577,0.082906105558388,-0.171343179456834,-1.16311010875719,-1.40155863315559,-0.530322174097089,-0.1555961886108,-0.0445734002443183,-0.453890387156393,0.58016631181262,-0.586546288999474,-1.18029468333559,-1.29347794903808,-0.574697546273115,-0.113860786417039,-0.0382639442739243,0.205761381295462,0.433439716945544,-1.56081868739673,-0.899102191164647,-0.802202924725205,-0.650039470011399,-0.048236570436645,-0.0330109162638679,1.21576130976901,0.372213079621086,0.613390963116015,0.950766487281889,0.990111280309114,-0.258062014696678,0,-0.0930309953194633,0.863684766259023,1.47858362970634,0.741730982610052,0.0166223572619567,-1.13694573435793,1.48802964908957,-0.0998707974396848,-0.0692112518235939,-0.410266899197836,1.07863107602188,-1.14105748492343,-0.520318765867068,-0.360956424148321,0.650872024724607,-0.202993708003753,-0.0191459895266863,-0.303642030474405,-0.180836776345282,0.93422270303842,0.508752131666208,0.214642163938074,-0.527680489439249,-0.177318504788345
"1490",0,1.88237474806379,0.545748814462924,-0.408360630783831,0.330255952246136,1.69097204161296,1.93010862018791,-0.135962069060475,-0.0247411626405223,-0.314012775301545,0.999757862091843,0.85764861866733,-0.131191100456599,-0.223353997438511,-0.0480975708092236,-0.1555961886108,-0.0445734002443183,-0.886829152772572,0.0702277330491799,1.22670964665357,-0.853591196052854,-1.29347794903808,-0.574697546273115,-0.022088984914833,-0.0382639442739243,-0.759253601238671,-1.53139249135053,0.472879490243842,0.37134719270522,-1.3031392155474,-0.650039470011399,-0.048236570436645,-0.0330109162638679,-0.639535815693025,-1.2263086449194,-1.47909877630812,0.109909237103759,0.139152767932202,-0.831486854781667,0,-0.0930309953194633,-0.481588184154324,-0.984477210668762,-1.12171262543579,-1.10320005852361,0.926220333707951,-0.111908222728241,-0.0998707974396848,-0.0692112518235939,-0.410266899197836,-0.55352081087532,-1.52993367651563,-0.520318765867068,0.971528919046879,-0.159645077646464,-0.202993708003753,-0.0191459895266863,-0.303642030474405,0.57032703386786,0.93422270303842,-0.283435346285619,-0.472863001999315,-0.527680489439249,-0.244755602889205
"1491",0,-0.346763866306412,0.115841786710785,0.0635273905603637,0.773219575117836,1.86988254836228,3.39669441370154,-0.135962069060475,-0.0247411626405223,-0.640995384823577,-0.283834597054994,-0.915912114592555,-1.06164562889993,0.113275898480654,3.40103267366559,-0.1555961886108,-0.0445734002443183,-0.741918245459386,-1.62956752949562,-1.12999301782559,-1.39307424433423,0.294188708351751,2.24270958299419,-0.113860786417039,-0.0382639442739243,-0.759253601238671,-0.82195321148231,-0.205019902303017,-0.263877499229713,1.36852100217096,0.443529453395639,-0.048236570436645,-0.0330109162638679,-0.639535815693025,-0.275214642225999,0.469767345225267,0.950766487281889,0.479536172882967,-0.194387851084351,0,-0.0930309953194633,-0.481588184154324,-0.984477210668762,-0.189990821412867,1.11440709687275,-0.597679059279094,-0.797595882078731,-0.0998707974396848,-0.0692112518235939,-0.410266899197836,-1.03248643105838,-0.381292440784249,-1.27036931296484,-1.55967039733413,-0.767532904424768,-0.202993708003753,-0.0191459895266863,-0.303642030474405,0.42804705949191,-0.160202717445301,-2.26390404116519,-1.1603681679367,-0.527680489439249,-0.177318504788345
"1492",0,-0.346763866306412,1.4055628699672,0.990200011287507,0.994701386553687,1.79517579647775,2.81006009629609,-0.135962069060475,-0.0247411626405223,-0.640995384823577,-0.467204948361685,-0.419532824502074,-0.34196587835462,1.29148053419773,2.03403858207176,-0.1555961886108,-0.0445734002443183,-1.14032108853142,-1.62956752949562,-1.12999301782559,0.289871009436705,1.24678870278565,-0.0112161204196545,-0.113860786417039,-0.0382639442739243,-0.759253601238671,-1.53139249135053,-1.2218689911233,0.847765711656421,0.19966965691918,-0.650039470011399,-0.048236570436645,-0.0330109162638679,1.83419368492302,1.33132611434538,1.09627321067543,0.950766487281889,0.819919577833732,-0.831486854781667,0,-0.0930309953194633,0.527366528655686,0.400994512042235,1.36287885195866,0.63920556357353,-0.96501522868577,-0.797595882078731,-0.0998707974396848,-0.0692112518235939,-0.410266899197836,0.198998781405106,1.19219966462977,-1.45788194973929,-1.55967039733413,-0.767532904424768,-0.202993708003753,-0.0191459895266863,-0.303642030474405,1.62907371235298,-0.444187946496948,-2.26390404116519,-1.1603681679367,-0.527680489439249,-0.177318504788345
"1493",0,-0.346763866306412,-1.17387929654563,-0.718405080876628,0.551737763681986,-0.992685559626734,-0.416428649433891,-0.135962069060475,0.00596725360244689,-0.499580843743164,-1.01731600228176,1.06960504576937,-1.39583976784473,-0.110938082480067,1.67646755142818,-0.1555961886108,-0.0445734002443183,0.410193187752585,1.09010489057606,-0.624985304008629,-1.18029468333559,0.7704887055687,2.78251697545928,-0.113860786417039,-0.0382639442739243,1.17077636382959,1.08838378637757,0.981304034653986,0.37134719270522,1.36852100217096,2.90405953106147,-0.048236570436645,-0.0330109162638679,-0.639535815693025,-0.0243753424323102,0.291469464743071,0.782595037246263,0.819919577833732,0.0286504053458163,0,-0.0930309953194633,-0.481588184154324,-0.96524300615995,-1.12171262543579,1.27280760797249,-0.621154217341457,-0.797595882078731,-0.0998707974396848,-0.0692112518235939,-0.410266899197836,-1.38433934890509,-0.75218129333123,0.604757054779594,-1.55967039733413,-0.767532904424768,-0.202993708003753,-0.0191459895266863,-0.303642030474405,-1.17332181098952,-0.673923054752843,-0.283435346285619,-1.1603681679367,-0.702197890881133,-0.177318504788345
"1494",0,-0.346763866306412,0.115841786710785,-0.175267190438608,0.551737763681986,-0.455954039378794,-0.416428649433891,-0.135962069060475,-0.0247411626405223,0.0129698342204877,0.999757862091843,0.0768464655884069,0.0795836774414227,1.29148053419773,-0.540830462877054,-0.1555961886108,-0.0445734002443183,-0.114640584712113,1.09010489057606,0.385030123625297,-0.0368324778460259,1.35633790970243,-0.574697546273115,-0.113860786417039,-0.0382639442739243,-0.759253601238671,0.760911751661556,0.981304034653986,1.00657188464015,0.700605947741373,-0.632311047465563,-0.048236570436645,-0.0330109162638679,-0.639535815693025,0.372213079621086,1.00076924365507,0.950766487281889,-1.05218914939548,-0.831486854781667,0,-0.138542609112437,-0.145269946550987,1.47858362970634,-0.189990821412867,0.480805052473791,1.09815083938011,-0.569033328961901,-0.0998707974396848,-0.0692112518235939,0.0043633444818555,1.43048399386859,-1.33549558071953,0.0611645990915891,1.14027554013895,-0.159645077646464,-0.202993708003753,-0.0191459895266863,-0.303642030474405,0.227875950681732,0.474752486526631,0.904845870642121,0.902147329875462,-0.0980854673470407,-0.177318504788345
"1495",0,-0.346763866306412,-0.958925782669563,0.0578262499066152,-0.830112549734091,-0.992685559626734,-0.465675755123353,-0.135962069060475,-0.0247411626405223,-0.640995384823577,-0.100464245748303,0.325036110633647,-2.02816410153879,-1.40155863315559,-0.540830462877054,-0.1555961886108,-0.0445734002443183,-0.741918245459386,1.09010489057606,-0.961657113219938,-1.18029468333559,-1.29347794903808,-0.574697546273115,-0.113860786417039,-0.0382639442739243,-0.0245628268691463,0.433439716945544,-1.56081868739673,-1.53432688309958,-1.3031392155474,-0.532963956613604,-0.048236570436645,-0.0527815189118962,0.597328934614995,1.17147394189133,0.774351712302486,0.950766487281889,0.990111280309114,0.315362825388311,0,-0.0930309953194633,0.527366528655686,1.47858362970634,0.414800675994846,-1.26160056962335,-1.13694573435793,2.17371730844006,-0.0998707974396848,-0.0692112518235939,-0.410266899197836,0.550851699251816,-0.55774319753513,-1.89454738581331,-0.884683912965861,2.27190622946675,-0.202993708003753,-0.0191459895266863,-0.303642030474405,-1.17332181098952,-0.444187946496948,0.904845870642121,1.24589991284416,0.701128155761885,-0.177318504788345
"1496",0,-0.346763866306412,-0.0991117271652847,0.0578262499066152,0.330255952246136,-0.813775052877421,-0.416428649433891,-0.135962069060475,-0.0247411626405223,0.33995244374252,0.816387510785152,0.573225755678888,-0.763515434150662,0.281590846440236,-0.540830462877054,-0.1555961886108,-0.0445734002443183,-0.741918245459386,0.92012536432158,0.0483583144139882,1.10662972764353,1.24678870278565,-0.298950025095941,-0.113860786417039,-0.0382639442739243,-0.759253601238671,-0.22150435248648,1.1507788827907,1.00657188464015,0.19966965691918,-0.650039470011399,-0.048236570436645,-0.0330109162638679,-0.923814587713303,-0.746752127557253,1.09627321067543,0.950766487281889,-1.39257255434624,-0.831486854781667,0,-0.0930309953194633,-0.481588184154324,0.862818419612568,1.36287885195866,1.27280760797249,-0.4492237116693,-0.797595882078731,-0.0998707974396848,-0.0692112518235939,-0.213701097487455,1.43048399386859,1.19219966462977,1.16729496510292,-0.378444049689659,-0.767532904424768,-0.202993708003753,-0.0758585761396516,-0.303642030474405,0.027704841871553,0.474752486526631,0.112658392690295,-0.988491876452356,-0.527680489439249,-0.177318504788345
"1497",0,-0.346763866306412,-0.426185929420418,0.0578262499066152,0.994701386553687,0.796419507866398,-0.416428649433891,-0.135962069060475,-0.0247411626405223,-0.640995384823577,0.082906105558388,0.0768464655884069,0.0795836774414227,1.29148053419773,0.444635321258607,-0.1555961886108,-0.0445734002443183,-0.741918245459386,-1.45958800324114,-0.961657113219938,-0.0161308621995834,1.25016828295462,0.552265305433806,-0.162319667973281,-0.0382639442739243,-0.759253601238671,-1.58227889955815,-1.56081868739673,-0.263877499229713,1.03456347495617,-0.10325500830788,-0.048236570436645,-0.0330109162638679,-0.639535815693025,-0.647648736442634,-0.835255779562232,0.782595037246263,-0.711805744444711,-0.831486854781667,0,-0.0930309953194633,-0.481588184154324,0.247053209518791,1.36287885195866,-0.469598014124647,-1.48080674570224,-0.797595882078731,-0.0998707974396848,-0.0692112518235939,2.01093737164361,1.43048399386859,1.19219966462977,0.792269691554037,-0.0409508075055244,-0.564903628832,-0.202993708003753,-0.0191459895266863,-0.00961107225519656,-0.572808484558983,-0.903658163008738,-0.283435346285619,1.4177762043285,0.209604697681432,-0.177318504788345
"1498",0,-0.346763866306412,0.115841786710785,0.757106570942284,0.994701386553687,0.0807774808691453,-0.416428649433891,-0.153106290424095,-0.0247411626405223,0.993917662786584,0.816387510785152,1.06960504576937,1.13811061457413,0.449905794399818,-0.540830462877054,-0.1555961886108,-0.0445734002443183,0.624985821908296,1.09010489057606,1.56338145586488,1.43333321492626,0.135422042612768,-0.574697546273115,-0.113860786417039,-0.0382639442739243,-0.759253601238671,-0.876448421918504,1.1507788827907,1.00657188464015,-0.301266633903012,-0.650039470011399,-0.048236570436645,-0.0330109162638679,-0.908662699795347,-0.906604300011301,1.09627321067543,0.950766487281889,-1.56276425682162,-0.831486854781667,0,-0.0930309953194633,-0.481588184154324,0.247053209518791,1.36287885195866,1.27280760797249,-1.13694573435793,-0.797595882078731,-0.0998707974396848,-0.0692112518235939,-0.410266899197836,0.550851699251816,1.42178307798699,1.16729496510292,0.634035676862745,-0.362274353239232,-0.202993708003753,-0.0191459895266863,-0.303642030474405,-0.172466266938626,0.245017378270736,-0.0853884767976621,0.214642163938074,-0.0361570313587953,-0.0131906079206286
"1499",0,-0.346763866306412,0.760702328338993,0.990200011287507,0.994701386553687,0.796419507866398,-0.416428649433891,-0.135962069060475,-0.0247411626405223,-0.640995384823577,0.816387510785152,0.325036110633647,0.0795836774414227,1.29148053419773,-0.285239946965282,-0.1555961886108,-0.0445734002443183,-0.741918245459386,-1.11962895073218,-0.961657113219938,0.943277984002168,0.7704887055687,-0.574697546273115,-0.113860786417039,-0.0382639442739243,-0.759253601238671,-1.53139249135053,0.00250461041158153,1.00657188464015,-0.46824539751041,-0.946010025592716,-0.048236570436645,-0.0330109162638679,-0.639535815693025,-1.06645647246535,0.935312461488958,0.109909237103759,-1.56276425682162,-0.831486854781667,0,-0.0930309953194633,-0.481588184154324,0.247053209518791,1.36287885195866,-0.944799547423866,-1.13694573435793,-0.340470775845071,1.88308298559131,-0.0692112518235939,0.187079159637407,1.25455753494524,0.608885377241471,0.792269691554037,1.14027554013895,0.400742892223991,3.48584559505782,-0.0191459895266863,-0.303642030474405,0.628218168302089,0.93422270303842,0.706799001154165,0.558394746906768,1.43841334288257,0.697813577192196
"1500",0,-0.346763866306412,0.940761569918792,0.757106570942284,-0.777153104933116,-0.634864546128108,-0.416428649433891,-0.135962069060475,-0.0247411626405223,0.0464468856512288,-1.01731600228176,0.325036110633647,1.13345756693153,1.12316558623815,-0.294464016843139,-0.1555961886108,-0.0445734002443183,-0.741918245459386,-2.0021728831104,-1.12999301782559,-0.526887708770123,1.24678870278565,0.552265305433806,-0.113860786417039,-0.0382639442739243,-0.759253601238671,-1.36765647399252,-0.882919294849875,-0.422683672213447,1.36852100217096,0.17013722254388,-0.048236570436645,-0.0330109162638679,-0.639535815693025,0.212360907167038,1.09627321067543,0.950766487281889,1.1603029827845,-0.544774434739172,0,-0.0930309953194633,-0.481588184154324,-0.830535908145318,0.741730982610052,1.11440709687275,0.582359322363638,0.116654330388589,-0.0998707974396848,-0.270636109582934,-0.410266899197836,-0.856559972135023,1.19219966462977,-0.895344039415955,-1.55967039733413,-0.767532904424768,-0.202993708003753,-0.115134277125818,-0.303642030474405,1.62907371235298,0.474752486526631,-2.26390404116519,-1.1603681679367,-0.527680489439249,-0.177318504788345
"1501",0,-0.346763866306412,-0.743972268793493,0.290919690251838,0.994701386553687,0.617509001117085,-0.416428649433891,-0.135962069060475,-0.0247411626405223,-0.640995384823577,-0.100464245748303,1.06960504576937,1.13345756693153,1.29148053419773,-0.0480975708092236,-0.1555961886108,-0.0445734002443183,0.410193187752585,1.09010489057606,0.385030123625297,-1.01694293969422,1.08802203704667,0.552265305433806,-0.113860786417039,-0.0382639442739243,0.823284716679165,1.08838378637757,-1.05239414298659,-1.53432688309958,0.700605947741373,0.943350999486555,-0.048236570436645,-0.0330109162638679,0.906545122192,1.33132611434538,-1.31813802712165,-1.73997671328813,0.479536172882967,1.46221250555829,0,-0.0930309953194633,-0.145269946550987,1.47858362970634,0.275870080598593,-1.26160056962335,0.582359322363638,1.03090454285591,0.195032677987267,-0.0692112518235939,-0.410266899197836,0.374925240328461,0.481967071719377,0.41724441800515,0.790130642999938,-0.159645077646464,-0.202993708003753,-0.0191459895266863,-0.303642030474405,-0.772979593369162,0.245017378270736,0.904845870642121,0.386518455422421,-0.527680489439249,-0.177318504788345
"1502",0,-0.346763866306412,-0.743972268793493,0.524013130597061,0.773219575117836,0.438598494367772,-0.416428649433891,-0.135962069060475,-0.0247411626405223,-0.640995384823577,-0.467204948361685,-0.419532824502074,-1.60661454574275,1.12316558623815,-0.294464016843139,-0.0805046126178183,-0.0445734002443183,-0.741918245459386,-0.77966989822322,0.721701932836606,-1.01694293969422,1.08802203704667,0.552265305433806,-0.113860786417039,-0.0382639442739243,-0.759253601238671,-1.53139249135053,0.472879490243842,0.847765711656421,0.72134931316315,0.716921684247398,-0.048236570436645,-0.0330109162638679,-0.639535815693025,-1.2263086449194,-1.47909877630812,-1.40363381321687,-0.201230637018563,0.8887876654733,0,-0.0930309953194633,-0.145269946550987,0.0930221578405812,-1.12171262543579,-1.26160056962335,-0.277293205997144,0.34521688350542,-0.132682142132972,-0.0692112518235939,0.0739739549704533,0.726778158175171,-1.14105748492343,-1.83290722328817,0.127795813586543,0.650872024724607,-0.202993708003753,-0.0191459895266863,-0.303642030474405,-0.372637375748804,0.474752486526631,0.7701100879817,1.07402362135981,-0.281918760399022,-0.177318504788345
"1503",0,-0.346763866306412,-0.743972268793493,-0.641454071129054,0.994701386553687,-0.0981330258801679,-0.416428649433891,-0.135962069060475,-0.0247411626405223,-0.640995384823577,0.633017159478461,-0.233000895296126,-0.131191100456599,1.12316558623815,0.444635321258607,-0.1555961886108,-0.0445734002443183,0.410193187752585,1.09010489057606,-0.793321208614283,-0.525577210094181,1.24678870278565,2.52445029592092,-0.113860786417039,-0.0382639442739243,-0.115910279549249,0.924647769019562,1.1507788827907,1.00657188464015,0.19966965691918,-0.650039470011399,-0.048236570436645,-0.0539306280597664,-0.639535815693025,-0.906604300011301,1.09627321067543,0.950766487281889,0.309344470407584,-0.831486854781667,0,-0.0930309953194633,-0.481588184154324,0.554935814565679,0.143602735901887,-0.152796991925168,1.27008134505226,-0.797595882078731,-0.0998707974396848,-0.0692112518235939,-0.410266899197836,0.374925240328461,0.220009185649271,-0.332806129092624,1.14027554013895,-0.767532904424768,-0.202993708003753,-0.0191459895266863,-0.303642030474405,-0.772979593369162,0.704487594782526,0.508752131666208,0.214642163938074,-0.527680489439249,-0.177318504788345
"1504",0,0.767805440878689,0.975655842215063,0.990200011287507,-0.112707670625565,-0.992685559626734,-0.416428649433891,-0.135962069060475,-0.0247411626405223,1.97486549135268,0.999757862091843,0.0768464655884069,1.00476379185356,-0.89661378927684,-0.540830462877054,-0.1555961886108,-0.0445734002443183,1.07645358961799,0.41018678555814,-0.624985304008629,1.43333321492626,-0.658411286082146,-0.574697546273115,-0.113860786417039,-0.0382639442739243,-0.759253601238671,-1.53139249135053,-0.543969598576446,0.847765711656421,-1.3031392155474,-0.650039470011399,-0.048236570436645,-0.0330109162638679,-0.639535815693025,-1.2263086449194,0.291469464743071,0.446252137175011,-1.56276425682162,-0.831486854781667,0,-0.0930309953194633,-0.481588184154324,-0.650502690269737,0.689197138981366,-0.152796991925168,-1.48080674570224,-0.797595882078731,-0.0998707974396848,-0.0692112518235939,-0.410266899197836,0.550851699251816,1.19219966462977,1.16729496510292,1.14027554013895,2.06927695387398,5.94507179709886,-0.0191459895266863,-0.303642030474405,1.02856038592245,0.245017378270736,-0.481482215773575,0.902147329875462,3.15874544616415,9.4491343969976
"1505",0,-0.346763866306412,0.612059787102031,0.990200011287507,-0.836855502857922,-0.634864546128108,-0.416428649433891,-0.135962069060475,-0.0247411626405223,0.33995244374252,0.999757862091843,-0.667722469547314,0.290358455339444,-0.202597567438745,-0.540830462877054,-0.1555961886108,-0.0445734002443183,0.410193187752585,1.09010489057606,-1.12999301782559,-1.18029468333559,0.529609934329459,-0.574697546273115,-0.113860786417039,-0.0382639442739243,0.00126515140742599,-0.22150435248648,-1.56081868739673,-1.21671453713211,1.36852100217096,-0.650039470011399,-0.048236570436645,-0.0330109162638679,-0.639535815693025,-1.2263086449194,-1.47909877630812,-0.899119463109996,0.649727875358349,-0.831486854781667,0,-0.0930309953194633,-0.481588184154324,-0.984477210668762,-0.966425658098632,0.480805052473791,0.0665678053471691,-0.642026095489029,-0.0998707974396848,-0.0692112518235939,-0.410266899197836,-0.680633513211668,0.220009185649271,1.16729496510292,0.127795813586543,0.650872024724607,0.0615098463867133,-0.0191459895266863,-0.303642030474405,0.628218168302089,0.0152822700148413,-0.679529085261532,0.386518455422421,2.6672219880837,-0.177318504788345
"1506",0,-0.346763866306412,-0.314065241041354,0.524013130597061,-1.04955835759461,-0.992685559626734,-0.416428649433891,-0.135962069060475,-0.0247411626405223,-0.640995384823577,0.266276456865079,-0.419532824502074,-2.23893887943681,-1.40155863315559,-0.540830462877054,-0.197600515458859,-0.0445734002443183,-0.741918245459386,0.754617442656873,-0.28831349479732,-1.18029468333559,-1.29347794903808,-0.614000750622513,-0.113860786417039,-0.0382639442739243,0.205761381295462,1.08838378637757,-1.2218689911233,-0.263877499229713,-0.969181688332602,-0.643385552707933,-0.048236570436645,-0.0330109162638679,0.597328934614995,1.33132611434538,1.09627321067543,0.359378984795077,0.990111280309114,0.575287618352763,0,-0.0930309953194633,0.863684766259023,1.47858362970634,0.741730982610052,-1.26160056962335,-0.105362700324987,1.25946709597274,-0.0998707974396848,-0.0692112518235939,0.0739739549704533,0.902704617098525,0.608885377241471,-0.332806129092624,0.196018570260109,0.853501300317375,-0.202993708003753,-0.0191459895266863,-0.303642030474405,-0.572808484558983,0.0152822700148413,0.112658392690295,0.214642163938074,-0.527680489439249,-0.177318504788345
"1507",0,-0.346763866306412,0.545748814462924,0.990200011287507,0.994701386553687,-0.277043532629481,-0.573964799157268,-0.135962069060475,0.100780795649949,0.993917662786584,0.999757862091843,-0.915912114592555,0.501133233237465,0.281590846440236,-0.540830462877054,-0.1555961886108,-0.0445734002443183,0.986248904358571,0.24020725930366,-0.961657113219938,1.10662972764353,-0.182111288865197,-0.574697546273115,-0.113860786417039,-0.0909846830221019,-0.759253601238671,-1.53139249135053,0.262461703727533,1.00657188464015,-1.13616045194,-0.650039470011399,-0.048236570436645,-0.0330109162638679,-0.639535815693025,-1.2263086449194,0.935312461488958,-0.226433662967493,-1.56276425682162,-0.831486854781667,0,-0.0930309953194633,-0.481588184154324,0.247053209518791,1.05230491728436,-0.944799547423866,-1.48080674570224,-0.797595882078731,-0.0998707974396848,-0.0692112518235939,-0.410266899197836,1.43048399386859,-0.0149909775817345,-1.83290722328817,-1.22217715515,-0.143811100561368,-0.202993708003753,-0.0912709356995593,-0.303642030474405,0.828389277112268,0.93422270303842,0.904845870642121,0.902147329875462,0.209604697681432,-0.177318504788345
"1508",0,0.767805440878689,1.4055628699672,0.990200011287507,-0.112707670625565,-0.277043532629481,-0.547477460634352,-0.135962069060475,-0.0247411626405223,0.666935053264552,0.999757862091843,-0.0838332944918555,0.0795836774414227,0.618220742359401,-0.540830462877054,-0.1555961886108,-0.0445734002443183,-0.741918245459386,1.09010489057606,-0.115282086578052,-1.18029468333559,-1.29347794903808,-0.574697546273115,-0.0995826853553493,-0.0382639442739243,-0.115910279549249,1.08838378637757,1.1507788827907,-0.422683672213447,-1.3031392155474,-0.650039470011399,-0.048236570436645,-0.0539306280597664,-0.639535815693025,-0.203249405001572,-0.0304520336298728,0.782595037246263,-0.541614041969328,-0.831486854781667,0,-0.0930309953194633,-0.481588184154324,-0.984477210668762,-1.12171262543579,0.00560351917457189,0.754289828035795,-0.797595882078731,-0.0998707974396848,-0.0692112518235939,-0.410266899197836,-1.03248643105838,-1.14105748492343,-0.145293492318181,0.971528919046879,-0.767532904424768,-0.202993708003753,-0.0191459895266863,-0.303642030474405,1.02856038592245,1.0147527357468,0.706799001154165,0.155140686389064,-0.451400731382506,-0.177318504788345
"1509",0,1.88237474806379,1.4055628699672,0.0578262499066152,0.330255952246136,1.15424052136502,-0.123111490731166,-0.135962069060475,-0.0247411626405223,1.97486549135268,0.633017159478461,-0.915912114592555,-1.39583976784473,-0.391668945398093,-0.272931742589758,-0.1555961886108,-0.0445734002443183,1.74287793655008,0.7501458380671,0.216694219019643,-0.0368324778460259,-1.13471128329909,-0.574697546273115,-0.113860786417039,-0.0382639442739243,1.81411968551902,0.769831168670778,0.965374464018886,0.688959538672687,-0.364914180607927,-0.650039470011399,-0.048236570436645,-0.0179575742192926,-0.358139838866111,-1.2263086449194,-1.51050480140056,-1.5718052632525,0.819919577833732,0.315362825388311,0,-0.0930309953194633,-0.481588184154324,-0.984477210668762,-1.12171262543579,-1.26160056962335,0.582359322363638,1.0093664331553,-0.0998707974396848,-0.167909386991883,0.558214809138742,0.0230723224817513,-1.14105748492343,-0.707831402641512,0.594038930022183,0.650872024724607,-0.202993708003753,-0.0191459895266863,-0.303642030474405,1.02856038592245,0.93422270303842,0.706799001154165,0.0427658724537265,-0.0951245922043565,-0.177318504788345
"1510",0,-0.346763866306412,-1.17387929654563,-2.50620159389084,0.994701386553687,0.438598494367772,-0.416428649433891,-0.135962069060475,-0.0247411626405223,-0.640995384823577,-1.93416775881521,-2.15686033981876,1.13345756693153,-0.513991419648215,-0.540830462877054,-0.132628659283684,-0.0445734002443183,-0.741918245459386,-1.62956752949562,0.0483583144139882,1.2699814712849,0.135422042612768,0.270524592507076,-0.113860786417039,-0.0382639442739243,-0.759253601238671,-1.04018443927651,0.811829186517271,-0.263877499229713,1.36852100217096,0.443529453395639,-0.0289053886115086,-0.0330109162638679,1.52497749734601,1.17147394189133,0.774351712302486,0.278080687139385,1.41500800297455,0.0286504053458163,0,9.18092629712916,4.56318537989573,1.47858362970634,1.36287885195866,1.27280760797249,1.27008134505226,-0.569033328961901,-0.0998707974396848,3.74986562380231,1.52669651747532,-0.680633513211668,-1.14105748492343,0.792269691554037,0.634035676862745,-0.767532904424768,-0.202993708003753,-0.0191459895266863,-0.303642030474405,-1.17332181098952,-2.5118039208,0.904845870642121,0.0427658724537265,-0.527680489439249,-0.177318504788345
"1511",0,-0.358695625296878,-0.529018754917424,0.990200011287507,-1.22011672780482,-0.992685559626734,-0.416428649433891,-0.135962069060475,-0.0247411626405223,-0.771318033268967,-0.100464245748303,0.573225755678888,-1.39583976784473,-1.40155863315559,-0.540830462877054,-0.1555961886108,-0.0445734002443183,-0.741918245459386,0.92012536432158,0.553366028230951,-1.18029468333559,-1.29347794903808,-0.574697546273115,-0.113860786417039,-0.0382639442739243,-0.115910279549249,1.08838378637757,-0.882919294849875,-1.53432688309958,-1.3031392155474,-0.650039470011399,-0.049335153206293,-0.0330109162638679,0.906545122192,1.33132611434538,0.935312461488958,0.614423587210637,-0.541614041969328,-0.831486854781667,0,-0.0930309953194633,0.527366528655686,1.47858362970634,1.36287885195866,0.63920556357353,1.27008134505226,0.116654330388589,-0.255899917209778,-0.0692112518235939,-0.410266899197836,1.25455753494524,0.803323473037571,-0.707831402641512,0.634035676862745,1.66401840268845,-0.202993708003753,-0.0191459895266863,-0.303642030474405,-0.455616164215604,-0.444187946496948,0.310705262178251,0.558394746906768,0.455366426721658,-0.177318504788345
"1512",0,-0.346763866306412,0.115841786710785,0.990200011287507,0.994701386553687,1.69097204161296,1.05015714407974,-0.135962069060475,-0.0247411626405223,-0.173252319114655,-0.467204948361685,-1.41229140468304,-0.763515434150662,1.29148053419773,2.16920044349601,-0.1555961886108,-0.0445734002443183,-0.741918245459386,-1.62956752949562,-1.12999301782559,-0.690239452411488,1.24678870278565,1.96096887006746,-0.113860786417039,-0.0382639442739243,-0.759253601238671,-1.53139249135053,-1.56081868739673,-0.10507132624598,1.20154223856357,-0.650039470011399,-0.048236570436645,-0.0330109162638679,-0.33031962811602,0.0525087347129891,-0.191412782816345,0.782595037246263,0.819919577833732,0.0286504053458163,0,-0.0930309953194633,0.527366528655686,1.47858362970634,1.36287885195866,1.27280760797249,1.27008134505226,0.116654330388589,-0.0998707974396848,-0.0474510620399758,-0.410266899197836,-0.856559972135023,1.19219966462977,-0.332806129092624,-0.748659458462592,-0.767532904424768,-0.202993708003753,-0.0191459895266863,-0.303642030474405,0.42804705949191,0.704487594782526,-1.86781030218927,-1.09630918189241,-0.527680489439249,-0.177318504788345
"1513",0,-0.346763866306412,-0.86765553257044,-0.175267190438608,0.330255952246136,0.975330014615711,1.63679146148519,-0.135962069060475,-0.064995348517452,-0.640995384823577,-0.283834597054994,0.573225755678888,-0.974290212048683,-0.728298841317257,0.865846719294094,-0.1555961886108,-0.0445734002443183,-0.741918245459386,1.09010489057606,0.89003783744226,1.43333321492626,1.08802203704667,-0.0112161204196545,-0.113860786417039,-0.0382639442739243,0.849104702984884,1.08838378637757,0.133929793970413,-0.899102191164647,0.700605947741373,0.990313915099158,-0.048236570436645,-0.0330109162638679,-0.33031962811602,-1.06645647246535,-1.47909877630812,-1.73997671328813,0.139152767932202,0.315362825388311,0,-0.0930309953194633,-0.429455460676394,-0.984477210668762,-1.12171262543579,-0.469598014124647,0.238498311019326,-0.797595882078731,-0.0998707974396848,-0.0692112518235939,-0.410266899197836,-1.38433934890509,-0.36330510173903,0.979782328328481,-1.05343053405793,-0.767532904424768,-0.202993708003753,-0.0191459895266863,-0.439906642432804,-0.97315070217934,-0.228678024661989,-1.2736696937254,-1.1603681679367,-0.419133937348973,-0.177318504788345
"1514",0,-0.346763866306412,-1.17387929654563,-1.57382783250995,0.833028479963687,1.86988254836228,4.27664588980972,4.50095327128558,-0.0247411626405223,-0.640995384823577,-0.100464245748303,1.06960504576937,0.922682789033507,1.29148053419773,3.40103267366559,6.69343964519434,-0.0445734002443183,0.410193187752585,0.92012536432158,-0.119977590191666,-1.01694293969422,1.24678870278565,2.80619100884765,-0.113860786417039,-0.0382639442739243,-0.759253601238671,-1.20392045663452,-1.56081868739673,-0.799456999571359,1.36852100217096,0.86032864894915,-0.048236570436645,-0.0330109162638679,-0.639535815693025,-1.2263086449194,-1.47909877630812,-1.06729091314562,1.1603029827845,-0.258062014696678,0,-0.0930309953194633,-0.481588184154324,-0.984477210668762,-1.12171262543579,-0.311197503024907,1.27008134505226,-0.569033328961901,-0.0998707974396848,-0.0692112518235939,-0.410266899197836,-1.38433934890509,-1.52993367651563,0.979782328328481,0.802782297954812,-0.74770280927919,-0.202993708003753,-0.0191459895266863,-0.303642030474405,-1.17332181098952,-2.05233370428821,0.706799001154165,-0.377907885915647,-0.527680489439249,-0.177318504788345
"1515",0,-0.346763866306412,-0.314065241041354,0.757106570942284,0.330255952246136,-0.56198197915027,-0.416428649433891,-0.135962069060475,-0.0247411626405223,-0.314012775301545,0.816387510785152,-0.171343179456834,-0.34196587835462,-0.223353997438511,-0.540830462877054,-0.1555961886108,-0.0445734002443183,0.122165329449593,1.09010489057606,-0.624985304008629,-0.363535965128757,1.24678870278565,0.270524592507076,-0.113860786417039,-0.0382639442739243,-0.759253601238671,-0.22150435248648,1.1507788827907,1.00657188464015,1.36852100217096,0.17013722254388,-0.0633952005587106,-0.0330109162638679,-0.881156398409336,-1.2263086449194,-0.622403472758244,-0.214303400879847,0.819919577833732,0.8887876654733,0,-0.0930309953194633,-0.481588184154324,-0.984477210668762,-1.12171262543579,-1.26160056962335,0.0665678053471691,1.7165922022064,-0.0998707974396848,-0.0692112518235939,-0.410266899197836,-1.38433934890509,-1.91880986810783,-1.83290722328817,-0.378444049689659,2.27190622946675,-0.202993708003753,-0.0191459895266863,-0.303642030474405,-0.172466266938626,0.0152822700148413,0.112658392690295,1.58965249581285,1.43841334288257,-0.177318504788345
"1516",0,5.22608266961909,2.05042341159541,0.757106570942284,-1.88456216211237,-0.992685559626734,-0.416428649433891,-0.135962069060475,0.332867397484311,3.28279592944081,0.633017159478461,0.325036110633647,0.290358455339444,-1.40155863315559,-0.540830462877054,-0.1555961886108,-0.0445734002443183,1.27427676266156,-0.511412630550267,-0.624985304008629,1.43333321492626,-0.525617111376198,-0.574697546273115,-0.113860786417039,-0.0382639442739243,-0.759253601238671,-2.18705934825222,-1.56081868739673,1.00657188464015,-0.635224161117807,-0.782123205951435,-0.048236570436645,-0.0330109162638679,-0.639535815693025,-1.2263086449194,-0.67429503037576,0.950766487281889,-1.56276425682162,-0.831486854781667,0,-0.0930309953194633,-0.481588184154324,-0.984477210668762,0.275870080598593,0.412884128341584,-1.48080674570224,-0.797595882078731,-0.0998707974396848,-0.0692112518235939,0.0739739549704533,0.0230723224817513,1.19219966462977,0.41724441800515,-0.884683912965861,-0.564903628832,-0.202993708003753,-0.0721480760967669,7.95601950784908,2.02941592997334,0.93422270303842,0.904845870642121,1.58965249581285,2.6672219880837,1.30004755667575
"1517",0,2.99694405524889,1.83546989771934,0.993214669336597,-2.10604397354822,-1.55899413889008,-0.416428649433891,-0.135962069060475,-0.0247411626405223,2.95581331991878,0.999757862091843,1.06960504576937,0.501133233237465,-1.40155863315559,-0.540830462877054,-0.1555961886108,0.00107855268828527,0.122165329449593,-1.28960847698666,-0.456649399402975,1.10662972764353,-0.34087795460418,-0.574697546273115,-0.140178512323033,-0.0382639442739243,-0.759253601238671,-1.53139249135053,-1.56081868739673,0.530153365688954,0.032690893311783,-0.650039470011399,-0.048236570436645,-0.0330109162638679,-0.639535815693025,-1.2263086449194,-0.352373532002817,0.782595037246263,-1.15952364873625,-0.831486854781667,0,-0.0930309953194633,-0.481588184154324,-0.0608293955280974,1.20759188462151,-0.152796991925168,-1.48080674570224,-0.797595882078731,-0.0998707974396848,-0.0692112518235939,1.52669651747532,1.43048399386859,1.19219966462977,0.0422191444562627,-0.209697428597592,0.245613473539072,-0.202993708003753,-0.0191459895266863,1.76127335410647,1.02856038592245,0.704487594782526,0.904845870642121,1.4177762043285,2.42146025904347,-0.177318504788345
"1518",0,1.88237474806379,-1.17387929654563,-2.73929503423606,-0.555671293497266,0.459145788673352,-0.416428649433891,-0.135962069060475,-0.0247411626405223,4.26374375800691,-0.816923484422857,1.06960504576937,1.13345756693153,0.113275898480654,-0.540830462877054,-0.1555961886108,-0.0445734002443183,-0.453890387156393,-0.77966989822322,-0.456649399402975,1.43333321492626,-0.182111288865197,-0.574697546273115,-0.113860786417039,-0.0382639442739243,-0.43758194039396,-0.876448421918504,-0.882919294849875,1.00657188464015,-0.134287870295615,-0.650039470011399,-0.048236570436645,-0.0330109162638679,0.535549948023309,1.33132611434538,1.09627321067543,0.950766487281889,0.990111280309114,-0.258062014696678,0,-0.0930309953194633,-0.481588184154324,-0.204769998974214,-0.966425658098632,0.95600658577301,-0.4492237116693,-0.797595882078731,-0.0998707974396848,-0.0692112518235939,-0.410266899197836,-1.803954164233,-1.91880986810783,0.604757054779594,-0.378444049689659,-0.767532904424768,-0.202993708003753,-0.0191459895266863,-0.303642030474405,-1.17332181098952,-2.7415390290559,-0.283435346285619,0.730271038391115,-0.527680489439249,-0.177318504788345
"1519",0,-0.346763866306412,-1.17387929654563,-1.34073439216472,0.994701386553687,0.796419507866398,-0.416428649433891,-0.194229622557037,-0.064995348517452,-0.640995384823577,-1.38405670489514,0.821415400724128,0.922682789033507,-0.728298841317257,-0.676742269538928,-0.1555961886108,-0.0445734002443183,-0.706335913462216,-0.77966989822322,1.56338145586488,0.12651926579534,-1.29347794903808,-0.574697546273115,-0.113860786417039,-0.0382639442739243,-0.759253601238671,0.105967682229532,1.1507788827907,-0.899102191164647,-1.3031392155474,-0.650039470011399,-0.048236570436645,-0.0330109162638679,-0.639535815693025,0.372213079621086,1.09627321067543,-0.394605113003119,-1.39257255434624,-0.831486854781667,0,-0.0930309953194633,-0.145269946550987,1.3246423271829,1.54936241439458,1.27280760797249,1.09815083938011,-0.340470775845071,-0.0998707974396848,-0.0692112518235939,0.0739739549704533,0.902704617098525,1.19219966462977,0.979782328328481,1.14027554013895,0.650872024724607,-0.202993708003753,-0.0191459895266863,-0.303642030474405,-1.17332181098952,-1.59286348777642,0.706799001154165,1.4177762043285,0.701128155761885,-0.177318504788345
"1520",0,-0.462912228665074,-1.17387929654563,-0.874547511474277,0.0299427463188058,0.0807774808691453,-0.230413333430183,-0.135962069060475,-0.0247411626405223,-0.640995384823577,-1.01731600228176,0.573225755678888,-0.974290212048683,0.954850638278565,-0.0480975708092236,-0.1555961886108,-0.0445734002443183,-0.741918245459386,-0.511341562499229,0.216694219019643,-1.01694293969422,0.929255371307683,0.552265305433806,-0.113860786417039,-0.0382639442739243,-0.759253601238671,-1.20392045663452,0.642354338380556,0.212541019721487,0.662500278017747,0.716921684247398,-0.048236570436645,-0.0330109162638679,-0.639535815693025,-1.2263086449194,-0.996216528748704,-0.562776563038745,-0.0310389345431809,0.315362825388311,0,-0.0930309953194633,-0.145269946550987,-0.676594605621874,-1.12171262543579,-1.26160056962335,-0.105362700324987,1.03090454285591,-0.0998707974396848,-0.0875125709623633,0.0739739549704533,0.902704617098525,-1.33549558071953,-1.83290722328817,0.802782297954812,0.245613473539072,-0.202993708003753,-0.0191459895266863,-0.303642030474405,-1.17332181098952,-0.214452838241053,0.904845870642121,1.07402362135981,-0.281918760399022,-0.177318504788345
"1521",0,1.88237474806379,2.05042341159541,0.990200011287507,-1.44159853924067,-0.931919361127547,-0.416428649433891,-0.135962069060475,0.0868529247965208,1.34515760226603,0.999757862091843,-0.419532824502074,-0.131191100456599,-1.40155863315559,-0.540830462877054,-0.1555961886108,-0.0445734002443183,0.122165329449593,0.92012536432158,-0.446117875087148,0.779926240360802,-1.29347794903808,-0.574697546273115,-0.113860786417039,-0.0382639442739243,-0.765319868329424,-1.36765647399252,-0.374494750439731,0.530153365688954,-1.3031392155474,-0.650039470011399,-0.048236570436645,-0.0330109162638679,-0.639535815693025,-1.2263086449194,0.613390963116015,-0.562776563038745,-1.56276425682162,-0.831486854781667,0,-0.0930309953194633,-0.481588184154324,-0.52265330309843,0.243249917375794,-0.786399036324126,-1.48080674570224,-0.797595882078731,-0.0998707974396848,-0.0692112518235939,-0.410266899197836,1.07863107602188,0.594148178198228,0.0422191444562627,0.471411027383475,0.0429841979463036,-0.202993708003753,-0.0191459895266863,1.61394974466886,2.02941592997334,0.93422270303842,0.904845870642121,1.58965249581285,3.40450717520438,2.44807774115328
"1522",0,-0.346763866306412,-0.743972268793493,0.990200011287507,-0.334189482061415,-0.813775052877421,-0.416428649433891,-0.135962069060475,-0.0247411626405223,-0.364247832598161,-0.467204948361685,0.821415400724128,0.501133233237465,-0.223353997438511,-0.477365265932304,-0.111971848370812,-0.0445734002443183,-0.741918245459386,-1.11962895073218,0.385030123625297,0.540326379743632,0.7704887055687,-0.574697546273115,-0.113860786417039,-0.0382639442739243,-0.759253601238671,-1.53139249135053,-1.56081868739673,-0.58148984519718,0.867584711348771,-0.536681685143391,-0.048236570436645,-0.0179575742192926,-0.626529681381514,-1.2263086449194,-1.47909877630812,0.278080687139385,-0.201230637018563,-0.831486854781667,0,-0.0930309953194633,-0.481588184154324,-0.984477210668762,-0.500564756087173,0.982291177349568,-0.96501522868577,-0.797595882078731,-0.0998707974396848,-0.0692112518235939,-0.410266899197836,-1.03248643105838,0.997761568833671,0.792269691554037,-0.209697428597592,2.06927695387398,5.94507179709886,-0.0191459895266863,-0.303642030474405,-0.772979593369162,0.704487594782526,0.904845870642121,1.58965249581285,2.42146025904347,5.94860606907544
"1523",0,-0.462576810715815,0.330795300586854,0.0578262499066152,0.994701386553687,1.86988254836228,1.63679146148519,-0.135962069060475,-0.064995348517452,-0.640995384823577,0.633017159478461,0.573225755678888,0.0795836774414227,1.29148053419773,1.18373465936035,-0.105947707353315,-0.0445734002443183,-0.741918245459386,-1.28960847698666,-1.12999301782559,0.0208248954745112,1.24678870278565,0.270524592507076,-0.113860786417039,-0.0382639442739243,-0.759253601238671,-1.20392045663452,0.303404642107127,0.966276742305682,1.35249092097374,0.443529453395639,-0.048236570436645,-0.0330109162638679,-0.286024251879994,0.851769596983231,1.09627321067543,0.60134509905692,1.1603029827845,1.17550008551579,0,-0.0930309953194633,-0.481588184154324,-0.368712000574986,1.20759188462151,0.63920556357353,-1.48080674570224,-0.797595882078731,-0.0998707974396848,-0.0692112518235939,-0.410266899197836,-0.328780595364958,1.19219966462977,-1.27036931296484,-1.55967039733413,-0.767532904424768,-0.202993708003753,-0.0912709356995593,-0.303642030474405,0.628218168302089,0.704487594782526,-1.86781030218927,-1.1603681679367,-0.527680489439249,-0.177318504788345
"1524",0,-0.548575587794496,-0.529018754917424,0.524013130597061,0.994701386553687,1.33315102811434,-0.416428649433891,-0.702678397111066,-0.0247411626405223,-0.314012775301545,0.633017159478461,-0.171343179456834,-1.1850649899467,0.954850638278565,1.18373465936035,-0.1555961886108,-0.0445734002443183,1.85033247926755,1.09010489057606,-0.624985304008629,-0.92492481852625,0.632790011348216,2.24270958299419,0.348277566748642,0.251909584693909,2.77913466805315,1.08838378637757,-0.205019902303017,0.0435791196158799,1.07335691317697,1.26370614595092,0.221512515953896,-0.0330109162638679,-0.33031962811602,-0.0892739992747872,0.452430213929543,0.782595037246263,0.819919577833732,-0.544774434739172,0,-0.0930309953194633,-0.481588184154324,-0.984477210668762,-0.655851723424326,1.27280760797249,-0.277293205997144,-0.797595882078731,-0.0998707974396848,-0.0692112518235939,-0.410266899197836,-1.38433934890509,0.414447281445371,0.979782328328481,-1.39092377624206,-0.767532904424768,-0.202993708003753,-0.0191459895266863,-0.303642030474405,-0.172466266938626,0.93422270303842,-1.47171656321336,-1.1603681679367,-0.527680489439249,-0.177318504788345
"1525",0,-0.346763866306412,0.545748814462924,0.312775830693256,0.108774140810285,0.0807774808691453,-0.416428649433891,-0.135962069060475,-0.0318401196839718,-0.314012775301545,0.633017159478461,0.325036110633647,0.290358455339444,-0.391668945398093,-0.540830462877054,-0.1555961886108,-0.0445734002443183,0.588265689247548,0.41018678555814,-0.793321208614283,-0.853591196052854,-0.150212176172499,-0.574697546273115,-0.113860786417039,-0.0382639442739243,0.849104702984884,1.08838378637757,1.1507788827907,1.00657188464015,0.867584711348771,-0.376647239159639,-0.014845341259091,-0.0330109162638679,-0.639535815693025,-0.746752127557253,-1.31813802712165,-1.40363381321687,0.990111280309114,1.17550008551579,0,-0.0930309953194633,-0.422960099627045,-0.984477210668762,-1.12171262543579,-1.26160056962335,0.665107226953676,1.03090454285591,-0.0998707974396848,-0.0692112518235939,-0.410266899197836,-0.328780595364958,-0.36330510173903,-0.332806129092624,0.971528919046879,0.0429841979463036,-0.202993708003753,-0.0191459895266863,-0.303642030474405,0.227875950681732,0.245017378270736,0.112658392690295,-0.300986710514968,-0.527680489439249,-0.177318504788345
"1526",0,-0.346763866306412,-1.17387929654563,-1.34073439216472,0.551737763681986,-0.813775052877421,-0.416428649433891,-0.135962069060475,-0.0247411626405223,-0.640995384823577,-1.93416775881521,0.325036110633647,-0.763515434150662,-1.40155863315559,-0.540830462877054,-0.1555961886108,-0.0445734002443183,-0.741918245459386,-0.60969037196874,1.22670964665357,-0.853591196052854,-1.29347794903808,1.11574673128727,-0.113860786417039,-0.0382639442739243,-0.43758194039396,0.760911751661556,-0.71344444671316,-1.53432688309958,0.19966965691918,3.45084399276499,-0.048236570436645,-0.0330109162638679,2.14340987250002,1.01162176943728,-1.47909877630812,-1.40363381321687,1.1603029827845,0.8887876654733,0,2.99828810216341,4.56318537989573,1.3246423271829,0.741730982610052,0.95600658577301,1.09815083938011,-0.111908222728241,-0.0998707974396848,3.74986562380231,5.40062335082163,0.726778158175171,0.0255710898531705,1.16729496510292,-0.884683912965861,-0.767532904424768,-0.202993708003753,1.48816454656202,-0.303642030474405,-1.17332181098952,-1.13339327126463,0.310705262178251,-1.1603681679367,-0.527680489439249,-0.177318504788345
"1527",0,1.88237474806379,2.05042341159541,-0.641454071129054,-0.334189482061415,0.438598494367772,1.34347430278246,-0.135962069060475,-0.0247411626405223,1.66421529070777,0.999757862091843,1.06960504576937,1.13345756693153,0.618220742359401,0.365080499000386,-0.231985445668958,-0.0445734002443183,1.56230462096456,1.09010489057606,-0.119977590191666,-1.18029468333559,-1.29347794903808,-0.574697546273115,-0.113860786417039,-0.0382639442739243,-0.43758194039396,0.509108940820896,1.1507788827907,0.37134719270522,-1.13616045194,-0.650039470011399,-0.048236570436645,-0.0330109162638679,-0.639535815693025,-1.06645647246535,-0.513334281189288,0.782595037246263,0.479536172882967,-0.831486854781667,0,-0.0930309953194633,-0.481588184154324,-0.984477210668762,-1.12171262543579,-0.469598014124647,0.946848114081742,-0.340470775845071,-0.0998707974396848,-0.0692112518235939,0.23642267739597,0.726778158175171,-0.75218129333123,0.0422191444562627,1.14027554013895,-0.564903628832,-0.202993708003753,-0.0191459895266863,0.728815661816031,1.4289026035428,0.93422270303842,0.508752131666208,-0.300986710514968,-0.527680489439249,-0.177318504788345
"1528",0,-0.346763866306412,0.760702328338993,0.524013130597061,-0.998634916368966,-0.813775052877421,-0.416428649433891,-0.152862094215271,-0.0247411626405223,1.32090027230862,0.999757862091843,-0.419532824502074,0.922682789033507,-0.559983893357675,-0.540830462877054,-0.1555961886108,-0.0445734002443183,1.27427676266156,0.92012536432158,-1.12999301782559,0.779926240360802,-0.152775282728075,-0.574697546273115,-0.113860786417039,-0.0909846830221019,-0.759253601238671,-1.53139249135053,-1.05239414298659,1.00657188464015,-0.635224161117807,-0.945502714549064,-0.048236570436645,-0.0330109162638679,-0.910097535700988,-1.2263086449194,-0.352373532002817,0.614423587210637,-1.56276425682162,-0.831486854781667,0,-0.148337114007514,-0.481588184154324,-0.676594605621874,1.36287885195866,-0.469598014124647,-1.48080674570224,-0.569033328961901,-0.0998707974396848,-0.0692112518235939,-0.0986734283476563,0.696250639897747,0.997761568833671,0.604757054779594,1.14027554013895,2.27190622946675,2.25623249403729,-0.0191459895266863,-0.303642030474405,0.42804705949191,0.474752486526631,-0.0853884767976621,-0.129110419030621,1.92993680096302,1.57294565917274
"1529",0,1.88237474806379,1.4055628699672,0.866072725280057,0.300517973835662,-0.0981330258801679,-0.416428649433891,-0.135962069060475,-0.0247411626405223,0.993917662786584,0.266276456865079,0.0768464655884069,1.13345756693153,-0.0550390494789284,-0.540830462877054,-0.1555961886108,-0.111531751188364,-0.741918245459386,-1.62956752949562,-0.456649399402975,1.43333321492626,-0.658411286082146,-0.574697546273115,-0.113860786417039,-0.0382639442739243,-0.759253601238671,-1.53139249135053,-0.142223520002702,0.688959538672687,-1.13616045194,-0.738197778455846,-0.048236570436645,-0.0330109162638679,-0.639535815693025,-1.2263086449194,-0.996216528748704,0.614423587210637,-0.138768410977781,-0.258062014696678,0,-0.0930309953194633,-0.481588184154324,-0.984477210668762,-1.24133253714965,-1.10320005852361,0.238498311019326,1.03090454285591,-0.0998707974396848,-0.0692112518235939,-0.410266899197836,0.0230723224817513,-1.14105748492343,-0.707831402641512,0.634035676862745,0.44824274913184,-0.202993708003753,-0.0912709356995593,-0.303642030474405,1.22873149473262,0.93422270303842,0.508752131666208,0.386518455422421,-0.527680489439249,-0.177318504788345
"1530",0,-0.346763866306412,-1.06051250078786,-0.874547511474277,-0.112707670625565,0.867440506545366,4.27664588980972,12.8474008839085,-0.0247411626405223,-0.752823782495217,-0.100464245748303,0.821415400724128,-0.131191100456599,0.449905794399818,3.40103267366559,6.69343964519434,-0.0445734002443183,-0.741918245459386,-1.62956752949562,-1.12999301782559,-1.18029468333559,0.7704887055687,1.96096887006746,-0.113860786417039,-0.0382639442739243,-0.759253601238671,-0.876448421918504,-0.205019902303017,0.212541019721487,1.36852100217096,0.443529453395639,-0.048236570436645,-0.0330109162638679,-0.639535815693025,0.851769596983231,1.09627321067543,0.950766487281889,0.309344470407584,0.602075245430805,0,-0.0930309953194633,-0.481588184154324,-0.984477210668762,-0.500564756087173,1.27280760797249,-1.30887624003008,-0.797595882078731,-0.0998707974396848,-0.0692112518235939,-0.410266899197836,-1.38433934890509,0.414447281445371,0.229731781230706,-1.55967039733413,-0.767532904424768,-0.202993708003753,-0.0191459895266863,-0.303642030474405,-1.17332181098952,0.704487594782526,-1.2736696937254,-1.13855953809861,-0.527680489439249,-0.177318504788345
"1531",0,-0.346763866306412,-0.612627898093454,-0.175267190438608,0.330255952246136,0.438598494367772,-0.416428649433891,-0.135962069060475,-0.0247411626405223,-0.314012775301545,0.633017159478461,-1.41516872805083,-2.02816410153879,0.618220742359401,0.198268875224692,-0.1555961886108,-0.0445734002443183,0.410193187752585,0.41018678555814,-1.12999301782559,-1.18029468333559,-0.0233446231262145,2.52445029592092,-0.113860786417039,-0.0382639442739243,-0.43758194039396,0.924647769019562,-0.543969598576446,-0.899102191164647,1.20154223856357,0.443529453395639,-0.048236570436645,-0.0330109162638679,-0.639535815693025,-0.906604300011301,-0.191412782816345,-0.0582622129318667,0.819919577833732,0.315362825388311,0,-0.0930309953194633,-0.481588184154324,-1.19101795335841,-1.12171262543579,-1.26160056962335,0.410428816691482,0.116654330388589,-0.0998707974396848,-0.0692112518235939,-0.410266899197836,-1.38433934890509,-1.52993367651563,-1.45788194973929,0.29654243467861,0.0429841979463036,-0.202993708003753,-0.0191459895266863,-0.303642030474405,-0.772979593369162,0.474752486526631,-0.0853884767976621,0.0427658724537265,0.010015077250242,-0.396216894296735
"1532",0,-0.346763866306412,-1.19780214752657,-0.356339554313942,-0.334189482061415,-0.992685559626734,-0.416428649433891,-0.135962069060475,-0.0247411626405223,-0.640995384823577,-1.38405670489514,1.06960504576937,-0.131191100456599,-1.40155863315559,-0.540830462877054,-0.1555961886108,-0.0445734002443183,-0.741918245459386,0.0702277330491799,0.553366028230951,-1.18029468333559,-1.29347794903808,-0.574697546273115,-0.113860786417039,-0.0382639442739243,-0.759253601238671,1.08838378637757,-0.71344444671316,-1.53432688309958,-1.3031392155474,-0.650039470011399,-0.048236570436645,-0.0330109162638679,-0.639535815693025,1.33132611434538,-0.352373532002817,-0.394605113003119,-0.371422339493946,-0.831486854781667,0,-0.0930309953194633,-0.481588184154324,0.862818419612568,0.83651748343562,0.79760607467327,0.0665678053471691,2.17371730844006,10.0092732545106,-0.0692112518235939,-0.410266899197836,-0.328780595364958,1.19219966462977,-0.895344039415955,-0.715937291873794,1.86664767828122,9.63391110016043,-0.0191459895266863,-0.303642030474405,-1.17332181098952,-0.673923054752843,0.508752131666208,1.07402362135981,1.68417507192279,0.697813577192196
"1533",0,-0.346763866306412,-1.17387929654563,-1.80692127285517,0.994701386553687,-0.634864546128108,-0.416428649433891,-0.135962069060475,-0.0247411626405223,-0.922418174974375,-1.93416775881521,0.573225755678888,-0.131191100456599,-1.06492873723642,1.43010110539427,-0.1555961886108,-0.111531751188364,-0.741918245459386,-0.254799042770693,1.39504555125922,-1.01694293969422,-0.0233446231262145,2.80619100884765,-0.113860786417039,-0.0382639442739243,0.527433042140173,1.08838378637757,-0.71344444671316,-1.37552071011585,1.20154223856357,1.53709837680268,-0.048236570436645,-0.0330109162638679,3.38027462280804,1.33132611434538,0.774351712302486,0.603014382626052,1.1603029827845,-0.258062014696678,0,2.99828810216341,3.55423066708572,0.862818419612568,0.741730982610052,1.27280760797249,0.238498311019326,-0.797595882078731,-0.0998707974396848,-0.0692112518235939,1.07451259182825,-1.38433934890509,-0.94661938912733,1.16729496510292,-0.209697428597592,-0.767532904424768,-0.202993708003753,-0.0191459895266863,-0.303642030474405,-1.17332181098952,-0.903658163008738,0.706799001154165,-0.472863001999315,-0.527680489439249,-0.177318504788345
"1534",0,-0.346763866306412,-0.529018754917424,0.290919690251838,0.551737763681986,-0.813775052877421,-0.493529756059633,-0.135962069060475,-0.0247411626405223,-0.640995384823577,-0.467204948361685,0.821415400724128,-0.763515434150662,-1.06492873723642,-0.540830462877054,-0.1555961886108,-0.0445734002443183,-0.741918245459386,0.0702277330491799,0.304022280273633,-0.853591196052854,-1.29347794903808,-0.574697546273115,-0.113860786417039,-0.0382639442739243,-0.759253601238671,0.59717573430355,1.1507788827907,1.00657188464015,0.366648420526578,-0.376647239159639,-0.048236570436645,-0.0330109162638679,-0.639535815693025,1.17147394189133,0.774351712302486,0.109909237103759,0.139152767932202,2.03563734564328,0,-0.0930309953194633,-0.481588184154324,1.01675972213601,0.478493556672409,-1.26160056962335,-0.4492237116693,2.40227986155689,-0.0998707974396848,-0.132976210839618,-0.410266899197836,0.55402973768849,0.414447281445371,-0.332806129092624,0.465289055770677,1.25875985150291,-0.202993708003753,-0.0191459895266863,-0.303642030474405,-0.97315070217934,-0.0527714360270005,0.112658392690295,0.902147329875462,0.160525503606565,-0.177318504788345
"1535",0,-0.346763866306412,0.115841786710785,0.290919690251838,0.994701386553687,0.975330014615711,-0.416428649433891,-0.135962069060475,-0.0247411626405223,2.95581331991878,0.999757862091843,-0.171343179456834,-1.39583976784473,1.29148053419773,0.444635321258607,-0.1555961886108,-0.0445734002443183,0.122165329449593,0.58016631181262,1.05837374204791,0.289871009436705,1.24678870278565,-0.292956833346385,-0.318069002256235,-0.0382639442739243,-0.759253601238671,-0.944232172756228,0.133929793970413,1.00657188464015,0.032690893311783,-0.650039470011399,-0.048236570436645,-0.0330109162638679,-0.976645191425074,-1.2263086449194,0.613390963116015,0.950766487281889,-0.0310389345431809,-0.831486854781667,0,-0.0930309953194633,-0.481588184154324,0.0931119069953467,1.05230491728436,-0.311197503024907,0.754289828035795,-0.797595882078731,-0.0998707974396848,-0.0692112518235939,-0.410266899197836,0.0230723224817513,0.608885377241471,0.0422191444562627,0.971528919046879,-0.767532904424768,-0.202993708003753,-0.0191459895266863,-0.303642030474405,-0.172466266938626,0.474752486526631,0.508752131666208,0.0989642075866345,-0.527680489439249,-0.177318504788345
"1536",0,-0.346763866306412,0.115841786710785,0.524013130597061,-2.54900759641992,-0.992685559626734,3.10337725499881,2.17297390663206,-0.064995348517452,-0.640995384823577,0.000433132628622783,0.325036110633647,-2.23893887943681,-0.391668945398093,3.40103267366559,2.25098311327007,-0.0445734002443183,-0.1658625288534,1.09010489057606,0.89003783744226,-0.526887708770123,1.24678870278565,2.80619100884765,0.988310777810128,-0.0382639442739243,-0.43758194039396,0.760911751661556,1.1507788827907,1.00657188464015,1.36852100217096,0.933162845514463,-0.048236570436645,-0.0330109162638679,-0.639535815693025,-1.06645647246535,-0.191412782816345,0.950766487281889,-0.371422339493946,-0.831486854781667,0,-0.0893532619250322,-0.481588184154324,-0.984477210668762,0.741730982610052,1.27280760797249,-1.13694573435793,-0.797595882078731,-0.0998707974396848,-0.0692112518235939,-0.410266899197836,-0.650839840302611,1.19219966462977,-0.707831402641512,-1.55967039733413,-0.767532904424768,-0.185397512479334,-0.0191459895266863,-0.303642030474405,0.227875950681732,0.704487594782526,-2.26390404116519,-1.1603681679367,-0.527680489439249,-0.177318504788345
"1537",0,-0.346763866306412,-1.15672838934432,-2.50620159389084,-0.998634916368966,1.01521662733169,1.05015714407974,-0.135962069060475,-0.0247411626405223,-0.640995384823577,-0.756467577358644,0.325036110633647,1.13345756693153,1.29148053419773,1.43010110539427,-0.1555961886108,-0.0445734002443183,0.410193187752585,0.92012536432158,0.721701932836606,-0.363535965128757,1.24678870278565,1.397487444214,-0.113860786417039,-0.0382639442739243,-0.43758194039396,-0.00647860774285551,-1.56081868739673,-1.05790836414838,1.36852100217096,0.443529453395639,-0.048236570436645,-0.0539306280597664,-0.639535815693025,-1.2263086449194,-1.47909877630812,-1.06729091314562,1.1603029827845,-0.831486854781667,0,-0.0930309953194633,-0.481588184154324,-0.984477210668762,-1.12171262543579,0.00560351917457189,1.27008134505226,-0.797595882078731,-0.0998707974396848,-0.0692112518235939,-0.410266899197836,-1.38433934890509,-1.91880986810783,0.41724441800515,1.14027554013895,-0.767532904424768,-0.202993708003753,-0.0191459895266863,-0.303642030474405,-1.17332181098952,-2.7415390290559,0.112658392690295,0.902147329875462,-0.527680489439249,-0.177318504788345
"1538",0,-0.346763866306412,-0.743972268793493,-0.175267190438608,0.773219575117836,-0.0981330258801679,-0.416428649433891,-0.135962069060475,-0.0247411626405223,-0.366667183390735,0.266276456865079,-0.915912114592555,-0.34196587835462,0.113275898480654,-0.374342958557813,-0.1555961886108,-0.111531751188364,-0.741918245459386,0.41018678555814,-0.28831349479732,0.289871009436705,-0.182111288865197,-0.574697546273115,-0.113860786417039,-0.0382639442739243,-0.759253601238671,-0.057768335128474,0.981304034653986,0.0537348467377536,-1.3031392155474,-0.650039470011399,-0.048236570436645,-0.0330109162638679,-0.639535815693025,-0.267195610195108,0.935312461488958,0.109909237103759,-1.39257255434624,-0.831486854781667,0,-0.0930309953194633,2.20895771667237,1.01675972213601,-0.811138690761479,-0.753460541960046,0.410428816691482,-0.797595882078731,-0.0998707974396848,-0.0692112518235939,2.97941907998019,0.902704617098525,-0.55774319753513,-1.83290722328817,0.634035676862745,-0.159645077646464,-0.202993708003753,-0.0191459895266863,-0.303642030474405,-0.547424936980993,-0.214452838241053,0.706799001154165,1.07402362135981,-0.0361570313587953,-0.177318504788345
"1539",0,-0.346763866306412,-1.17387929654563,0.524013130597061,-0.998634916368966,-0.813775052877421,1.34347430278246,-0.135962069060475,-0.0247411626405223,-0.96129380555016,-0.833945650975067,0.821415400724128,-1.81738932364077,0.449905794399818,3.15466622763167,-0.1555961886108,-0.0445734002443183,-0.1658625288534,0.7501458380671,0.553366028230951,-0.853591196052854,1.24678870278565,1.67922815714073,-0.306226509680272,-0.0382639442739243,1.49244802467431,1.08838378637757,0.133929793970413,0.530153365688954,1.59259240195428,3.17745176191323,-0.048236570436645,-0.0330109162638679,1.21576130976901,1.33132611434538,1.09627321067543,0.950766487281889,0.309344470407584,0.602075245430805,0,-0.0930309953194633,-0.481588184154324,-0.984477210668762,-0.0347038540757136,1.11440709687275,-1.30887624003008,-0.797595882078731,-0.354831122629876,-0.0692112518235939,-0.410266899197836,-1.38433934890509,0.0255710898531705,0.0422191444562627,-1.55967039733413,-0.767532904424768,-0.364629545389745,-0.0191459895266863,-0.303642030474405,-0.97315070217934,0.704487594782526,-1.47171656321336,-1.1603681679367,-0.527680489439249,-0.177318504788345
"1540",0,-0.346763866306412,1.62051638384327,0.0578262499066152,-0.334189482061415,1.15424052136502,1.93010862018791,-0.135962069060475,-0.0247411626405223,0.0129698342204877,0.999757862091843,1.06960504576937,1.13345756693153,0.954850638278565,0.934265352629998,-0.1555961886108,-0.0445734002443183,0.122165329449593,1.09010489057606,-0.210233127542096,-0.853591196052854,-0.761490206200421,-0.326290003977514,-0.109074741500626,0.127220760069906,1.49244802467431,1.08838378637757,0.133929793970413,-0.422683672213447,-1.3031392155474,-0.677929472412647,-0.048236570436645,0.107761938560104,0.906545122192,0.691917424529183,0.452430213929543,0.950766487281889,0.990111280309114,-0.544774434739172,0,-0.0930309953194633,-0.481588184154324,-0.984477210668762,-1.12171262543579,-0.152796991925168,1.27008134505226,0.116654330388589,-0.0998707974396848,-0.0692112518235939,-0.410266899197836,-0.680633513211668,-0.75218129333123,0.873584451207141,0.971528919046879,-0.159645077646464,-0.202993708003753,-0.0191459895266863,-0.303642030474405,0.828389277112268,0.93422270303842,0.904845870642121,0.214642163938074,-0.527680489439249,-0.177318504788345
"1541",0,-0.346763866306412,0.760702328338993,0.524013130597061,-0.334189482061415,-0.277043532629481,-0.416428649433891,-0.135962069060475,-0.0247411626405223,-0.314012775301545,0.816387510785152,0.0768464655884069,-0.546538810787336,1.29148053419773,-0.0480975708092236,-0.1555961886108,-0.0445734002443183,-0.741918245459386,-1.45958800324114,-1.12999301782559,-1.18029468333559,1.08802203704667,0.552265305433806,-0.0316155861939292,-0.0382639442739243,-0.759253601238671,-1.07289337276644,0.811829186517271,1.00657188464015,0.032690893311783,-0.650039470011399,-0.048236570436645,-0.0330109162638679,-0.639535815693025,-1.2263086449194,-0.513334281189288,0.446252137175011,0.819919577833732,-0.544774434739172,0,-0.0930309953194633,-0.481588184154324,-0.984477210668762,-1.12171262543579,-1.10320005852361,1.27008134505226,0.34521688350542,-0.0998707974396848,-0.0692112518235939,-0.410266899197836,-0.504707054288313,-1.14105748492343,-0.688955414436607,0.971528919046879,0.0429841979463036,-0.202993708003753,-0.0912709356995593,-0.190078825167975,1.22873149473262,0.704487594782526,0.112658392690295,-0.129110419030621,-0.527680489439249,-0.177318504788345
"1542",0,-0.346763866306412,1.62051638384327,0.757106570942284,-1.66308035067652,-0.992685559626734,-0.416428649433891,-0.135962069060475,-0.0247411626405223,1.97486549135268,0.816387510785152,-0.915912114592555,-0.131191100456599,-1.40155863315559,-0.540830462877054,-0.1555961886108,-0.0445734002443183,2.42638819587353,0.41018678555814,-1.12999301782559,-1.18029468333559,-1.29347794903808,-0.574697546273115,-0.113860786417039,-0.0382639442739243,0.264432947357581,-0.385240369844486,-1.56081868739673,-0.899102191164647,-1.13616045194,-0.650039470011399,-0.048236570436645,-0.0330109162638679,0.300491029525257,0.410698865223344,0.291469464743071,0.950766487281889,0.819919577833732,0.0286504053458163,0,0.0343416921522654,0.863684766259023,1.47858362970634,1.36287885195866,-0.311197503024907,-0.277293205997144,2.40227986155689,-0.0998707974396848,-0.0692112518235939,0.0739739549704533,1.43048399386859,0.803323473037571,-1.64539458651373,-1.39092377624206,3.12592886897398,3.48584559505782,-0.0191459895266863,-0.303642030474405,0.828389277112268,0.245017378270736,-0.0171607475224653,1.41286613383241,3.15874544616415,2.08620063435541
"1543",0,0.767805440878689,1.4055628699672,0.0578262499066152,0.330255952246136,1.33315102811434,0.756839985377011,-0.135962069060475,-0.0247411626405223,0.33995244374252,0.633017159478461,-1.41229140468304,-1.39583976784473,-1.06492873723642,0.0511254492893727,-0.199916866812571,-0.0445734002443183,0.698221046055578,0.24020725930366,-0.119977590191666,-0.853591196052854,-1.29347794903808,-0.574697546273115,-0.113860786417039,-0.0382639442739243,1.17077636382959,1.08838378637757,0.472879490243842,-0.305188690266911,-0.635224161117807,-0.650039470011399,-0.048236570436645,-0.0330109162638679,-0.387361316141156,-1.06645647246535,-1.47909877630812,-0.899119463109996,-0.300165181464908,-0.831486854781667,0,-0.0458511224739891,-0.481588184154324,-0.984477210668762,-1.12171262543579,-0.944799547423866,0.453625374921606,-0.797595882078731,-0.0998707974396848,-0.0692112518235939,-0.410266899197836,-0.680633513211668,-1.33549558071953,-0.520318765867068,0.802782297954812,-0.767532904424768,-0.202993708003753,-0.0191459895266863,1.76127335410647,1.62907371235298,0.93422270303842,0.508752131666208,-0.644739293483662,-0.527680489439249,-0.177318504788345
"1544",0,-0.346763866306412,1.4055628699672,0.0578262499066152,0.994701386553687,1.86988254836228,2.22342577889064,-0.135962069060475,-0.0247411626405223,-0.640995384823577,-0.467204948361685,-1.41229140468304,-1.39583976784473,0.786535690318983,1.43010110539427,-0.1555961886108,-0.111531751188364,-0.741918245459386,-1.62956752949562,-0.456649399402975,0.12651926579534,1.24678870278565,1.11574673128727,-0.113860786417039,-0.0382639442739243,0.205761381295462,1.08838378637757,1.1507788827907,1.00657188464015,0.533627184133976,0.443529453395639,-0.048236570436645,-0.0330109162638679,-0.639535815693025,-0.746752127557253,0.723068202669336,-0.226433662967493,-1.56276425682162,-0.831486854781667,0,-0.0930309953194633,-0.481588184154324,-0.52265330309843,1.05230491728436,-1.26160056962335,-1.48080674570224,-1.02633516140167,-0.0998707974396848,-0.0692112518235939,-0.410266899197836,0.342437505708998,-0.55774319753513,-1.83290722328817,-1.55967039733413,-0.767532904424768,-0.202993708003753,-0.0191459895266863,-0.303642030474405,1.62907371235298,-2.05233370428821,-2.26390404116519,-1.1032739117526,-0.527680489439249,-0.177318504788345
"1545",0,-0.346763866306412,-0.529018754917424,0.524013130597061,0.994701386553687,1.15424052136502,-0.123111490731166,-0.135962069060475,-0.0247411626405223,0.33995244374252,0.999757862091843,0.573225755678888,-1.60661454574275,0.449905794399818,0.444635321258607,-0.1555961886108,-0.0445734002443183,-0.1658625288534,0.58016631181262,-0.961657113219938,-0.690239452411488,1.08802203704667,0.552265305433806,-0.113860786417039,-0.0382639442739243,-0.759253601238671,0.105967682229532,1.1507788827907,0.809166404786402,0.123393693586712,-0.236100849993168,-0.048236570436645,-0.0330109162638679,-0.0211034405390152,1.17147394189133,0.940940255519714,0.614423587210637,-0.881997446920094,-0.831486854781667,0,-0.0930309953194633,1.20000300386236,1.17070102465946,-1.12171262543579,-0.786399036324126,0.926220333707951,-0.569033328961901,-0.0998707974396848,-0.0692112518235939,0.597255805001097,1.07863107602188,-1.14105748492343,-0.79427774513659,0.802782297954812,-0.362274353239232,-0.202993708003753,-0.0191459895266863,-0.303642030474405,-0.772979593369162,0.245017378270736,0.904845870642121,0.558394746906768,-0.527680489439249,-0.177318504788345
"1546",0,-0.346763866306412,0.975655842215063,0.757106570942284,0.551737763681986,-0.277043532629481,-0.416428649433891,-0.135962069060475,-0.0247411626405223,-0.314012775301545,0.816387510785152,0.325036110633647,0.501133233237465,0.869717668349227,-0.0480975708092236,-0.1555961886108,-0.0445734002443183,-0.741918245459386,-1.62956752949562,-0.456649399402975,1.10662972764353,0.929255371307683,-0.574697546273115,-0.113860786417039,-0.0382639442739243,-0.759253601238671,-0.548976387202492,1.1507788827907,1.00657188464015,-0.301266633903012,-0.650039470011399,-0.048236570436645,-0.0330109162638679,-0.639535815693025,-0.746752127557253,0.130508715556599,0.950766487281889,0.479536172882967,-0.831486854781667,0,-0.0930309953194633,-0.481588184154324,-0.984477210668762,-1.12171262543579,0.164004030274312,1.27008134505226,1.03090454285591,-0.0998707974396848,-0.0692112518235939,0.0739739549704533,1.25455753494524,-0.36330510173903,0.604757054779594,1.14027554013895,0.0429841979463036,-0.202993708003753,-0.0191459895266863,-0.250043892701398,0.828389277112268,0.474752486526631,-0.0853884767976621,-0.0359296278828014,-0.281918760399022,-0.177318504788345
"1547",0,-0.346763866306412,-1.17387929654563,-2.73929503423606,-0.334189482061415,0.259687987618459,-0.0652473763710316,-0.0527960452851076,-0.0247411626405223,-0.640995384823577,-1.93416775881521,-2.90142927495448,0.922682789033507,-0.559983893357675,-0.540830462877054,-0.1555961886108,-0.0445734002443183,-0.741918245459386,-1.62956752949562,-0.456649399402975,1.43333321492626,-0.817177951821129,-0.726550867135727,-0.113860786417039,-0.0382639442739243,-0.759253601238671,-0.792552282450048,-0.374494750439731,0.847765711656421,-0.802202924725205,-0.650039470011399,-0.048236570436645,-0.0330109162638679,0.28811274703799,-0.107343437741059,0.774351712302486,0.278080687139385,1.1603029827845,-0.544774434739172,0,2.99828810216341,4.22686714229239,1.47858362970634,1.36287885195866,0.845213838482513,1.09815083938011,-0.797595882078731,-0.181797854349195,-0.0692112518235939,3.94790078831677,0.974557265063396,0.803323473037571,0.851706558265216,1.14027554013895,-0.767532904424768,-0.202993708003753,-0.0191459895266863,-0.303642030474405,-1.17332181098952,-2.7415390290559,0.112658392690295,0.386518455422421,-0.527680489439249,-0.177318504788345
"1548",0,0.767805440878689,0.975655842215063,0.990200011287507,0.994701386553687,1.36454486665984,1.07135930605351,-0.135962069060475,0.23340171098387,2.30184810087471,0.999757862091843,-0.171343179456834,-1.39583976784473,1.29148053419773,2.16920044349601,0.126822718457146,-0.0445734002443183,0.986248904358571,1.09010489057606,1.39504555125922,0.779926240360802,1.24678870278565,1.397487444214,-0.113860786417039,-0.0382639442739243,-0.759253601238671,-0.876448421918504,-0.0355450541663019,1.00657188464015,1.03456347495617,0.103056390432413,-0.048236570436645,-0.0539306280597664,-0.639535815693025,-1.2263086449194,-1.31813802712165,0.782595037246263,-0.201230637018563,-0.831486854781667,0,-0.0930309953194633,-0.481588184154324,-0.984477210668762,0.897017949947205,1.11440709687275,-1.13694573435793,-0.797595882078731,-0.0998707974396848,-0.0692112518235939,-0.410266899197836,0.198998781405106,1.19219966462977,-0.110067186078833,-1.55967039733413,-0.767532904424768,-0.202993708003753,-0.0191459895266863,2.7937310463969,2.02941592997334,0.573162768648456,-2.26390404116519,-1.1603681679367,-0.527680489439249,-0.177318504788345
"1549",0,-0.346763866306412,-1.17387929654563,-0.641454071129054,0.994701386553687,-0.277043532629481,-0.416428649433891,-0.132506538373202,-0.0247411626405223,-0.640995384823577,-0.833945650975067,1.06960504576937,1.13345756693153,-0.728298841317257,-0.540830462877054,-0.1555961886108,-0.111531751188364,-0.741918245459386,0.24020725930366,1.39504555125922,-1.01694293969422,-1.29347794903808,-0.574697546273115,-0.113860786417039,-0.0382639442739243,-0.263767654253371,0.760911751661556,0.642354338380556,-1.53432688309958,-1.3031392155474,-0.650039470011399,-0.049335153206293,-0.0330109162638679,0.0825896928895317,1.33132611434538,1.09627321067543,0.950766487281889,-0.0310389345431809,-0.831486854781667,0,-0.246961991418694,-0.145269946550987,1.47858362970634,0.741730982610052,0.00560351917457189,0.926220333707951,0.34521688350542,-0.0998707974396848,-0.0303797939428646,-0.410266899197836,0.550851699251816,0.997761568833671,-0.145293492318181,0.971528919046879,1.05613057591014,-0.202993708003753,-0.0191459895266863,-0.303642030474405,-1.17332181098952,-0.444187946496948,0.310705262178251,1.4177762043285,0.209604697681432,-0.177318504788345
"1550",0,-0.246346768163267,-0.529018754917424,0.0578262499066152,0.551737763681986,1.86988254836228,3.69001157240427,-0.135962069060475,-0.0247411626405223,-0.640995384823577,-1.75079740750852,-0.915912114592555,-0.763515434150662,0.281590846440236,2.90829978159776,-0.1555961886108,-0.0445734002443183,-0.741918245459386,-1.62956752949562,-0.28831349479732,-0.526887708770123,0.7704887055687,1.74481175219608,-0.113860786417039,-0.0382639442739243,-0.759253601238671,-0.712712404560498,1.1507788827907,1.00657188464015,1.36852100217096,2.0838828385062,-0.048236570436645,-0.0330109162638679,-0.907357418573991,-0.746752127557253,-0.191412782816345,0.950766487281889,-0.711805744444711,-0.831486854781667,0,-0.0930309953194633,-0.481588184154324,-0.984477210668762,0.586444015272899,0.164004030274312,-1.48080674570224,-0.797595882078731,-0.0998707974396848,-0.0692112518235939,-0.410266899197836,-0.856559972135023,1.19219966462977,-0.870901580833507,-1.55967039733413,-0.767532904424768,-0.202993708003753,-0.0191459895266863,-0.303642030474405,0.227875950681732,-0.673923054752843,-2.26390404116519,-1.1603681679367,-0.527680489439249,-0.177318504788345
"1551",0,2.99694405524889,2.26537692547148,0.990200011287507,-0.318971737759955,1.86988254836228,3.69001157240427,-0.135962069060475,-0.0247411626405223,2.30184810087471,0.816387510785152,-0.667722469547314,-1.19095143351086,-0.89661378927684,1.69216565675487,-0.1555961886108,-0.0445734002443183,1.87772428084021,0.41018678555814,-1.12999301782559,-1.18029468333559,-1.29347794903808,-0.574697546273115,-0.113860786417039,0.220737378537908,2.45746300720844,1.08838378637757,0.981304034653986,0.429669662458377,-1.3031392155474,-0.650039470011399,-0.048236570436645,-0.0330109162638679,-0.33031962811602,0.0525087347129891,-0.0304520336298728,0.950766487281889,-0.441386280942205,-0.831486854781667,0,-0.0930309953194633,-0.481588184154324,-0.984477210668762,-1.12171262543579,0.322404541374051,0.582359322363638,-0.797595882078731,-0.0998707974396848,-0.0692112518235939,2.01093737164361,0.653719169173357,-1.09978178208395,-0.332806129092624,0.802782297954812,-0.767532904424768,-0.202993708003753,-0.0191459895266863,3.82618873868734,2.02941592997334,0.93422270303842,0.904845870642121,0.214642163938074,-0.527680489439249,-0.177318504788345
"1552",0,-0.346763866306412,1.19060935609113,0.77525542267561,0.323037080010057,0.259687987618459,-0.123111490731166,-0.135962069060475,-0.0247411626405223,1.64788288183065,0.816387510785152,-1.1641017596378,0.501133233237465,1.29148053419773,0.444635321258607,-0.1555961886108,-0.0445734002443183,2.13836033757054,0.41018678555814,-1.12999301782559,-0.363535965128757,1.24678870278565,1.11574673128727,-0.113860786417039,-0.0382639442739243,0.205761381295462,1.08838378637757,0.472879490243842,0.847765711656421,1.36852100217096,1.53709837680268,-0.048236570436645,-0.0330109162638679,-0.639535815693025,-0.906604300011301,-0.835255779562232,-0.562776563038745,0.691991607872272,0.8887876654733,0,-0.171751953296386,-0.481588184154324,-0.984477210668762,-1.1628489376142,-0.786399036324126,1.27008134505226,0.116654330388589,-0.0998707974396848,-0.0692112518235939,-0.410266899197836,-0.152854136441604,0.0255710898531705,0.0422191444562627,0.971528919046879,-0.362274353239232,-0.202993708003753,-0.0191459895266863,-0.303642030474405,1.02856038592245,0.93422270303842,-0.248529073721522,-0.129110419030621,-0.527680489439249,-0.177318504788345
"1553",0,-0.346763866306412,0.115841786710785,0.0578262499066152,0.551737763681986,0.796419507866398,0.21636827801168,-0.135962069060475,-0.0247411626405223,0.666935053264552,0.999757862091843,0.325036110633647,-0.131191100456599,0.786535690318983,-0.112445211892504,-0.1555961886108,0.188762392482701,1.56230462096456,-0.0997517932053001,-1.12999301782559,-1.18029468333559,-1.29347794903808,-0.574697546273115,-0.113860786417039,-0.0382639442739243,1.17077636382959,0.760911751661556,0.133929793970413,-0.422683672213447,-1.3031392155474,-0.650039470011399,-0.048236570436645,-0.0330109162638679,-0.639535815693025,0.0525087347129891,-0.0304520336298728,0.782595037246263,0.309344470407584,-0.831486854781667,0,-0.0930309953194633,-0.481588184154324,-0.984477210668762,-1.18380307096442,-1.10320005852361,0.926220333707951,0.80234198973908,-0.0998707974396848,-0.0692112518235939,-0.410266899197836,-0.680633513211668,-0.36330510173903,-0.332806129092624,0.971528919046879,0.245613473539072,-0.202993708003753,-0.0191459895266863,-0.499878598041288,-0.172466266938626,0.93422270303842,0.112658392690295,-0.129110419030621,-0.527680489439249,-0.177318504788345
"1554",0,6.34065197680419,2.26537692547148,-0.335040919758585,0.740065853523314,1.15424052136502,-0.416428649433891,-0.135962069060475,-0.0247411626405223,-0.640995384823577,-0.650575299668376,-0.667722469547314,0.922682789033507,0.989682371911102,-0.540830462877054,-0.1555961886108,-0.0445734002443183,-0.741918245459386,-1.62956752949562,-0.456649399402975,1.07575317776009,0.275187087827556,-0.574697546273115,-0.113860786417039,-0.0382639442739243,1.17077636382959,0.433439716945544,0.811829186517271,1.00657188464015,0.19966965691918,0.716921684247398,-0.048236570436645,-0.0330109162638679,0.386956352901783,0.851769596983231,1.4143498449929,0.109909237103759,0.309344470407584,0.602075245430805,0,-0.0930309953194633,-0.481588184154324,0.247053209518791,1.05230491728436,-1.26160056962335,-1.48080674570224,-0.797595882078731,-0.0998707974396848,-0.0692112518235939,0.904931327957976,1.43048399386859,-0.75218129333123,-1.83290722328817,-1.55967039733413,-0.767532904424768,-0.202993708003753,-0.0191459895266863,4.85864643097778,2.02941592997334,-2.5118039208,-2.1902406755363,-1.1603681679367,-0.527680489439249,-0.177318504788345
"1555",0,-0.346763866306412,-1.03007292895954,-0.175267190438608,0.994701386553687,0.796419507866398,-0.416428649433891,-0.135962069060475,-0.0247411626405223,-0.640995384823577,-0.833945650975067,-0.171343179456834,-1.81738932364077,0.618220742359401,-0.540830462877054,-0.1555961886108,-0.0445734002443183,-0.741918245459386,-0.77966989822322,1.39504555125922,-0.690239452411488,0.452955374090734,-0.574697546273115,-0.113860786417039,-0.0382639442739243,-1.00454565335005,-1.36765647399252,0.642354338380556,0.170445505466264,-0.25926157996906,-0.650039470011399,-0.049335153206293,-0.0330109162638679,-0.639535815693025,-1.06645647246535,0.452430213929543,0.950766487281889,-0.371422339493946,-0.783375054285043,0,-0.0930309953194633,1.87263947906903,1.01675972213601,-0.655851723424326,-0.152796991925168,0.926220333707951,-0.797595882078731,-0.0998707974396848,-0.0692112518235939,4.43214164248506,0.902704617098525,-0.36330510173903,-0.895344039415955,0.127795813586543,-0.767532904424768,-0.202993708003753,-0.0191459895266863,-0.303642030474405,-1.17332181098952,0.474752486526631,0.148865251682665,-0.644739293483662,-0.527680489439249,-0.177318504788345
"1556",0,-0.346763866306412,0.760702328338993,-0.874547511474277,-2.32752578498407,-0.992685559626734,-0.416428649433891,-0.135962069060475,-0.0247411626405223,0.993917662786584,0.999757862091843,1.06960504576937,-0.763515434150662,-1.40155863315559,-0.540830462877054,-0.1555961886108,-0.0445734002443183,1.56230462096456,0.0702277330491799,-0.0798659725680212,0.265800211091278,-1.29347794903808,-0.574697546273115,-0.113860786417039,-0.0909846830221019,-0.759253601238671,-0.977351865070107,-0.882919294849875,0.37134719270522,-1.3031392155474,-0.650039470011399,-0.048236570436645,-0.0539306280597664,-0.639535815693025,-1.2263086449194,-0.513334281189288,-0.0582622129318667,-1.56211973472533,-0.831486854781667,0,-0.0930309953194633,-0.481588184154324,-0.984477210668762,-0.0347038540757136,0.164004030274312,-1.48080674570224,-0.797595882078731,-0.0998707974396848,-0.0692112518235939,-0.410266899197836,-0.328780595364958,1.19219966462977,0.979782328328481,0.29654243467861,0.245613473539072,-0.242059331115748,-0.0191459895266863,-0.303642030474405,0.628218168302089,0.474752486526631,0.112658392690295,1.24589991284416,1.49728080151258,-0.177318504788345
"1557",0,-0.346763866306412,-1.17387929654563,-2.73929503423606,-0.108803381108326,0.259687987618459,-0.416428649433891,-0.135962069060475,-0.0247411626405223,-0.640995384823577,-1.93416775881521,-2.405049984864,1.13345756693153,0.139081594179487,-0.540830462877054,-0.1555961886108,-0.0445734002443183,-0.741918245459386,-1.11962895073218,1.56338145586488,1.43333321492626,-0.0227978521294969,-0.574697546273115,-0.113860786417039,-0.0382639442739243,1.81411968551902,1.08838378637757,1.1507788827907,1.00657188464015,0.366648420526578,-0.650039470011399,-0.048236570436645,-0.0330109162638679,-0.33031962811602,-0.746752127557253,-0.996216528748704,0.950766487281889,0.309344470407584,-0.831486854781667,0,-0.0930309953194633,-0.481588184154324,-0.984477210668762,-0.966425658098632,1.27280760797249,0.754289828035795,-0.797595882078731,-0.0998707974396848,-0.0692112518235939,-0.410266899197836,-1.38433934890509,-1.91880986810783,1.16729496510292,1.14027554013895,-0.159645077646464,-0.202993708003753,-0.0191459895266863,-0.303642030474405,-1.17332181098952,-2.7415390290559,-0.679529085261532,1.58965249581285,1.92993680096302,-0.177318504788345
"1558",0,1.88237474806379,2.05042341159541,0.757106570942284,-1.44159853924067,-0.992685559626734,-0.416428649433891,-0.135962069060475,-0.0247411626405223,0.666935053264552,0.565196225920142,-0.419532824502074,1.13345756693153,-1.10083083789743,-0.540830462877054,-0.1555961886108,-0.0445734002443183,-0.741918245459386,-0.910440455365821,-0.456649399402975,1.43333321492626,-1.29347794903808,-0.574697546273115,-0.113860786417039,-0.0382639442739243,-0.759253601238671,-1.85538965709833,-1.2218689911233,0.847765711656421,-1.3031392155474,-0.650039470011399,-0.048236570436645,-0.0330109162638679,-0.639535815693025,-1.2263086449194,-0.0304520336298728,-0.0582622129318667,-1.56276425682162,-0.831486854781667,0,-0.0930309953194633,-0.481588184154324,-0.52265330309843,1.20759188462151,-0.786399036324126,-1.48080674570224,-0.797595882078731,-0.0998707974396848,-0.0692112518235939,0.0739739549704533,0.902704617098525,0.803323473037571,-0.332806129092624,-0.209697428597592,0.44824274913184,-0.202993708003753,-0.0191459895266863,1.76127335410647,1.89515367243363,0.0152822700148413,-0.283435346285619,0.386518455422421,0.946889884802112,-0.177318504788345
"1559",0,-0.346763866306412,0.330795300586854,0.524013130597061,0.994701386553687,1.86988254836228,0.698030706321564,-0.135962069060475,-0.0247411626405223,-0.640995384823577,0.633017159478461,0.325036110633647,-0.552740656252641,-0.559983893357675,-0.294464016843139,-0.1555961886108,-0.0445734002443183,0.122165329449593,1.09010489057606,0.553366028230951,-0.690239452411488,-1.29347794903808,-0.584109501908229,-0.113860786417039,-0.0382639442739243,2.45746300720844,1.08838378637757,0.894308125108708,1.00657188464015,-0.969181688332602,-0.650039470011399,-0.048236570436645,-0.0330109162638679,0.28811274703799,-0.586899955103205,-1.47909877630812,0.109909237103759,-0.201230637018563,-0.831486854781667,0,-0.0930309953194633,-0.481588184154324,-0.984477210668762,-1.12171262543579,0.322404541374051,-0.105362700324987,-0.797595882078731,-0.0998707974396848,-0.0692112518235939,-0.410266899197836,1.07863107602188,-0.94661938912733,1.16729496510292,-0.884683912965861,-0.767532904424768,-0.202993708003753,-0.0912709356995593,-0.303642030474405,0.628218168302089,0.93422270303842,0.508752131666208,-1.1603681679367,-0.527680489439249,-0.177318504788345
"1560",0,1.88237474806379,2.05042341159541,0.290919690251838,-2.10604397354822,-0.992685559626734,-0.416428649433891,-0.135962069060475,-0.0247411626405223,1.32090027230862,0.999757862091843,0.573225755678888,0.576167558872215,-1.233243685196,-0.540830462877054,-0.1555961886108,-0.0445734002443183,1.16283656423309,0.41018678555814,-1.12999301782559,1.2699814712849,-0.0233446231262145,-0.574697546273115,-0.113860786417039,-0.0382639442739243,0.527433042140173,-0.385240369844486,-1.56081868739673,1.00657188464015,0.032690893311783,-0.650039470011399,-0.048236570436645,-0.0330109162638679,-0.639535815693025,-1.2263086449194,-1.31813802712165,0.0125901232710227,-1.05218914939548,-0.831486854781667,0,-0.123501210188093,-0.481588184154324,-0.984477210668762,0.275870080598593,0.0737685362360688,-0.639120532327468,-0.797595882078731,-0.0998707974396848,-0.0692112518235939,0.558214809138742,1.25455753494524,1.19219966462977,1.16729496510292,0.802782297954812,0.245613473539072,-0.202993708003753,-0.0191459895266863,1.76127335410647,0.828389277112268,0.427917694911132,0.310705262178251,1.58965249581285,1.43841334288257,-0.177318504788345
"1561",0,-0.346763866306412,0.760702328338993,0.45483978358876,0.994701386553687,0.438598494367772,-0.416428649433891,-0.135962069060475,-0.0247411626405223,0.0129698342204877,0.999757862091843,1.06960504576937,0.501133233237465,-0.728298841317257,-0.540830462877054,-0.1555961886108,0.00107855268828527,0.122165329449593,1.09010489057606,-0.119977590191666,-1.01694293969422,-1.29347794903808,-0.574697546273115,-0.113860786417039,-0.0382639442739243,-0.759253601238671,0.269703699587538,-0.166745509904916,-1.53432688309958,-1.3031392155474,-0.650039470011399,-0.048236570436645,-0.0330109162638679,-0.639535815693025,-0.906604300011301,-0.568308129347813,-0.899119463109996,-1.56276425682162,-0.831486854781667,0,-0.0930309953194633,-0.481588184154324,-0.984477210668762,0.741730982610052,0.322404541374051,-1.48080674570224,-0.797595882078731,-0.0822179261449791,-0.0692112518235939,-0.410266899197836,0.374925240328461,1.19219966462977,0.979782328328481,-1.55967039733413,-0.762075904224311,-0.202993708003753,-0.0191459895266863,-0.303642030474405,0.828389277112268,0.704487594782526,-1.07562282423745,-1.1603681679367,-0.527680489439249,-0.177318504788345
"1562",0,-0.27181542995503,-1.40532963259833,-2.27310815354561,0.994701386553687,-0.813775052877421,-0.416428649433891,-0.135962069060475,-0.0247411626405223,-0.640995384823577,-1.75079740750852,0.325036110633647,-0.763515434150662,-1.40155863315559,0.509079690738885,4.73657226410715,-0.0445734002443183,-0.741918245459386,-0.26973131945978,0.89003783744226,-1.18029468333559,-1.13471128329909,3.65141314762784,11.4271020132806,-0.0382639442739243,0.527433042140173,0.528426678420631,-1.2218689911233,-1.53432688309958,0.533627184133976,2.0838828385062,-0.048236570436645,-0.0330109162638679,2.09460959319702,1.17147394189133,0.452430213929543,0.278080687139385,1.1603029827845,-0.544774434739172,0,-0.0930309953194633,2.54527595427571,0.862818419612568,0.741730982610052,0.95600658577301,0.754289828035795,-0.797595882078731,-0.0998707974396848,-0.0692112518235939,-0.410266899197836,-1.38433934890509,-1.72437177231173,0.792269691554037,-0.715937291873794,-0.802940049707042,-0.202993708003753,-0.0191459895266863,-0.303642030474405,-1.17332181098952,-1.82259859603232,0.112658392690295,-1.1603681679367,-0.527680489439249,-0.177318504788345
"1563",0,-0.346763866306412,0.115841786710785,0.290919690251838,0.773219575117836,0.0807774808691453,-0.416428649433891,-0.135962069060475,-0.0247411626405223,-0.314012775301545,0.999757862091843,-1.06853793143911,-0.625701079139642,0.800198083414094,-0.540830462877054,-0.1555961886108,0.253044488576702,1.56230462096456,0.58016631181262,-1.12999301782559,-0.526887708770123,0.611722039829717,-0.574697546273115,-0.113860786417039,0.0265627293381214,0.205761381295462,0.433439716945544,-0.71344444671316,0.847765711656421,-0.635224161117807,-0.650039470011399,-0.048236570436645,-0.0330109162638679,-0.639535815693025,-0.107343437741059,0.144832768505336,0.109909237103759,-1.56276425682162,-0.831486854781667,0,-0.0930309953194633,-0.481588184154324,0.488763919747714,-0.0347038540757136,0.63920556357353,-0.201534833247605,-0.797595882078731,-0.0998707974396848,-0.0692112518235939,-0.410266899197836,0.902704617098525,-1.72437177231173,-1.64539458651373,1.14027554013895,-0.362274353239232,-0.202993708003753,-0.0191459895266863,-0.4270078481513,-0.372637375748804,0.245017378270736,0.310705262178251,0.558394746906768,-0.281918760399022,-0.177318504788345
"1564",0,-0.275652957575983,-1.17387929654563,-0.408360630783831,-1.22011672780482,-0.992685559626734,-0.416428649433891,-0.105038895900566,-0.0247411626405223,-0.640995384823577,-1.01731600228176,0.375347089457981,-0.34196587835462,-1.40155863315559,-0.540830462877054,-0.1555961886108,-0.0445734002443183,-0.741918245459386,0.0702277330491799,1.56338145586488,0.453222753078071,-1.29347794903808,-0.574697546273115,-0.113860786417039,-0.0382639442739243,0.527433042140173,0.924647769019562,0.472879490243842,0.37134719270522,-1.3031392155474,-0.650039470011399,-0.048236570436645,-0.0330109162638679,0.0736014444653152,-0.586899955103205,-0.996216528748704,0.950766487281889,-1.22238085187086,-0.831486854781667,0,-0.0930309953194633,-0.481588184154324,-0.984477210668762,-1.12171262543579,0.480805052473791,0.0665678053471691,-0.797595882078731,-0.0998707974396848,-0.0692112518235939,-0.410266899197836,-1.38433934890509,-0.55774319753513,0.41724441800515,0.514613186306338,0.530030752703243,-0.202993708003753,-0.0191459895266863,-0.303642030474405,-1.17332181098952,0.0152822700148413,0.904845870642121,1.58965249581285,1.43841334288257,-0.177318504788345
"1565",0,-0.346763866306412,1.19060935609113,-0.874547511474277,-2.54900759641992,-0.992685559626734,-0.416428649433891,-0.135962069060475,-0.0247411626405223,-0.640995384823577,-0.283834597054994,0.821415400724128,-2.23893887943681,-1.40155863315559,-0.540830462877054,-0.1555961886108,-0.0445734002443183,2.71441605417653,0.944516819396879,1.56338145586488,-0.101412178664781,-1.29347794903808,-0.574697546273115,-0.113860786417039,-0.0382639442739243,1.81411968551902,0.924647769019562,1.1507788827907,0.217135971440146,-1.3031392155474,-0.650039470011399,-0.048236570436645,-0.0330109162638679,-0.639535815693025,-1.06645647246535,0.613390963116015,0.446252137175011,-1.56276425682162,-0.831486854781667,0,-0.0930309953194633,-0.481588184154324,-0.984477210668762,-0.189990821412867,1.27280760797249,-1.13694573435793,-0.797595882078731,-0.0998707974396848,-0.0692112518235939,-0.410266899197836,-0.166225260626307,0.608885377241471,1.16729496510292,0.634035676862745,1.53338781726884,5.94507179709886,-0.0191459895266863,-0.303642030474405,1.02856038592245,0.93422270303842,0.904845870642121,1.58965249581285,3.39399776888741,3.78016089994354
"1566",0,-0.346763866306412,1.45083608053673,0.990200011287507,0.994701386553687,1.69097204161296,0.17020566797156,-0.135962069060475,-0.0247411626405223,-0.219967908642061,-1.01731600228176,-0.915912114592555,0.718248973526157,1.29148053419773,0.198268875224692,-0.1555961886108,-0.0445734002443183,-0.741918245459386,-1.62956752949562,-1.12999301782559,1.2699814712849,-0.0233446231262145,-0.574697546273115,-0.113860786417039,-0.0382639442739243,0.205761381295462,-0.22150435248648,-0.205019902303017,1.00657188464015,-0.134287870295615,-0.10325500830788,0.019644470688111,-0.0179575742192926,0.342501532090003,1.17147394189133,1.09627321067543,0.805964407696054,1.1603029827845,1.46221250555829,0,-0.0930309953194633,-0.481588184154324,-0.676594605621874,1.20759188462151,-0.152796991925168,-0.96501522868577,-0.192930268371606,-0.0998707974396848,-0.0692112518235939,-0.410266899197836,0.550851699251816,0.608885377241471,-1.83290722328817,-1.55967039733413,-0.767532904424768,-0.202993708003753,-0.0191459895266863,-0.303642030474405,2.02941592997334,-1.13339327126463,-2.26390404116519,-1.1603681679367,-0.527680489439249,-0.177318504788345
"1567",0,-0.346763866306412,-1.17387929654563,-2.73929503423606,0.773219575117836,0.259687987618459,-0.416428649433891,-0.135962069060475,-0.0247411626405223,-0.640995384823577,-1.93416775881521,-0.498484695795163,1.13345756693153,-0.728298841317257,-0.540830462877054,-0.1555961886108,-0.0445734002443183,-0.741918245459386,-1.45958800324114,1.39504555125922,0.616574496719437,-1.13471128329909,0.834006018360537,-0.113860786417039,-0.0382639442739243,-0.115910279549249,0.760911751661556,0.336826296012035,-1.37552071011585,0.700605947741373,2.90405953106147,-0.048236570436645,-0.0330109162638679,1.52497749734601,1.33132611434538,0.291469464743071,-0.394605113003119,1.1603029827845,2.32234976568577,0,-0.0930309953194633,3.55423066708572,1.47858362970634,0.688073079362229,1.27280760797249,0.902333643735593,-0.111908222728241,-0.0998707974396848,-0.0692112518235939,0.0739739549704533,0.0230723224817513,-0.94661938912733,0.792269691554037,0.269852952861296,-0.767532904424768,-0.202993708003753,-0.0721480760967669,-0.303642030474405,-1.17332181098952,-2.12212145544064,0.310705262178251,0.902147329875462,-0.527680489439249,-0.177318504788345
"1568",0,0.767805440878689,1.4055628699672,0.524013130597061,-2.32752578498407,-0.992685559626734,-0.416428649433891,-0.135962069060475,-0.0247411626405223,2.62883071039675,1.12774290086705,0.915350837405065,-1.39583976784473,-1.40155863315559,-0.540830462877054,-0.1555961886108,-0.0445734002443183,1.56230462096456,0.24020725930366,1.56338145586488,-1.18029468333559,-1.29347794903808,-0.459505858966883,-0.113860786417039,-0.0382639442739243,-0.759253601238671,-0.548976387202492,0.642354338380556,-1.35011645931579,-1.3031392155474,-0.650039470011399,-0.048236570436645,-0.0330109162638679,-0.639535815693025,0.532065252075134,0.291469464743071,-1.73997671328813,-1.56276425682162,-0.988816194205682,0,-0.0930309953194633,-0.481588184154324,1.47858362970634,0.12058311326144,-0.253735659823823,-1.48080674570224,-0.797595882078731,-0.0998707974396848,-0.0692112518235939,1.52669651747532,1.43048399386859,0.997761568833671,1.16729496510292,1.14027554013895,1.05613057591014,-0.202993708003753,-0.0191459895266863,0.728815661816031,2.02941592997334,0.93422270303842,0.904845870642121,1.24589991284416,1.43841334288257,-0.177318504788345
"1569",0,-0.346763866306412,1.19060935609113,0.0578262499066152,-2.54900759641992,-0.992685559626734,-0.384638546305166,-0.135962069060475,-0.0247411626405223,0.666935053264552,0.999757862091843,0.821415400724128,-1.60661454574275,-1.40155863315559,-0.540830462877054,-0.1555961886108,-0.0445734002443183,-0.1658625288534,0.24020725930366,0.385030123625297,-0.344397346697768,-1.29347794903808,-0.574697546273115,-0.113860786417039,-0.0382639442739243,-1.14736303898379,-1.20392045663452,0.133929793970413,-0.740296018180913,-1.3031392155474,-0.79517136975638,-0.048236570436645,-0.0330109162638679,-0.639535815693025,-1.2263086449194,0.774351712302486,-1.23546236318125,-1.56276425682162,-0.831486854781667,0,-0.0930309953194633,-0.481588184154324,0.125081919500245,1.36287885195866,-1.26160056962335,-1.48080674570224,-0.797595882078731,-0.0998707974396848,-0.0692112518235939,-0.410266899197836,0.726778158175171,1.19219966462977,0.41724441800515,0.971528919046879,2.06927695387398,0.53325982767774,-0.0912709356995593,-0.303642030474405,0.828389277112268,0.93422270303842,0.508752131666208,1.38572843701646,1.92993680096302,0.697813577192196
"1570",0,-0.346763866306412,0.330795300586854,0.990200011287507,0.994701386553687,0.0807150110477812,-0.416428649433891,-0.135962069060475,-0.0247411626405223,0.666935053264552,0.999757862091843,-0.00744200192698857,1.13345756693153,1.12316558623815,-0.540830462877054,-0.1555961886108,-0.0445734002443183,-0.741918245459386,-0.26973131945978,-0.793321208614283,1.43333321492626,0.887504302875895,-0.574697546273115,-0.113860786417039,-0.0382639442739243,-0.759253601238671,-1.53139249135053,-0.205019902303017,1.00657188464015,-0.301266633903012,-0.650039470011399,-0.048236570436645,-0.0330109162638679,-0.639535815693025,-0.120525459778011,1.09627321067543,-0.226433662967493,-1.56276425682162,-0.831486854781667,0,-0.0930309953194633,-0.145269946550987,1.01675972213601,0.718858360498095,-0.944799547423866,-1.48080674570224,-0.797595882078731,-0.0998707974396848,-0.0692112518235939,0.292207376486862,1.43048399386859,0.997761568833671,0.41724441800515,0.465289055770677,0.245613473539072,-0.202993708003753,-0.0191459895266863,-0.230862640457972,0.628218168302089,0.93422270303842,0.508752131666208,0.0427658724537265,-0.281918760399022,-0.177318504788345
"1571",0,-0.346763866306412,0.975655842215063,0.0578262499066152,-2.10604397354822,-0.992685559626734,-0.416428649433891,-0.135962069060475,-0.0247411626405223,0.666935053264552,0.816387510785152,0.325036110633647,0.501133233237465,-1.40155863315559,-0.540830462877054,-0.1555961886108,-0.0445734002443183,0.698221046055578,0.41018678555814,-1.12999301782559,1.10662972764353,-0.642810229477577,-0.574697546273115,-0.113860786417039,-0.0382639442739243,-0.115910279549249,-0.50319433455337,-0.82576597532834,0.541115399055813,-0.802202924725205,-0.650039470011399,-0.048236570436645,-0.0330109162638679,-0.639535815693025,-1.2263086449194,-1.15717727793518,-0.244739473305586,-1.56276425682162,-0.831486854781667,0,-0.0930309953194633,-0.481588184154324,-0.984477210668762,0.275870080598593,0.164004030274312,-1.57054053637793,-0.797595882078731,-0.0998707974396848,-0.0692112518235939,-0.410266899197836,0.550851699251816,1.19219966462977,-0.332806129092624,-0.884683912965861,-0.362274353239232,-0.202993708003753,-0.0191459895266863,-0.303642030474405,1.4289026035428,0.704487594782526,0.0990666528310193,1.58965249581285,1.17145157038188,-0.177318504788345
"1572",0,-0.469131232564323,-1.17387929654563,-1.57382783250995,0.108774140810285,0.975330014615711,-0.123111490731166,-0.135962069060475,-0.0247411626405223,-0.640995384823577,-1.38405670489514,0.573225755678888,-0.974290212048683,-0.223353997438511,2.16920044349601,-0.1555961886108,-0.0445734002443183,0.698221046055578,1.09010489057606,-0.793321208614283,-1.01694293969422,0.135422042612768,1.96096887006746,-0.113860786417039,-0.0382639442739243,1.81411968551902,0.760911751661556,-0.205019902303017,0.688959538672687,0.420556101567574,-0.376647239159639,-0.048236570436645,-0.0330109162638679,-0.33031962811602,-0.107343437741059,-0.191412782816345,0.446252137175011,0.139152767932202,-0.638881591547548,0,-0.0930309953194633,-0.481588184154324,-0.984477210668762,-0.966425658098632,0.95600658577301,-0.793084723013613,-0.797595882078731,-0.0998707974396848,-0.0692112518235939,-0.410266899197836,-1.38433934890509,-0.94661938912733,0.604757054779594,-1.2572076613296,-0.767532904424768,-0.202993708003753,-0.0191459895266863,-0.303642030474405,-1.17332181098952,-0.214452838241053,-0.877575954749489,-1.1603681679367,-0.527680489439249,-0.177318504788345
"1573",0,-0.346763866306412,-0.314065241041354,0.0578262499066152,0.994701386553687,0.617509001117085,0.128165317098582,-0.135962069060475,-0.0247411626405223,-0.640995384823577,0.44964680817177,-0.419532824502074,-1.39583976784473,0.954850638278565,0.198268875224692,-0.1555961886108,-0.0445734002443183,0.698221046055578,0.58016631181262,-0.961657113219938,-1.18029468333559,0.611722039829717,0.552265305433806,-0.113860786417039,-0.0382639442739243,0.527433042140173,0.433439716945544,-1.56081868739673,-1.53432688309958,0.032690893311783,1.53709837680268,-0.048236570436645,0.0118955077360526,1.21576130976901,0.691917424529183,-1.47909877630812,-1.73997671328813,0.112589002106322,1.17550008551579,0,-0.0930309953194633,0.527366528655686,1.3246423271829,-1.12171262543579,-0.944799547423866,1.27008134505226,-0.111908222728241,-0.0998707974396848,-0.0692112518235939,-0.410266899197836,1.43048399386859,0.608885377241471,0.979782328328481,0.29654243467861,-0.767532904424768,-0.202993708003753,-0.0191459895266863,-0.303642030474405,0.027704841871553,0.704487594782526,-0.283435346285619,-1.1603681679367,-0.527680489439249,-0.177318504788345
"1574",0,-0.346763866306412,-0.529018754917424,0.0578262499066152,-0.112707670625565,-0.813775052877421,-0.400080603383326,-0.135962069060475,-0.0247411626405223,-0.640995384823577,-0.283834597054994,0.325036110633647,-0.131191100456599,0.281590846440236,-0.540830462877054,-0.1555961886108,-0.0445734002443183,-0.741918245459386,-0.77966989822322,1.05837374204791,0.616574496719437,0.7704887055687,-0.574697546273115,-0.113860786417039,-0.0382639442739243,-1.14110623716847,-1.53139249135053,-0.374494750439731,0.37134719270522,1.03456347495617,0.716921684247398,-0.048236570436645,-0.0330109162638679,-0.639535815693025,-1.23651287965877,-1.47909877630812,-1.73997671328813,-0.541614041969328,2.03563734564328,0,-0.0930309953194633,-0.481588184154324,-0.306381576414916,-0.493392853051452,-1.26160056962335,-1.30887624003008,1.28885955833145,-0.0998707974396848,-0.0692112518235939,-0.239203455432595,0.0230723224817513,-0.36330510173903,-1.0828566761904,-0.884683912965861,1.86664767828122,5.94507179709886,-0.0191459895266863,-0.303642030474405,-0.572808484558983,-0.444187946496948,0.904845870642121,1.58965249581285,3.40450717520438,4.19834190511436
"1575",0,-0.346763866306412,-1.17387929654563,0.524013130597061,0.330255952246136,-0.813775052877421,-0.416428649433891,-0.135962069060475,-0.0247411626405223,-0.640995384823577,-1.56742705620183,1.06960504576937,1.13345756693153,-1.06492873723642,-0.565188820264664,-0.1555961886108,-0.0445734002443183,-0.868561424861372,-0.9496494244777,1.56338145586488,1.2699814712849,-1.29347794903808,-0.574697546273115,-0.113860786417039,-0.0382639442739243,-0.759253601238671,-1.04018443927651,1.1507788827907,0.530153365688954,-1.3031392155474,-0.650039470011399,-0.049335153206293,-0.0330109162638679,-0.639535815693025,-0.0542902900665442,1.09627321067543,0.278080687139385,-1.56276425682162,-0.831486854781667,0,-0.0930309953194633,-0.481588184154324,0.0931119069953467,1.36287885195866,0.89117466720291,-1.48080674570224,-0.797595882078731,-0.0998707974396848,0.0130312147965992,-0.410266899197836,-0.328780595364958,1.19219966462977,0.792269691554037,-1.55967039733413,-0.767532904424768,-0.202993708003753,-0.0191459895266863,-0.303642030474405,-0.97315070217934,-0.214452838241053,0.904845870642121,-0.472863001999315,-0.527680489439249,-0.177318504788345
"1576",0,-0.346763866306412,-0.314065241041354,0.757106570942284,0.783938941799205,1.86988254836228,2.51674293759336,-0.135962069060475,-0.0247411626405223,-0.640995384823577,0.44964680817177,0.466620779051976,0.290358455339444,0.954850638278565,2.90829978159776,-0.1555961886108,-0.111531751188364,-0.741918245459386,0.7501458380671,0.0483583144139882,-1.18029468333559,-1.29347794903808,-0.574697546273115,-0.685171732340353,-0.0382639442739243,-0.759253601238671,1.08838378637757,1.1507788827907,0.37134719270522,0.032690893311783,-0.650039470011399,-0.048236570436645,-0.0330109162638679,-0.639535815693025,-0.906604300011301,-0.352373532002817,-0.0582622129318667,1.1603029827845,0.315362825388311,0,-0.366721533581265,-0.986373558542335,-0.984477210668762,-1.12171262543579,-0.944799547423866,0.967262475828067,0.0192698389756239,-0.0998707974396848,-0.0692112518235939,-0.383289433030685,-1.20841288998173,-0.16886700594293,0.41724441800515,0.634035676862745,-0.767532904424768,-0.202993708003753,-0.0758585761396516,-0.609854298260672,-0.772979593369162,0.93422270303842,-0.0853884767976621,-0.644739293483662,-0.527680489439249,-0.177318504788345
"1577",0,-0.346763866306412,-0.314065241041354,0.990200011287507,0.108774140810285,-0.813775052877421,-0.416428649433891,-0.135962069060475,-0.0247411626405223,-0.640995384823577,-0.774142051034053,0.821415400724128,0.501133233237465,0.449905794399818,-0.540830462877054,-0.1555961886108,-0.12016755277347,-0.741918245459386,-0.77966989822322,0.89003783744226,0.512964659025149,1.24678870278565,-0.43508204741107,-0.113860786417039,-0.0980157101479449,-0.759253601238671,-1.53139249135053,-1.56081868739673,-0.263877499229713,1.20154223856357,-0.650039470011399,-0.048236570436645,-0.0330109162638679,-0.639535815693025,-1.2263086449194,-1.31813802712165,0.782595037246263,0.479536172882967,-0.831486854781667,0,-0.0930309953194633,-0.481588184154324,-0.984477210668762,0.586444015272899,1.27280760797249,0.238498311019326,-0.797595882078731,-0.0998707974396848,-0.0692112518235939,-0.410266899197836,-0.504707054288313,1.19219966462977,1.16729496510292,1.14027554013895,2.47453550505952,7.17468489811939,-0.0191459895266863,-0.303642030474405,0.027704841871553,0.611546945065734,-0.00298323481774995,0.254202134612138,1.92993680096302,11.1993985609587
"1578",0,-0.346763866306412,-0.743972268793493,0.290919690251838,0.108774140810285,-0.277043532629481,-0.416428649433891,-0.135962069060475,-0.0247411626405223,-0.314012775301545,0.816387510785152,0.0768464655884069,-1.60661454574275,0.786535690318983,-0.0480975708092236,-0.145001533967435,-0.0445734002443183,1.56230462096456,0.58016631181262,0.216694219019643,-1.18029468333559,-0.34087795460418,0.552265305433806,-0.113860786417039,-0.0382639442739243,0.669574846186852,-0.876448421918504,-1.05239414298659,-1.53432688309958,-0.802202924725205,1.53709837680268,-0.048236570436645,-0.0330109162638679,0.906545122192,-0.427047782649156,-1.47909877630812,-1.73997671328813,-0.541614041969328,0.649797935746214,0,-0.0930309953194633,-0.145269946550987,1.17070102465946,-0.966425658098632,-1.26160056962335,-0.105362700324987,-0.111908222728241,-0.0998707974396848,-0.0692112518235939,-0.410266899197836,0.0230723224817513,-0.36330510173903,-0.895344039415955,0.634035676862745,-0.564903628832,-0.202993708003753,-0.0191459895266863,-0.303642030474405,-0.809451763725055,-0.214452838241053,0.706799001154165,-0.129110419030621,-0.527680489439249,-0.177318504788345
"1579",0,-0.346763866306412,1.4055628699672,0.290919690251838,0.551737763681986,-0.0981330258801679,-0.416428649433891,-0.135962069060475,-0.0247411626405223,-0.640995384823577,0.907807705897224,-0.667722469547314,-0.552740656252641,0.0544081724301091,-0.540830462877054,-0.1555961886108,-0.0445734002443183,0.122165329449593,0.215100123748034,-0.793321208614283,-0.690239452411488,-0.343041412760022,-0.574697546273115,-0.113860786417039,-0.0382639442739243,-0.127209699548278,0.617037630739152,1.1507788827907,1.00657188464015,0.032690893311783,-0.650039470011399,-0.048236570436645,-0.0330109162638679,-0.639535815693025,-0.906604300011301,-1.47909877630812,-1.06729091314562,1.1603029827845,0.0286504053458163,0,-0.0930309953194633,-0.481588184154324,-0.984477210668762,-1.12171262543579,-1.19387864169134,1.09815083938011,1.03090454285591,-0.0998707974396848,-0.156734219207871,-0.406041855599334,-0.856559972135023,-1.91880986810783,-1.0828566761904,1.14027554013895,0.650872024724607,-0.202993708003753,-0.0191459895266863,-0.303642030474405,1.02856038592245,0.93422270303842,1.01763353071746,1.07402362135981,-0.281918760399022,-0.177318504788345
"1580",0,-0.346763866306412,0.975655842215063,0.990200011287507,0.994701386553687,1.33315102811434,-0.416428649433891,-0.135962069060475,-0.0247411626405223,-0.640995384823577,0.44964680817177,-1.41229140468304,0.0795836774414227,1.29148053419773,0.198268875224692,-0.1555961886108,-0.0445734002443183,-1.11142832912871,-1.62956752949562,-0.119977590191666,1.43333321492626,-0.0233446231262145,-0.574697546273115,-0.113860786417039,-0.0909846830221019,-0.759253601238671,-0.938221627018376,0.785905301400966,0.37134719270522,-1.3031392155474,-0.650039470011399,-0.048236570436645,-0.0330109162638679,-0.639535815693025,-0.267195610195108,1.09627321067543,0.950766487281889,0.649727875358349,-0.831486854781667,0,-0.0930309953194633,-0.481588184154324,-0.984477210668762,-1.12171262543579,-0.152796991925168,1.27008134505226,-0.0920535620799578,-0.0998707974396848,-0.0692112518235939,1.04245566330703,1.25455753494524,-0.94661938912733,0.0422191444562627,1.14027554013895,-0.159645077646464,-0.202993708003753,-0.0191459895266863,-0.303642030474405,1.62907371235298,0.93422270303842,0.706799001154165,-0.300986710514968,-0.527680489439249,-0.177318504788345
"1581",0,-0.346763866306412,1.19060935609113,0.0578262499066152,0.108774140810285,1.51206153486365,0.756839985377011,-0.135962069060475,-0.0247411626405223,-0.640995384823577,0.999757862091843,-0.146284927152863,-1.39583976784473,-0.728298841317257,0.691001767292522,-0.1555961886108,-0.0268645424359269,-0.1658625288534,1.09010489057606,0.216694219019643,-0.526887708770123,-1.29347794903808,-0.574697546273115,-0.113860786417039,0.109615022328832,0.849104702984884,1.08838378637757,0.981304034653986,0.847765711656421,0.19966965691918,-0.650039470011399,-0.048236570436645,-0.0330109162638679,-0.33031962811602,-0.586899955103205,-1.31813802712165,-1.06729091314562,1.1603029827845,0.0286504053458163,0,-0.0793305687538147,-0.481588184154324,-0.984477210668762,-1.12171262543579,-0.893334758058807,0.926220333707951,0.80234198973908,-0.0998707974396848,-0.0692112518235939,1.04245566330703,-0.152854136441604,-0.75218129333123,0.130145968074841,1.14027554013895,-0.362274353239232,-0.292166623101313,-0.0191459895266863,0.0111970993463066,1.02856038592245,0.0152822700148413,0.310705262178251,0.0427658724537265,-0.527680489439249,-0.177318504788345
"1582",0,-0.346763866306412,-1.17387929654563,-0.46243474155785,-1.66308035067652,-0.992685559626734,-0.416428649433891,-0.135962069060475,-0.0247411626405223,-0.640995384823577,-0.467204948361685,0.573225755678888,-2.23893887943681,-1.40155863315559,-0.540830462877054,-0.1555961886108,-0.0445734002443183,-0.741918245459386,0.7501458380671,0.0483583144139882,-1.18029468333559,-1.29347794903808,-0.574697546273115,-0.113860786417039,-0.0382639442739243,-0.43758194039396,1.08838378637757,-0.0355450541663019,-0.485720231834368,-0.969181688332602,-0.650039470011399,-0.048236570436645,-0.0330109162638679,-0.0211034405390152,1.33132611434538,1.09627321067543,0.782595037246263,0.990111280309114,-0.258062014696678,0,-0.0930309953194633,0.527366528655686,1.47858362970634,-0.0347038540757136,-1.26160056962335,-0.4492237116693,1.76046407280316,-0.0998707974396848,-0.0692112518235939,-0.410266899197836,0.550851699251816,0.414447281445371,-1.0828566761904,-0.378444049689659,2.27190622946675,-0.202993708003753,-0.0191459895266863,-0.303642030474405,-0.97315070217934,-0.673923054752843,0.904845870642121,1.58965249581285,0.946889884802112,-0.177318504788345
"1583",0,-0.346763866306412,0.760702328338993,-1.80692127285517,-0.334189482061415,1.69097204161296,1.63679146148519,0.135057229208125,-0.0247411626405223,0.33995244374252,0.999757862091843,1.06960504576937,1.13345756693153,0.618220742359401,0.198268875224692,-0.1555961886108,0.151225624523817,1.27427676266156,1.09010489057606,0.385030123625297,-0.853591196052854,-1.29347794903808,-0.574697546273115,-0.244001044374666,-0.0382639442739243,2.45746300720844,1.08838378637757,-1.05239414298659,-1.53432688309958,-1.3031392155474,-0.650039470011399,-0.048236570436645,-0.0330109162638679,0.906545122192,0.462858723921128,0.935312461488958,0.349273683647351,-1.56276425682162,-0.831486854781667,0,-0.0930309953194633,-0.481588184154324,-0.676594605621874,0.741730982610052,0.63920556357353,-1.48080674570224,-0.797595882078731,-0.0998707974396848,-0.0692112518235939,-0.410266899197836,-0.504707054288313,0.414447281445371,0.229731781230706,-1.23979793366648,-0.787794610851034,-0.202993708003753,-0.0191459895266863,-0.303642030474405,0.628218168302089,0.93422270303842,-1.47171656321336,-1.1603681679367,-0.527680489439249,-0.177318504788345
"1584",0,-0.346763866306412,0.545748814462924,-0.175267190438608,-2.54900759641992,-0.992685559626734,3.39669441370154,8.21048554356243,-0.0247411626405223,0.33995244374252,0.816387510785152,-1.41229140468304,-2.23893887943681,0.618220742359401,2.66193333556384,0.822837501932791,-0.0445734002443183,0.122165329449593,1.09010489057606,-0.28831349479732,-0.0368324778460259,1.24678870278565,0.901649291435656,-0.113860786417039,-0.0382639442739243,-0.759253601238671,0.433439716945544,1.1507788827907,1.00657188464015,0.971586688244432,1.53709837680268,0.0345890997477648,-0.0330109162638679,-0.639535815693025,-1.06645647246535,0.291469464743071,0.455552008869803,-0.881997446920094,-0.831486854781667,0,-0.0930309953194633,-0.481588184154324,-0.830535908145318,1.20759188462151,-0.15933732018426,-1.48080674570224,-0.797595882078731,-0.0998707974396848,-0.0692112518235939,-0.410266899197836,-0.152854136441604,0.608885377241471,-1.83290722328817,-1.55967039733413,-0.767532904424768,-0.202993708003753,-0.0191459895266863,-0.303642030474405,0.639057224278113,-1.59286348777642,-2.26390404116519,-1.1603681679367,-0.430401261840455,-0.0642031396027011
"1585",0,-0.346763866306412,-1.17387929654563,0.524013130597061,0.108774140810285,-0.992685559626734,-0.416428649433891,-0.135962069060475,-0.0247411626405223,-0.640995384823577,-1.75079740750852,1.06960504576937,1.13345756693153,-1.06492873723642,-0.540830462877054,-0.1555961886108,-0.0445734002443183,-0.826751773754945,-1.62956752949562,1.56338145586488,1.2699814712849,-1.29347794903808,-0.574697546273115,-0.113860786417039,-0.0382639442739243,-0.759253601238671,-1.36765647399252,0.866606160950047,0.847765711656421,-0.919829146874682,-0.635691545233973,-0.048236570436645,-0.0330109162638679,-0.820420301551359,-1.2263086449194,0.935312461488958,0.950766487281889,-1.56276425682162,-1.28856452235703,0,-0.0930309953194633,-0.481588184154324,-0.830535908145318,1.36287885195866,1.11440709687275,-1.50409224228517,-0.797595882078731,-0.194425542378837,-0.0692112518235939,-0.410266899197836,-1.20841288998173,1.19219966462977,1.10110645927319,-1.55967039733413,-0.767532904424768,-0.202993708003753,-0.0191459895266863,-0.303642030474405,-1.17332181098952,-0.214452838241053,0.904845870642121,-0.644739293483662,-0.527680489439249,-0.177318504788345
"1586",0,-0.346763866306412,-0.958925782669563,0.524013130597061,0.773219575117836,0.617509001117085,-0.123111490731166,-0.135962069060475,-0.0247411626405223,-0.314012775301545,-0.283834597054994,0.573225755678888,-2.02816410153879,-0.223353997438511,1.43010110539427,-0.1555961886108,-0.0445734002443183,1.27427676266156,1.09010489057606,-0.119977590191666,-0.936644608145105,0.452955374090734,1.11574673128727,-0.113860786417039,-0.0382639442739243,-0.759253601238671,-0.22150435248648,0.811829186517271,0.530153365688954,0.366648420526578,-0.650039470011399,-0.048236570436645,-0.0330109162638679,-0.639535815693025,-1.06645647246535,0.504368897101919,0.782595037246263,-0.371422339493946,-1.16281807387744,0,-0.0930309953194633,-0.481588184154324,0.708877117089123,-0.0347038540757136,-1.10320005852361,1.27008134505226,-0.569033328961901,-0.0998707974396848,-0.0692112518235939,-0.410266899197836,0.550851699251816,-0.652233222271578,-1.83290722328817,0.634035676862745,-0.159645077646464,-0.202993708003753,-0.0191459895266863,-0.303642030474405,-0.572808484558983,0.245017378270736,0.508752131666208,0.730271038391115,0.131960841633908,-0.177318504788345
"1587",0,-0.346763866306412,-1.17387929654563,-1.80692127285517,0.330255952246136,1.69097204161296,-0.416428649433891,-0.135962069060475,-0.0247411626405223,-0.640995384823577,-0.833945650975067,1.06960504576937,-0.34196587835462,-1.233243685196,-0.540830462877054,-0.1555961886108,-0.0445734002443183,-0.741918245459386,0.92012536432158,0.385030123625297,-1.18029468333559,-1.78415359928952,-0.558848776469887,-0.122110228912021,-0.0382639442739243,0.580819227666709,0.924647769019562,-1.56081868739673,-1.53432688309958,-1.3031392155474,-0.650039470011399,-0.048236570436645,-0.0330109162638679,1.83419368492302,0.896884726128872,-1.47909877630812,-1.73997671328813,-1.56276425682162,-0.250697449126301,0,-0.0930309953194633,0.93836429886823,1.3246423271829,0.65602874007278,0.63920556357353,-0.277293205997144,0.0787208788877339,-0.0998707974396848,-0.0692112518235939,-0.410266899197836,0.198998781405106,0.997761568833671,-0.145293492318181,0.634035676862745,1.46138912709568,-0.202993708003753,-0.0191459895266863,-0.303642030474405,-1.17332181098952,-1.36312837952053,0.112658392690295,1.58965249581285,1.92993680096302,-0.177318504788345
"1588",0,-0.346763866306412,-1.17387929654563,-1.80522839063569,0.773219575117836,-0.455954039378794,-0.416428649433891,-0.135962069060475,-0.0247411626405223,-0.640995384823577,-1.93416775881521,-0.667722469547314,0.501133233237465,-1.40155863315559,-0.0480975708092236,-0.1555961886108,-0.0445734002443183,-0.741918245459386,-0.43971084571426,1.39504555125922,-1.01694293969422,-0.499644620343163,2.80619100884765,-0.113860786417039,-0.0286402707100998,-0.115910279549249,1.08838378637757,0.133929793970413,-0.899102191164647,0.700605947741373,1.26370614595092,-0.048236570436645,-0.0330109162638679,1.21576130976901,0.851769596983231,0.632410223615548,0.950766487281889,1.1603029827845,0.602075245430805,0,-0.0930309953194633,-0.481588184154324,-0.984477210668762,-0.473390130546972,0.00560351917457189,0.754289828035795,-0.797595882078731,-0.0998707974396848,-0.0692112518235939,-0.410266899197836,-1.38433934890509,-1.91880986810783,0.979782328328481,-0.715937291873794,-0.767532904424768,-0.202993708003753,-0.0191459895266863,-0.303642030474405,-1.17332181098952,-2.05233370428821,0.112658392690295,-1.1603681679367,-0.527680489439249,-0.177318504788345
"1589",0,-0.346763866306412,-0.529018754917424,-0.874547511474277,-0.334189482061415,1.15424052136502,1.34347430278246,-0.135962069060475,-0.0247411626405223,-0.640995384823577,0.44964680817177,0.821415400724128,0.0795836774414227,-0.0550390494789284,-0.0480975708092236,-0.1555961886108,-0.111531751188364,-0.741918245459386,0.398205593634347,0.721701932836606,-0.853591196052854,-1.29347794903808,-0.574697546273115,-0.113860786417039,-0.0382639442739243,-0.759253601238671,0.59717573430355,1.1507788827907,1.00657188464015,0.19966965691918,0.183835371172804,-0.0111937918009328,-0.0330109162638679,-0.639535815693025,-1.2263086449194,-0.835255779562232,-0.73094801307437,0.649727875358349,0.8887876654733,0,0.130134993914749,-0.481588184154324,-0.984477210668762,-1.12171262543579,-1.26160056962335,0.754289828035795,0.116654330388589,-0.0998707974396848,-0.0692112518235939,0.0456045762073932,-0.504707054288313,-0.94661938912733,0.604757054779594,0.29654243467861,-0.767532904424768,-0.202993708003753,-0.0191459895266863,-0.0765182993296239,1.4289026035428,0.474752486526631,-0.877575954749489,-0.98357421450765,-0.527680489439249,-0.177318504788345
"1590",0,-0.259855041242879,-0.0991117271652847,-0.175267190438608,0.330255952246136,0.796419507866398,0.463522826674285,-0.135962069060475,-0.0247411626405223,0.480125667851049,0.44964680817177,-0.171343179456834,-1.1850649899467,-0.316682359740984,0.198268875224692,-0.1555961886108,-0.0445734002443183,0.986248904358571,0.92012536432158,-1.12999301782559,-1.18029468333559,-1.29347794903808,-0.185738382791938,-0.113860786417039,-0.0382639442739243,1.49244802467431,0.59717573430355,-0.882919294849875,-1.37552071011585,-1.3031392155474,-0.650039470011399,-0.048236570436645,-0.0330109162638679,-0.33031962811602,1.01162176943728,1.09627321067543,0.782595037246263,-0.881997446920094,-0.831486854781667,0,-0.0930309953194633,-0.481588184154324,-0.984477210668762,-1.12171262543579,0.00560351917457189,0.32182876710382,-0.716996414143685,-0.0998707974396848,-0.0692112518235939,-0.410266899197836,0.0230723224817513,-0.94661938912733,-0.895344039415955,0.235342506564234,-0.767532904424768,-0.202993708003753,-0.0191459895266863,-0.303642030474405,-0.372637375748804,0.0152822700148413,0.904845870642121,0.386518455422421,-0.527680489439249,-0.177318504788345
"1591",0,-0.346763866306412,-0.314065241041354,-0.133697573882001,-1.88456216211237,-0.992685559626734,-0.416428649433891,-0.135962069060475,-0.0247411626405223,-0.627893979803343,-0.467204948361685,1.06960504576937,-1.81738932364077,-1.40155863315559,-0.294464016843139,-0.1555961886108,-0.0445734002443183,-0.741918245459386,0.24020725930366,1.05837374204791,-0.690239452411488,1.08802203704667,0.834006018360537,0.480003945577396,-0.0382639442739243,1.12632580053291,1.08838378637757,-0.543969598576446,0.212541019721487,1.20154223856357,-0.650039470011399,-0.048236570436645,-0.0330109162638679,2.76184224765403,1.33132611434538,0.452430213929543,0.950766487281889,0.649727875358349,0.315362825388311,0,2.99828810216341,3.55423066708572,0.862818419612568,1.20759188462151,1.11440709687275,0.410428816691482,-0.340470775845071,-0.0998707974396848,-0.0692112518235939,-0.410266899197836,-1.20841288998173,1.19219966462977,-0.895344039415955,-1.55967039733413,-0.73326294029855,-0.202993708003753,-0.0191459895266863,-0.303642030474405,0.027704841871553,-0.160266548196367,-2.26390404116519,-1.1603681679367,-0.527680489439249,-0.177318504788345
"1592",0,-0.346763866306412,0.330795300586854,0.757106570942284,0.773219575117836,0.617509001117085,-0.123111490731166,-0.135962069060475,-0.0247411626405223,1.64788288183065,0.816387510785152,-1.66048104972828,-0.577495566576549,0.954850638278565,0.444635321258607,-0.1555961886108,-0.0445734002443183,-0.1658625288534,-1.28960847698666,-1.12999301782559,-0.0368324778460259,0.7704887055687,-0.292956833346385,-0.113860786417039,-0.0382639442739243,-0.759253601238671,-1.20392045663452,0.472879490243842,0.847765711656421,-0.46824539751041,-0.650039470011399,-0.048236570436645,-0.0539306280597664,-0.639535815693025,-1.06645647246535,-0.67429503037576,0.0899262292202593,0.649727875358349,-0.831486854781667,0,-0.0930309953194633,-0.481588184154324,-0.984477210668762,-1.12171262543579,-1.26160056962335,0.238498311019326,0.80234198973908,-0.0998707974396848,-0.0692112518235939,-0.410266899197836,0.550851699251816,-1.72437177231173,-1.64539458651373,0.465289055770677,0.650872024724607,-0.202993708003753,-0.0191459895266863,-0.303642030474405,0.42804705949191,0.474752486526631,0.310705262178251,0.214642163938074,-0.527680489439249,-0.177318504788345
"1593",0,-0.346763866306412,-1.17387929654563,-1.1076409518195,-0.141399605096294,-0.455954039378794,-0.416428649433891,-0.135962069060475,-0.0247411626405223,-0.640995384823577,-1.75079740750852,0.821415400724128,1.13345756693153,1.12316558623815,-0.540830462877054,-0.1555961886108,-0.0445734002443183,1.85033247926755,-0.514762697781579,1.56338145586488,1.43333321492626,1.24678870278565,-0.441179623516497,-0.113860786417039,-0.0382639442739243,0.527433042140173,-0.22150435248648,0.472879490243842,1.00657188464015,0.366648420526578,-0.650039470011399,-0.048236570436645,-0.0330109162638679,-0.639535815693025,-1.2263086449194,0.291469464743071,0.950766487281889,0.649727875358349,-0.831486854781667,0,-0.0930309953194633,-0.559025351610297,-0.984477210668762,-0.0347038540757136,1.27280760797249,1.09815083938011,-0.797595882078731,-0.0998707974396848,-0.0692112518235939,-0.410266899197836,-1.38433934890509,-0.75218129333123,1.16729496510292,1.14027554013895,-0.362274353239232,-0.202993708003753,-0.0191459895266863,-0.303642030474405,-1.17332181098952,-1.36312837952053,0.904845870642121,1.58965249581285,1.19265161384234,-0.177318504788345
"1594",0,-0.346763866306412,0.115841786710785,0.990200011287507,0.994701386553687,0.796419507866398,0.099044694611381,-0.135962069060475,-0.0247411626405223,0.993917662786584,0.639992445852136,1.06960504576937,0.501133233237465,-0.391668945398093,-0.540830462877054,-0.1555961886108,-0.0445734002443183,-0.453890387156393,0.92012536432158,1.39504555125922,-1.01694293969422,-1.29347794903808,-0.574697546273115,-0.125007162674935,-0.0382639442739243,-0.759253601238671,-0.876448421918504,0.653995823882813,-0.740296018180913,-1.3031392155474,-0.650039470011399,-0.048236570436645,-0.0330109162638679,-0.639535815693025,-0.55922317651211,0.774351712302486,0.109909237103759,-1.56276425682162,-0.831486854781667,0,-0.0930309953194633,-0.481588184154324,-0.984477210668762,0.897017949947205,0.95600658577301,-1.48080674570224,-0.797595882078731,-0.0998707974396848,-0.0692112518235939,-0.410266899197836,0.198998781405106,1.19219966462977,0.30911985527807,-1.55967039733413,-0.595598042436341,-0.202993708003753,-0.0191459895266863,-0.418678231784852,0.42804705949191,0.704487594782526,-1.2736696937254,-1.1603681679367,-0.527680489439249,-0.177318504788345
"1595",0,-0.346763866306412,0.760702328338993,0.990200011287507,0.994701386553687,1.33315102811434,3.10337725499881,0.791420999008737,-0.0247411626405223,-0.640995384823577,-0.833945650975067,-1.41229140468304,-0.552740656252641,1.10904453967124,3.15466622763167,0.620048605397054,-0.0445734002443183,-0.741918245459386,-1.62956752949562,-1.1217878268709,-0.363535965128757,1.24678870278565,0.552265305433806,-0.113860786417039,-0.0382639442739243,-0.759253601238671,-1.21764314082749,-0.205019902303017,0.847765711656421,1.36852100217096,0.17013722254388,-0.048236570436645,-0.0330109162638679,-0.639535815693025,-0.906604300011301,0.613390963116015,0.782595037246263,-0.201230637018563,0.0286504053458163,0,-0.0930309953194633,-0.481588184154324,-0.984477210668762,0.91887320309467,-0.152796991925168,-1.48080674570224,-0.797595882078731,-0.0998707974396848,-0.0692112518235939,-0.410266899197836,-0.328780595364958,1.19219966462977,-1.08597671542088,-1.55967039733413,-0.767532904424768,-0.202993708003753,-0.0191459895266863,-0.303642030474405,1.02856038592245,-0.903658163008738,-2.26390404116519,-1.1603681679367,-0.527680489439249,-0.177318504788345
"1596",0,-0.346763866306412,0.760702328338993,0.0578262499066152,0.773219575117836,0.796419507866398,-0.416428649433891,-0.135962069060475,-0.0247411626405223,1.32090027230862,0.999757862091843,0.573225755678888,0.0971746640359598,-0.199570900700265,-0.540830462877054,-0.1555961886108,-0.0445734002443183,0.698221046055578,0.760367796531631,-0.961657113219938,-0.200184221487392,-1.29347794903808,-0.574697546273115,-0.113860786417039,-0.0382639442739243,1.49244802467431,0.924647769019562,0.981304034653986,1.00657188464015,-0.635224161117807,-0.650039470011399,-0.048236570436645,-0.0330109162638679,1.21576130976901,0.851769596983231,0.291469464743071,0.446252137175011,-0.0310389345431809,-0.831486854781667,0,-0.0930309953194633,-0.481588184154324,-0.984477210668762,-0.54754655543425,0.63920556357353,0.0665678053471691,-0.745054886965586,-0.0998707974396848,-0.0692112518235939,-0.410266899197836,-0.328780595364958,-0.36330510173903,1.16729496510292,0.127795813586543,-0.767532904424768,-0.202993708003753,-0.0191459895266863,-0.303642030474405,1.4289026035428,0.704487594782526,-0.0853884767976621,-0.816615584968009,-0.527680489439249,-0.177318504788345
"1597",0,1.88237474806379,1.99035700305451,0.524013130597061,-1.88456216211237,-0.992685559626734,-0.416428649433891,-0.135962069060475,-0.0247411626405223,1.64788288183065,0.816387510785152,0.573225755678888,0.501133233237465,-1.40155863315559,-0.540830462877054,-0.1555961886108,-0.0445734002443183,1.85033247926755,0.24020725930366,-0.793321208614283,0.666075277546543,-0.658411286082146,-0.60337125442814,-0.113860786417039,-0.0177637689065176,0.446314323459154,-0.876448421918504,-1.56081868739673,0.688959538672687,-0.301266633903012,-0.850792615223972,-0.048236570436645,-0.0330109162638679,-0.639535815693025,-1.2263086449194,-0.700376031076257,0.631211434866449,-0.371422339493946,-0.831486854781667,0,-0.0930309953194633,-0.481588184154324,-0.984477210668762,-0.655851723424326,1.27280760797249,-0.96501522868577,-0.797595882078731,-0.0998707974396848,-0.0692112518235939,-0.410266899197836,-0.680633513211668,0.997761568833671,0.962289042773028,-0.209697428597592,1.15564126973654,-0.202993708003753,-0.0191459895266863,0.728815661816031,2.02941592997334,0.93422270303842,0.904845870642121,1.58965249581285,3.40450717520438,4.19834190511436
"1598",0,-0.346763866306412,-0.314065241041354,-0.175267190438608,0.551737763681986,0.0807774808691453,-0.416428649433891,-0.135962069060475,-0.0247411626405223,0.666935053264552,0.633017159478461,-1.1641017596378,-0.974290212048683,0.369069248488584,-0.540830462877054,-0.1555961886108,-0.0445734002443183,0.410193187752585,-0.77966989822322,-1.14449189624664,-0.363535965128757,0.452955374090734,-0.574697546273115,-0.113860786417039,-0.0382639442739243,-0.759253601238671,-1.53139249135053,-0.374494750439731,0.389241398180464,0.533627184133976,-0.650039470011399,-0.048236570436645,-0.0330109162638679,-0.639535815693025,-1.2263086449194,0.291469464743071,-0.0582622129318667,0.990111280309114,0.315362825388311,0,-0.0930309953194633,-0.481588184154324,-0.984477210668762,-0.938054840392273,-1.26160056962335,0.238498311019326,1.03090454285591,-0.0998707974396848,-0.0692112518235939,-0.410266899197836,-1.20841288998173,-1.14105748492343,-0.520318765867068,0.971528919046879,-0.564903628832,-0.202993708003753,-0.0191459895266863,-0.303642030474405,-0.572808484558983,0.93422270303842,-0.0853884767976621,-0.816615584968009,-0.527680489439249,-0.177318504788345
"1599",0,0.767805440878689,1.62051638384327,0.0578262499066152,-2.54900759641992,-0.992685559626734,-0.382433674107165,-0.135962069060475,0.16709125331691,1.64788288183065,0.999757862091843,-0.00124007565526588,-0.552740656252641,-1.40155863315559,-0.540830462877054,-0.1555961886108,-0.0445734002443183,1.56230462096456,0.0702277330491799,-0.456649399402975,1.10662972764353,-1.29347794903808,-0.574697546273115,-0.113860786417039,-0.0382639442739243,-0.115910279549249,-0.548976387202492,-1.2218689911233,0.847765711656421,-1.3031392155474,-0.650039470011399,-0.048236570436645,-0.0330109162638679,-0.639535815693025,-0.883240908589228,-0.0304520336298728,-0.0582622129318667,-1.56276425682162,-0.831486854781667,0,-0.0550623531173339,-0.520239924058549,-0.214770698051542,0.730239354496937,0.0440264227038912,-1.48080674570224,-0.237982318491598,-0.0998707974396848,-0.0692112518235939,0.578463044954106,1.43048399386859,1.19219966462977,1.16729496510292,1.14027554013895,1.46138912709568,-0.202993708003753,-0.0191459895266863,0.728815661816031,1.02856038592245,-0.214452838241053,-0.679529085261532,0.386518455422421,1.68417507192279,-0.177318504788345
"1600",0,-0.346763866306412,0.975655842215063,0.0578262499066152,-2.10604397354822,-0.992685559626734,-0.416428649433891,-0.0581956061129899,-0.064995348517452,-0.640995384823577,0.735264256378396,0.573225755678888,-0.552740656252641,-1.40155863315559,-0.540830462877054,-0.1555961886108,-0.0445734002443183,-0.741918245459386,0.7501458380671,0.0483583144139882,0.779926240360802,-0.790954526171118,-0.574697546273115,-0.113860786417039,-0.0382639442739243,-0.759253601238671,-1.36765647399252,-0.71344444671316,0.37134719270522,-0.626884321022445,-0.650039470011399,-0.048236570436645,-0.0330109162638679,-0.639535815693025,-1.2263086449194,-0.0304520336298728,-0.226433662967493,-1.56276425682162,-0.831486854781667,0,-0.0754419279399363,-0.481588184154324,-0.52265330309843,1.36287885195866,-0.944799547423866,-1.48080674570224,-0.797595882078731,-0.0998707974396848,-0.0692112518235939,1.52669651747532,1.43048399386859,1.19219966462977,0.0422191444562627,-0.547190670781726,-0.362274353239232,-0.202993708003753,-0.0191459895266863,0.728815661816031,0.42804705949191,-0.903658163008738,-0.0853884767976621,1.07402362135981,1.92993680096302,-0.177318504788345
"1601",0,-0.346763866306412,-0.958925782669563,0.990200011287507,0.551737763681986,-0.813775052877421,-0.416428649433891,-0.135962069060475,-0.064995348517452,-0.640995384823577,-1.38405670489514,1.06960504576937,1.13345756693153,-0.604329846309976,-0.540830462877054,-0.1555961886108,-0.0445734002443183,-0.741918245459386,-1.13097044669794,1.56338145586488,1.43333321492626,-0.499644620343163,-0.574697546273115,-0.113860786417039,-0.0382639442739243,-0.759253601238671,-1.53139249135053,1.1507788827907,1.00657188464015,-0.134287870295615,-0.650039470011399,-0.048236570436645,-0.0330109162638679,-0.639535815693025,-0.107343437741059,1.09627321067543,0.950766487281889,-1.56276425682162,-0.831486854781667,0,-0.0930309953194633,-0.481588184154324,0.247053209518791,1.36287885195866,0.95600658577301,-1.48080674570224,-0.797595882078731,-0.0998707974396848,-0.0692112518235939,-0.410266899197836,-0.152854136441604,1.19219966462977,0.979782328328481,-1.55967039733413,-0.820754079874696,-0.202993708003753,-0.0191459895266863,-0.303642030474405,-0.772979593369162,0.245017378270736,0.904845870642121,-1.1603681679367,-0.770853640886555,-0.177318504788345
"1602",0,-0.313161520827571,-0.743972268793493,-0.175267190438608,-0.777153104933116,-0.813775052877421,-0.416428649433891,-0.135962069060475,-0.0247411626405223,-0.640995384823577,-0.765118630540842,1.06960504576937,1.13345756693153,0.113275898480654,-0.540830462877054,-0.234133476886717,-0.0445734002443183,-0.741918245459386,0.24020725930366,1.56338145586488,1.43333321492626,0.368774477718053,-0.574697546273115,-0.113860786417039,-0.0382639442739243,-0.759253601238671,0.924647769019562,1.1507788827907,1.00657188464015,0.366648420526578,-0.650039470011399,-0.048236570436645,-0.0330109162638679,-0.639535815693025,0.851769596983231,1.24616892907968,0.950766487281889,-0.0692630785363536,-0.831486854781667,0,-0.0930309953194633,-0.481588184154324,0.0931119069953467,1.36287885195866,1.27280760797249,0.0665678053471691,-0.797595882078731,-0.0998707974396848,-0.0692112518235939,-0.410266899197836,-0.504707054288313,1.19219966462977,1.1492064542006,0.634035676862745,-0.767532904424768,-0.202993708003753,-0.0912709356995593,-0.303642030474405,-0.97315070217934,-0.214452838241053,0.112658392690295,0.558394746906768,-0.527680489439249,-0.234823831133258
"1603",0,-0.346763866306412,-0.743972268793493,-0.408360630783831,0.994701386553687,0.812768552081899,-0.416428649433891,-0.135962069060475,-0.0247411626405223,0.0129698342204877,0.816387510785152,-0.667722469547314,-2.02816410153879,1.31319738974234,0.198268875224692,-0.1555961886108,0.188762392482701,1.56230462096456,0.0702277330491799,-0.830927444099236,-0.200184221487392,0.929255371307683,-0.574697546273115,-0.113860786417039,-0.0382639442739243,1.17077636382959,0.760911751661556,0.472879490243842,0.688959538672687,-0.802202924725205,-0.650039470011399,-0.048236570436645,-0.0330109162638679,-0.0211034405390152,1.33132611434538,0.613390963116015,0.109909237103759,-1.56276425682162,-0.831486854781667,0,-0.0930309953194633,1.87263947906903,0.554935814565679,-1.12171262543579,0.480805052473791,-0.105362700324987,-0.374612865556113,-0.0998707974396848,-0.0692112518235939,-0.410266899197836,1.07863107602188,-1.33549558071953,-1.83290722328817,0.634035676862745,-0.564903628832,-0.202993708003753,-0.0191459895266863,-0.303642030474405,-0.772979593369162,0.474752486526631,0.904845870642121,1.24589991284416,-0.527680489439249,-0.177318504788345
"1604",0,-0.346763866306412,0.330795300586854,0.524013130597061,0.108774140810285,-0.992685559626734,-0.416428649433891,-0.135962069060475,-0.0247411626405223,0.993917662786584,0.999757862091843,1.06960504576937,1.13345756693153,-0.391668945398093,-0.540830462877054,-0.1555961886108,-0.0445734002443183,1.56230462096456,1.09010489057606,0.216694219019643,-0.363535965128757,1.08802203704667,0.270524592507076,-0.113860786417039,-0.0382639442739243,1.81411968551902,0.556402162584268,-1.56081868739673,-1.53432688309958,0.898484441859517,1.26370614595092,-0.048236570436645,-0.0330109162638679,1.83419368492302,0.532065252075134,-1.47909877630812,-1.73997671328813,0.479536172882967,0.602075245430805,0,-0.0930309953194633,0.863684766259023,1.01675972213601,-0.613821062174706,-1.26160056962335,1.02230273485624,0.34521688350542,-0.0998707974396848,-0.0692112518235939,0.183282053656881,1.02630098708568,0.414447281445371,-0.145293492318181,1.14027554013895,-0.159645077646464,-0.202993708003753,-0.0191459895266863,-0.303642030474405,0.42804705949191,0.474752486526631,0.112658392690295,0.0427658724537265,-0.527680489439249,-0.177318504788345
"1605",0,0.767805440878689,1.19866174632968,0.0578262499066152,-1.88456216211237,-1.59754262998345,-0.416428649433891,-0.135962069060475,-0.0247411626405223,-0.314012775301545,0.999757862091843,1.06960504576937,0.711908011135486,-1.06492873723642,-0.540830462877054,-0.1555961886108,-0.0445734002443183,-0.641626747063054,1.09010489057606,1.56338145586488,1.43333321492626,1.24678870278565,-0.292956833346385,-0.113860786417039,-0.0382639442739243,-0.759253601238671,0.433439716945544,1.1507788827907,1.00657188464015,-0.635224161117807,-0.650039470011399,-0.0885116476043009,-0.0330109162638679,-0.639535815693025,0.691917424529183,1.09627321067543,0.950766487281889,-0.371422339493946,-0.831486854781667,0,-0.0930309953194633,0.19104829105235,1.47858362970634,1.36287885195866,1.27280760797249,0.926220333707951,-0.797595882078731,-0.0998707974396848,-0.0692112518235939,1.52669651747532,1.43048399386859,1.19219966462977,1.36700460216663,0.0708790270856549,-0.767532904424768,-0.202993708003753,-0.0191459895266863,0.728815661816031,1.22873149473262,-0.444187946496948,-1.2736696937254,-1.1603681679367,-0.527680489439249,-0.177318504788345
"1606",0,-0.346763866306412,0.115841786710785,0.757106570942284,0.773219575117836,0.975330014615711,1.05015714407974,-0.135962069060475,-0.0247411626405223,-0.640995384823577,0.633017159478461,-0.915912114592555,0.290358455339444,1.12316558623815,2.66193333556384,-0.1555961886108,-0.0364582152705978,-0.1658625288534,1.09010489057606,-0.624985304008629,-1.18029468333559,0.452955374090734,2.80619100884765,-0.113860786417039,-0.0382639442739243,-0.759253601238671,0.59717573430355,1.1507788827907,0.847765711656421,-0.199570915369361,-0.376647239159639,-0.048236570436645,-0.0330109162638679,-0.639535815693025,-0.267195610195108,1.09627321067543,0.950766487281889,-0.371422339493946,-0.831486854781667,0,-0.0930309953194633,-0.481588184154324,1.01675972213601,-0.34527778875002,0.480805052473791,0.582359322363638,-0.797595882078731,-0.0998707974396848,-0.0692112518235939,-0.410266899197836,0.902704617098525,0.220009185649271,-0.145293492318181,1.14027554013895,-0.362274353239232,-0.202993708003753,-0.0191459895266863,-0.303642030474405,0.027704841871553,0.474752486526631,0.706799001154165,0.0427658724537265,-0.527680489439249,-0.177318504788345
"1607",0,-0.346763866306412,-0.743972268793493,0.290919690251838,0.706160079510722,0.259687987618459,-0.416428649433891,-0.0504575214010799,-0.0247411626405223,-0.632024370689517,-0.650575299668376,0.821415400724128,0.425377072811503,0.658181987843697,-0.0480975708092236,0.109778807302155,-0.0445734002443183,-0.741918245459386,-0.9496494244777,0.375969933492828,1.04847480434282,1.51921665166863,1.67922815714073,-0.113860786417039,-0.0382639442739243,-0.759253601238671,-1.53139249135053,-0.205019902303017,1.00657188464015,0.867584711348771,2.0838828385062,-0.048236570436645,-0.0330109162638679,0.906545122192,-0.586899955103205,-1.47909877630812,-1.73997671328813,-0.371422339493946,2.89577460577076,0,-0.0930309953194633,0.863684766259023,1.01675972213601,-1.12171262543579,-1.26160056962335,0.0665678053471691,1.7165922022064,-0.0998707974396848,-0.0692112518235939,0.0739739549704533,0.726778158175171,-0.6679461454802,-1.0828566761904,0.634035676862745,1.25875985150291,-0.202993708003753,-0.0191459895266863,-0.303642030474405,-0.772979593369162,0.0152822700148413,0.904845870642121,1.58965249581285,0.455366426721658,-0.177318504788345
"1608",0,-0.346763866306412,-0.314065241041354,0.757106570942284,0.551737763681986,0.259687987618459,-0.416428649433891,-0.135962069060475,0.00131510914950845,0.0129698342204877,0.633017159478461,-0.419532824502074,-0.552740656252641,1.12316558623815,-0.0480975708092236,-0.1555961886108,-0.0445734002443183,1.56230462096456,1.09010489057606,-0.793321208614283,-1.01694293969422,1.24678870278565,0.834006018360537,-0.113860786417039,-0.0382639442739243,-0.43758194039396,0.760911751661556,0.811829186517271,0.688959538672687,0.700605947741373,-0.650039470011399,-0.048236570436645,-0.0330109162638679,-0.639535815693025,-1.06645647246535,0.935312461488958,0.950766487281889,-0.371422339493946,-0.831486854781667,0,-0.0930309953194633,-0.481588184154324,0.0931119069953467,1.05230491728436,0.00560351917457189,1.09815083938011,-0.340470775845071,-0.0998707974396848,-0.0692112518235939,-0.410266899197836,0.0230723224817513,-0.16886700594293,-1.27036931296484,0.802782297954812,0.650872024724607,-0.202993708003753,-0.0191459895266863,-0.303642030474405,-0.172466266938626,0.93422270303842,0.904845870642121,0.730271038391115,0.304200394843427,-0.177318504788345
"1609",0,-0.346763866306412,-0.743972268793493,0.757106570942284,1.25029588463709,1.51206153486365,1.05015714407974,-0.247791194401547,-0.0247411626405223,-0.640995384823577,-1.01731600228176,0.821415400724128,-0.263635563384483,0.786535690318983,2.16920044349601,-0.1555961886108,-0.0445734002443183,0.288000712495264,0.24020725930366,0.89003783744226,-0.0368324778460259,1.08802203704667,1.2190652655736,-0.113860786417039,-0.0382639442739243,1.49244802467431,1.08838378637757,1.1507788827907,1.00657188464015,0.032690893311783,-0.376647239159639,-0.048236570436645,-0.0330109162638679,-0.0211034405390152,1.17147394189133,1.09627321067543,-0.394605113003119,-1.56276425682162,-0.831486854781667,0,-0.257723924719357,-0.481588184154324,0.0931119069953467,1.36287885195866,0.63920556357353,-1.48080674570224,-1.12608922299566,-0.0998707974396848,-0.0692112518235939,-0.410266899197836,-0.680633513211668,1.19219966462977,1.16729496510292,-1.24085963687616,-0.767532904424768,-0.202993708003753,-0.0191459895266863,-0.303642030474405,-0.772979593369162,0.474752486526631,0.508752131666208,-1.1603681679367,-0.527680489439249,-0.177318504788345
"1610",0,-0.346763866306412,-0.743972268793493,0.990200011287507,0.330255952246136,-0.992685559626734,-0.416428649433891,-0.135962069060475,-0.0247411626405223,-0.640995384823577,-1.20068635358845,1.06960504576937,0.922682789033507,-1.40155863315559,-0.604344441897147,-0.1555961886108,-0.0445734002443183,-0.741918245459386,-1.28960847698666,1.56338145586488,1.43333321492626,-0.975944617560112,-0.574697546273115,-0.113860786417039,-0.0382639442739243,-0.759253601238671,-1.36765647399252,1.1507788827907,1.00657188464015,-0.337128451401872,-0.650039470011399,-0.048236570436645,-0.0330109162638679,-0.639535815693025,-1.2263086449194,0.935312461488958,0.950766487281889,-0.656142353536177,-0.831486854781667,0,-0.0930309953194633,-0.481588184154324,-0.984477210668762,1.21525435530932,1.27280760797249,-0.96501522868577,-0.797595882078731,-0.378778367812361,-0.0692112518235939,-0.458948114160325,-1.12638280214268,1.19219966462977,1.16729496510292,-1.05343053405793,-0.173281127929766,-0.202993708003753,-0.0191459895266863,-0.303642030474405,-1.17332181098952,0.474752486526631,0.904845870642121,0.152275670200346,0.59736288972957,-0.177318504788345
"1611",0,1.88237474806379,1.56136431619787,0.565565393258086,-2.32752578498407,-0.992685559626734,-0.416428649433891,-0.135962069060475,0.20024648215039,1.97486549135268,0.816387510785152,1.06960504576937,-0.34196587835462,-1.40155863315559,-0.540830462877054,-0.1555961886108,-0.0445734002443183,1.56230462096456,0.0702277330491799,0.721701932836606,0.779926240360802,-1.29347794903808,-0.574697546273115,-0.113860786417039,-0.0382639442739243,-0.43758194039396,-1.12282234566259,-0.374494750439731,1.00657188464015,-1.3031392155474,-0.650039470011399,-0.048236570436645,-0.0330109162638679,-0.639535815693025,-1.2263086449194,0.130508715556599,0.446252137175011,-1.56276425682162,-0.831486854781667,0,-0.0930309953194633,0.0350870113556532,0.0720125518443411,1.20759188462151,0.322404541374051,-1.48080674570224,-1.00056157522914,-0.0998707974396848,-0.0692112518235939,2.01093737164361,1.43048399386859,1.19219966462977,1.16729496510292,0.465289055770677,0.853501300317375,-0.202993708003753,-0.0191459895266863,2.7937310463969,1.22873149473262,0.48233543419152,-0.0853884767976621,1.24589991284416,3.40450717520438,0.697813577192196
"1612",0,-0.346763866306412,-1.17387929654563,-1.80692127285517,-0.112707670625565,1.15424052136502,1.05015714407974,-0.135962069060475,-0.0247411626405223,-0.640995384823577,-1.75079740750852,1.06960504576937,1.13345756693153,1.29148053419773,-0.294464016843139,-0.1555961886108,-0.0445734002443183,-0.741918245459386,-0.26973131945978,1.56338145586488,1.43333321492626,0.7704887055687,-0.574697546273115,-0.113860786417039,-0.0598124768661009,-0.43758194039396,0.760911751661556,1.1507788827907,1.00657188464015,-0.635224161117807,-0.650039470011399,-0.048236570436645,-0.0330109162638679,0.572777165639064,1.33132611434538,1.09627321067543,0.950766487281889,-0.881997446920094,-0.831486854781667,0,-0.0930309953194633,1.87263947906903,1.47858362970634,1.36287885195866,1.27280760797249,-1.30887624003008,-0.797595882078731,-0.170055349641237,-0.0692112518235939,0.0739739549704533,0.726778158175171,1.19219966462977,1.16729496510292,-1.05343053405793,-0.767532904424768,-0.202993708003753,-0.0191459895266863,-0.303642030474405,-1.17332181098952,-1.13339327126463,0.112658392690295,-0.419061774363464,-0.527680489439249,-0.177318504788345
"1613",0,-0.346763866306412,-1.17387929654563,-0.919852451003037,-0.777153104933116,-0.992685559626734,-0.416428649433891,-0.135962069060475,-0.0247411626405223,-0.640995384823577,-1.38405670489514,1.06960504576937,-1.39583976784473,-1.40155863315559,-0.540830462877054,-0.1555961886108,-0.0445734002443183,-0.741918245459386,0.7501458380671,0.553366028230951,-1.18029468333559,-0.34087795460418,0.270524592507076,-0.113860786417039,-0.0382639442739243,0.527433042140173,1.08838378637757,0.112218162483414,-0.899102191164647,1.36852100217096,1.53709837680268,-0.048236570436645,-0.0330109162638679,0.28811274703799,1.33132611434538,1.09627321067543,0.650108459044084,1.1603029827845,0.547400685517152,0,-0.0930309953194633,-0.481588184154324,-0.368712000574986,-0.189990821412867,1.27280760797249,0.582359322363638,-0.797595882078731,-0.0998707974396848,-0.0692112518235939,-0.410266899197836,-1.38433934890509,-0.680616392404095,1.16729496510292,-0.547190670781726,-0.767532904424768,-0.179947468597725,-0.0191459895266863,-0.303642030474405,-1.17332181098952,-1.13339327126463,0.310705262178251,-1.1603681679367,-0.527680489439249,-0.177318504788345
"1614",0,1.88237474806379,1.83546989771934,0.990200011287507,0.330255952246136,-0.813775052877421,-0.416428649433891,-0.00391774798071005,-0.0247411626405223,1.4024266316963,0.633017159478461,-0.419532824502074,0.922682789033507,-0.0550390494789284,-0.540830462877054,-0.1555961886108,-0.0445734002443183,0.698221046055578,-1.28960847698666,-1.12999301782559,0.779926240360802,0.611722039829717,-0.574697546273115,-0.113860786417039,-0.0382639442739243,-0.759253601238671,-1.53139249135053,-0.882919294849875,1.00657188464015,-0.301266633903012,-0.650039470011399,-0.048236570436645,-0.0330109162638679,-0.639535815693025,-1.06645647246535,0.935312461488958,-0.0582622129318667,-1.56276425682162,-0.831486854781667,0,-0.0930309953194633,0.0961659008545241,0.708877117089123,1.05230491728436,-1.10320005852361,-1.48080674570224,-0.797595882078731,-0.0998707974396848,0.159076336733383,1.52669651747532,1.43048399386859,-0.36330510173903,-1.64539458651373,0.0817709158720194,-0.767532904424768,-0.202993708003753,-0.0191459895266863,1.76127335410647,1.74912711394987,0.93422270303842,0.828501956957616,1.58965249581285,1.43841334288257,-0.177318504788345
"1615",0,-0.346763866306412,-1.17387929654563,0.0578262499066152,-1.88456216211237,-0.992685559626734,-0.416428649433891,-0.135962069060475,-0.0247411626405223,-0.640995384823577,-0.100464245748303,0.573225755678888,-2.02816410153879,-1.40155863315559,-0.540830462877054,-0.1555961886108,-0.0445734002443183,-0.741918245459386,0.7501458380671,0.385030123625297,-1.01694293969422,-0.676700349837268,-0.574697546273115,-0.139502757415126,-0.0382639442739243,-0.43758194039396,0.928349545898248,1.1507788827907,0.847765711656421,0.0712965535971381,-0.650039470011399,-0.048236570436645,-0.0330109162638679,0.0975166945534385,1.33132611434538,0.130508715556599,-0.899119463109996,0.819919577833732,0.8887876654733,0,-0.0930309953194633,0.19104829105235,1.04280996973703,-0.966425658098632,-1.26160056962335,-0.621154217341457,1.94515475532323,-0.0998707974396848,-0.0692112518235939,-0.410266899197836,0.726778158175171,-0.16886700594293,-1.0828566761904,-0.378444049689659,2.27190622946675,-0.202993708003753,-0.0191459895266863,-0.303642030474405,-1.07498994250823,-0.444187946496948,0.904845870642121,1.58965249581285,1.19265161384234,-0.150194066342558
"1616",0,-0.346763866306412,0.760702328338993,-0.641454071129054,-2.54900759641992,-0.992685559626734,-0.416428649433891,0.047432486013016,-0.0247411626405223,-0.197966182325451,-0.650575299668376,1.06960504576937,-1.81738932364077,-1.40155863315559,-0.540830462877054,-0.0905386725541167,-0.111531751188364,-0.741918245459386,-0.26973131945978,1.56338145586488,-0.690239452411488,-1.29347794903808,-0.574697546273115,-0.113860786417039,-0.0382639442739243,-0.759253601238671,-0.548976387202492,1.1507788827907,-0.10507132624598,-1.3031392155474,-0.650039470011399,-0.048236570436645,-0.0330109162638679,-0.639535815693025,-1.2263086449194,-0.513334281189288,0.614423587210637,-1.19750043471098,-0.831486854781667,0,-0.0930309953194633,-0.452951827524214,-0.984477210668762,-0.966425658098632,1.11440709687275,-0.793084723013613,-0.797595882078731,-0.0998707974396848,-0.0692112518235939,-0.410266899197836,-0.353170925314574,0.414447281445371,0.979782328328481,0.802782297954812,1.05613057591014,5.94507179709886,-0.0191459895266863,-0.303642030474405,0.227875950681732,0.93422270303842,0.904845870642121,1.58965249581285,3.40450717520438,4.05254851505457
"1617",0,-0.346763866306412,-0.717056203598888,0.757106570942284,-0.555671293497266,-0.992685559626734,-0.416428649433891,-0.135962069060475,-0.0247411626405223,-0.640995384823577,-1.38405670489514,1.06960504576937,0.290358455339444,-0.0550390494789284,-0.540830462877054,-0.1555961886108,-0.0445734002443183,-0.741918245459386,-0.26973131945978,1.22670964665357,-0.690239452411488,0.294188708351751,-0.0112161204196545,-0.113860786417039,-0.0382639442739243,-0.759253601238671,0.760911751661556,-0.71344444671316,-1.53432688309958,-0.301266633903012,0.990313915099158,-0.048236570436645,-0.0330109162638679,-0.0211034405390152,1.17147394189133,-0.638653255310749,-1.73997671328813,-1.05218914939548,1.74892492560078,0,-0.0930309953194633,-0.145269946550987,1.3246423271829,-1.12171262543579,-1.26160056962335,-0.183119139597385,1.94515475532323,-0.0998707974396848,-0.0692112518235939,-0.410266899197836,0.726778158175171,-0.16886700594293,-0.862958196634796,0.29654243467861,1.46138912709568,0.371968902698808,-0.0191459895266863,-0.305644414212967,-0.772979593369162,0.474752486526631,0.904845870642121,0.558394746906768,0.209604697681432,-0.177318504788345
"1618",0,-0.346763866306412,0.545748814462924,0.0578262499066152,0.551737763681986,1.69097204161296,3.98332873110699,0.791420999008737,-0.0247411626405223,0.33995244374252,0.816387510785152,1.06960504576937,0.711908011135486,1.29148053419773,3.15466622763167,1.80127119247638,-0.0445734002443183,-0.741918245459386,0.0702277330491799,-1.31641250329773,-0.363535965128757,1.24678870278565,1.397487444214,-0.113860786417039,-0.0382639442739243,-0.759253601238671,-1.53139249135053,-1.39134383926002,0.688959538672687,0.700605947741373,-0.650039470011399,-0.048236570436645,-0.0330109162638679,-0.639535815693025,-1.2263086449194,0.153903380094141,0.950766487281889,-0.711805744444711,-0.831486854781667,0,-0.0930309953194633,-0.481588184154324,-0.984477210668762,1.20759188462151,0.643393435090941,-1.48080674570224,-0.797595882078731,-0.0998707974396848,-0.0692112518235939,-0.410266899197836,-0.328780595364958,1.26066488257972,-0.520318765867068,-1.55967039733413,-0.767532904424768,-0.202993708003753,-0.0191459895266863,-0.303642030474405,1.02856038592245,0.93422270303842,-1.66976343270132,-1.1603681679367,-0.527680489439249,-0.177318504788345
"1619",0,-0.346763866306412,1.4055628699672,0.290919690251838,-1.88456216211237,-0.992685559626734,-0.416428649433891,-0.135962069060475,-0.0247411626405223,0.666935053264552,0.999757862091843,0.573225755678888,-0.131191100456599,-1.40155863315559,-0.540830462877054,-0.1555961886108,-0.0364582152705978,-0.1658625288534,-0.9496494244777,-0.119977590191666,0.453222753078071,-1.29347794903808,-0.574697546273115,-0.113860786417039,-0.0382639442739243,-0.759253601238671,-1.53139249135053,-0.0355450541663019,0.212541019721487,-1.3031392155474,-0.650039470011399,-0.048236570436645,-0.0330109162638679,-0.639535815693025,-0.906604300011301,0.935312461488958,-1.5718052632525,-1.56276425682162,-0.831486854781667,0,-0.0930309953194633,-0.481588184154324,0.554935814565679,0.586444015272899,-1.26160056962335,-1.48080674570224,-0.728142120629302,-0.0998707974396848,-0.0692112518235939,1.52669651747532,1.43048399386859,0.0255710898531705,-0.707831402641512,-0.884683912965861,-0.159645077646464,-0.202993708003753,-0.0191459895266863,0.728815661816031,0.828389277112268,0.704487594782526,0.904845870642121,1.58965249581285,1.68417507192279,-0.177318504788345
"1620",0,-0.448838442916553,-1.17387929654563,0.0578262499066152,0.994701386553687,-0.0852739258756855,-0.416428649433891,-0.135962069060475,-0.064995348517452,-0.640995384823577,-1.56742705620183,0.325036110633647,0.503215828099963,-0.0550390494789284,-0.540830462877054,-0.1555961886108,-0.0445734002443183,0.986248904358571,0.92012536432158,1.56338145586488,0.909376383400836,0.294188708351751,-0.574697546273115,-0.113860786417039,-0.0382639442739243,0.527433042140173,-0.22150435248648,-0.0355450541663019,1.00657188464015,1.03456347495617,-0.650039470011399,-0.048236570436645,-0.0330109162638679,-0.639535815693025,-1.2263086449194,-1.47909877630812,0.614423587210637,1.1603029827845,0.315362825388311,0,-0.0930309953194633,-0.481588184154324,-0.984477210668762,-1.12171262543579,-0.152796991925168,1.27008134505226,1.94515475532323,-0.0998707974396848,-0.0692112518235939,-0.410266899197836,-1.38433934890509,-0.547356506024774,0.229731781230706,1.14027554013895,1.66401840268845,-0.202993708003753,-0.0191459895266863,-0.303642030474405,-1.17332181098952,0.245017378270736,0.904845870642121,1.07402362135981,0.209604697681432,-0.177318504788345
"1621",0,-0.403615771135919,-0.958925782669563,0.757106570942284,0.330255952246136,-0.992685559626734,-0.416428649433891,-0.135962069060475,-0.0247411626405223,-0.640995384823577,-0.443305774231689,1.06960504576937,1.13345756693153,-1.06492873723642,-0.540830462877054,-0.1555961886108,-0.0445734002443183,-0.453890387156393,0.553879089651414,1.56338145586488,0.779926240360802,-1.29347794903808,-0.574697546273115,-0.113860786417039,-0.0382639442739243,1.81411968551902,1.08838378637757,1.1507788827907,-0.263877499229713,-1.3031392155474,-0.650039470011399,-0.048236570436645,-0.0330109162638679,-0.0211034405390152,0.691917424529183,1.09627321067543,-0.73094801307437,-0.985541081573153,-0.831486854781667,0,-0.0930309953194633,-0.415940805752999,0.0931119069953467,1.36287885195866,-0.152796991925168,-1.48080674570224,-0.797595882078731,-0.0998707974396848,-0.142706667508593,-0.410266899197836,-0.242550063035002,1.19219966462977,-0.332806129092624,-1.14129751303809,-0.767532904424768,-0.202993708003753,-0.0191459895266863,-0.303642030474405,-0.817661582581322,0.474752486526631,-0.462867793690394,-1.1603681679367,-0.527680489439249,-0.177318504788345
"1622",0,-0.128430283601557,0.760702328338993,0.446542503182413,0.551737763681986,0.259687987618459,-0.416428649433891,-0.185595568018723,-0.0247411626405223,-0.640995384823577,0.405953232693075,0.573225755678888,-0.34196587835462,-0.0550390494789284,-0.540830462877054,-0.1555961886108,-0.0445734002443183,-0.741918245459386,0.41018678555814,0.216694219019643,-1.01694293969422,-1.29347794903808,-0.679791766074753,-0.113860786417039,-0.0382639442739243,-0.759253601238671,0.924647769019562,1.28015107533086,0.688959538672687,-1.13616045194,-0.799882054869568,-0.048236570436645,-0.0330109162638679,-0.639535815693025,-0.267195610195108,-0.191412782816345,-0.0582622129318667,0.139152767932202,-0.831486854781667,0,-0.127931233236176,-0.481588184154324,-0.984477210668762,-1.12171262543579,0.00560351917457189,0.410428816691482,-0.797595882078731,-0.0998707974396848,-0.199867365196256,-0.410266899197836,-0.152854136441604,0.608885377241471,1.16729496510292,0.172131266778435,-0.767532904424768,-0.202993708003753,-0.0191459895266863,-0.303642030474405,0.42804705949191,0.704487594782526,-0.450842612178772,-1.1603681679367,-0.527680489439249,-0.177318504788345
"1623",0,-0.346763866306412,-1.17387929654563,-2.73929503423606,-0.777153104933116,1.86988254836228,0.17020566797156,-0.135962069060475,-0.0247411626405223,-0.640995384823577,-1.93416775881521,-1.41229140468304,1.13345756693153,1.29148053419773,0.198268875224692,-0.1555961886108,-0.0445734002443183,-0.741918245459386,-1.45958800324114,1.39504555125922,1.43333321492626,1.24678870278565,-0.574697546273115,-0.113860786417039,-0.0382639442739243,-0.759253601238671,0.59717573430355,1.1507788827907,1.00657188464015,0.700605947741373,-0.650039470011399,-0.048236570436645,-0.0223796602999814,0.597328934614995,1.33132611434538,-0.352373532002817,0.950766487281889,0.479536172882967,-0.831486854781667,0,-0.0930309953194633,0.144570163583578,-0.368712000574986,-0.655851723424326,1.27280760797249,0.0665678053471691,-0.797595882078731,-0.0998707974396848,0.103225519302509,-0.247891064865784,-1.37017612330391,-1.52993367651563,1.16729496510292,-0.209697428597592,-0.767532904424768,-0.350783094624445,-0.0191459895266863,-0.303642030474405,-1.17332181098952,-2.7415390290559,0.112658392690295,1.24589991284416,-0.527680489439249,-0.177318504788345
"1624",0,6.34065197680419,2.05042341159541,0.990200011287507,0.994701386553687,1.69097204161296,1.34347430278246,-0.135962069060475,-0.0247411626405223,2.30184810087471,0.999757862091843,-1.41229140468304,-1.1850649899467,1.51960786318138,2.41556688952993,-0.1555961886108,-0.0445734002443183,-0.741918245459386,-1.45958800324114,-0.961657113219938,0.943277984002168,1.08802203704667,1.07815541601723,-0.113860786417039,-0.0909846830221019,-0.759253601238671,-1.53139249135053,-0.71344444671316,1.00657188464015,-0.46824539751041,-0.650039470011399,-0.048236570436645,-0.0330109162638679,-0.68705829996293,-1.2263086449194,-1.47909877630812,0.614423587210637,-0.0804550342498386,-0.831486854781667,0,-0.0930309953194633,-0.481588184154324,-0.984477210668762,-1.12171262543579,0.63920556357353,0.926220333707951,-0.797595882078731,-0.0998707974396848,-0.0692112518235939,1.04245566330703,-0.152854136441604,-0.94661938912733,0.792269691554037,0.634035676862745,-0.767532904424768,-0.202993708003753,-0.0191459895266863,8.98847720013952,2.02941592997334,0.93422270303842,0.310705262178251,-0.816615584968009,-0.527680489439249,-0.177318504788345
"1625",0,-0.346763866306412,-1.17387929654563,-0.641454071129054,0.551737763681986,-0.813775052877421,-0.416428649433891,-0.135962069060475,-0.0247411626405223,-0.640995384823577,-1.01731600228176,1.06960504576937,-1.39583976784473,-1.40155863315559,-0.294464016843139,0.822837501932791,-0.12016755277347,-0.741918245459386,0.7501458380671,1.05837374204791,-0.73066148004022,-0.817177951821129,3.08793172177438,13.7352945732202,-0.0564895636525895,-0.43758194039396,1.08838378637757,1.1507788827907,1.00657188464015,1.36852100217096,3.17745176191323,16.5692619449875,-0.0330109162638679,-0.639535815693025,-0.107343437741059,0.452430213929543,0.614423587210637,1.1603029827845,0.599670360245295,0,-0.0930309953194633,-0.481588184154324,-0.984477210668762,-1.12171262543579,1.09618538922383,0.238498311019326,-0.797595882078731,-0.0998707974396848,-0.0692112518235939,-0.410266899197836,-1.38433934890509,-0.311927019107564,1.16729496510292,-1.22217715515,-0.767532904424768,-0.202993708003753,-0.0191459895266863,-0.303642030474405,-1.17332181098952,0.245017378270736,-1.2736696937254,-1.1603681679367,-0.527680489439249,-0.177318504788345
"1626",0,-0.346763866306412,-1.17387929654563,-2.27310815354561,0.551737763681986,-0.634864546128108,-0.416428649433891,-0.135962069060475,-0.0247411626405223,-0.640995384823577,-1.93416775881521,0.0884206510868293,0.501133233237465,-1.40155863315559,-0.540830462877054,-0.1555961886108,-0.0445734002443183,-0.741918245459386,-0.26973131945978,1.39504555125922,-0.855388074871883,-0.975944617560112,2.24270958299419,-0.113860786417039,-0.0382639442739243,-0.115910279549249,1.08838378637757,-0.0355450541663019,-1.53432688309958,0.700605947741373,2.33795311364308,-0.048236570436645,-0.146349731440209,3.38027462280804,1.33132611434538,-0.0304520336298728,0.278080687139385,1.1603029827845,1.74892492560078,0,-0.0930309953194633,3.55423066708572,1.47858362970634,1.36287885195866,1.27280760797249,1.41374569686788,-0.340470775845071,-0.0998707974396848,-0.0692112518235939,-0.410266899197836,-0.680633513211668,-1.33549558071953,0.792269691554037,0.802782297954812,-0.767532904424768,-0.202993708003753,-0.0191459895266863,-0.405091840497833,-1.17332181098952,-2.7415390290559,0.706799001154165,1.07402362135981,-0.527680489439249,-0.177318504788345
"1627",0,-0.346763866306412,0.115841786710785,0.290919690251838,-1.22011672780482,-1.16421225172046,-0.416428649433891,-0.135962069060475,-0.064995348517452,-0.640995384823577,-0.100464245748303,1.06960504576937,0.711908011135486,-0.391668945398093,-0.540830462877054,-0.1555961886108,-0.0445734002443183,-0.741918245459386,0.7501458380671,0.385030123625297,-0.690239452411488,1.24678870278565,-0.292956833346385,-0.0815155607092147,-0.0382639442739243,-0.759253601238671,0.924647769019562,-1.2218689911233,-1.53432688309958,1.20154223856357,0.596302738574598,-0.048236570436645,-0.0330109162638679,-0.639535815693025,1.01162176943728,-1.15717727793518,-1.73997671328813,-0.00232095042225356,0.332301606037956,0,-0.0930309953194633,0.00947330014495135,0.862818419612568,-0.500564756087173,-0.469598014124647,0.189322825457628,-0.797595882078731,-0.0998707974396848,-0.0692112518235939,-0.410266899197836,0.374925240328461,-0.16886700594293,0.979782328328481,-0.209697428597592,-0.767532904424768,-0.202993708003753,-0.0191459895266863,-0.303195726376481,-0.172466266938626,0.474752486526631,-0.283435346285619,-0.95526569489568,-0.527680489439249,-0.177318504788345
"1628",0,-0.346763866306412,-1.17387929654563,-2.50620159389084,0.894808817722169,1.51206153486365,-0.416428649433891,-0.135962069060475,-0.0247411626405223,-0.640995384823577,-1.93416775881521,-1.41229140468304,-0.367344443720962,-0.728298841317257,-0.540830462877054,-0.1555961886108,-0.0445734002443183,-0.741918245459386,-1.11962895073218,1.56338145586488,-0.526887708770123,0.135422042612768,0.270524592507076,-0.113860786417039,-0.0382639442739243,-0.115910279549249,0.59717573430355,0.981304034653986,-0.58148984519718,1.36852100217096,0.990313915099158,-0.048236570436645,0.173588074355923,2.76184224765403,1.33132611434538,1.09627321067543,0.950766487281889,1.1603029827845,1.74892492560078,0,-0.0930309953194633,0.527366528655686,-0.368712000574986,-0.500564756087173,0.322404541374051,1.27008134505226,-0.569033328961901,-0.0998707974396848,-0.0692112518235939,-0.410266899197836,-1.38433934890509,-1.91880986810783,0.229731781230706,0.634035676862745,-0.767532904424768,-0.202993708003753,-0.0191459895266863,-0.303642030474405,-1.17332181098952,-2.7415390290559,0.112658392690295,0.558394746906768,-0.527680489439249,-0.177318504788345
"1629",0,0.767805440878689,1.19060935609113,0.941550897942719,-0.998634916368966,-0.992685559626734,-0.416428649433891,0.00997559258237864,0.13393602448343,1.32090027230862,0.741998705815139,0.325036110633647,0.922682789033507,-0.728298841317257,-0.540830462877054,-0.1555961886108,-0.0445734002443183,-0.1658625288534,-0.443225765541897,-1.12999301782559,0.501689993056416,0.135422042612768,-0.574697546273115,-0.115520571287914,-0.0382639442739243,-0.759253601238671,-1.53139249135053,-1.56081868739673,-0.263877499229713,0.032690893311783,-0.650039470011399,-0.048236570436645,-0.0330109162638679,-0.639535815693025,-1.2263086449194,-1.47909877630812,0.446252137175011,-0.711805744444711,-0.831486854781667,0,-0.0930309953194633,-0.481588184154324,-0.984477210668762,0.12058311326144,0.63920556357353,-1.48080674570224,-0.797595882078731,-0.0998707974396848,-0.0692112518235939,-0.410266899197836,0.0230723224817513,1.19219966462977,0.0422191444562627,-0.0409508075055244,-0.159645077646464,-0.202993708003753,-0.0191459895266863,-0.303642030474405,1.00310151423414,0.704487594782526,0.706799001154165,1.58965249581285,1.19265161384234,-0.177318504788345
"1630",0,0.767805440878689,1.19060935609113,0.524013130597061,0.551737763681986,-0.277043532629481,-0.416428649433891,-0.135962069060475,-0.0247411626405223,0.33995244374252,0.633017159478461,-0.915912114592555,-0.131191100456599,1.29148053419773,-0.540830462877054,-0.1555961886108,-0.0445734002443183,-0.741918245459386,-1.62956752949562,-1.12999301782559,-0.363535965128757,1.24678870278565,-0.292956833346385,-0.113860786417039,-0.0382639442739243,-0.759253601238671,-1.53139249135053,-0.438824700279493,1.00657188464015,1.03456347495617,-0.0901853826884104,-0.048236570436645,-0.0330109162638679,-0.639535815693025,-1.2263086449194,-0.835255779562232,0.278080687139385,1.1603029827845,1.17550008551579,0,-0.0930309953194633,-0.481588184154324,-0.984477210668762,-1.12171262543579,-1.26160056962335,0.0665678053471691,1.94515475532323,5.96610083311692e-05,-0.0692112518235939,-0.410266899197836,-0.0709707502813923,-0.347410389884174,-0.332806129092624,0.802782297954812,1.86664767828122,-0.202993708003753,-0.0338432573430967,-0.303642030474405,0.227875950681732,0.650589903096595,0.112658392690295,0.361469968473415,0.209604697681432,-0.177318504788345
"1631",0,-0.346763866306412,0.115841786710785,0.757106570942284,0.994701386553687,1.86988254836228,1.05015714407974,-0.135962069060475,-0.0247411626405223,0.33995244374252,0.999757862091843,0.573225755678888,-0.552740656252641,-0.728298841317257,-0.294464016843139,-0.1555961886108,-0.0445734002443183,2.13836033757054,1.09010489057606,0.721701932836606,-0.690239452411488,-1.29347794903808,-0.574697546273115,-0.113860786417039,-0.0382639442739243,2.77913466805315,1.08838378637757,1.1507788827907,0.847765711656421,-0.802202924725205,-0.442554777297517,-0.048236570436645,-0.0330109162638679,-0.33031962811602,-0.906604300011301,-1.31813802712165,0.614423587210637,0.479536172882967,-0.831486854781667,0,-0.0930309953194633,-0.481588184154324,-0.984477210668762,-1.12171262543579,-0.152796991925168,1.27008134505226,-0.569033328961901,-0.0998707974396848,-0.0692112518235939,-0.400128576840642,-0.504707054288313,-0.566340311484633,0.229731781230706,0.971528919046879,-0.767532904424768,-0.202993708003753,-0.0191459895266863,-0.303642030474405,0.227875950681732,0.93422270303842,0.706799001154165,-0.644739293483662,-0.527680489439249,-0.177318504788345
"1632",0,0.767805440878689,1.4055628699672,0.990200011287507,0.773219575117836,0.87152708794348,0.463522826674285,-0.0182702809352749,-0.0247411626405223,1.64788288183065,1.10574047846722,0.573225755678888,0.0795836774414227,0.113275898480654,0.444635321258607,-0.1555961886108,-0.0445734002443183,0.122165329449593,1.09010489057606,0.216694219019643,-0.853591196052854,-1.29347794903808,-0.574697546273115,-0.113860786417039,-0.0382639442739243,0.849104702984884,1.08838378637757,1.1507788827907,0.847765711656421,-0.802202924725205,-0.965414185817911,-0.0111937918009328,-0.0330109162638679,-0.0211034405390152,0.0647571861006325,-0.0699015473706628,0.950766487281889,0.819919577833732,-0.831486854781667,0,-0.0930309953194633,-0.481588184154324,-0.984477210668762,-1.12171262543579,0.63920556357353,1.27008134505226,-0.569033328961901,-0.0998707974396848,-0.0692112518235939,0.558214809138742,0.726778158175171,0.414447281445371,1.16729496510292,1.14027554013895,-0.767532904424768,-0.202993708003753,-0.0191459895266863,0.728815661816031,1.62907371235298,0.93422270303842,-0.283435346285619,-0.644739293483662,-0.527680489439249,-0.177318504788345
"1633",0,-0.336054076609884,0.330795300586854,0.990200011287507,0.773219575117836,-0.277043532629481,-0.416428649433891,-0.135962069060475,-0.0247411626405223,-0.640995384823577,0.633017159478461,-1.41229140468304,-1.1850649899467,1.12316558623815,-0.0480975708092236,-0.1555961886108,-0.073994983229481,-0.453890387156393,1.09010489057606,-1.12999301782559,-0.200184221487392,1.03418194736113,-0.574697546273115,-0.113860786417039,-0.0382639442739243,-0.115910279549249,1.08838378637757,0.133929793970413,1.00657188464015,0.032690893311783,-0.650039470011399,-0.048236570436645,-0.0330109162638679,-0.639535815693025,0.212360907167038,1.09627321067543,0.446252137175011,-1.56276425682162,-0.831486854781667,0,-0.252579471592578,-0.481588184154324,0.554935814565679,0.741730982610052,1.11440709687275,-0.277293205997144,-0.797595882078731,-0.0998707974396848,-0.0692112518235939,0.0739739549704533,1.43048399386859,-1.33549558071953,-0.895344039415955,0.634035676862745,-0.767532904424768,-0.202993708003753,-0.0191459895266863,-0.303642030474405,0.628218168302089,0.704487594782526,0.508752131666208,0.0427658724537265,-0.527680489439249,-0.177318504788345
"1634",0,-0.346763866306412,1.19060935609113,0.990200011287507,-0.555671293497266,-0.452639467117518,-0.416428649433891,-0.135962069060475,-0.0247411626405223,2.30184810087471,0.266276456865079,-1.41229140468304,0.711908011135486,0.281590846440236,-0.540830462877054,-0.382823797150187,-0.0445734002443183,2.42638819587353,-0.77966989822322,-1.12999301782559,0.943277984002168,0.7704887055687,-0.574697546273115,-0.259756796258269,-0.0382639442739243,-0.43758194039396,0.269703699587538,0.811829186517271,0.37134719270522,1.20154223856357,0.990313915099158,-0.048236570436645,-0.0330109162638679,-0.639535815693025,-0.865799947655222,-1.47909877630812,-1.73997671328813,0.479536172882967,1.46221250555829,0,-0.0930309953194633,-0.481588184154324,-0.984477210668762,-1.12171262543579,-1.26160056962335,0.238498311019326,1.48802964908957,-0.0998707974396848,-0.0692112518235939,-0.389795913404849,-1.20841288998173,-1.91880986810783,-1.0828566761904,0.634035676862745,0.44824274913184,-0.202993708003753,-0.0191459895266863,-0.303642030474405,0.628218168302089,0.474752486526631,0.904845870642121,0.558394746906768,-0.527680489439249,-0.177318504788345
"1635",0,1.88237474806379,1.19060935609113,0.70134682939058,-0.998634916368966,-0.813775052877421,-0.416428649433891,-0.135962069060475,-0.0247411626405223,2.62883071039675,0.816387510785152,0.325036110633647,1.13345756693153,-0.728298841317257,-0.540830462877054,-0.1555961886108,-0.0445734002443183,2.42638819587353,0.41018678555814,-0.28831349479732,1.43333321492626,-0.868195500159674,-0.574697546273115,-0.113860786417039,-0.0382639442739243,-0.43758194039396,-1.20392045663452,0.126386054907966,0.688959538672687,-1.3031392155474,-0.650039470011399,-0.048236570436645,-0.0330109162638679,-0.639535815693025,-1.13811827904428,0.452430213929543,0.782595037246263,0.309344470407584,-0.544774434739172,0,-0.0930309953194633,-0.481588184154324,-0.984477210668762,-1.12171262543579,-0.944799547423866,0.926220333707951,1.48802964908957,-0.0998707974396848,-0.0692112518235939,-0.410266899197836,0.0230723224817513,0.414447281445371,0.41724441800515,1.06047906730292,1.46138912709568,-0.202993708003753,-0.0191459895266863,-0.303642030474405,0.628218168302089,0.704487594782526,-0.0853884767976621,0.214642163938074,-0.281918760399022,-0.241742755647668
"1636",0,-0.346763866306412,0.330795300586854,0.990200011287507,0.994701386553687,-0.813775052877421,-0.416428649433891,-0.135962069060475,-0.0247411626405223,-0.51860307657753,-0.650575299668376,1.06960504576937,1.13345756693153,-0.223353997438511,-0.540830462877054,-0.1555961886108,-0.0445734002443183,-0.741918245459386,-0.0997517932053001,1.56338145586488,1.43333321492626,0.135422042612768,-0.574697546273115,-0.113860786417039,-0.0382639442739243,-0.759253601238671,0.269703699587538,1.1507788827907,1.00657188464015,0.867584711348771,-0.650039470011399,-0.048236570436645,-0.0330109162638679,-0.639535815693025,-0.267195610195108,1.09627321067543,1.13542783392955,1.1603029827845,-0.258062014696678,0,-0.0930309953194633,-0.481588184154324,-0.676594605621874,1.36287885195866,1.27280760797249,1.09815083938011,-0.569033328961901,-0.229607601007698,-0.0692112518235939,-0.410266899197836,-0.6875855661371,0.789635348511489,1.16729496510292,0.589866608834285,-0.362274353239232,-0.202993708003753,-0.0338432573430967,-0.303642030474405,0.027704841871553,0.474752486526631,0.706799001154165,0.386518455422421,0.138089111105554,-0.177318504788345
"1637",0,-0.346763866306412,-0.0991117271652847,0.524013130597061,0.994701386553687,1.86988254836228,3.10337725499881,-0.135962069060475,-0.0247411626405223,0.993917662786584,0.999757862091843,0.325036110633647,-0.552740656252641,1.01057700982716,3.40103267366559,0.421754441692239,-0.0445734002443183,0.122165329449593,-0.43971084571426,-1.12999301782559,-0.690239452411488,0.929255371307683,2.24270958299419,-0.113860786417039,-0.0382639442739243,-0.759253601238671,-1.53139249135053,-1.39134383926002,0.530153365688954,1.03456347495617,-0.650039470011399,-0.441100097186372,-0.0330109162638679,-0.639535815693025,-1.2263086449194,-0.0304520336298728,0.782595037246263,-1.05218914939548,-0.831486854781667,0,-0.0930309953194633,-0.560705523091611,-0.368712000574986,1.36287885195866,0.0255977488320835,-1.48080674570224,-0.797595882078731,-0.0998707974396848,-0.0692112518235939,-0.410266899197836,0.726778158175171,0.608885377241471,-1.83290722328817,-1.55967039733413,-0.767532904424768,-0.202993708003753,-0.0191459895266863,-0.303642030474405,0.027704841871553,0.93422270303842,0.904845870642121,0.558394746906768,-0.527680489439249,-0.177318504788345
"1638",0,-0.346763866306412,-1.17387929654563,0.524013130597061,0.551737763681986,-0.992685559626734,-0.416428649433891,-0.116324679945135,-0.0247411626405223,-0.640995384823577,-1.01731600228176,1.06960504576937,0.290358455339444,-1.40155863315559,-0.540830462877054,-0.1555961886108,-0.0445734002443183,-0.741918245459386,-0.43971084571426,1.56338145586488,-0.200184221487392,-1.29347794903808,-0.574697546273115,-0.113860786417039,-0.0382639442739243,-0.759253601238671,0.433439716945544,1.1507788827907,-0.899102191164647,-1.3031392155474,-0.650039470011399,-0.048236570436645,-0.0330109162638679,-0.639535815693025,0.691917424529183,1.09627321067543,-0.771412531916498,-1.56276425682162,-0.624484555430139,0,-0.0930309953194633,-0.481588184154324,0.862818419612568,1.36287885195866,-1.26160056962335,-1.48080674570224,-0.797595882078731,-0.0998707974396848,-0.0692112518235939,-0.410266899197836,0.198998781405106,1.19219966462977,-1.0828566761904,-1.55967039733413,-0.767532904424768,-0.202993708003753,-0.0191459895266863,-0.303642030474405,-0.97315070217934,-0.161230873124038,0.706799001154165,-0.816615584968009,-0.527680489439249,-0.177318504788345
"1639",0,-0.346763866306412,1.20327144453267,-0.874547511474277,-2.54900759641992,-0.992685559626734,-0.416428649433891,-0.135962069060475,-0.0247411626405223,0.33995244374252,0.999757862091843,0.821415400724128,-1.39583976784473,-1.40155863315559,-0.540830462877054,-0.154581526155476,-0.0445734002443183,-0.453890387156393,0.0702277330491799,1.22670964665357,0.289871009436705,-1.29347794903808,-0.574697546273115,-0.113860786417039,-0.0382639442739243,-0.759253601238671,-1.53139249135053,-0.0355450541663019,0.530153365688954,-1.3031392155474,-0.650039470011399,-0.048236570436645,-0.0330109162638679,-0.639535815693025,-1.2263086449194,-0.191412782816345,0.446252137175011,-1.56276425682162,-0.831486854781667,0,-0.030688388302377,-0.481588184154324,-0.830535908145318,0.741730982610052,1.11440709687275,-0.96501522868577,-0.797595882078731,-0.0998707974396848,-0.0692112518235939,-0.410266899197836,0.550851699251816,1.19219966462977,1.16729496510292,1.14027554013895,1.66401840268845,2.25623249403729,-0.0191459895266863,-0.303642030474405,1.4289026035428,0.474752486526631,-1.86781030218927,-0.988491876452356,0.209604697681432,0.697813577192196
"1640",0,-0.346763866306412,1.19060935609113,0.524013130597061,-0.334189482061415,-0.0941655275818733,-0.416428649433891,-0.135962069060475,-0.0247411626405223,-0.640995384823577,-0.833945650975067,-0.915912114592555,0.290358455339444,1.12316558623815,0.523943801830334,-0.1555961886108,-0.0445734002443183,-0.741918245459386,-1.71634319276042,-1.12999301782559,-0.200184221487392,1.24678870278565,0.834006018360537,-0.118411892573676,-0.0382639442739243,-1.10124298037256,-1.53139249135053,-0.543969598576446,0.847765711656421,0.700605947741373,-0.376647239159639,-0.048236570436645,-0.0330109162638679,-0.543564097851395,-0.427047782649156,1.09627321067543,0.446252137175011,-1.39257255434624,-0.831486854781667,0,-0.0930309953194633,-0.481588184154324,1.3246423271829,0.897017949947205,-1.26160056962335,-1.48080674570224,-0.797595882078731,-0.0998707974396848,-0.0692112518235939,2.01093737164361,1.43048399386859,-0.36330510173903,-1.0828566761904,-1.22217715515,-0.767532904424768,-0.408539512164137,0.00434336231440252,0.728815661816031,0.828389277112268,0.93422270303842,0.904845870642121,0.558394746906768,-0.527680489439249,-0.177318504788345
"1641",0,-0.346763866306412,-0.743972268793493,-0.175267190438608,0.994701386553687,0.796419507866398,-0.416428649433891,-0.135962069060475,-0.0247411626405223,-0.640995384823577,-0.100464245748303,0.821415400724128,-1.81738932364077,0.954850638278565,0.444635321258607,-0.1555961886108,-0.0445734002443183,0.122165329449593,0.92012536432158,-0.961657113219938,-1.18029468333559,0.294188708351751,1.67922815714073,0.0747271966287914,-0.0382639442739243,1.49244802467431,0.105967682229532,-1.56081868739673,-1.53432688309958,0.700605947741373,0.716921684247398,-0.048236570436645,-0.0330109162638679,1.83419368492302,0.0525087347129891,-1.47909877630812,-1.73997671328813,0.819919577833732,0.315362825388311,0,-0.0930309953194633,0.527366528655686,0.862818419612568,-1.12171262543579,0.164004030274312,0.926220333707951,-0.569033328961901,-0.0998707974396848,-0.0692112518235939,-0.410266899197836,0.902704617098525,0.0255710898531705,0.0816126957752284,-0.715937291873794,-0.767532904424768,-0.202993708003753,-0.0191459895266863,-0.419222131373245,-0.772979593369162,-0.444187946496948,0.112658392690295,-0.816615584968009,-0.527680489439249,-0.177318504788345
"1642",0,-0.346763866306412,0.115841786710785,0.757106570942284,0.994701386553687,1.51206153486365,-0.416428649433891,-0.25729748046641,0.00131510914950845,0.0129698342204877,0.082906105558388,-1.66048104972828,-0.616820554876449,1.29148053419773,-0.0480975708092236,-0.1555961886108,-0.0445734002443183,-0.741918245459386,-1.62956752949562,-1.12999301782559,-0.526887708770123,1.24678870278565,-0.574697546273115,-0.113860786417039,-0.0382639442739243,-0.759253601238671,-0.22150435248648,0.642354338380556,1.00657188464015,-0.301266633903012,-0.650039470011399,-0.048236570436645,-0.0330109162638679,-0.639535815693025,-0.427047782649156,0.613390963116015,0.950766487281889,0.819919577833732,0.0286504053458163,0,-0.0930309953194633,-0.481588184154324,-0.984477210668762,1.05230491728436,0.00560351917457189,0.926220333707951,0.116654330388589,-0.0998707974396848,-0.0692112518235939,-0.258087218665339,-0.328780595364958,0.292791894464602,-1.45788194973929,-1.55967039733413,-0.767532904424768,-0.202993708003753,-0.0191459895266863,-0.303642030474405,0.227875950681732,-0.673923054752843,-2.06585717167723,-1.1603681679367,-0.527680489439249,-0.177318504788345
"1643",0,0.767805440878689,1.62051638384327,1.1697474499486,-0.334189482061415,-0.992685559626734,-0.416428649433891,-0.135962069060475,-0.0247411626405223,0.0129698342204877,0.788385352925603,0.325036110633647,1.13345756693153,-1.06492873723642,-0.540830462877054,-0.1555961886108,-0.0445734002443183,-0.35456618220569,-0.450265327190938,-0.961657113219938,1.10662972764353,-0.499644620343163,-0.50629309161128,-0.113860786417039,-0.0382639442739243,-0.759253601238671,-1.53139249135053,-1.56081868739673,0.688959538672687,-0.134287870295615,-0.650039470011399,-0.048236570436645,-0.0330109162638679,-0.639535815693025,-1.2263086449194,-0.835255779562232,0.950766487281889,-1.13454923987284,-0.831486854781667,0,-0.0930309953194633,-0.481588184154324,-0.489064232907745,0.897017949947205,0.79760607467327,-1.30887624003008,-0.797595882078731,-0.0998707974396848,-0.0692112518235939,0.0739739549704533,1.07863107602188,1.19219966462977,0.604757054779594,0.465289055770677,1.46138912709568,1.02661939301677,-0.0191459895266863,0.728815661816031,1.82924482116316,0.93422270303842,0.508752131666208,0.558394746906768,1.80534304371624,0.697813577192196
"1644",0,-0.346763866306412,-1.17387929654563,-0.175267190438608,-0.555671293497266,-0.992685559626734,-0.416428649433891,-0.135962069060475,-0.0247411626405223,-0.640995384823577,-0.988913477343938,1.06960504576937,-0.552740656252641,-1.40155863315559,-0.540830462877054,-0.1555961886108,-0.0445734002443183,-0.741918245459386,0.58016631181262,0.89003783744226,-1.18029468333559,-1.29347794903808,-0.574697546273115,-0.113860786417039,-0.0382639442739243,-0.759253601238671,1.08838378637757,0.187318269847109,-0.899102191164647,-0.969181688332602,-0.650039470011399,-0.049335153206293,-0.0330109162638679,-0.639535815693025,1.33132611434538,1.09627321067543,0.782595037246263,0.990111280309114,0.315362825388311,0,-0.203477886468608,-0.481588184154324,1.3246423271829,0.818976534020587,-1.26160056962335,-1.48080674570224,2.63084241467372,4.95470122853544,-0.0692112518235939,-0.410266899197836,0.198998781405106,0.608885377241471,-1.83290722328817,-0.547190670781726,2.06927695387398,5.94507179709886,-0.0191459895266863,-0.303642030474405,-1.17332181098952,-0.399531940862993,0.904845870642121,1.58965249581285,1.92993680096302,-0.177318504788345
"1645",0,-0.346763866306412,-0.958925782669563,0.0578262499066152,0.851894687352522,1.86988254836228,2.51674293759336,-0.135962069060475,-0.0247411626405223,-0.640995384823577,-1.38405670489514,-0.419532824502074,-0.552740656252641,1.29148053419773,0.937368213326437,-0.1555961886108,-0.0445734002443183,-0.741918245459386,-1.62956752949562,-1.12999301782559,-0.690239452411488,1.08802203704667,-0.292956833346385,-0.113860786417039,-0.0909846830221019,-0.759253601238671,-1.36765647399252,-0.374494750439731,0.688959538672687,1.03456347495617,0.17013722254388,-0.048236570436645,-0.0330109162638679,-0.639535815693025,-0.586899955103205,0.613390963116015,0.950766487281889,0.479536172882967,0.602075245430805,0,-0.0930309953194633,-0.481588184154324,-0.984477210668762,-0.0347038540757136,0.79760607467327,-1.48080674570224,-0.797595882078731,-0.0998707974396848,-0.0278842575435158,-0.410266899197836,-1.38433934890509,0.608885377241471,-0.520318765867068,-1.86105261015661,-0.767532904424768,-0.116250341721762,-0.0191459895266863,-0.303642030474405,-0.772979593369162,0.474752486526631,-1.86781030218927,-1.1603681679367,-0.527680489439249,-0.177318504788345
"1646",0,-0.367455019408579,0.115841786710785,0.524013130597061,-0.247235777815683,-0.992685559626734,-0.367702180138824,-0.135962069060475,-0.0247411626405223,-0.314012775301545,0.999757862091843,0.325036110633647,1.13345756693153,-0.391668945398093,-0.540830462877054,-0.1555961886108,-0.0445734002443183,-0.0119501458724746,1.09010489057606,-0.119977590191666,1.10662972764353,0.559545758201877,-0.0112161204196545,-0.113860786417039,-0.0382639442739243,-0.759253601238671,0.269703699587538,1.1507788827907,1.00657188464015,1.36852100217096,0.990313915099158,-0.048236570436645,-0.0539306280597664,-0.639535815693025,-1.2263086449194,-0.996216528748704,-0.73094801307437,0.990111280309114,1.74892492560078,0,-0.0930309953194633,-0.481588184154324,-0.984477210668762,-1.12171262543579,-1.26160056962335,0.238498311019326,2.17371730844006,-0.0998707974396848,-0.0692112518235939,-0.410266899197836,1.25455753494524,-0.16886700594293,-0.707831402641512,0.634035676862745,1.46138912709568,-0.202993708003753,-0.0191459895266863,-0.303642030474405,-0.372637375748804,0.474752486526631,0.706799001154165,0.558394746906768,0.089503786072744,-0.177318504788345
"1647",0,-0.346763866306412,1.62051638384327,0.990200011287507,0.994701386553687,0.975330014615711,-0.416428649433891,-0.135962069060475,-0.0247411626405223,-0.640995384823577,-0.100464245748303,-1.1641017596378,-1.39583976784473,1.29148053419773,-0.540830462877054,-0.1555961886108,-0.0445734002443183,-0.693864025523926,-1.42124748511629,-1.12999301782559,0.453222753078071,0.611722039829717,-0.574697546273115,-0.113860786417039,-0.0382639442739243,-0.477786881746551,-1.53139249135053,-1.05239414298659,0.530153365688954,1.03456347495617,-0.10325500830788,-0.048236570436645,-0.0330109162638679,-0.639535815693025,-1.2263086449194,0.130508715556599,0.446252137175011,0.819919577833732,0.8887876654733,0,-0.17237395088865,-0.481588184154324,-0.984477210668762,-1.12171262543579,-1.26160056962335,-0.4492237116693,1.7165922022064,-0.0998707974396848,-0.0692112518235939,0.332871130083158,1.07863107602188,-0.75218129333123,-1.0828566761904,0.634035676862745,0.650872024724607,-0.202993708003753,-0.0191459895266863,-0.303642030474405,0.628218168302089,0.769667476747538,0.904845870642121,0.902147329875462,-0.527680489439249,-0.177318504788345
"1648",0,-0.346763866306412,-0.314065241041354,0.290919690251838,-0.334189482061415,-0.455954039378794,-0.416428649433891,-0.135962069060475,-0.0247411626405223,-0.640995384823577,0.999757862091843,0.821415400724128,0.501133233237465,0.786535690318983,-0.540830462877054,-0.1555961886108,-0.0445734002443183,-0.453890387156393,1.09010489057606,0.385030123625297,0.12651926579534,1.08802203704667,-0.574697546273115,-0.113860786417039,-0.0382639442739243,-0.115910279549249,1.08838378637757,0.981304034653986,0.847765711656421,1.36852100217096,-0.376647239159639,-0.048236570436645,-0.0330109162638679,-0.639535815693025,-0.107343437741059,0.452430213929543,0.278080687139385,1.1603029827845,0.8887876654733,0,-0.0930309953194633,-0.481588184154324,-0.984477210668762,-1.12171262543579,-1.26160056962335,0.926220333707951,1.74840595559937,-0.0998707974396848,-0.0692112518235939,-0.410266899197836,-0.380963607477635,-1.52993367651563,-1.64539458651373,0.802782297954812,1.46138912709568,-0.202993708003753,-0.0191459895266863,-0.303642030474405,-0.172466266938626,0.245017378270736,0.508752131666208,0.902147329875462,-0.0361570313587953,-0.177318504788345
"1649",0,-0.346763866306412,-1.3877443872176,-2.50620159389084,0.330255952246136,0.259687987618459,-0.416428649433891,-0.135962069060475,-0.0247411626405223,-0.640995384823577,-1.93416775881521,0.0768464655884069,0.711908011135486,-1.40155863315559,-0.540830462877054,-0.1555961886108,-0.0445734002443183,-0.741918245459386,-0.26973131945978,1.39504555125922,-0.690239452411488,-1.29347794903808,-0.0112161204196545,-0.113860786417039,-0.0382639442739243,1.17077636382959,1.08838378637757,-0.374494750439731,-0.899102191164647,0.366648420526578,2.90405953106147,-0.048236570436645,-0.0330109162638679,1.79755618469661,1.56928721915765,1.09627321067543,0.950766487281889,1.1603029827845,2.03563734564328,0,-0.0930309953194633,-0.145269946550987,0.247053209518791,0.12058311326144,0.569777455058939,1.09815083938011,-0.340470775845071,-0.0998707974396848,-0.0692112518235939,-0.410266899197836,-1.38433934890509,-1.91880986810783,0.0422191444562627,0.127795813586543,-0.767532904424768,-0.202993708003753,-0.0191459895266863,-0.303642030474405,-1.17332181098952,-2.7415390290559,0.167314420443767,0.0427658724537265,-0.527680489439249,-0.177318504788345
"1650",0,-0.346763866306412,0.115841786710785,0.757106570942284,0.440231463700591,0.796419507866398,1.93010862018791,-0.135962069060475,-0.0247411626405223,-0.640995384823577,0.269234202862283,1.06960504576937,1.13345756693153,1.29148053419773,1.18373465936035,-0.183543193118858,-0.0445734002443183,-0.453890387156393,0.7501458380671,0.721701932836606,0.779926240360802,-0.34087795460418,-0.574697546273115,-0.113860786417039,-0.0382639442739243,0.527433042140173,1.08838378637757,1.1507788827907,1.00657188464015,0.867584711348771,-0.650039470011399,-0.048236570436645,-0.0330109162638679,-0.0211034405390152,0.532065252075134,-0.191412782816345,-0.0582622129318667,1.1603029827845,-0.258062014696678,0,-0.0930309953194633,-0.481588184154324,-0.984477210668762,-1.12171262543579,-1.10320005852361,1.27008134505226,-0.0645422068094391,-0.0998707974396848,-0.0692112518235939,-0.410266899197836,-1.38433934890509,0.220009185649271,0.604757054779594,0.390842571767878,-0.767532904424768,-0.202993708003753,-0.0191459895266863,-0.347089844365512,-0.372637375748804,0.93422270303842,-0.297173041194362,-0.988491876452356,-0.527680489439249,-0.177318504788345
"1651",0,-0.346763866306412,0.0987415837207399,0.0578262499066152,-2.54900759641992,-0.992685559626734,-0.416428649433891,-0.135962069060475,-0.0247411626405223,-0.640995384823577,0.266276456865079,-0.667722469547314,-2.23893887943681,-1.40155863315559,-0.47286800744668,-0.1555961886108,-0.0445734002443183,-0.741918245459386,0.92012536432158,-0.624985304008629,-1.18029468333559,-1.29347794903808,-0.574697546273115,-0.113860786417039,-0.0382639442739243,-0.43758194039396,1.08838378637757,-1.39134383926002,-1.53432688309958,-1.3031392155474,-0.650039470011399,-0.048236570436645,-0.0330109162638679,0.28811274703799,1.33132611434538,0.935312461488958,-0.0582622129318667,-0.881997446920094,-0.258062014696678,0,-0.0930309953194633,0.19104829105235,1.47858362970634,0.275870080598593,-1.26160056962335,-0.4492237116693,1.94515475532323,-0.0998707974396848,-0.0692112518235939,-0.410266899197836,0.902704617098525,-0.176672110420091,-1.83290722328817,-0.547190670781726,2.27190622946675,-0.202993708003753,-0.0191459895266863,-0.303642030474405,0.027704841871553,0.93422270303842,0.904845870642121,1.4177762043285,1.19265161384234,-0.177318504788345
"1652",0,-0.346763866306412,-0.314065241041354,0.0578262499066152,-0.777153104933116,-0.455954039378794,-0.416428649433891,-0.135962069060475,-0.064995348517452,-0.640995384823577,-0.650575299668376,1.06960504576937,1.13345756693153,-0.89661378927684,-0.523393978312432,-0.1555961886108,-0.0445734002443183,-0.741918245459386,-0.471559998675841,1.56338145586488,1.43333321492626,-0.34087795460418,-0.574697546273115,-0.113860786417039,-0.0382639442739243,-0.722779499141301,-0.385240369844486,1.1507788827907,1.00657188464015,-0.134287870295615,-0.650039470011399,-0.048236570436645,-0.0330109162638679,-0.639535815693025,-0.107343437741059,1.09627321067543,0.950766487281889,-0.0310389345431809,-0.831486854781667,0,-0.0930309953194633,-0.481588184154324,-0.214770698051542,1.36287885195866,1.27280760797249,-0.0241084370394157,-0.859858781783893,-0.0998707974396848,-0.0692112518235939,-0.410266899197836,-0.328780595364958,1.19219966462977,1.54844159516951,0.127795813586543,-0.47934997924378,-0.202993708003753,-0.0912709356995593,-0.303642030474405,-0.172466266938626,-0.183734364747813,0.112658392690295,-0.472863001999315,-0.527680489439249,-0.201751661186309
"1653",0,8.56979059117439,1.4055628699672,0.990200011287507,0.330255952246136,-0.992685559626734,-0.416428649433891,-0.135962069060475,-0.0247411626405223,0.0129698342204877,-0.100464245748303,-0.419532824502074,1.13345756693153,-0.0550390494789284,-0.540830462877054,-0.1555961886108,-0.0445734002443183,-0.741918245459386,-1.62956752949562,-1.12999301782559,0.453222753078071,1.24678870278565,0.552265305433806,-0.113860786417039,-0.0382639442739243,-0.759253601238671,-1.53139249135053,-1.56081868739673,0.0537348467377536,1.36852100217096,0.443529453395639,-0.048236570436645,-0.0330109162638679,-0.639535815693025,-1.23822419168385,-0.835255779562232,0.950766487281889,0.819919577833732,-0.831486854781667,0,-0.0930309953194633,-0.481588184154324,-0.984477210668762,-1.12171262543579,0.63920556357353,1.27008134505226,1.03090454285591,-0.138068235265307,-0.0692112518235939,-0.410266899197836,-0.804742758952986,-0.0505998509860823,0.979782328328481,1.14027554013895,0.853501300317375,-0.202993708003753,-0.0191459895266863,10.02093489243,2.02941592997334,0.93422270303842,-0.0853884767976621,-0.644739293483662,-0.527680489439249,-0.177318504788345
"1654",0,-0.346763866306412,1.62051638384327,0.990200011287507,-1.22011672780482,-0.948558199269594,-0.416428649433891,-0.135962069060475,-0.0247411626405223,1.32090027230862,0.999757862091843,0.325036110633647,0.922682789033507,-1.40155863315559,-0.540830462877054,-0.1555961886108,-0.0445734002443183,0.410193187752585,0.92012536432158,0.528152546557192,1.43333321492626,-1.29347794903808,-0.574697546273115,-0.113860786417039,-0.0382639442739243,-0.759253601238671,-1.04018443927651,0.133929793970413,0.340455705202285,-1.3031392155474,-0.650039470011399,-0.048236570436645,-0.0330109162638679,-0.639535815693025,-1.2263086449194,0.774351712302486,-0.0582622129318667,-1.56276425682162,-0.831486854781667,0,-0.0930309953194633,-0.145269946550987,1.01675972213601,1.05889991934879,-1.10320005852361,-1.13694573435793,-0.797595882078731,-0.0998707974396848,-0.0692112518235939,3.46365993414848,2.73074644376986,1.19219966462977,0.979782328328481,1.14027554013895,-0.362274353239232,-0.202993708003753,-0.0191459895266863,0.728815661816031,1.02856038592245,0.699424421574857,0.904845870642121,1.58965249581285,0.209604697681432,-0.177318504788345
"1655",0,-0.346763866306412,-0.529018754917424,0.0693290385025733,-0.881017067763863,-0.992685559626734,-0.416428649433891,-0.0569002211617038,-0.0247411626405223,0.0129698342204877,0.633017159478461,0.821415400724128,0.501133233237465,-0.89661378927684,-0.540830462877054,-0.1555961886108,-0.0445734002443183,-0.1658625288534,1.09010489057606,0.216694219019643,-0.526887708770123,0.294188708351751,-0.574697546273115,-0.113860786417039,-0.0382639442739243,-0.759253601238671,0.924647769019562,0.811829186517271,0.530153365688954,1.36852100217096,0.443529453395639,-0.048236570436645,-0.0330109162638679,-0.639535815693025,-0.906604300011301,0.0103077518261026,0.614423587210637,0.990111280309114,2.03563734564328,0,-0.0930309953194633,-0.481588184154324,-0.52265330309843,-1.12171262543579,-1.26160056962335,0.410428816691482,1.25946709597274,-0.0998707974396848,-0.0692112518235939,-0.410266899197836,0.374925240328461,-0.36330510173903,-1.0828566761904,0.971528919046879,1.1500943941029,-0.202993708003753,-0.0191459895266863,-0.303642030474405,-0.772979593369162,0.0152822700148413,0.310705262178251,1.24589991284416,0.455366426721658,-0.177318504788345
"1656",0,0.0162175056431113,1.62051638384327,0.290919690251838,-1.66308035067652,-0.992685559626734,-0.141684615326118,-0.135962069060475,-0.0247411626405223,0.666935053264552,0.633017159478461,-1.1641017596378,0.711908011135486,-1.40155863315559,-0.540830462877054,-0.1555961886108,-0.0445734002443183,1.27427676266156,-0.26973131945978,-1.12999301782559,0.453222753078071,-0.658411286082146,-0.590902099689468,-0.113860786417039,-0.0598124768661009,-0.43758194039396,-0.876448421918504,-1.56081868739673,0.530153365688954,-0.802202924725205,-0.650039470011399,-0.048236570436645,-0.0330109162638679,-0.639535815693025,-1.2263086449194,-1.31813802712165,0.782595037246263,-1.56276425682162,-0.831486854781667,0,-0.0930309953194633,-0.481588184154324,-0.984477210668762,0.586444015272899,0.164004030274312,-1.48080674570224,-0.797595882078731,-0.0998707974396848,-0.0692112518235939,-0.410266899197836,0.550851699251816,1.19219966462977,0.41724441800515,-0.110128925139554,0.0429841979463036,-0.202993708003753,-0.0191459895266863,-0.303642030474405,1.62907371235298,0.474752486526631,0.112658392690295,0.360276736604929,0.946889884802112,-0.177318504788345
"1657",0,0.767805440878689,1.19060935609113,0.990200011287507,-0.555671293497266,-0.992685559626734,-0.416428649433891,-0.135962069060475,-0.0247411626405223,2.62883071039675,0.633017159478461,-0.667722469547314,0.501133233237465,-1.06492873723642,-0.540830462877054,-0.1555961886108,-0.0445734002443183,0.410193187752585,-1.11962895073218,-1.07737873094726,0.779926240360802,-0.658411286082146,-0.574697546273115,-0.113860786417039,-0.0382639442739243,-0.759253601238671,-1.53139249135053,-1.56081868739673,0.37134719270522,-0.802202924725205,-0.650039470011399,-0.049335153206293,-0.0330109162638679,-0.639535815693025,-1.2263086449194,-0.67429503037576,0.782595037246263,-1.56276425682162,-0.831486854781667,0,-0.0930309953194633,-0.481588184154324,-0.676594605621874,0.897017949947205,0.322404541374051,-1.48080674570224,-0.797595882078731,-0.0998707974396848,-0.0692112518235939,0.0739739549704533,0.460154749564647,1.19219966462977,-0.145293492318181,0.127795813586543,0.650872024724607,-0.202993708003753,-0.0191459895266863,-0.303642030474405,0.828389277112268,0.702139569320274,0.112658392690295,0.558394746906768,1.68417507192279,-0.177318504788345
"1658",0,-0.346763866306412,1.83546989771934,-0.408360630783831,-2.54900759641992,-0.992685559626734,-0.416428649433891,-0.135962069060475,0.00131510914950845,0.0129698342204877,0.999757862091843,0.573225755678888,-1.39583976784473,-1.40155863315559,-0.540830462877054,-0.1555961886108,-0.0445734002443183,-0.741918245459386,-0.0997517932053001,0.216694219019643,0.12651926579534,-1.29347794903808,-0.574697546273115,-0.113860786417039,-0.0382639442739243,-0.759253601238671,-1.53139249135053,0.133929793970413,-0.899102191164647,-1.3031392155474,-0.650039470011399,-0.048236570436645,-0.0330109162638679,-0.639535815693025,-0.906604300011301,0.935312461488958,-1.40363381321687,-1.56276425682162,-0.831486854781667,0,-0.0930309953194633,0.19104829105235,1.01675972213601,0.275870080598593,-1.26160056962335,-1.13694573435793,-0.413442507613818,-0.0998707974396848,-0.0692112518235939,0.979433814630869,2.07498788007533,0.608885377241471,0.604757054779594,1.14027554013895,0.245613473539072,-0.202993708003753,-0.0191459895266863,0.728815661816031,0.628218168302089,0.704487594782526,0.904845870642121,1.58965249581285,1.19265161384234,-0.177318504788345
"1659",0,0.767805440878689,0.975655842215063,0.0578262499066152,0.551737763681986,0.617509001117085,-0.416428649433891,-0.135962069060475,-0.0247411626405223,2.95581331991878,0.082906105558388,-1.66048104972828,-1.1850649899467,1.29148053419773,0.444635321258607,-0.1555961886108,-0.0445734002443183,1.33452903069562,-1.26706171723311,-1.12999301782559,-0.853591196052854,1.24678870278565,-0.0112161204196545,-0.113860786417039,-0.0382639442739243,-0.784067207508675,-1.53139249135053,-1.56081868739673,-0.344820415488286,0.19966965691918,-0.650039470011399,-0.048236570436645,-0.0330109162638679,-0.639535815693025,-1.06645647246535,0.255272486018821,-0.0582622129318667,-1.56276425682162,-0.831486854781667,0,-0.0930309953194633,-0.481588184154324,0.400994512042235,0.897017949947205,-1.26160056962335,-1.48080674570224,-0.797595882078731,-0.0998707974396848,-0.0692112518235939,0.558214809138742,1.43048399386859,-1.14105748492343,-1.83290722328817,-1.55967039733413,-0.767532904424768,-0.202993708003753,-0.0191459895266863,0.728815661816031,1.4289026035428,0.704487594782526,0.112658392690295,-0.816615584968009,-0.527680489439249,-0.177318504788345
"1660",0,-0.346763866306412,0.330795300586854,-0.175267190438608,-0.112707670625565,0.0807774808691453,-0.416428649433891,-0.135962069060475,-0.0247411626405223,2.30184810087471,0.999757862091843,-0.38019584016387,-0.131191100456599,0.954850638278565,-0.540830462877054,-0.1555961886108,-0.0445734002443183,0.698221046055578,-1.28960847698666,-1.12999301782559,-0.526887708770123,0.929255371307683,-0.574697546273115,-0.113860786417039,-0.0382639442739243,-0.759253601238671,-1.36765647399252,-0.438203328997369,0.688959538672687,-0.301266633903012,-0.650039470011399,-0.049335153206293,-0.0330109162638679,-0.33031962811602,1.17147394189133,0.924188432925772,0.950766487281889,0.139152767932202,-0.831486854781667,0,-0.0930309953194633,-0.481588184154324,0.0931119069953467,-0.500564756087173,-0.627998525224387,1.09815083938011,0.57377943662225,-0.0998707974396848,-0.0692112518235939,-0.410266899197836,-0.504707054288313,-0.530838555718703,-0.332806129092624,0.634035676862745,1.66401840268845,-0.202993708003753,-0.0191459895266863,-0.303642030474405,1.62907371235298,0.520986008318616,0.112658392690295,0.558394746906768,-0.281918760399022,-0.177318504788345
"1661",0,-0.346763866306412,1.62051638384327,0.990200011287507,-0.998634916368966,-0.992685559626734,-0.416428649433891,-0.135962069060475,-0.0247411626405223,0.0129698342204877,0.999757862091843,1.06960504576937,0.922682789033507,-1.40155863315559,-0.540830462877054,-0.1555961886108,-0.0445734002443183,-0.741918245459386,-0.504281258827856,1.22670964665357,1.43333321492626,-1.29347794903808,-0.712299686535405,-0.113860786417039,-0.0909846830221019,-0.759253601238671,-1.53139249135053,0.472879490243842,0.530153365688954,-1.03973246053824,-0.650039470011399,-0.048236570436645,-0.0330109162638679,-0.639535815693025,-1.2263086449194,0.935312461488958,0.278080687139385,-1.38001396168195,-0.831486854781667,0,-0.0930309953194633,-0.481588184154324,0.180946682462816,1.36287885195866,-1.10320005852361,-1.30887624003008,0.152892207216494,-0.0998707974396848,-0.0692112518235939,-0.410266899197836,1.43048399386859,1.19219966462977,1.16729496510292,1.14027554013895,0.44824274913184,-0.202993708003753,-0.0191459895266863,-0.303642030474405,1.4289026035428,0.907162877648615,0.904845870642121,0.902147329875462,-0.527680489439249,-0.177318504788345
"1662",0,-0.346763866306412,0.115841786710785,0.990200011287507,-0.35445339427119,-0.813775052877421,-0.416428649433891,-0.135962069060475,-0.0247411626405223,0.598686015655139,0.816387510785152,-0.409925441873985,0.501133233237465,-0.89661378927684,-0.540830462877054,-0.1555961886108,-0.0445734002443183,1.56230462096456,-0.26973131945978,-1.12999301782559,0.616574496719437,-0.658411286082146,-0.574697546273115,-0.113860786417039,-0.0382639442739243,-0.43758194039396,-0.776775768904095,-0.374494750439731,1.00657188464015,-0.301266633903012,-0.650039470011399,-0.048236570436645,-0.0330109162638679,-0.639535815693025,-0.388662230133591,1.09627321067543,0.614423587210637,1.1603029827845,0.602075245430805,0,-0.0930309953194633,-0.812540890537549,-0.984477210668762,-0.34527778875002,-1.26160056962335,0.410428816691482,0.255178923215053,-0.0998707974396848,-0.0692112518235939,-0.410266899197836,-0.680633513211668,-0.75218129333123,-0.145293492318181,0.971528919046879,-0.362274353239232,-0.202993708003753,-0.0191459895266863,-0.303642030474405,-0.372637375748804,0.704487594782526,-0.0853884767976621,-0.644739293483662,-0.527680489439249,-0.177318504788345
"1663",0,-0.346763866306412,0.545748814462924,0.990200011287507,0.994701386553687,0.438598494367772,-0.416428649433891,-0.135962069060475,-0.0247411626405223,0.993917662786584,0.816387510785152,-0.915912114592555,1.13345756693153,0.954850638278565,-0.540830462877054,-0.1555961886108,-0.0445734002443183,-0.453890387156393,-1.28960847698666,-0.793321208614283,1.2699814712849,0.452955374090734,-0.574697546273115,-0.140955645199308,-0.0382639442739243,-0.759253601238671,-1.04018443927651,0.149305985027334,1.00657188464015,0.19966965691918,-0.376647239159639,-0.048236570436645,-0.0330109162638679,-0.639535815693025,-0.0504176109118422,1.09627321067543,0.782595037246263,0.990111280309114,2.03563734564328,0,-0.0930309953194633,-0.481588184154324,-0.676594605621874,-0.811138690761479,-0.786399036324126,1.27008134505226,0.57377943662225,-0.0998707974396848,-0.0692112518235939,-0.410266899197836,-0.152854136441604,0.803323473037571,1.16729496510292,0.770606625518912,-0.564903628832,-0.202993708003753,-0.0912709356995593,-0.303642030474405,1.62907371235298,0.93422270303842,-0.877575954749489,-1.1603681679367,-0.982705868724719,-0.177318504788345
"1664",0,2.90128664230828,1.62051638384327,0.990200011287507,-1.66308035067652,-0.992685559626734,-0.416428649433891,-0.0323200416089236,-0.0247411626405223,1.64788288183065,0.633017159478461,1.06960504576937,-0.552740656252641,-1.40155863315559,-0.540830462877054,-0.1555961886108,-0.111531751188364,-0.741918245459386,-1.45958800324114,1.56338145586488,-0.0368324778460259,-1.29347794903808,-0.574697546273115,-0.113860786417039,-0.0382639442739243,-0.759253601238671,-0.736105468171141,0.981304034653986,-1.37552071011585,-1.3031392155474,-0.650039470011399,-0.048236570436645,-0.0330109162638679,-0.33031962811602,1.33132611434538,-0.191412782816345,-1.73997671328813,-1.56276425682162,-0.831486854781667,0,-0.0930309953194633,1.87263947906903,1.47858362970634,-0.0571741294976131,-1.26160056962335,-1.48080674570224,-0.797595882078731,-0.0998707974396848,-0.0692112518235939,3.94790078831677,1.43048399386859,-1.14105748492343,-1.25582507331463,-0.884683912965861,0.0429841979463036,-0.202993708003753,-0.0191459895266863,3.82618873868734,2.02941592997334,0.93422270303842,1.33281460678567,1.58965249581285,1.43841334288257,-0.177318504788345
"1665",0,1.88237474806379,1.4055628699672,0.524013130597061,0.994701386553687,1.15424052136502,-0.123111490731166,-0.135962069060475,-0.0247411626405223,-0.314012775301545,0.999757862091843,1.06960504576937,0.711908011135486,0.449905794399818,-0.294464016843139,-0.1555961886108,-0.0445734002443183,-0.741918245459386,0.41018678555814,1.05837374204791,-0.262645948550383,-1.29347794903808,-0.574697546273115,-0.113860786417039,-0.0382639442739243,-0.759253601238671,-0.385240369844486,0.981304034653986,-1.05790836414838,-1.3031392155474,-0.650039470011399,-0.048236570436645,-0.0330109162638679,-0.639535815693025,-1.2263086449194,0.935312461488958,-0.226433662967493,-1.34286614590271,-0.831486854781667,0,-0.125901284868057,-0.481588184154324,-0.984477210668762,0.275870080598593,1.11440709687275,-1.48080674570224,-0.797595882078731,-0.0998707974396848,-0.0692112518235939,-0.410266899197836,-0.856559972135023,0.148462607970589,1.16729496510292,-1.05343053405793,-0.783517598200906,-0.202993708003753,-0.0191459895266863,0.728815661816031,1.82924482116316,0.93422270303842,0.904845870642121,-0.644739293483662,-0.353432639131312,-0.177318504788345
"1666",0,-0.346763866306412,0.760702328338993,0.524013130597061,-0.751348996353175,-0.992685559626734,-0.416428649433891,-0.114819521070835,-0.0247411626405223,1.32090027230862,0.816387510785152,-1.66048104972828,1.13345756693153,-0.391668945398093,-0.540830462877054,-0.1555961886108,-0.0445734002443183,0.879194773834595,0.7501458380671,-0.961657113219938,-0.200184221487392,0.7704887055687,-0.317136370166739,-0.113860786417039,-0.0382639442739243,-0.759253601238671,0.105967682229532,0.230702959819598,0.530153365688954,1.36852100217096,-0.650039470011399,-0.048236570436645,-0.0330109162638679,-0.639535815693025,-1.2263086449194,-0.67429503037576,-0.899119463109996,0.479536172882967,0.152869709824529,0,-0.127380429837413,-0.481588184154324,-0.984477210668762,-1.12171262543579,-1.26160056962335,-0.0795560837373977,0.34521688350542,-0.0998707974396848,-0.0692112518235939,-0.410266899197836,1.43048399386859,-0.16886700594293,-1.35698860317323,0.127795813586543,0.853501300317375,-0.202993708003753,-0.0191459895266863,-0.303642030474405,0.027704841871553,0.172987034171889,0.508752131666208,1.58965249581285,0.701128155761885,-0.177318504788345
"1667",0,-0.346763866306412,-1.17387929654563,-0.175267190438608,0.330255952246136,-0.813775052877421,0.463522826674285,-0.135962069060475,-0.0247411626405223,-0.640995384823577,-1.93416775881521,0.821415400724128,-0.552740656252641,0.786535690318983,2.66193333556384,-0.1555961886108,-0.0445734002443183,-0.741918245459386,-0.0997517932053001,1.39504555125922,-0.526887708770123,1.24678870278565,1.397487444214,-0.113860786417039,-0.0382639442739243,0.849104702984884,1.08838378637757,0.642354338380556,0.37134719270522,1.36852100217096,1.53709837680268,-0.048236570436645,-0.0330109162638679,1.83419368492302,1.33132611434538,1.09627321067543,0.950766487281889,0.990111280309114,1.17550008551579,0,-0.0930309953194633,-0.481588184154324,-0.214504773049536,-0.189990821412867,1.27280760797249,-0.242825631601053,-0.797595882078731,-0.0998707974396848,-0.0692112518235939,-0.410266899197836,-1.38433934890509,-0.55774319753513,0.604757054779594,-1.55967039733413,-0.767532904424768,-0.202993708003753,-0.0191459895266863,-0.303642030474405,-1.17332181098952,-0.214452838241053,-0.877575954749489,-1.14454461411717,-0.527680489439249,-0.177318504788345
"1668",0,-0.346763866306412,0.760702328338993,0.757106570942284,0.773219575117836,-0.455954039378794,-0.506234524633046,-0.135962069060475,-0.0247411626405223,-0.640995384823577,0.082906105558388,-0.37552075921033,1.13345756693153,0.281590846440236,-0.540830462877054,-0.1555961886108,-0.0445734002443183,-0.741918245459386,-1.15009093243869,-1.12999301782559,1.10662972764353,0.294188708351751,-0.574697546273115,-0.113860786417039,-0.0382639442739243,-0.759253601238671,-1.20392045663452,-0.71344444671316,1.00657188464015,-0.301266633903012,-0.650039470011399,-0.048236570436645,-0.0330109162638679,-0.33031962811602,1.17147394189133,1.09627321067543,1.71316907836535,0.649727875358349,0.00851145307556307,0,-0.0930309953194633,-0.145269946550987,0.554935814565679,1.36287885195866,1.27280760797249,1.09815083938011,0.34521688350542,-0.0998707974396848,-0.0692112518235939,-0.410266899197836,-0.504707054288313,1.19219966462977,0.229731781230706,-1.22217715515,-0.767532904424768,-0.202993708003753,-0.0191459895266863,-0.303642030474405,0.628218168302089,0.93422270303842,-1.2736696937254,-1.1603681679367,-0.527680489439249,-0.184842314510782
"1669",0,-0.346763866306412,-0.314065241041354,0.990200011287507,-0.334189482061415,-0.813775052877421,-0.416428649433891,-0.135962069060475,-0.0247411626405223,-0.640995384823577,0.082906105558388,-0.419532824502074,0.0795836774414227,0.618220742359401,-0.540830462877054,-0.1555961886108,-0.0445734002443183,0.986248904358571,1.09010489057606,-1.12999301782559,-1.01311782929163,0.4909552802215,0.270524592507076,-0.113860786417039,-0.0382639442739243,1.17077636382959,0.760911751661556,-1.39134383926002,-1.53432688309958,-0.46824539751041,1.26370614595092,-0.048236570436645,-0.0330109162638679,1.83419368492302,0.0525087347129891,-1.47909877630812,-1.73997671328813,-0.711805744444711,1.46221250555829,0,-0.0930309953194633,0.863684766259023,0.789559730305851,-1.12171262543579,-1.40857922725619,0.582359322363638,1.25946709597274,-0.0998707974396848,-0.0692112518235939,-0.410266899197836,1.07863107602188,0.0255710898531705,-0.0303377611875685,1.14027554013895,-0.362274353239232,-0.202993708003753,-0.0191459895266863,-0.303642030474405,-0.372637375748804,0.704487594782526,0.298713854596686,-0.644739293483662,-0.527680489439249,-0.177318504788345
"1670",0,-0.346763866306412,1.19060935609113,0.290919690251838,-1.66308035067652,-0.992685559626734,-0.416428649433891,-0.135962069060475,-0.0247411626405223,1.64788288183065,0.999757862091843,0.289423744314205,0.524580119779676,-1.40155863315559,-0.540830462877054,-0.1555961886108,-0.0445734002443183,1.27427676266156,0.24020725930366,-0.28831349479732,1.2699814712849,-1.29347794903808,-0.895678034326978,-0.113860786417039,-0.0382639442739243,-0.759253601238671,-1.20392045663452,0.133929793970413,0.212541019721487,-1.3031392155474,-0.650039470011399,-0.048236570436645,-0.0330109162638679,-1.26881844923916,-0.906604300011301,0.935312461488958,-1.40363381321687,-1.56276425682162,-0.831486854781667,0,-0.0930309953194633,-0.481588184154324,0.708877117089123,0.12058311326144,-1.26160056962335,-1.13694573435793,-0.111908222728241,-0.0998707974396848,-0.0692112518235939,0.0739739549704533,1.43048399386859,0.608885377241471,0.792269691554037,1.14027554013895,1.66401840268845,-0.202993708003753,-0.0721480760967669,0.728815661816031,1.10046770480166,0.245017378270736,-0.283435346285619,-0.261090970695072,-0.527680489439249,-0.177318504788345
"1671",0,-0.346763866306412,0.975655842215063,0.990200011287507,-1.22011672780482,-0.992685559626734,-0.416428649433891,-0.0876036087783018,-0.0247411626405223,-0.640995384823577,0.816387510785152,0.573225755678888,1.13345756693153,-1.40155863315559,-0.540830462877054,-0.195852099405292,-0.0445734002443183,-0.741918245459386,0.7501458380671,-0.163288140229715,1.43333321492626,-1.29347794903808,-0.574697546273115,-0.243483446611022,-0.0382639442739243,-0.759253601238671,-1.53139249135053,-1.2218689911233,0.847765711656421,-1.3031392155474,-0.650039470011399,-0.048236570436645,-0.0330109162638679,-0.639535815693025,-1.2263086449194,-0.513334281189288,-0.0582622129318667,-1.56276425682162,-0.831486854781667,0,-0.0930309953194633,-0.481588184154324,-0.830535908145318,1.05230491728436,-0.311197503024907,-1.48080674570224,-0.797595882078731,-0.0998707974396848,-0.0692112518235939,0.0739739549704533,1.07863107602188,1.19219966462977,0.604757054779594,0.465289055770677,0.44824274913184,-0.202993708003753,-0.0191459895266863,-0.303642030474405,0.42804705949191,-0.903658163008738,0.0398956687469997,0.730271038391115,2.17569853000325,-0.177318504788345
"1672",0,-0.346763866306412,0.975655842215063,0.757106570942284,-1.88456216211237,-0.992685559626734,-0.416428649433891,-0.135962069060475,-0.0247411626405223,-0.640995384823577,0.999757862091843,-1.1641017596378,-1.46913997444748,-1.40155863315559,-0.540830462877054,-0.1555961886108,-0.0445734002443183,-0.741918245459386,0.24020725930366,-0.28831349479732,-0.526887708770123,0.294188708351751,0.270524592507076,-0.113860786417039,-0.0382639442739243,-0.904817466717884,-1.04018443927651,0.642354338380556,0.847765711656421,0.366648420526578,-0.376647239159639,-0.048236570436645,-0.0330109162638679,-0.639535815693025,-0.906604300011301,0.935312461488958,0.614423587210637,-1.39257255434624,-0.831486854781667,0,-0.0930309953194633,-0.481588184154324,1.01675972213601,0.683043172804856,0.322404541374051,-0.4492237116693,-0.797595882078731,-0.0998707974396848,-0.0692112518235939,-0.225478912251667,1.07863107602188,-1.14105748492343,-0.332806129092624,-0.209697428597592,-0.767532904424768,-0.202993708003753,-0.0191459895266863,-0.140637755951375,0.42804705949191,0.474752486526631,0.310705262178251,-0.472863001999315,-0.527680489439249,-0.177318504788345
"1673",0,-0.346763866306412,-0.743972268793493,-0.641454071129054,0.108774140810285,1.33315102811434,0.463522826674285,-0.135962069060475,-0.0247411626405223,-0.314012775301545,0.633017159478461,-0.419532824502074,-1.39583976784473,0.954850638278565,0.691001767292522,-0.104477300920037,-0.0445734002443183,0.986248904358571,0.41018678555814,-0.456649399402975,0.12651926579534,1.24678870278565,-0.0112161204196545,-0.113860786417039,-0.0382639442739243,0.425814372243652,0.269703699587538,0.472879490243842,0.37134719270522,1.36852100217096,0.00235087427792725,-0.048236570436645,-0.0330109162638679,-0.639535815693025,-0.998487712027429,-1.47909877630812,-0.394605113003119,0.309344470407584,-0.831486854781667,0,-0.0930309953194633,-0.481588184154324,-0.984477210668762,-0.966425658098632,0.95600658577301,-0.793084723013613,-0.797595882078731,-0.0998707974396848,-0.0692112518235939,-0.410266899197836,-1.38433934890509,-0.94661938912733,-0.262567211373926,-1.55967039733413,-0.767532904424768,-0.202993708003753,-0.0191459895266863,-0.303642030474405,-1.17332181098952,-1.13339327126463,-0.283435346285619,-0.256696738321429,-0.297332772488908,-0.177318504788345
"1674",0,0.767805440878689,0.545748814462924,0.990200011287507,0.545648785841235,0.975330014615711,0.223213767959185,-0.135962069060475,-0.0247411626405223,1.32090027230862,0.816387510785152,-0.419532824502074,0.711908011135486,1.29148053419773,0.444635321258607,-0.1555961886108,-0.0445734002443183,0.986248904358571,0.58016631181262,-0.793321208614283,-0.0368324778460259,0.646682441875465,-0.0112161204196545,-0.202344276151024,-0.0382639442739243,0.134156619553208,0.269703699587538,1.1507788827907,1.00657188464015,-0.134287870295615,-0.650039470011399,-0.048236570436645,-0.0330109162638679,-0.543643806187576,0.532065252075134,0.935312461488958,0.782595037246263,-0.201230637018563,-0.831486854781667,0,-0.0930309953194633,-0.145269946550987,1.47858362970634,-0.655851723424326,-0.311197503024907,1.27008134505226,0.116654330388589,-0.0998707974396848,-0.0692112518235939,-0.410266899197836,1.07863107602188,-0.16886700594293,-1.0828566761904,0.634035676862745,0.853501300317375,-0.202993708003753,-0.0191459895266863,-0.303642030474405,-0.172466266938626,0.704487594782526,0.904845870642121,1.4177762043285,0.455366426721658,-0.177318504788345
"1675",0,-0.346763866306412,0.115841786710785,0.524013130597061,-0.555671293497266,-0.992685559626734,-0.416428649433891,-0.155109251066719,-0.0247411626405223,0.33995244374252,0.999757862091843,-0.667722469547314,0.922682789033507,0.618220742359401,0.198268875224692,-0.1555961886108,-0.0445734002443183,-0.453890387156393,1.09010489057606,-0.119977590191666,1.43333321492626,0.294188708351751,-0.574697546273115,-0.113860786417039,-0.0909846830221019,-0.759253601238671,-0.548976387202492,1.1507788827907,1.00657188464015,-0.301266633903012,-0.650039470011399,-0.048236570436645,-0.0330109162638679,-0.33031962811602,0.163177713311395,0.130508715556599,-0.0582622129318667,0.208198551882275,-0.544774434739172,0,0.0558860828288575,0.527366528655686,1.47858362970634,-0.966425658098632,-1.26160056962335,0.410428816691482,1.7165922022064,-0.0998707974396848,-0.0692112518235939,0.39624394867882,1.25455753494524,-1.52993367651563,-1.27036931296484,0.802782297954812,0.80920150847283,-0.202993708003753,-0.0191459895266863,-0.303642030474405,-0.172466266938626,0.704487594782526,0.706799001154165,-0.129110419030621,-0.527680489439249,-0.177318504788345
"1676",0,-0.346763866306412,-0.0991117271652847,0.313984787659766,0.108774140810285,0.617509001117085,-0.416428649433891,-0.135962069060475,-0.0247411626405223,0.0129698342204877,0.633017159478461,-1.90867069477352,-2.02816410153879,1.29148053419773,0.444635321258607,-0.1555961886108,-0.0445734002443183,1.27427676266156,0.0702277330491799,-1.12999301782559,-0.690239452411488,1.24678870278565,-0.292956833346385,-0.113860786417039,-0.0382639442739243,0.326793805775684,-0.247944792251104,-0.205019902303017,0.847765711656421,-0.301266633903012,-0.650039470011399,-0.048236570436645,-0.0330109162638679,-0.639535815693025,-0.267195610195108,1.09627321067543,0.446252137175011,-1.56276425682162,-0.831486854781667,0,-0.0930309953194633,-0.481588184154324,0.708877117089123,0.0284238788271133,0.79760607467327,-0.621154217341457,-0.797595882078731,-0.0998707974396848,-0.0692112518235939,-0.410266899197836,0.902704617098525,-1.72437177231173,-1.64539458651373,0.971528919046879,-0.767532904424768,-0.202993708003753,-0.0191459895266863,-0.303642030474405,-0.0299374598059581,0.474752486526631,0.508752131666208,0.558394746906768,-0.527680489439249,-0.177318504788345
"1677",0,-0.346763866306412,0.180414122765739,-0.175267190438608,-0.555671293497266,-0.813775052877421,-0.416428649433891,-0.073146552914626,-0.0247411626405223,-0.640995384823577,0.633017159478461,1.06960504576937,1.13345756693153,-0.391668945398093,-0.540830462877054,-0.1555961886108,-0.0445734002443183,-0.741918245459386,0.7501458380671,0.89003783744226,-0.200184221487392,1.08802203704667,-0.574697546273115,-0.113860786417039,-0.0382639442739243,-0.43758194039396,1.08838378637757,-0.543969598576446,-1.01042542430432,1.03456347495617,0.17013722254388,-0.048236570436645,-0.0330109162638679,0.28811274703799,1.33132611434538,-0.513334281189288,-0.907351076043128,0.479536172882967,0.8887876654733,0,-0.0930309953194633,0.527366528655686,1.47858362970634,-1.12171262543579,-0.311197503024907,1.09815083938011,0.116654330388589,-0.0998707974396848,-0.0692112518235939,0.0739739549704533,1.43048399386859,0.414447281445371,1.16729496510292,0.971528919046879,-0.315115888931883,-0.202993708003753,-0.0721480760967669,-0.303642030474405,0.227875950681732,0.93422270303842,0.508752131666208,-0.300986710514968,-0.527680489439249,-0.177318504788345
"1678",0,-0.346763866306412,-1.17387929654563,-2.50620159389084,0.330255952246136,1.15424052136502,-0.123111490731166,-0.183956838504398,-0.0247411626405223,-0.640995384823577,-1.93416775881521,-1.41229140468304,1.13345756693153,0.954850638278565,-0.294464016843139,-0.1555961886108,-0.0445734002443183,1.56230462096456,0.41018678555814,1.56338145586488,1.43333321492626,0.452955374090734,-0.574697546273115,-0.113860786417039,-0.0382639442739243,0.527433042140173,-0.22150435248648,-0.0355450541663019,1.00657188464015,1.20154223856357,-0.650039470011399,-0.048236570436645,-0.0330109162638679,-0.639535815693025,-1.2263086449194,-1.47909877630812,0.950766487281889,0.990111280309114,-0.831486854781667,0,-0.0930309953194633,-0.481588184154324,-0.984477210668762,-1.12171262543579,0.834334332559516,1.27008134505226,-0.111908222728241,-0.0998707974396848,-0.0692112518235939,-0.567085671090343,-1.38433934890509,-1.91880986810783,0.41724441800515,1.14027554013895,0.0429841979463036,-0.202993708003753,-0.0191459895266863,-0.303642030474405,-1.17332181098952,-2.7415390290559,0.666840234950014,1.58965249581285,0.701128155761885,-0.177318504788345
"1679",0,-0.346763866306412,2.05042341159541,0.990200011287507,0.994701386553687,1.15424052136502,-0.123111490731166,-0.135962069060475,-0.0247411626405223,0.993917662786584,0.999757862091843,0.325036110633647,0.0795836774414227,1.29148053419773,0.444635321258607,-0.1555961886108,-0.0445734002443183,-0.453890387156393,1.09010489057606,-0.793321208614283,-0.690239452411488,1.08802203704667,0.552265305433806,-0.113860786417039,-0.0909846830221019,-0.759253601238671,0.269703699587538,0.303404642107127,0.847765711656421,0.533627184133976,-0.650039470011399,-0.048236570436645,-0.0330109162638679,-0.639535815693025,-0.586899955103205,1.09627321067543,0.614423587210637,-1.39257255434624,-0.831486854781667,0,-0.0930309953194633,-0.481588184154324,1.01675972213601,1.36287885195866,0.00560351917457189,-1.48080674570224,-0.797595882078731,-0.0998707974396848,-0.0692112518235939,-0.26034694638598,1.43048399386859,0.803323473037571,0.229731781230706,-1.55967039733413,-0.767532904424768,-0.202993708003753,-0.0191459895266863,-0.303642030474405,1.22873149473262,0.337556707163989,-0.877575954749489,-1.1603681679367,-0.527680489439249,-0.177318504788345
"1680",0,-0.346763866306412,-1.17387929654563,-1.80692127285517,-0.186969274382598,-0.992685559626734,-0.416428649433891,-0.135962069060475,-0.0247411626405223,-1.04781737445477,-1.93416775881521,0.325036110633647,-0.34196587835462,-1.40155863315559,-0.540830462877054,-0.1555961886108,-0.0445734002443183,-1.38068900992131,-1.28960847698666,1.56338145586488,-0.853591196052854,-1.29347794903808,-0.574697546273115,-0.113860786417039,-0.0382639442739243,-0.43758194039396,0.433439716945544,0.303404642107127,-1.37552071011585,-0.301266633903012,-0.10325500830788,0.019644470688111,-0.0330109162638679,2.14340987250002,1.33132611434538,1.09627321067543,0.950766487281889,1.1603029827845,-0.258062014696678,0,-0.0930309953194633,-0.481588184154324,0.0931119069953467,0.275870080598593,1.27280760797249,-0.105362700324987,-0.797595882078731,-0.128068008381344,-0.0692112518235939,-0.410266899197836,-1.38433934890509,-0.75218129333123,1.16729496510292,-0.715937291873794,-0.72111071546164,-0.0190156052334874,-0.0191459895266863,-0.303642030474405,-1.12463768507701,-1.13339327126463,0.310705262178251,-0.988491876452356,-0.527680489439249,-0.177318504788345
"1681",0,1.88237474806379,0.975655842215063,0.290919690251838,-0.998634916368966,-0.992685559626734,-0.416428649433891,-0.135962069060475,-0.0247411626405223,1.97486549135268,0.266276456865079,-0.667722469547314,1.13345756693153,-0.89661378927684,-0.540830462877054,-0.1555961886108,-0.0445734002443183,-0.453890387156393,-1.62956752949562,-1.12999301782559,0.939679968768299,-0.590967219640537,-0.574697546273115,-0.113860786417039,-0.0382639442739243,-0.759253601238671,-1.53139249135053,-0.543969598576446,1.00657188464015,-0.969181688332602,-0.650039470011399,-0.048236570436645,-0.0330109162638679,-0.537561840415405,-1.03164308815754,-0.835255779562232,0.614423587210637,0.649727875358349,-0.271427878897468,0,-0.0930309953194633,-0.481588184154324,-0.984477210668762,-1.12171262543579,-0.786399036324126,1.27008134505226,0.80234198973908,-0.0998707974396848,-0.0692112518235939,-0.410266899197836,-0.856559972135023,-0.94661938912733,0.0422191444562627,1.14027554013895,0.245613473539072,-0.202993708003753,-0.0912709356995593,2.7937310463969,2.02941592997334,0.474752486526631,0.112658392690295,-0.300986710514968,-0.527680489439249,-0.177318504788345
"1682",0,-0.346763866306412,-1.17387929654563,-0.408360630783831,0.330255952246136,-0.455954039378794,-0.416428649433891,-0.135962069060475,-0.064995348517452,-0.640995384823577,-1.93416775881521,1.06960504576937,1.13345756693153,-0.0550390494789284,-0.540830462877054,-0.1555961886108,-0.0445734002443183,-0.741918245459386,-0.9496494244777,1.56338145586488,1.43333321492626,-0.182111288865197,-0.574697546273115,-0.113860786417039,-0.0382639442739243,-0.115910279549249,0.924647769019562,1.1507788827907,0.801904253325501,0.366648420526578,-0.415836550448288,-0.048236570436645,0.00031200631342949,1.21576130976901,1.33132611434538,1.09627321067543,1.49218444297435,0.794022186259091,-0.831486854781667,0,-0.0930309953194633,-0.124905353554398,-0.984477210668762,0.12058311326144,1.27280760797249,0.926220333707951,-0.797595882078731,-0.0998707974396848,-0.0692112518235939,-0.410266899197836,-1.38433934890509,0.220009185649271,1.16729496510292,1.14027554013895,-0.564903628832,-0.202993708003753,-0.0191459895266863,-0.303642030474405,-1.17332181098952,0.0152822700148413,0.112658392690295,0.0427658724537265,-0.527680489439249,-0.177318504788345
"1683",0,-0.346763866306412,-1.17387929654563,-1.57382783250995,0.551737763681986,-0.813775052877421,0.0398129939268135,-0.135962069060475,-0.0247411626405223,-0.640995384823577,-1.34924672834281,0.573225755678888,-0.332469412692114,-1.40155863315559,0.198268875224692,-0.1555961886108,-0.0445734002443183,-0.741918245459386,-0.0997517932053001,1.22670964665357,-1.01694293969422,-0.34087795460418,1.09752512961518,-0.113860786417039,-0.0382639442739243,0.205761381295462,1.08838378637757,0.472879490243842,-0.899102191164647,0.700605947741373,1.53709837680268,-0.048236570436645,-0.0539306280597664,-0.639535815693025,-0.107343437741059,0.130508715556599,0.614423587210637,1.1603029827845,0.315362825388311,0,-0.0930309953194633,-0.481588184154324,-0.984477210668762,-1.12171262543579,0.322404541374051,0.754289828035795,-0.797595882078731,-0.0998707974396848,-0.0692112518235939,-0.410266899197836,-1.38433934890509,-1.72437177231173,1.16729496510292,-1.05343053405793,-0.767532904424768,-0.202993708003753,-0.0191459895266863,-0.303642030474405,-1.09774862905592,-1.36312837952053,0.112658392690295,-1.1603681679367,-0.527680489439249,-0.177318504788345
"1684",0,-0.346763866306412,-0.314065241041354,0.266427576194394,0.0529406814206969,-0.54400222190235,-0.416428649433891,-0.135962069060475,-0.0247411626405223,-0.640995384823577,-0.100464245748303,0.325036110633647,0.922682789033507,0.449905794399818,-0.540830462877054,-0.1555961886108,-0.0445734002443183,-0.1658625288534,0.92012536432158,-0.624985304008629,-0.526887708770123,1.08802203704667,0.270524592507076,-0.113860786417039,-0.0382639442739243,0.527433042140173,1.08838378637757,-1.16878653973984,-1.53432688309958,0.700605947741373,1.53709837680268,0.1090538591773,-0.0631779869705976,0.906545122192,1.33132611434538,-1.31813802712165,-1.73997671328813,-0.0310389345431809,1.46221250555829,0,-0.0930309953194633,0.863684766259023,1.47858362970634,-0.834581976403416,-1.10320005852361,0.754289828035795,0.80234198973908,-0.0998707974396848,-0.0692112518235939,-0.410266899197836,1.07863107602188,-0.0713143987233935,-0.145293492318181,0.634490297806214,-0.564903628832,-0.202993708003753,-0.0912709356995593,-0.303642030474405,-0.172466266938626,0.474752486526631,0.706799001154165,-0.129110419030621,-0.527680489439249,-0.177318504788345
"1685",0,-0.346763866306412,1.4055628699672,0.290919690251838,-0.555671293497266,0.0807774808691453,0.17020566797156,-0.135962069060475,-0.0247411626405223,0.666935053264552,0.999757862091843,1.06960504576937,1.13345756693153,1.29148053419773,1.18373465936035,-0.1555961886108,-0.0445734002443183,1.27427676266156,0.58016631181262,-0.624985304008629,-0.363535965128757,-0.817177951821129,-0.574697546273115,-0.468231269099269,-0.0382639442739243,1.49244802467431,0.760911751661556,-0.71344444671316,-1.53432688309958,-1.3031392155474,-0.650039470011399,-0.048236570436645,-0.0330109162638679,0.597328934614995,1.33132611434538,0.689818922267146,-0.899119463109996,-1.04274553012959,-0.831486854781667,0,-0.0930309953194633,-0.145269946550987,0.400994512042235,1.36287885195866,0.452430998537024,-1.48080674570224,-0.797595882078731,-0.0998707974396848,-0.0692112518235939,-0.410266899197836,-0.504707054288313,0.414447281445371,0.41724441800515,-1.55967039733413,-0.767532904424768,-0.202993708003753,-0.0191459895266863,-0.303642030474405,0.42804705949191,0.704487594782526,-1.2736696937254,-1.1603681679367,-0.4916590588266,-0.221222860966604
"1686",0,-0.346763866306412,-1.17387929654563,-2.73929503423606,-1.44159853924067,1.51206153486365,0.463522826674285,-0.0873559889109237,-0.0247411626405223,-0.640995384823577,-1.93416775881521,-2.90142927495448,0.0795836774414227,1.29148053419773,1.43010110539427,-0.1555961886108,-0.0445734002443183,-1.02682660034293,-1.62956752949562,-0.119977590191666,1.43333321492626,1.24678870278565,-0.0112161204196545,-0.113860786417039,-0.0382639442739243,-0.759253601238671,0.174793358425049,1.1507788827907,1.00657188464015,0.716128651010316,-0.650039470011399,-0.048236570436645,-0.0330109162638679,0.28811274703799,1.33132611434538,0.774351712302486,0.614423587210637,1.17036561732399,-0.49060313796154,0,-0.0930309953194633,0.863684766259023,0.862818419612568,-0.500564756087173,0.79760607467327,1.09815083938011,-0.571290138115866,-0.0998707974396848,-0.0692112518235939,-0.410266899197836,-1.38433934890509,-1.91880986810783,0.792269691554037,1.14027554013895,-0.767532904424768,-0.202993708003753,-0.0191459895266863,-0.261461735460959,-1.17332181098952,-2.7415390290559,-1.07562282423745,1.58965249581285,-0.281918760399022,-0.177318504788345
"1687",0,0.767805440878689,1.62051638384327,0.990200011287507,-0.998634916368966,-0.992685559626734,-0.416428649433891,-0.135962069060475,-0.0247411626405223,1.97486549135268,0.816387510785152,0.186017757897852,-0.34196587835462,-1.40155863315559,-0.540830462877054,-0.1555961886108,-0.0445734002443183,2.71441605417653,-0.26973131945978,0.216694219019643,0.779926240360802,-1.29347794903808,-0.621182059291227,-0.113860786417039,-0.0382639442739243,2.45746300720844,-0.385240369844486,-0.205019902303017,0.37134719270522,-1.3031392155474,-0.650039470011399,-0.048236570436645,-0.0330109162638679,-0.33031962811602,-1.2263086449194,0.0922481328014771,-0.0582622129318667,-1.86191718310112,-0.831486854781667,0,-0.0930309953194633,-0.481588184154324,-0.52265330309843,0.572650776670528,-0.469598014124647,-1.48080674570224,-0.797595882078731,-0.0998707974396848,-0.0692112518235939,-0.410266899197836,0.902704617098525,0.997761568833671,-0.707831402641512,-0.547190670781726,-0.564903628832,-0.202993708003753,-0.0191459895266863,0.728815661816031,2.02941592997334,0.93422270303842,0.904845870642121,1.58965249581285,1.43841334288257,0.556402214761844
"1688",0,-0.346763866306412,-1.17387929654563,-2.73929503423606,0.773219575117836,1.86988254836228,0.463522826674285,-0.135962069060475,-0.064995348517452,-0.640995384823577,-1.93416775881521,-2.90142927495448,0.922682789033507,1.29148053419773,-0.0480975708092236,-0.1555961886108,-0.0445734002443183,-0.741918245459386,-1.72667646241901,-0.456649399402975,1.43333321492626,1.24678870278565,-0.0112161204196545,-0.113860786417039,-0.0382639442739243,-0.759253601238671,-0.22150435248648,1.1507788827907,1.00657188464015,0.514480317433891,-0.650039470011399,-0.127688142002309,-0.0330109162638679,1.83419368492302,1.33132611434538,1.09627321067543,0.950766487281889,-0.0310389345431809,-0.831486854781667,0,-0.0930309953194633,-0.145269946550987,0.247053209518791,-0.189990821412867,1.27280760797249,0.582359322363638,-0.797595882078731,-0.0998707974396848,-0.0692112518235939,-0.410266899197836,-1.38433934890509,-1.33549558071953,1.16729496510292,0.634035676862745,-0.767532904424768,-0.202993708003753,-0.0191459895266863,-0.303642030474405,-1.17332181098952,-2.7415390290559,0.310705262178251,1.07402362135981,-0.527680489439249,-0.177318504788345
"1689",0,-0.346763866306412,-0.908605820059837,-1.1076409518195,0.551737763681986,1.51206153486365,0.17020566797156,-0.135962069060475,-0.0247411626405223,0.0129698342204877,0.816387510785152,-0.667722469547314,-1.1850649899467,1.12316558623815,0.198268875224692,-0.1555961886108,-0.0445734002443183,-0.1658625288534,1.09010489057606,0.216694219019643,0.155007204044046,1.08802203704667,-0.574697546273115,-0.113860786417039,-0.0382639442739243,-0.759253601238671,-0.187828668609672,-0.374494750439731,0.212541019721487,1.20154223856357,-0.10325500830788,-0.048236570436645,-0.0330109162638679,-0.639535815693025,-1.2263086449194,-1.47909877630812,-1.73997671328813,1.1603029827845,0.8887876654733,0,-0.0930309953194633,-0.481588184154324,-0.984477210668762,-1.12171262543579,0.322404541374051,0.754289828035795,-0.569033328961901,-0.0998707974396848,-0.0692112518235939,-0.410266899197836,-1.38433934890509,-0.75218129333123,0.792269691554037,-1.22217715515,-0.767532904424768,-0.202993708003753,-0.0191459895266863,-0.303642030474405,-1.17332181098952,-0.444187946496948,-0.857306309340245,-1.1603681679367,-0.527680489439249,0.0605559548364869
"1690",0,-0.346763866306412,-0.743972268793493,0.757106570942284,0.108774140810285,-0.992685559626734,-0.416428649433891,-0.135962069060475,-0.0247411626405223,-0.640995384823577,0.082906105558388,-0.915912114592555,0.922682789033507,-0.728298841317257,-0.540830462877054,-0.1555961886108,-0.0445734002443183,-0.166924460905934,0.58016631181262,-0.456649399402975,0.779926240360802,-0.658411286082146,-0.574697546273115,-0.130981176093681,-0.0382639442739243,-0.759253601238671,-1.36765647399252,-1.39134383926002,-0.226882236151477,-1.3031392155474,-0.650039470011399,-0.048236570436645,-0.0330109162638679,-0.639535815693025,-1.2263086449194,0.130508715556599,-0.226433662967493,-1.56276425682162,-0.831486854781667,0,-0.0930309953194633,-0.481588184154324,0.247053209518791,1.20759188462151,0.167320554989202,-1.48080674570224,-0.797595882078731,-0.290879701987993,-0.0692112518235939,2.4951782258119,0.95877668787578,0.608885377241471,-0.332806129092624,-0.209697428597592,-0.362274353239232,-0.202993708003753,-0.0191459895266863,-0.303642030474405,-0.372637375748804,-0.444187946496948,0.112658392690295,1.07402362135981,0.946889884802112,0.306814510263439
"1691",0,-0.346763866306412,0.330795300586854,-0.175267190438608,-0.112707670625565,-0.634864546128108,-0.416428649433891,-0.102606359089481,-0.0247411626405223,-0.640995384823577,0.999757862091843,0.884340392775064,0.922682789033507,0.156680996443245,-0.540830462877054,-0.1555961886108,-0.0445734002443183,0.122165329449593,0.92012536432158,0.0483583144139882,-1.18029468333559,0.294188708351751,0.408882840773073,-0.113860786417039,-0.0382639442739243,0.205761381295462,0.433439716945544,-1.56081868739673,-1.53432688309958,0.240961611873504,1.26370614595092,0.0207370055468165,-0.0330109162638679,1.52497749734601,0.212360907167038,-1.77618959783628,-1.73997671328813,0.139152767932202,0.8887876654733,0,-0.0930309953194633,0.863684766259023,1.01675972213601,-1.12171262543579,-0.786399036324126,0.714755143249201,0.57377943662225,-0.0998707974396848,-0.0179094553727763,0.558214809138742,1.25455753494524,0.414447281445371,0.979782328328481,0.802782297954812,-0.767532904424768,-0.202993708003753,0.0368492179888227,-0.303642030474405,0.227875950681732,0.93422270303842,0.112658392690295,-0.816615584968009,-0.527680489439249,-0.177318504788345
"1692",0,-0.346763866306412,-1.17387929654563,-2.50620159389084,0.551737763681986,0.796419507866398,-0.416428649433891,-0.135962069060475,-0.0247411626405223,-0.640995384823577,-1.93416775881521,-2.405049984864,1.13345756693153,0.113275898480654,-0.540830462877054,-0.1555961886108,-0.0445734002443183,-0.741918245459386,-1.45958800324114,0.721701932836606,0.566953243741927,-0.817177951821129,-0.574697546273115,-0.113860786417039,-0.0382639442739243,-0.43758194039396,0.105967682229532,1.1507788827907,-0.58148984519718,0.19966965691918,0.990313915099158,0.157603718476919,0.0557795982665982,2.45262606007703,1.33132611434538,0.935312461488958,0.446252137175011,1.1603029827845,1.74892492560078,0,-0.0930309953194633,1.20000300386236,0.708877117089123,0.057444605099143,1.27280760797249,1.09815083938011,-0.569033328961901,-0.0998707974396848,-0.0692112518235939,-0.410266899197836,-1.38433934890509,-1.91880986810783,1.16729496510292,0.465289055770677,-0.767532904424768,-0.202993708003753,-0.0191459895266863,-0.303642030474405,-1.17332181098952,-1.94281967676031,0.904845870642121,0.730271038391115,-0.527680489439249,-0.177318504788345
"1693",0,-0.346763866306412,-0.314065241041354,0.524013130597061,-0.334189482061415,-0.992685559626734,-0.416428649433891,-0.135962069060475,-0.0247411626405223,-0.640995384823577,0.633017159478461,1.05650893077174,0.922682789033507,-0.391668945398093,-0.540830462877054,-0.1555961886108,-0.0445734002443183,-0.475367236784259,0.279817548036988,-0.00064529785868996,-0.363535965128757,0.452955374090734,-0.574697546273115,-0.113860786417039,-0.0382639442739243,-0.759253601238671,-0.655216282145466,-0.882919294849875,-0.58148984519718,0.867584711348771,-0.650039470011399,-0.048236570436645,-0.0330109162638679,-0.639535815693025,-1.23440127738567,-1.47909877630812,0.614423587210637,-0.541614041969328,-0.831486854781667,0,-0.0930309953194633,-0.481588184154324,-0.984477210668762,-0.655851723424326,1.27280760797249,-1.13694573435793,-0.797595882078731,-0.0998707974396848,-0.0692112518235939,-0.389226935485485,-0.645672378080733,0.997761568833671,1.16729496510292,0.465289055770677,2.47453550505952,3.48584559505782,-0.0191459895266863,-0.303642030474405,-0.372637375748804,0.93422270303842,0.112658392690295,0.902147329875462,2.42146025904347,4.19834190511436
"1694",0,-0.346763866306412,-0.529018754917424,0.290919690251838,0.994701386553687,1.69097204161296,0.17020566797156,-0.135962069060475,-0.0247411626405223,-0.640995384823577,-0.100464245748303,0.0768464655884069,-0.131191100456599,1.29148053419773,1.9228339974621,2.77970488301997,-0.0445734002443183,-0.741918245459386,-1.62956752949562,-1.12999301782559,0.12651926579534,1.66148023956982,3.65141314762784,9.1189094533411,-0.0382639442739243,-0.759253601238671,-1.53139249135053,-0.205019902303017,1.00657188464015,1.20154223856357,-0.376647239159639,-0.048236570436645,-0.0330109162638679,-0.639535815693025,-1.2263086449194,-1.15717727793518,-0.0582622129318667,0.139152767932202,-0.831486854781667,0,-0.0930309953194633,-0.481588184154324,-0.984477210668762,-0.500564756087173,1.11440709687275,-1.30887624003008,-0.797595882078731,-0.0998707974396848,-0.0692112518235939,-0.410266899197836,-1.38433934890509,0.220009185649271,-0.145293492318181,-1.55967039733413,-0.95131361447843,-0.202993708003753,-0.0191459895266863,-0.303642030474405,-0.372637375748804,0.704487594782526,-2.26390404116519,-1.1603681679367,-0.527680489439249,-0.177318504788345
"1695",0,-0.423459553753586,-1.17387929654563,-0.874547511474277,0.108774140810285,0.975330014615711,0.463522826674285,-0.135962069060475,-0.0247411626405223,-0.640995384823577,-0.833945650975067,0.821415400724128,-0.974290212048683,-0.0550390494789284,2.41556688952993,-0.1555961886108,-0.0445734002443183,-0.1658625288534,0.408480922237531,0.553366028230951,-1.18029468333559,0.222759877880007,2.52445029592092,-0.113860786417039,-0.0382639442739243,0.527433042140173,1.08838378637757,0.811829186517271,0.37134719270522,1.03456347495617,0.443529453395639,-0.048236570436645,-0.0539306280597664,-0.639535815693025,0.0525087347129891,1.09627321067543,0.950766487281889,0.819919577833732,-0.831486854781667,0,-0.0930309953194633,-0.481588184154324,-0.984477210668762,-1.12171262543579,-0.469598014124647,1.27008134505226,-0.340470775845071,-0.0998707974396848,-0.0692112518235939,-0.410266899197836,-1.38433934890509,-1.14105748492343,0.229731781230706,0.971528919046879,-0.767532904424768,-0.202993708003753,-0.0191459895266863,-0.303642030474405,-1.17332181098952,0.245017378270736,0.112658392690295,-0.0838827796964242,-0.527680489439249,-0.177318504788345
"1696",0,-0.346763866306412,-0.0991117271652847,0.524013130597061,0.994701386553687,0.617509001117085,-0.416428649433891,-0.135962069060475,-0.0247411626405223,1.32090027230862,0.999757862091843,-0.667722469547314,0.501133233237465,0.618220742359401,-0.540830462877054,-0.1555961886108,-0.0445734002443183,0.122165329449593,-0.43971084571426,-0.961657113219938,1.10662972764353,0.611722039829717,-0.574697546273115,-0.113860786417039,-0.0382639442739243,-0.759253601238671,-1.36765647399252,0.981304034653986,1.41084567115344,0.658420807815936,-0.10325500830788,-0.048236570436645,-0.0330109162638679,-0.639535815693025,-1.06645647246535,0.291469464743071,-0.226433662967493,0.819919577833732,2.32234976568577,0,-0.0930309953194633,-0.481588184154324,-0.830535908145318,-0.655851723424326,-1.26160056962335,0.754289828035795,1.25946709597274,-0.0998707974396848,-0.0692112518235939,-0.410266899197836,0.374925240328461,0.608885377241471,-0.145293492318181,1.14027554013895,0.44824274913184,-0.202993708003753,-0.0191459895266863,-0.649891910493499,-0.572808484558983,0.93422270303842,0.715954082261657,0.558394746906768,-0.527680489439249,-0.177318504788345
"1697",0,-0.346763866306412,-1.17387929654563,-2.27310815354561,0.773219575117836,-0.277043532629481,-0.416428649433891,-0.135962069060475,-0.0247411626405223,-0.640995384823577,-1.93416775881521,-1.1641017596378,1.13345756693153,-0.559983893357675,-0.540830462877054,-0.1555961886108,-0.0445734002443183,-0.741918245459386,-0.26973131945978,1.56338145586488,1.10662972764353,-1.13471128329909,-0.574697546273115,-0.113860786417039,-0.0382639442739243,1.49244802467431,1.08838378637757,1.1507788827907,0.37134719270522,-1.3031392155474,-0.473173909951683,-0.048236570436645,-0.0330109162638679,0.279146406670174,0.0525087347129891,0.774351712302486,0.278080687139385,-1.56276425682162,-0.831486854781667,0,-0.0930309953194633,-0.481588184154324,-0.984477210668762,0.275870080598593,0.79760607467327,-1.48080674570224,-0.797595882078731,-0.0998707974396848,-0.0692112518235939,-0.455382291052985,-1.38433934890509,-0.75218129333123,1.16729496510292,0.634035676862745,-0.362274353239232,-0.202993708003753,-0.0191459895266863,-0.303642030474405,-1.17332181098952,-2.28206881254411,0.959090910515239,1.07402362135981,0.339551255092625,-0.177318504788345
"1698",0,4.56432802059769,2.16442984614815,0.990200011287507,0.330255952246136,-0.813775052877421,-0.416428649433891,-0.135962069060475,-0.0247411626405223,3.60977853896284,0.082906105558388,-0.59413371273243,0.922682789033507,0.113275898480654,-0.540830462877054,-0.1555961886108,-0.0445734002443183,0.698221046055578,-1.45958800324114,-1.12999301782559,0.453222753078071,0.929255371307683,-0.574697546273115,-0.113860786417039,-0.0382639442739243,-0.759253601238671,-1.53139249135053,-1.56081868739673,0.37134719270522,0.533627184133976,-0.650039470011399,-0.048236570436645,-0.0677629935268027,-0.639535815693025,-1.2263086449194,-0.996216528748704,0.950766487281889,-1.22238085187086,-0.831486854781667,0,-0.0930309953194633,-0.111539835194741,-0.984477210668762,0.897017949947205,0.79760607467327,-1.48080674570224,-0.797595882078731,-0.0998707974396848,-0.0692112518235939,1.04245566330703,0.291850129642647,1.19219966462977,0.41724441800515,-0.209697428597592,0.650872024724607,-0.202993708003753,-0.0191459895266863,4.85864643097778,2.02941592997334,0.93422270303842,0.904845870642121,1.58965249581285,1.92993680096302,-0.177318504788345
"1699",0,1.88237474806379,1.62051638384327,0.990200011287507,0.330255952246136,0.617509001117085,0.17020566797156,-0.135962069060475,-0.0247411626405223,-0.314012775301545,0.438788127940228,-1.66048104972828,-1.39583976784473,-0.728298841317257,-0.0480975708092236,-0.1555961886108,-0.0445734002443183,-0.741918245459386,0.41018678555814,-0.28831349479732,-1.18029468333559,-1.49974192002737,-0.574697546273115,-0.113860786417039,-0.0909846830221019,-0.759253601238671,0.760911751661556,1.1507788827907,0.530153365688954,-0.802202924725205,-0.650039470011399,-0.048236570436645,-0.0330109162638679,-0.639535815693025,-1.06645647246535,-0.835255779562232,-0.394605113003119,0.479536172882967,-0.831486854781667,0,-0.128675590137392,-0.481588184154324,-0.984477210668762,-1.12171262543579,-0.786399036324126,1.27008134505226,-0.797595882078731,-0.0998707974396848,-0.0692112518235939,2.97941907998019,0.0230723224817513,-1.14105748492343,-0.332806129092624,0.634035676862745,-0.767532904424768,-0.202993708003753,-0.0191459895266863,2.7937310463969,0.828389277112268,0.474752486526631,0.112658392690295,-0.472863001999315,-0.448571588254662,-0.177318504788345
"1700",0,-0.346763866306412,-0.529018754917424,-0.408360630783831,0.551737763681986,-0.383969306625317,-0.416428649433891,-0.135962069060475,-0.0247411626405223,-0.640995384823577,0.816387510785152,1.06960504576937,0.711908011135486,0.281590846440236,-0.540830462877054,-0.1555961886108,-0.0445734002443183,0.986248904358571,1.09010489057606,-0.28831349479732,-1.18029468333559,0.929255371307683,-0.0112161204196545,-0.113860786417039,-0.0382639442739243,1.81411968551902,0.564417316841609,-1.39134383926002,-1.53432688309958,0.032690893311783,0.990313915099158,-0.048236570436645,-0.0330109162638679,1.83419368492302,0.0525087347129891,-1.47909877630812,-1.73997671328813,-0.585481130863965,1.46221250555829,0,-0.0930309953194633,1.20000300386236,1.01675972213601,-1.12171262543579,-1.26160056962335,-0.4492237116693,1.03090454285591,-0.0998707974396848,-0.0692112518235939,-0.410266899197836,1.25455753494524,0.414447281445371,-0.332806129092624,0.802782297954812,0.35754755117446,-0.0554742149433987,-0.0191459895266863,-0.303642030474405,-0.572808484558983,0.704487594782526,0.904845870642121,0.730271038391115,0.233634071275611,-0.177318504788345
"1701",0,-0.346763866306412,-0.314065241041354,0.757106570942284,-0.998634916368966,-0.879766983808683,-0.416428649433891,-0.138341056202741,-0.0247411626405223,0.199392871013455,0.816387510785152,-1.66048104972828,0.501133233237465,-0.559983893357675,-0.540830462877054,-0.1555961886108,-0.0445734002443183,0.698221046055578,0.24020725930366,-1.17829909803177,-0.229603519483566,0.0218042317454168,-0.0112161204196545,-0.0384213330550932,-0.0382639442739243,0.781332608070529,-0.22150435248648,-1.56081868739673,-1.53432688309958,-0.301266633903012,1.53709837680268,-0.048236570436645,-0.0330109162638679,1.52497749734601,0.0525087347129891,-1.47909877630812,-1.73997671328813,-0.711805744444711,1.46221250555829,0,-0.0930309953194633,0.527366528655686,0.646074120476144,-1.12171262543579,-1.26160056962335,0.00832515694987836,0.80234198973908,-0.0998707974396848,-0.0692112518235939,-0.410266899197836,1.07863107602188,0.0255710898531705,-0.707831402641512,0.501740052635295,-0.362274353239232,-0.202993708003753,-0.0191459895266863,-0.303642030474405,0.027704841871553,0.0152822700148413,0.310705262178251,-0.145748086748944,-0.527680489439249,-0.177318504788345
"1702",0,-0.346763866306412,-0.958925782669563,-0.175267190438608,0.994701386553687,0.0807774808691453,-0.416428649433891,-0.135962069060475,-0.0247411626405223,-0.640995384823577,0.0549944887047776,0.573225755678888,0.0795836774414227,1.29148053419773,0.198268875224692,-0.1555961886108,-0.111531751188364,-0.741918245459386,0.24020725930366,-0.28831349479732,-0.853591196052854,1.24678870278565,0.834006018360537,-0.113860786417039,-0.0382639442739243,-0.607909904794508,-1.53139249135053,-1.56081868739673,-0.422683672213447,1.03456347495617,-0.10325500830788,-0.048236570436645,-0.0539306280597664,-0.639535815693025,-1.2263086449194,-0.352373532002817,0.950766487281889,-0.371422339493946,-0.831486854781667,0,-0.0930309953194633,-0.481588184154324,-0.984477210668762,-0.655851723424326,1.27280760797249,0.238498311019326,-0.9642374065657,-0.0998707974396848,-0.0692112518235939,-0.505880457736009,-0.834078590909783,0.414447281445371,1.16729496510292,0.971528919046879,-0.767532904424768,-0.202993708003753,-0.0191459895266863,-0.303642030474405,-0.97315070217934,0.0152822700148413,0.904845870642121,0.0427658724537265,-0.527680489439249,-0.177318504788345
"1703",0,-0.346763866306412,-1.17387929654563,-2.73929503423606,-1.88456216211237,1.33315102811434,0.416135323245922,-0.135962069060475,-0.0247411626405223,-0.51772241341086,-1.93416775881521,-2.90142927495448,0.0795836774414227,1.29148053419773,0.444635321258607,-0.1555961886108,-0.0445734002443183,-0.741918245459386,-1.62956752949562,0.721701932836606,1.43333321492626,1.24678870278565,-0.0112161204196545,-0.113860786417039,-0.0382639442739243,-0.759253601238671,0.344735587081286,1.1507788827907,1.00657188464015,1.36852100217096,-0.650039470011399,-0.048236570436645,-0.0330109162638679,0.28811274703799,1.33132611434538,-0.67429503037576,0.446252137175011,1.1603029827845,-0.831486854781667,0,-0.0930309953194633,0.527366528655686,-0.676594605621874,-1.12171262543579,0.63920556357353,1.09815083938011,-0.569033328961901,-0.0998707974396848,-0.0692112518235939,-0.410266899197836,-1.38433934890509,-1.37138576161386,-0.653976011966601,1.14027554013895,-0.767532904424768,-0.202993708003753,-0.0191459895266863,-0.303642030474405,-1.17332181098952,-2.7415390290559,-1.86781030218927,1.24589991284416,0.209604697681432,0.0793985290604706
"1704",0,-0.346763866306412,-0.208911675107842,0.757106570942284,0.773219575117836,-0.0981330258801679,-0.416428649433891,-0.211958937132047,-0.0247411626405223,-0.336869660666363,0.44964680817177,0.325036110633647,-0.131191100456599,1.12316558623815,0.0985254332469918,-0.0120345447874436,-0.0445734002443183,-0.741918245459386,0.41018678555814,1.22670964665357,0.943277984002168,1.24678870278565,0.834006018360537,-0.113860786417039,-0.0382639442739243,-0.759253601238671,-1.36765647399252,-0.205019902303017,-0.263877499229713,1.03456347495617,0.990313915099158,-0.048236570436645,-0.0330109162638679,-0.639535815693025,-1.2263086449194,-1.47909877630812,-1.73997671328813,-0.201230637018563,2.60906218572827,0,-0.0930309953194633,-0.481588184154324,-0.830535908145318,-1.12171262543579,-1.26160056962335,-0.96501522868577,2.85940496779055,4.95470122853544,-0.0692112518235939,0.0739739549704533,1.07863107602188,-1.52993367651563,-1.83290722328817,-1.05343053405793,2.47453550505952,3.35473264425068,-0.0191459895266863,-0.303642030474405,-0.572808484558983,0.704487594782526,0.904845870642121,1.58965249581285,2.6672219880837,0.697813577192196
"1705",0,-0.346763866306412,0.975655842215063,0.990200011287507,0.994701386553687,0.729390531511867,0.17020566797156,0.0539039362821676,-0.0247411626405223,-0.640995384823577,-1.01731600228176,-0.915912114592555,-0.43059871000111,1.29148053419773,0.937368213326437,0.0898478828205833,-0.0445734002443183,-0.741918245459386,-1.66178053013176,-1.02126488434001,-0.526887708770123,1.24678870278565,0.270524592507076,-0.113860786417039,-0.0382639442739243,-0.759253601238671,-0.548976387202492,-0.205019902303017,0.37134719270522,0.533627184133976,-0.650039470011399,-0.048236570436645,-0.0330109162638679,-0.33031962811602,1.33132611434538,1.09627321067543,0.950766487281889,0.990111280309114,-0.544774434739172,0,-0.0930309953194633,-0.481588184154324,-0.830535908145318,0.897017949947205,0.322404541374051,0.410428816691482,-0.111908222728241,-0.0998707974396848,-0.0692112518235939,-0.224210890437622,0.0230723224817513,0.803323473037571,-1.83290722328817,-1.55967039733413,-0.767532904424768,-0.202993708003753,-0.0191459895266863,-0.303642030474405,1.4289026035428,-1.36312837952053,-2.26390404116519,-1.1603681679367,-0.527680489439249,-0.177318504788345
"1706",0,-0.346763866306412,-0.958925782669563,0.757106570942284,0.994701386553687,1.33315102811434,-0.123111490731166,-0.135962069060475,-0.0247411626405223,0.33995244374252,0.082906105558388,-0.171343179456834,-1.60661454574275,0.786535690318983,1.67646755142818,-0.1555961886108,-0.0445734002443183,2.71441605417653,0.58016631181262,-1.12999301782559,-1.18029468333559,-0.0233446231262145,2.80619100884765,-0.113860786417039,-0.0382639442739243,2.13579134636373,0.924647769019562,-1.56081868739673,-1.53432688309958,0.032690893311783,2.63066730020971,-0.048236570436645,-0.0330109162638679,0.597328934614995,1.33132611434538,-1.15717727793518,-1.73997671328813,-0.201230637018563,2.60906218572827,0,-0.0930309953194633,0.19104829105235,1.3246423271829,0.275870080598593,-1.26160056962335,-0.105362700324987,1.94515475532323,-0.0998707974396848,-0.0692112518235939,-0.410266899197836,0.374925240328461,-0.0462257572536626,-0.895344039415955,0.802782297954812,0.853501300317375,-0.202993708003753,-0.0191459895266863,-0.303642030474405,-0.97315070217934,0.0152822700148413,0.904845870642121,1.4177762043285,0.166437538017414,-0.177318504788345
"1707",0,-0.346763866306412,-1.17387929654563,-2.50620159389084,-0.777153104933116,1.69097204161296,2.51674293759336,-0.135962069060475,-0.064995348517452,-0.640995384823577,-1.38405670489514,0.821415400724128,0.922682789033507,1.29148053419773,2.41556688952993,-0.1555961886108,-0.0445734002443183,-0.338493371519169,0.0814920908872178,0.385030123625297,-0.200184221487392,1.24678870278565,-0.0112161204196545,-0.39180896694584,-0.0382639442739243,0.527433042140173,1.08838378637757,-0.0355450541663019,0.530153365688954,1.36852100217096,-0.376647239159639,-0.048236570436645,-0.0330109162638679,-0.639535815693025,0.372213079621086,0.452430213929543,0.782595037246263,1.1603029827845,-0.831486854781667,0,-0.0930309953194633,-0.481588184154324,-0.984477210668762,-1.12171262543579,0.342126168448495,0.582359322363638,-0.797595882078731,-0.0998707974396848,-0.0692112518235939,-0.410266899197836,-1.38433934890509,-0.906315732428164,0.0422191444562627,0.29654243467861,-0.767532904424768,-0.202993708003753,-0.0191459895266863,-0.303642030474405,-1.17332181098952,-2.7415390290559,-1.07562282423745,-0.129110419030621,-0.527680489439249,-0.177318504788345
"1708",0,-0.21444817539772,0.330795300586854,0.757106570942284,0.551737763681986,0.617509001117085,-0.416428649433891,-0.135962069060475,-0.0247411626405223,0.0840536435727407,0.863269896124651,-1.66048104972828,0.290358455339444,1.29148053419773,0.444635321258607,-0.1555961886108,-0.0445734002443183,-0.0402607387221341,0.58016631181262,-0.961657113219938,0.289871009436705,0.929255371307683,0.270524592507076,-0.113860786417039,-0.0382639442739243,-0.43758194039396,0.760911751661556,1.1507788827907,1.00657188464015,-0.969181688332602,-0.650039470011399,-0.166864636400317,-0.0330109162638679,-0.639535815693025,0.691917424529183,0.452430213929543,0.614423587210637,0.479536172882967,-0.658271459336615,0,-0.0930309953194633,0.19104829105235,1.47858362970634,-0.966425658098632,-0.944799547423866,1.09815083938011,0.116654330388589,-0.0998707974396848,-0.0692112518235939,0.0739739549704533,1.25455753494524,-0.55774319753513,-1.83290722328817,0.802782297954812,0.256465965926613,-0.202993708003753,-0.0191459895266863,-0.303642030474405,0.027704841871553,0.93422270303842,0.904845870642121,1.07402362135981,-0.0361570313587953,-0.177318504788345
"1709",0,-0.346763866306412,0.115841786710785,0.990200011287507,-2.10604397354822,-0.992685559626734,-0.416428649433891,-0.135962069060475,-0.0247411626405223,-0.640995384823577,0.816387510785152,-0.419532824502074,-1.64468678365563,-1.40155863315559,-0.540830462877054,-0.153534655595247,-0.0445734002443183,0.986248904358571,1.09010489057606,-0.624985304008629,-1.57536924769206,-1.29347794903808,-0.574697546273115,-0.113860786417039,-0.0382639442739243,1.23473037614125,0.760911751661556,-1.56081868739673,-1.53432688309958,-1.3031392155474,-0.650039470011399,-0.048236570436645,-0.0330109162638679,3.07105843523104,1.4335093790123,-0.08360443564333,0.278080687139385,0.479536172882967,0.0286504053458163,0,-0.0930309953194633,1.68149407688927,1.47858362970634,1.20759188462151,0.63920556357353,0.754289828035795,2.17371730844006,-0.0998707974396848,-0.0692112518235939,0.558214809138742,1.25455753494524,0.414447281445371,-1.45788194973929,-0.209697428597592,2.27190622946675,-0.202993708003753,-0.0191459895266863,-0.303642030474405,-0.172466266938626,0.93422270303842,0.904845870642121,1.58965249581285,0.701128155761885,-0.177318504788345
"1710",0,-0.137193934639448,-1.17387929654563,-2.73929503423606,-0.998634916368966,1.18741918213123,0.17020566797156,-0.135962069060475,-0.0247411626405223,-0.640995384823577,-1.93416775881521,-2.90142927495448,-0.552740656252641,1.29148053419773,0.691001767292522,-0.1555961886108,-0.0445734002443183,-0.741918245459386,-1.62956752949562,-0.961657113219938,0.943277984002168,0.929255371307683,-0.574697546273115,-0.113860786417039,-0.0382639442739243,1.81411968551902,1.08838378637757,1.1507788827907,1.00657188464015,0.700605947741373,-0.650039470011399,-0.048236570436645,-0.0330109162638679,-0.639535815693025,-0.746752127557253,-1.47909877630812,0.950766487281889,0.479536172882967,-0.831486854781667,0,-0.0930309953194633,-0.481588184154324,-0.984477210668762,-1.12171262543579,0.63920556357353,1.09815083938011,-0.797595882078731,-0.0998707974396848,-0.0692112518235939,-0.410266899197836,-1.38433934890509,-1.31634887128296,-0.145293492318181,1.14027554013895,-0.362274353239232,-0.202993708003753,-0.0191459895266863,-0.303642030474405,-1.17332181098952,-2.7415390290559,-1.07562282423745,1.58965249581285,1.43841334288257,-0.177318504788345
"1711",0,-0.346763866306412,-1.07383180199393,-1.34073439216472,0.773219575117836,1.69097204161296,0.756839985377011,-0.156181420762921,-0.0247411626405223,-0.640995384823577,0.266276456865079,0.821415400724128,-0.552740656252641,0.618220742359401,1.18373465936035,-0.1555961886108,-0.0445734002443183,-0.741918245459386,0.7501458380671,1.05837374204791,0.779926240360802,1.24678870278565,0.270524592507076,-0.113860786417039,-0.0382639442739243,-0.759253601238671,0.269703699587538,1.1507788827907,1.00657188464015,1.58070483191025,0.443529453395639,-0.048236570436645,-0.0330109162638679,-0.639535815693025,-1.06645647246535,-0.835255779562232,-1.06729091314562,1.1603029827845,0.479846836448166,0,-0.0930309953194633,-0.481588184154324,-0.984477210668762,-1.12171262543579,-0.944799547423866,1.27008134505226,-0.340470775845071,-0.0998707974396848,-0.0692112518235939,-0.410266899197836,-1.38433934890509,-1.33549558071953,0.41724441800515,0.29654243467861,-0.827702348127576,-0.202993708003753,-0.0191459895266863,-0.303642030474405,-1.17332181098952,-0.444187946496948,0.310705262178251,-0.816615584968009,-0.527680489439249,-0.177318504788345
"1712",0,-0.346763866306412,1.19060935609113,0.0578262499066152,0.108774140810285,1.13309939295596,4.27664588980972,7.28310247549322,-0.0247411626405223,-0.640995384823577,0.175539059778046,0.0768464655884069,0.290358455339444,0.786535690318983,3.40103267366559,3.75813857356356,-0.0445734002443183,-0.741918245459386,-1.62956752949562,-1.12999301782559,-0.853591196052854,1.24678870278565,2.52445029592092,-0.113860786417039,-0.0382639442739243,-0.759253601238671,-1.80133759364955,-1.56081868739673,0.530153365688954,1.03456347495617,-0.376647239159639,-0.048236570436645,-0.0330109162638679,-0.639535815693025,-1.2263086449194,-1.47909877630812,0.614423587210637,0.819919577833732,-0.831486854781667,0,-0.0930309953194633,-0.481588184154324,-0.984477210668762,-1.12171262543579,-0.14249410615567,1.27008134505226,0.57377943662225,-0.0998707974396848,-0.0692112518235939,-0.410266899197836,-1.20841288998173,-1.14105748492343,-0.145293492318181,1.14027554013895,0.0429841979463036,-0.202993708003753,-0.0191459895266863,-0.303642030474405,1.62907371235298,0.93422270303842,0.706799001154165,-0.129110419030621,-0.527680489439249,-0.233164305117699
"1713",0,-0.346763866306412,-0.0991117271652847,0.524013130597061,0.994701386553687,1.51206153486365,-0.416428649433891,-0.135962069060475,-0.0247411626405223,1.64788288183065,0.999757862091843,0.821415400724128,-0.552740656252641,-0.0550390494789284,-0.540830462877054,-0.1555961886108,-0.0445734002443183,3.29047177078251,0.58016631181262,0.332747762371728,-0.967948087439681,-1.29347794903808,-0.574697546273115,-0.113860786417039,-0.0382639442739243,3.42247798974257,1.08838378637757,0.642354338380556,-1.05790836414838,-1.3031392155474,-0.650039470011399,-0.048236570436645,-0.0330109162638679,-0.639535815693025,-0.427047782649156,0.291469464743071,0.782595037246263,-1.39257255434624,-0.831486854781667,0,-0.0930309953194633,-0.481588184154324,-0.984477210668762,-1.12171262543579,1.27280760797249,0.0665678053471691,-0.797595882078731,-0.0998707974396848,-0.0692112518235939,-0.410266899197836,-0.504707054288313,0.220009185649271,1.16729496510292,-0.209697428597592,-0.767532904424768,-0.202993708003753,-0.0191459895266863,-0.303642030474405,0.0873611879836978,0.93422270303842,-0.283435346285619,-0.988491876452356,-0.527680489439249,-0.177318504788345
"1714",0,-0.346763866306412,1.19060935609113,0.757106570942284,-1.66308035067652,-0.992685559626734,-0.416428649433891,-0.135962069060475,-0.0247411626405223,1.32090027230862,0.999757862091843,1.06960504576937,1.13345756693153,-1.233243685196,-0.540830462877054,-0.1555961886108,-0.0445734002443183,-0.453890387156393,-0.60969037196874,-0.793321208614283,0.914935610770582,-0.182111288865197,-0.574697546273115,-0.113860786417039,-0.0382639442739243,-0.720810059249319,-1.53139249135053,-1.56081868739673,0.688959538672687,0.032690893311783,-0.650039470011399,-0.048236570436645,-0.0330109162638679,-0.639535815693025,-1.2263086449194,-0.835255779562232,0.950766487281889,-0.541614041969328,-0.831486854781667,0,-0.0930309953194633,-0.481588184154324,-0.984477210668762,0.586444015272899,0.645876662213168,-1.13694573435793,-0.797595882078731,-0.0998707974396848,-0.0692112518235939,-0.410266899197836,0.726778158175171,1.19219966462977,0.623458341251666,0.465289055770677,1.43649512299475,4.71545869607834,-0.0191459895266863,-0.314910899163714,1.22873149473262,0.988128597093878,0.904845870642121,1.58965249581285,3.15874544616415,5.0734739870949
"1715",0,-0.346763866306412,-0.314065241041354,-0.408360630783831,0.551737763681986,-0.455954039378794,-0.416428649433891,-0.135962069060475,-0.0247411626405223,-0.640995384823577,0.999757862091843,-0.171343179456834,-0.131191100456599,0.618220742359401,-0.540830462877054,-0.1555961886108,-0.0445734002443183,0.410193187752585,0.41018678555814,-1.12999301782559,-1.18029468333559,0.294188708351751,0.270524592507076,-0.113860786417039,-0.0382639442739243,0.849104702984884,0.269703699587538,-1.56081868739673,-1.53432688309958,-0.134287870295615,0.443529453395639,-0.048236570436645,-0.0330109162638679,1.21576130976901,0.165079846284824,-1.47909877630812,-1.73997671328813,0.139152767932202,0.315362825388311,0,-0.0930309953194633,0.527366528655686,0.400994512042235,-1.12171262543579,-1.26160056962335,0.238498311019326,-0.111908222728241,-0.0998707974396848,-0.0692112518235939,0.416317983249103,0.902704617098525,-0.16886700594293,0.229731781230706,0.453545046482338,-0.767532904424768,-0.202993708003753,-0.0191459895266863,-0.339414161052858,-0.772979593369162,0.474752486526631,0.112658392690295,-0.644739293483662,-0.527680489439249,-0.0594608028034352
"1716",0,-0.346763866306412,-1.17387929654563,-2.50620159389084,-0.112707670625565,-0.0981330258801679,-0.416428649433891,-0.135962069060475,-0.064995348517452,-0.640995384823577,-1.93416775881521,0.325036110633647,0.290358455339444,-1.233243685196,-0.540830462877054,-0.1555961886108,-0.0445734002443183,-0.741918245459386,-0.26973131945978,1.22670964665357,-0.307053254997417,-1.29347794903808,-0.0359160726365618,-0.113860786417039,-0.0382639442739243,-0.115910279549249,1.08838378637757,-0.543969598576446,-1.21671453713211,0.700605947741373,0.443529453395639,-0.048236570436645,0.0869690024427017,1.52497749734601,1.33132611434538,-0.352373532002817,-0.394605113003119,0.990111280309114,0.602075245430805,0,-0.0930309953194633,0.19104829105235,1.47858362970634,1.36287885195866,1.27280760797249,0.410428816691482,-0.797595882078731,-0.0998707974396848,-0.028306120990635,-0.410266899197836,-0.680633513211668,0.0255710898531705,1.16729496510292,-0.378444049689659,-0.767532904424768,-0.202993708003753,-0.0191459895266863,-0.303642030474405,-1.17332181098952,-2.05233370428821,0.508752131666208,-0.472863001999315,-0.527680489439249,-0.177318504788345
"1717",0,-0.346763866306412,0.330795300586854,0.990200011287507,0.994701386553687,2.12506031307254,3.39669441370154,-0.135962069060475,-0.0247411626405223,-0.640995384823577,-0.833945650975067,-0.667722469547314,0.0795836774414227,1.12316558623815,2.66193333556384,-0.1555961886108,-0.0445734002443183,-0.741918245459386,-1.62956752949562,-1.12999301782559,-0.103449737632318,1.24678870278565,0.834006018360537,-0.113860786417039,-0.0909846830221019,-0.759253601238671,-1.53139249135053,-0.71344444671316,0.530153365688954,1.36852100217096,0.443529453395639,-0.048236570436645,-0.0330109162638679,-0.639535815693025,0.212360907167038,1.03142419744149,0.950766487281889,1.1603029827845,1.46221250555829,0,-0.0930309953194633,-0.481588184154324,-0.52265330309843,1.05230491728436,0.480805052473791,-1.48080674570224,-0.797595882078731,-0.0998707974396848,-0.0692112518235939,-0.410266899197836,-0.856559972135023,1.19219966462977,-0.895344039415955,-1.55967039733413,-0.767532904424768,-0.202993708003753,-0.0191459895266863,-0.303642030474405,0.227875950681732,0.0310227621173336,-2.26390404116519,-1.1603681679367,-0.527680489439249,-0.177318504788345
"1718",0,0.767805440878689,0.330795300586854,0.0578262499066152,0.551737763681986,-0.0981330258801679,-0.416428649433891,-0.135962069060475,-0.0247411626405223,0.33995244374252,0.44964680817177,-0.915912114592555,0.711908011135486,0.281590846440236,-0.540830462877054,-0.1555961886108,-0.0445734002443183,-0.741918245459386,-1.62956752949562,-0.624985304008629,1.43333321492626,-0.975944617560112,-0.574697546273115,-0.109599700624569,-0.0382639442739243,-0.759253601238671,-1.53139249135053,0.642354338380556,0.37134719270522,-0.802202924725205,-0.650039470011399,-0.048236570436645,-0.0330109162638679,-0.639535815693025,-1.2263086449194,-0.191412782816345,0.446252137175011,1.1603029827845,0.315362825388311,0,-0.0930309953194633,-0.481588184154324,-0.984477210668762,-1.12171262543579,0.0499425854046131,0.926220333707951,-0.111908222728241,-0.0998707974396848,-0.0692112518235939,-0.505561923849791,-1.20841288998173,0.414447281445371,1.16729496510292,0.241391805537118,-0.767532904424768,-0.202993708003753,-0.0191459895266863,-0.303642030474405,0.628218168302089,0.245017378270736,-1.2736696937254,-1.1603681679367,-0.527680489439249,-0.177318504788345
"1719",0,-0.346763866306412,-0.0991117271652847,0.524013130597061,-0.112707670625565,-0.455954039378794,-0.416428649433891,-0.135962069060475,-0.0247411626405223,0.0129698342204877,0.999757862091843,0.573225755678888,1.13345756693153,0.954850638278565,-0.540830462877054,-0.1555961886108,-0.0445734002443183,0.917593155478101,0.58016631181262,-0.809680233839656,-0.853591196052854,0.7704887055687,0.552265305433806,-0.113860786417039,-0.0382639442739243,1.81411968551902,-0.057768335128474,-1.56081868739673,-1.53432688309958,0.032690893311783,1.53709837680268,0.069877364779292,-0.0330109162638679,1.83419368492302,0.372213079621086,-1.47909877630812,-1.73997671328813,-0.371422339493946,1.46221250555829,0,-0.0930309953194633,0.863684766259023,1.01675972213601,-1.12171262543579,-1.71789270242727,0.0665678053471691,1.03090454285591,-0.0998707974396848,-0.0692112518235939,-0.410266899197836,1.07863107602188,-0.472236216659434,-1.0828566761904,0.802782297954812,0.112851125704838,-0.202993708003753,-0.0191459895266863,-0.303642030474405,-0.372637375748804,0.93422270303842,0.904845870642121,0.214642163938074,-0.527680489439249,-0.177318504788345
"1720",0,-0.346763866306412,1.4055628699672,1.0479316571914,-2.54900759641992,-0.992685559626734,-0.416428649433891,-0.135962069060475,0.0498345569401277,0.665584428308485,0.999757862091843,1.06960504576937,-1.60661454574275,-1.55122920854707,-0.530771510184916,-0.1555961886108,-0.0445734002443183,1.27427676266156,0.24020725930366,0.216694219019643,-0.200184221487392,-1.29347794903808,-0.574697546273115,-0.113860786417039,-0.0382639442739243,0.205761381295462,0.760911751661556,-0.374494750439731,-0.263877499229713,-1.23182261039585,-0.650039470011399,-0.048236570436645,-0.0330109162638679,-0.639535815693025,-1.2263086449194,0.774351712302486,-1.23546236318125,-1.56276425682162,-0.831486854781667,0,-0.0930309953194633,-0.481588184154324,-0.368712000574986,1.20759188462151,-0.748737583837091,-1.48080674570224,0.119914511772432,-0.0998707974396848,-0.0692112518235939,0.558214809138742,1.25455753494524,1.19219966462977,-0.47951335687303,0.634035676862745,1.05613057591014,-0.202993708003753,-0.0191459895266863,-0.0841006592579766,1.22873149473262,0.93422270303842,0.904845870642121,1.58965249581285,1.5562234710588,-0.177318504788345
"1721",0,-0.346763866306412,-0.958925782669563,-1.1076409518195,0.994701386553687,-0.634864546128108,-0.416428649433891,-0.135962069060475,-0.0247411626405223,-0.640995384823577,0.633017159478461,0.325036110633647,0.290358455339444,0.281590846440236,-0.294464016843139,-0.1555961886108,-0.0445734002443183,0.122165329449593,0.7501458380671,-1.12999301782559,-0.690239452411488,1.24678870278565,0.552265305433806,-0.113860786417039,-0.0382639442739243,0.300225219538712,0.924647769019562,1.1507788827907,0.847765711656421,1.36852100217096,-0.650039470011399,-0.206041130798325,-0.0330109162638679,-0.639535815693025,-0.906604300011301,-0.352373532002817,-1.40363381321687,0.139152767932202,0.0286504053458163,0,-0.0286005176450257,-0.481588184154324,-0.984477210668762,-1.12171262543579,-1.26160056962335,0.410428816691482,-0.340470775845071,-0.0998707974396848,-0.0692112518235939,-0.410266899197836,-1.38433934890509,-0.16886700594293,-1.45788194973929,0.127795813586543,0.0429841979463036,-0.202993708003753,-0.0191459895266863,-0.303642030474405,-1.17332181098952,-0.673923054752843,0.904845870642121,0.902147329875462,-0.281918760399022,-0.177318504788345
"1722",0,-0.346763866306412,0.975655842215063,-1.1076409518195,0.108774140810285,-0.455954039378794,-0.416428649433891,-0.328216789952644,-0.0247411626405223,-0.640995384823577,0.999757862091843,1.06960504576937,1.13345756693153,0.449905794399818,-0.540830462877054,-0.1555961886108,-0.0445734002443183,-0.741918245459386,0.339563164654796,-0.28831349479732,-1.18029468333559,0.611722039829717,1.397487444214,0.336606221541141,-0.0382639442739243,1.81411968551902,-0.22150435248648,-1.76995598216645,-1.53432688309958,0.533627184133976,1.53709837680268,-0.048236570436645,-0.0330109162638679,1.83419368492302,0.0525087347129891,-1.47909877630812,-1.73997671328813,-0.201230637018563,1.46221250555829,0,-0.0930309953194633,2.54527595427571,0.743022201004399,-1.12171262543579,-0.944799547423866,1.09815083938011,0.21390912863644,-0.0998707974396848,-0.0692112518235939,2.01093737164361,1.43048399386859,0.414447281445371,0.666084082003278,0.29654243467861,-0.767532904424768,-0.202993708003753,-0.0191459895266863,-0.303642030474405,1.4289026035428,0.93422270303842,-0.283435346285619,-0.988491876452356,-0.527680489439249,-0.177318504788345
"1723",0,-0.346763866306412,-0.958925782669563,0.990200011287507,0.330255952246136,-0.992685559626734,-0.416428649433891,-0.135962069060475,-0.0247411626405223,-0.640995384823577,-1.38405670489514,1.06960504576937,0.922682789033507,-1.40155863315559,-0.706302771178044,-0.1555961886108,-0.0445734002443183,-0.741918245459386,0.41018678555814,1.56338145586488,1.43333321492626,-1.39431551990496,-0.574697546273115,-0.113860786417039,0.00253193544590119,0.205761381295462,1.08838378637757,0.751443674789725,1.00657188464015,-1.3031392155474,-0.650039470011399,-0.049335153206293,-0.0330109162638679,1.52497749734601,-0.107343437741059,0.27581743284574,1.06017616434509,-1.56276425682162,-0.831486854781667,0,-0.0930309953194633,-0.481588184154324,-0.984477210668762,-0.0925303534884487,1.27280760797249,-0.31217608487585,-0.797595882078731,-0.0998707974396848,-0.0692112518235939,-0.410266899197836,-1.38433934890509,0.0255710898531705,1.16729496510292,0.802782297954812,-0.564903628832,-0.202993708003753,-0.0191459895266863,-0.303642030474405,-0.772979593369162,0.245017378270736,0.904845870642121,1.58965249581285,2.42146025904347,1.13168076422031
"1724",0,-0.346763866306412,0.760702328338993,0.990200011287507,-0.546666701735679,-0.992685559626734,-0.416428649433891,-0.135962069060475,-0.0247411626405223,0.993917662786584,0.999757862091843,1.06960504576937,1.13345756693153,-0.223353997438511,-0.540830462877054,-0.1555961886108,-0.0445734002443183,0.122165329449593,1.09010489057606,1.56338145586488,1.43333321492626,1.08802203704667,-0.574697546273115,-0.113860786417039,-0.0382639442739243,-0.759253601238671,-1.20392045663452,-0.543969598576446,-1.05790836414838,0.533627184133976,0.716921684247398,-0.048236570436645,-0.0330109162638679,-0.639535815693025,-1.2263086449194,-1.47909877630812,-1.73997671328813,0.309344470407584,1.17550008551579,0,-0.0930309953194633,-0.481588184154324,-0.984477210668762,-1.49453272566532,-1.26160056962335,0.754289828035795,1.7165922022064,-0.0998707974396848,-0.0692112518235939,-0.410266899197836,-0.680633513211668,-0.94661938912733,0.229731781230706,1.14027554013895,0.245613473539072,-0.202993708003753,-0.0912709356995593,-0.303642030474405,0.539340614671227,0.0152822700148413,0.112658392690295,-0.129110419030621,-0.527680489439249,-0.177318504788345
"1725",0,-0.346763866306412,-1.17387929654563,-2.73929503423606,-0.555671293497266,0.438598494367772,-0.416428649433891,-0.135962069060475,-0.064995348517452,-0.640995384823577,-1.93416775881521,-1.90867069477352,1.13345756693153,-1.06492873723642,-0.540830462877054,-0.1555961886108,-0.0445734002443183,-0.741918245459386,-1.62956752949562,1.39504555125922,0.453222753078071,-1.29347794903808,-0.574697546273115,-0.113860786417039,-0.0382639442739243,-0.759253601238671,-0.548976387202492,0.303404642107127,-1.37552071011585,-0.301266633903012,0.990313915099158,-0.048236570436645,-0.0330109162638679,1.04434917320532,1.01162176943728,-1.15717727793518,-1.73997671328813,-0.0310389345431809,0.532212503282241,0,-0.0930309953194633,2.54527595427571,0.0931119069953467,-1.12171262543579,-0.786399036324126,1.27008134505226,-0.340470775845071,-0.0998707974396848,-0.0692112518235939,2.97941907998019,1.43048399386859,1.19219966462977,1.16729496510292,0.971528919046879,-0.159645077646464,0.0614977926000664,-0.0191459895266863,0.728815661816031,-0.372637375748804,-2.28206881254411,-0.0853884767976621,-0.644739293483662,-0.527680489439249,-0.177318504788345
"1726",0,-0.346763866306412,0.330795300586854,0.757106570942284,0.330255952246136,0.617509001117085,0.17020566797156,-0.28817515129165,-0.0247411626405223,0.666935053264552,0.816387510785152,-2.90142927495448,-1.90678040205591,0.281590846440236,1.67646755142818,-0.1555961886108,-0.0445734002443183,-0.453890387156393,0.92012536432158,-0.28831349479732,-0.690239452411488,0.7704887055687,0.834006018360537,-0.113860786417039,-0.0382639442739243,-0.759253601238671,0.361616494581051,1.1507788827907,0.530153365688954,-1.13616045194,-0.650039470011399,-0.048236570436645,-0.0330109162638679,-0.639535815693025,-0.172373815043573,0.452430213929543,0.188146487268131,-0.881997446920094,-0.831486854781667,0,-0.0930309953194633,-0.481588184154324,0.247053209518791,-0.966425658098632,0.00560351917457189,0.171268469803965,-0.797595882078731,-0.0998707974396848,-0.0692112518235939,0.435660935879743,0.550851699251816,-1.14105748492343,-1.64539458651373,1.14027554013895,-0.767532904424768,-0.202993708003753,-0.0191459895266863,0.728815661816031,0.628218168302089,0.0152822700148413,0.904845870642121,0.902147329875462,-0.527680489439249,-0.510002219267814
"1727",0,-0.806939646492342,-1.17387929654563,-1.57382783250995,0.994701386553687,-0.0981330258801679,-0.416428649433891,-0.135962069060475,-0.0247411626405223,-0.640995384823577,-0.833945650975067,0.821415400724128,1.13345756693153,0.113275898480654,-0.540830462877054,-0.1555961886108,21.578769647691,3.8665274873885,1.09010489057606,1.56338145586488,1.29169593745142,-0.24676595304763,-0.574697546273115,-0.113860786417039,-0.0382639442739243,2.13579134636373,0.269703699587538,0.642354338380556,1.00657188464015,-0.370077125483115,-0.650039470011399,-0.048236570436645,-0.0330109162638679,-0.639535815693025,-1.2263086449194,0.774351712302486,0.614423587210637,-1.56276425682162,-0.831486854781667,0,-0.0930309953194633,-0.481588184154324,-0.984477210668762,1.05230491728436,0.79760607467327,-1.48080674570224,-0.797595882078731,-0.0998707974396848,-0.0692112518235939,-0.410266899197836,-1.38433934890509,0.220009185649271,0.792269691554037,-1.55967039733413,-0.767532904424768,-0.202993708003753,-0.0912709356995593,-0.303642030474405,-1.17332181098952,-1.82259859603232,0.706799001154165,-0.523779055795587,-0.527680489439249,-0.177318504788345
"1728",0,-0.346763866306412,-0.0991117271652847,0.757106570942284,0.330255952246136,0.259687987618459,-0.416428649433891,-0.135962069060475,-0.0247411626405223,0.666935053264552,0.816387510785152,-0.915912114592555,-0.205558816084967,0.994572285925175,0.444635321258607,-0.1555961886108,-0.0445734002443183,0.986248904358571,0.41018678555814,-0.961657113219938,0.453222753078071,0.929255371307683,-0.292956833346385,-0.113860786417039,-0.0177637689065176,-0.689454767200848,-1.53139249135053,0.472879490243842,0.37134719270522,-0.969181688332602,-0.650039470011399,-0.048236570436645,-0.0330109162638679,-0.936652333732582,-1.2263086449194,0.774351712302486,0.109909237103759,-1.05218914939548,-0.831486854781667,0,-0.0930309953194633,-0.481588184154324,-0.984477210668762,-0.966425658098632,0.322404541374051,0.926220333707951,-0.797595882078731,-0.0998707974396848,-0.0692112518235939,-0.410266899197836,-1.38433934890509,-1.91880986810783,-1.0828566761904,0.802782297954812,0.853501300317375,-0.202993708003753,-0.0191459895266863,-0.303642030474405,-0.372637375748804,0.770425980064273,0.904845870642121,1.24589991284416,0.455366426721658,-0.177318504788345
"1729",0,-0.346763866306412,0.0322548610369714,0.757106570942284,0.994701386553687,0.617509001117085,-0.0547289693132255,-0.135962069060475,-0.0247411626405223,-0.314012775301545,0.999757862091843,0.0768464655884069,-0.552740656252641,-0.223353997438511,-0.540830462877054,-0.1555961886108,-0.0445734002443183,-0.741918245459386,0.7501458380671,-0.624985304008629,-1.18029468333559,-1.29347794903808,-0.574697546273115,-0.113860786417039,-0.0382639442739243,-0.759253601238671,0.760911751661556,1.1507788827907,0.530153365688954,-1.13616045194,-0.650039470011399,-0.048236570436645,-0.0330109162638679,-0.639535815693025,-0.0450100758385208,1.09627321067543,0.782595037246263,-0.371422339493946,-0.831486854781667,0,-0.0930309953194633,-0.481588184154324,-0.984477210668762,-1.12171262543579,0.164004030274312,0.0665678053471691,-0.797595882078731,-0.0998707974396848,-0.0692112518235939,-0.410266899197836,-0.680633513211668,-0.94661938912733,0.792269691554037,0.149317861379884,-0.767532904424768,-0.202993708003753,-0.0912709356995593,-0.303642030474405,0.027704841871553,1.13328155548666,0.706799001154165,-0.644739293483662,-0.527680489439249,-0.12405757672548
"1730",0,-0.346763866306412,-0.529018754917424,0.757106570942284,0.773219575117836,-0.813775052877421,-0.416428649433891,-0.135962069060475,-0.0247411626405223,-0.640995384823577,-0.283834597054994,1.06960504576937,0.290358455339444,-1.06492873723642,-0.540830462877054,-0.1555961886108,0.0386153206471683,0.410193187752585,1.09010489057606,0.385030123625297,-0.200184221487392,0.135422042612768,-0.0112161204196545,-0.113860786417039,-0.0382639442739243,1.81411968551902,1.08838378637757,0.797278849057009,1.00657188464015,0.366648420526578,0.17013722254388,-0.048236570436645,-0.0330109162638679,-0.0211034405390152,0.79428748364619,1.09627321067543,0.614423587210637,-1.39257255434624,-0.460973061878123,0,-0.0930309953194633,0.863684766259023,1.47858362970634,1.36287885195866,1.27280760797249,-0.297710347863732,-0.797595882078731,-0.0998707974396848,-0.0692112518235939,0.0739739549704533,1.07863107602188,1.19219966462977,1.16729496510292,0.465289055770677,-0.767532904424768,-0.202993708003753,-0.0191459895266863,-0.303642030474405,-0.572808484558983,0.474752486526631,0.112658392690295,-0.300986710514968,-0.527680489439249,-0.177318504788345
"1731",0,1.88237474806379,1.8195409861563,0.757106570942284,-2.10604397354822,-0.992685559626734,-0.416428649433891,-0.135962069060475,-0.0247411626405223,2.62883071039675,0.082906105558388,1.06960504576937,-0.974290212048683,-1.40155863315559,-0.552097307176746,-0.1555961886108,0.299695993745473,1.85033247926755,-0.77966989822322,0.89003783744226,0.289871009436705,-1.29347794903808,-0.712826610843204,-0.113860786417039,-0.0980157101479449,-0.759253601238671,-1.53139249135053,0.642354338380556,-0.263877499229713,-1.3031392155474,-0.650039470011399,-0.048236570436645,-0.0330109162638679,-0.639535815693025,-1.06645647246535,1.09627321067543,-1.23546236318125,-1.56276425682162,-0.831486854781667,0,-0.0930309953194633,-0.481588184154324,0.400994512042235,0.897017949947205,-1.26160056962335,-1.48080674570224,-0.797595882078731,-0.410717754965354,-0.303245074164719,0.0739739549704533,1.07863107602188,1.19219966462977,0.979782328328481,0.127795813586543,0.245613473539072,-0.202993708003753,-0.0191459895266863,4.85864643097778,1.82924482116316,-0.903658163008738,0.112658392690295,1.4177762043285,2.42146025904347,-0.177318504788345
"1732",0,-0.536385736499748,0.977496278743429,0.290919690251838,0.994701386553687,1.33315102811434,0.17020566797156,-0.135962069060475,-0.0247411626405223,0.0129698342204877,0.999757862091843,-0.458332707915203,-1.1850649899467,0.786535690318983,1.9228339974621,-0.1555961886108,-0.0445734002443183,1.02192364388548,1.09010489057606,-0.624985304008629,-1.18029468333559,-0.182111288865197,2.52445029592092,-0.113860786417039,-0.0382639442739243,2.77913466805315,0.760911751661556,-1.56081868739673,-1.53432688309958,-0.46824539751041,2.63066730020971,-0.048236570436645,-0.0330109162638679,1.83419368492302,1.33132611434538,-1.47909877630812,-1.73997671328813,-0.881997446920094,2.60906218572827,0,-0.0930309953194633,2.20895771667237,1.3246423271829,-1.12171262543579,-1.26160056962335,-0.277293205997144,1.7165922022064,-0.0998707974396848,-0.0692112518235939,2.97941907998019,1.43048399386859,-0.36330510173903,-0.332806129092624,-0.0304574803898361,-0.362274353239232,-0.202993708003753,-0.0191459895266863,-0.303642030474405,1.22873149473262,0.93422270303842,0.904845870642121,-0.300986710514968,-0.527680489439249,-0.177318504788345
"1733",0,-0.346763866306412,-1.17387929654563,-1.57382783250995,0.108774140810285,-0.992685559626734,-0.416428649433891,-0.135962069060475,-0.0247411626405223,-0.640995384823577,-1.93416775881521,0.325036110633647,0.501133233237465,-1.01177892062637,-0.540830462877054,-0.1555961886108,-0.0152492710856271,-0.850891908982653,-0.77966989822322,1.56338145586488,-0.690239452411488,-1.29347794903808,-0.574697546273115,-0.113860786417039,-0.0382639442739243,-0.759253601238671,-0.22150435248648,0.981304034653986,-1.53432688309958,-1.3031392155474,-0.650039470011399,-0.048236570436645,-0.0330109162638679,-0.639535815693025,0.372213079621086,0.452430213929543,-0.394605113003119,-0.541614041969328,-0.831486854781667,0,-0.0930309953194633,0.19104829105235,1.3246423271829,1.20759188462151,0.63920556357353,0.926220333707951,1.25946709597274,-0.0998707974396848,-0.00474787830360711,0.00767641685083523,0.0230723224817513,0.997761568833671,-0.707831402641512,0.465289055770677,1.66401840268845,-0.202993708003753,-0.0191459895266863,-0.188467285325323,-1.17332181098952,-0.903658163008738,0.310705262178251,1.4177762043285,0.701128155761885,-0.177318504788345
"1734",0,-0.346763866306412,-0.743972268793493,0.990200011287507,0.994701386553687,0.975330014615711,-0.416428649433891,-0.135962069060475,-0.0247411626405223,-0.640995384823577,-0.0481805254683404,0.821415400724128,0.922682789033507,1.29148053419773,0.691001767292522,-0.1555961886108,-0.0445734002443183,0.410193187752585,0.7501458380671,-0.201246065740372,-0.690239452411488,0.929255371307683,1.96096887006746,-0.113860786417039,-0.0382639442739243,1.81411968551902,0.924647769019562,-1.56081868739673,-1.55467790470729,0.599608464600331,1.53709837680268,-0.126005107210748,-0.0330109162638679,0.597328934614995,0.691917424529183,-1.47909877630812,-1.73997671328813,-0.541614041969328,1.46221250555829,0,-0.0930309953194633,0.627790537987734,1.47858362970634,0.586444015272899,0.322404541374051,1.27008134505226,0.80234198973908,-0.0998707974396848,-0.0692112518235939,-0.410266899197836,1.07863107602188,1.1421469783693,1.16729496510292,0.29654243467861,-0.564903628832,-0.202993708003753,-0.0191459895266863,-0.303642030474405,-0.772979593369162,0.0152822700148413,-0.0853884767976621,-0.816615584968009,-0.527680489439249,-0.177318504788345
"1735",0,-0.346763866306412,-0.0991117271652847,0.524013130597061,-0.334189482061415,-0.992685559626734,-0.416428649433891,-0.135962069060475,-0.0247411626405223,0.0129698342204877,0.816387510785152,0.477655480293293,0.501133233237465,-1.40155863315559,-0.540830462877054,-0.1555961886108,-0.0445734002443183,0.986248904358571,1.09010489057606,-0.624985304008629,0.289871009436705,0.929255371307683,-0.292956833346385,-0.0343235473150262,-0.0382639442739243,1.81411968551902,1.08838378637757,1.1507788827907,1.00657188464015,1.36852100217096,1.26370614595092,-0.048236570436645,-0.0330109162638679,-0.639535815693025,0.0525087347129891,-0.67429503037576,-0.73094801307437,1.1603029827845,1.46221250555829,0,-0.0930309953194633,-0.481588184154324,-0.984477210668762,-0.588615112649346,0.00560351917457189,1.09815083938011,0.57377943662225,-0.204421899082296,-0.0692112518235939,-0.410266899197836,-0.856559972135023,0.414447281445371,1.16729496510292,-0.378444049689659,-0.767532904424768,-0.202993708003753,-0.0191459895266863,-0.303642030474405,0.027704841871553,0.93422270303842,-0.877575954749489,-1.1603681679367,-0.527680489439249,-0.177318504788345
"1736",0,-0.346763866306412,-1.17387929654563,-0.408360630783831,0.330255952246136,-0.813775052877421,-0.416428649433891,-0.135962069060475,-0.0247411626405223,-0.640995384823577,-0.467204948361685,1.06960504576937,0.290358455339444,-1.06492873723642,-0.540830462877054,-0.1555961886108,-0.0445734002443183,-0.453890387156393,0.92012536432158,0.553366028230951,-0.813473182748302,-1.29347794903808,-0.574697546273115,-0.138290502502213,-0.0382639442739243,1.17077636382959,1.08838378637757,-0.374494750439731,-0.740296018180913,-1.3031392155474,-0.650039470011399,-0.048236570436645,-0.0330109162638679,-0.0211034405390152,1.33132611434538,1.09627321067543,0.950766487281889,0.990111280309114,0.0286504053458163,0,-0.0930309953194633,0.19104829105235,1.47858362970634,0.741730982610052,-1.26160056962335,-0.277293205997144,2.17371730844006,-0.0998707974396848,-0.0692112518235939,-0.410266899197836,0.375539210835107,0.0255710898531705,-1.0828566761904,0.127795813586543,2.47453550505952,2.25623249403729,-0.0191459895266863,-0.303642030474405,-0.772979593369162,-0.214452838241053,0.706799001154165,1.24589991284416,1.68417507192279,-0.177318504788345
"1737",0,-0.346763866306412,0.330795300586854,0.290919690251838,0.994701386553687,0.617509001117085,-0.416428649433891,-0.135962069060475,-0.0247411626405223,-0.640995384823577,0.082906105558388,-0.915912114592555,-0.34196587835462,1.59935193938812,0.691001767292522,-0.1555961886108,-0.0445734002443183,-0.741918245459386,-1.62956752949562,-0.482920066196919,-0.0368324778460259,1.08802203704667,-0.574697546273115,-0.429781683539366,-0.0909846830221019,-0.759253601238671,-1.53139249135053,0.642354338380556,1.00657188464015,-0.46824539751041,-0.650039470011399,-0.048236570436645,-0.0330109162638679,-0.639535815693025,-1.2263086449194,-0.373619669616339,0.278080687139385,1.1603029827845,0.0286504053458163,0,-0.0930309953194633,-0.481588184154324,-0.984477210668762,-1.12171262543579,-0.786399036324126,1.27008134505226,-0.340470775845071,-0.0998707974396848,-0.0692112518235939,-0.456870960619814,-1.03248643105838,-0.55774319753513,0.792269691554037,-0.378444049689659,-0.767532904424768,-0.202993708003753,-0.0191459895266863,-0.303642030474405,0.828389277112268,0.289034564777999,-1.86781030218927,-1.1603681679367,-0.527680489439249,-0.177318504788345
"1738",0,-0.346763866306412,-0.596559275336457,-0.641454071129054,0.652738771602975,0.438598494367772,-0.416428649433891,-0.135962069060475,-0.0247411626405223,-0.640995384823577,0.082906105558388,-0.366383026150094,-0.552740656252641,0.618220742359401,-0.540830462877054,-0.1555961886108,-0.0445734002443183,-0.741918245459386,0.24020725930366,0.0483583144139882,-0.175500443752419,-0.34087795460418,-0.574697546273115,-0.156925184146813,-0.0382639442739243,-0.759253601238671,-0.712712404560498,1.1507788827907,-0.10507132624598,-1.3031392155474,-0.650039470011399,-0.048236570436645,-0.0330109162638679,-0.639535815693025,0.372213079621086,0.935312461488958,-0.193155018087152,-1.56276425682162,-0.753812192884621,0,-0.0930309953194633,-0.150786647622449,1.01675972213601,-0.966425658098632,0.322404541374051,-1.30887624003008,-0.797595882078731,-0.0998707974396848,-0.0692112518235939,-0.410266899197836,0.902704617098525,-1.72437177231173,-0.332806129092624,-0.715937291873794,-0.767532904424768,-0.236047526201306,-0.0191459895266863,-0.303642030474405,-0.572808484558983,0.474752486526631,0.706799001154165,-0.644739293483662,-0.527680489439249,-0.177318504788345
"1739",0,-0.346763866306412,0.330795300586854,0.990200011287507,0.994701386553687,0.796419507866398,-0.416428649433891,-0.135962069060475,-0.0247411626405223,-0.314012775301545,0.999757862091843,1.06960504576937,1.13345756693153,1.29148053419773,0.444635321258607,0.174437182547101,-0.0445734002443183,0.410193187752585,0.0702277330491799,-0.28831349479732,-0.690239452411488,0.452955374090734,2.24270958299419,-0.113860786417039,-0.0382639442739243,0.849104702984884,0.433439716945544,-0.882919294849875,-1.53432688309958,-0.301266633903012,1.53709837680268,-0.165181601608756,-0.0330109162638679,0.395908953762615,0.691917424529183,-1.15717727793518,-1.73997671328813,-0.711805744444711,1.46221250555829,0,-0.0930309953194633,-0.481588184154324,1.3246423271829,-0.275852262250993,-0.469598014124647,0.926220333707951,-0.111908222728241,-0.0998707974396848,-0.0692112518235939,-0.410266899197836,0.550851699251816,1.19219966462977,0.519974902214189,0.465289055770677,-0.767532904424768,-0.202993708003753,-0.0191459895266863,-0.303642030474405,0.156626663239293,0.93422270303842,0.112658392690295,-0.472863001999315,-0.527680489439249,-0.177318504788345
"1740",0,-0.346763866306412,-1.17387929654563,-0.152314785955606,-0.998634916368966,-0.992685559626734,-0.416428649433891,-0.135962069060475,-0.064995348517452,-0.640995384823577,-1.02956133995951,1.06960504576937,-0.34196587835462,-1.40155863315559,-0.540830462877054,-0.1555961886108,-0.0152492710856271,-0.420394753216541,0.24020725930366,1.39504555125922,-0.853591196052854,-0.34087795460418,0.552265305433806,-0.113860786417039,-0.0382639442739243,0.527433042140173,1.08838378637757,1.0118856476341,0.530153365688954,1.36852100217096,2.63066730020971,-0.048236570436645,-0.0793890847053369,0.873292366312672,0.816735397477146,1.09627321067543,0.950766487281889,0.554105031650584,0.0286504053458163,0,-0.0930309953194633,0.527366528655686,0.247053209518791,0.431157047935746,1.27280760797249,0.0665678053471691,-0.797595882078731,-0.0998707974396848,-0.0692112518235939,-0.410266899197836,-1.38433934890509,0.220009185649271,1.16729496510292,-1.22217715515,-0.767532904424768,-0.202993708003753,-0.0912709356995593,-0.303642030474405,-0.97315070217934,0.245017378270736,0.310705262178251,-0.77044101954458,-0.527680489439249,-0.121189823498775
"1741",0,1.88237474806379,2.26537692547148,0.862544905000837,-2.54900759641992,-0.992685559626734,-0.182407765939839,-0.135962069060475,-0.0247411626405223,0.38139002157454,-0.00723292827566921,1.06960504576937,-0.131191100456599,-1.233243685196,-0.540830462877054,-0.1555961886108,-0.0445734002443183,-0.741918245459386,-1.45958800324114,0.713153220075173,1.43333321492626,0.7704887055687,-0.574697546273115,-0.113860786417039,-0.0382639442739243,-0.43758194039396,-0.712712404560498,-0.61607658128912,-0.263877499229713,1.36852100217096,0.17013722254388,-0.048236570436645,-0.0330109162638679,0.597328934614995,0.0525087347129891,-1.47909877630812,-1.73997671328813,0.479536172882967,1.17550008551579,0,-0.0930309953194633,1.20000300386236,0.554935814565679,-1.12171262543579,-0.469598014124647,1.09815083938011,0.116654330388589,-0.0998707974396848,-0.0692112518235939,3.46365993414848,1.25455753494524,0.803323473037571,1.16729496510292,0.127795813586543,-0.505583220829124,-0.202993708003753,-0.0191459895266863,2.7937310463969,1.82924482116316,0.704487594782526,-0.679529085261532,-0.988491876452356,-0.527680489439249,-0.177318504788345
"1742",0,0.767805440878689,-0.529018754917424,0.757106570942284,0.551737763681986,-0.277043532629481,-0.416428649433891,-0.135962069060475,-0.0247411626405223,1.32090027230862,0.44964680817177,1.06960504576937,0.711908011135486,0.954850638278565,-0.540830462877054,-0.129805198798875,-0.0445734002443183,2.13836033757054,-0.60969037196874,0.385030123625297,-0.853591196052854,0.929255371307683,0.270524592507076,-0.113860786417039,0.158392966225907,1.81411968551902,-0.876448421918504,-1.56081868739673,-1.53432688309958,-0.134287870295615,1.10315753627583,-0.048236570436645,-0.0330109162638679,1.52497749734601,0.0518854268889478,-1.47909877630812,-1.73997671328813,-0.201230637018563,1.46221250555829,0,-0.0930309953194633,-0.145269946550987,1.01675972213601,-0.966425658098632,-1.26160056962335,0.754289828035795,0.34521688350542,-0.0998707974396848,-0.0692112518235939,-0.410266899197836,0.374925240328461,0.220009185649271,-0.145293492318181,0.971528919046879,-0.564903628832,-0.202993708003753,-0.0191459895266863,-0.303642030474405,-0.772979593369162,0.0152822700148413,0.904845870642121,-0.129110419030621,-0.527680489439249,-0.177318504788345
"1743",0,-0.292600690942836,-0.0991117271652847,0.990200011287507,0.994701386553687,1.86988254836228,3.68658586470451,6.35571940742401,-0.0247411626405223,-0.640995384823577,-1.38405670489514,-0.915912114592555,-0.552740656252641,-0.0550390494789284,3.73630370426011,5.51745123751261,-0.0445734002443183,-0.741918245459386,-1.62956752949562,-1.12999301782559,-1.18029468333559,-0.658411286082146,3.65141314762784,2.041279349254,-0.0909846830221019,-0.759253601238671,-1.53139249135053,-1.56081868739673,-1.21671453713211,1.03456347495617,1.26370614595092,-0.048236570436645,-0.0330109162638679,-0.639535815693025,-0.746752127557253,0.613390963116015,0.0516315850953477,1.1603029827845,1.74892492560078,0,-0.0930309953194633,-0.481588184154324,-0.368712000574986,0.897017949947205,1.11440709687275,-0.96501522868577,-0.797595882078731,-0.0998707974396848,-0.0692112518235939,-0.410266899197836,-1.38433934890509,0.414447281445371,0.0422191444562627,-1.55967039733413,-0.767532904424768,-0.202993708003753,-0.0191459895266863,-0.303642030474405,0.42804705949191,0.704487594782526,-1.86781030218927,-1.1603681679367,-0.163866875991343,-0.177318504788345
"1744",0,-0.346763866306412,0.330795300586854,0.990200011287507,0.773219575117836,-0.992685559626734,-0.416428649433891,-0.135962069060475,-0.0247411626405223,0.993917662786584,0.999757862091843,1.06960504576937,1.13345756693153,-1.40155863315559,-0.540830462877054,-0.1555961886108,-0.0445734002443183,0.122165329449593,-0.26973131945978,0.216694219019643,1.43333321492626,-1.29347794903808,-0.574697546273115,-0.113860786417039,-0.0382639442739243,-0.759253601238671,-0.871928826636113,0.981304034653986,-0.263877499229713,-1.3031392155474,-0.650039470011399,-0.048236570436645,-0.0330109162638679,-0.639535815693025,-0.427047782649156,0.268593579598913,-1.23546236318125,-1.56276425682162,-0.831486854781667,0,-0.0930309953194633,-0.481588184154324,1.3246423271829,0.431157047935746,-0.449237571293815,-1.13694573435793,-0.569033328961901,-0.0998707974396848,-0.0692112518235939,-0.410266899197836,1.27305446353302,1.19219966462977,0.41724441800515,1.14027554013895,0.853501300317375,-0.202993708003753,-0.0912709356995593,-0.303642030474405,0.027704841871553,0.93422270303842,0.904845870642121,0.993320340274768,0.964829282327192,-0.177318504788345
"1745",0,-0.346763866306412,-0.743972268793493,-0.408360630783831,0.330255952246136,-0.277043532629481,-0.416428649433891,-0.135962069060475,-0.0247411626405223,-0.640995384823577,0.082906105558388,1.06960504576937,0.922682789033507,-0.448509052884257,-0.540830462877054,-0.179982429778009,-0.0445734002443183,0.698221046055578,0.846795491266215,0.721701932836606,-0.853591196052854,-1.29347794903808,-0.574697546273115,-0.113860786417039,-0.0382639442739243,2.45746300720844,0.924647769019562,-1.2218689911233,-1.53432688309958,-1.3031392155474,-0.650039470011399,-0.048236570436645,-0.0330109162638679,0.28811274703799,0.851769596983231,0.935312461488958,-0.899119463109996,-1.56276425682162,-0.831486854781667,0,-0.0930309953194633,-0.481588184154324,0.165773759256954,0.12058311326144,1.27280760797249,-0.4492237116693,-0.797595882078731,-0.0998707974396848,-0.0692112518235939,-0.410266899197836,-1.03248643105838,0.0255710898531705,1.16729496510292,-0.378444049689659,-0.767532904424768,-0.202993708003753,-0.0191459895266863,-0.303642030474405,-0.572808484558983,0.704487594782526,-0.283435346285619,-1.1603681679367,-0.527680489439249,-0.177318504788345
"1746",0,-0.346763866306412,-0.743972268793493,0.757106570942284,0.773219575117836,0.572758766364429,0.463522826674285,-0.135962069060475,-0.0247411626405223,0.0129698342204877,0.816387510785152,-1.41229140468304,-1.39583976784473,-0.728298841317257,0.198268875224692,-0.1555961886108,-0.0445734002443183,0.698221046055578,1.09010489057606,1.39504555125922,-0.0368324778460259,-1.29347794903808,-0.574697546273115,-0.113860786417039,-0.0382639442739243,-0.43758194039396,-0.876448421918504,-0.543969598576446,0.530153365688954,0.867584711348771,-0.650039470011399,-0.048236570436645,-0.0330109162638679,-0.639535815693025,-1.2263086449194,-1.47909877630812,-1.73997671328813,1.11400484427949,0.315362825388311,0,-0.139895202635521,-0.481588184154324,-0.52265330309843,-0.855725662659567,-0.640135744792192,0.410428816691482,-0.254497095831714,-0.146998195451252,-0.0692112518235939,-0.410266899197836,-0.52309247001516,-0.55774319753513,0.392202292408167,0.465289055770677,-0.767532904424768,-0.202993708003753,-0.0191459895266863,-0.303642030474405,-0.572808484558983,0.474752486526631,0.166851152124248,-0.988491876452356,-0.527680489439249,-0.177318504788345
"1747",0,-0.346763866306412,-0.529018754917424,-0.175267190438608,0.838213642425101,1.86988254836228,2.51674293759336,0.325797323545656,-0.0247411626405223,-0.640995384823577,0.082906105558388,-0.419532824502074,-0.552740656252641,1.29148053419773,1.18373465936035,-0.1555961886108,-0.0445734002443183,-0.741918245459386,-1.62956752949562,-1.12999301782559,-0.42056632200391,1.24678870278565,-0.0112161204196545,-0.113860786417039,-0.0382639442739243,-0.759253601238671,-1.36765647399252,-0.882919294849875,0.530153365688954,1.04684139417968,-0.650039470011399,-0.048236570436645,-0.0330109162638679,-0.639535815693025,0.372213079621086,1.09627321067543,0.950766487281889,1.1603029827845,1.74892492560078,0,-0.154665204819702,-0.457340974974708,-0.368712000574986,0.897017949947205,0.79760607467327,-0.105362700324987,-0.340470775845071,-0.0998707974396848,-0.0692112518235939,-0.447816139810133,-1.03248643105838,0.803323473037571,-0.707831402641512,-1.55967039733413,-0.767532904424768,-0.202993708003753,-0.0191459895266863,-0.303642030474405,-0.372637375748804,0.0152822700148413,-2.06585717167723,-1.1603681679367,-0.527680489439249,-0.199831253842995
"1748",0,-0.346763866306412,-1.17387929654563,-0.408360630783831,-0.334189482061415,-0.992685559626734,-0.416428649433891,-0.135962069060475,-0.0247411626405223,-0.640995384823577,-1.56742705620183,0.821415400724128,-0.763515434150662,-1.40155863315559,1.18373465936035,0.822837501932791,-0.0445734002443183,-0.453890387156393,0.58016631181262,1.05837374204791,-1.18029468333559,-0.499644620343163,3.93315386055457,6.81071689340156,-0.0382639442739243,1.17077636382959,1.08838378637757,0.472879490243842,-0.263877499229713,1.03456347495617,3.17745176191323,-0.048236570436645,0.0754234252361302,0.597328934614995,1.17147394189133,1.09627321067543,0.950766487281889,1.1603029827845,1.74892492560078,0,-0.0930309953194633,-0.481588184154324,-0.984477210668762,-0.655851723424326,1.11440709687275,0.754289828035795,-0.797595882078731,-0.0998707974396848,-0.0692112518235939,-0.410266899197836,-1.38433934890509,-0.75218129333123,0.721199080987577,-0.884683912965861,-0.767532904424768,-0.202993708003753,-0.0191459895266863,-0.303642030474405,-1.17332181098952,-0.834804315444891,-0.679529085261532,-1.20586139289815,-0.527680489439249,-0.177318504788345
"1749",0,-0.346763866306412,-0.891262113535485,-0.175267190438608,1.36811091703477,1.86988254836228,1.93010862018791,-0.135962069060475,-0.0247411626405223,-0.640995384823577,-0.100464245748303,1.06960504576937,0.587660366319825,1.29148053419773,1.43010110539427,-0.143626321415484,-0.0445734002443183,-0.741918245459386,-1.28960847698666,-1.12999301782559,0.12651926579534,1.24678870278565,-0.0112161204196545,-0.113860786417039,-0.0382639442739243,-0.759253601238671,-1.53139249135053,-0.543969598576446,0.688959538672687,1.50998129452542,0.716921684247398,-0.048236570436645,-0.0330109162638679,-0.639535815693025,-1.2263086449194,0.774351712302486,0.950766487281889,1.1603029827845,2.03563734564328,0,-0.0930309953194633,-0.481588184154324,-0.984477210668762,0.431157047935746,1.27280760797249,-0.277293205997144,-0.0862491858050324,-0.172965863939255,0.0771918629989534,-0.410266899197836,-1.38433934890509,0.608885377241471,0.604757054779594,-1.55967039733413,-0.767532904424768,-0.134280461557721,-0.0191459895266863,-0.303642030474405,-0.97315070217934,0.93422270303842,-0.877575954749489,-1.1603681679367,-0.527680489439249,0.102820241315759
"1750",0,-0.346763866306412,0.282571202661968,0.990200011287507,0.773219575117836,-0.455954039378794,-0.416428649433891,-0.135962069060475,-0.0247411626405223,0.0129698342204877,0.999757862091843,-0.171343179456834,0.501133233237465,0.786535690318983,-0.540830462877054,-0.1555961886108,-0.0445734002443183,1.27427676266156,0.7501458380671,-0.961657113219938,-1.01694293969422,0.929255371307683,0.552265305433806,-0.113860786417039,-0.0382639442739243,1.81411968551902,0.433439716945544,-1.56081868739673,-1.53432688309958,0.032690893311783,2.63066730020971,-0.048236570436645,-0.0330109162638679,2.14340987250002,0.532065252075134,-1.47909877630812,-1.73997671328813,-0.201230637018563,2.60906218572827,0,-0.0930309953194633,2.20895771667237,1.01675972213601,-0.966425658098632,-1.26160056962335,0.926220333707951,1.7165922022064,0.228345379505144,-0.0692112518235939,0.0739739549704533,0.945453773868723,0.608885377241471,0.792269691554037,1.14027554013895,0.44824274913184,-0.202993708003753,-0.0191459895266863,-0.303642030474405,0.166025344047391,0.93422270303842,0.706799001154165,0.0427658724537265,-0.527680489439249,-0.177318504788345
"1751",0,-0.346763866306412,0.115841786710785,0.44287385339561,0.773219575117836,-0.0981330258801679,-0.416428649433891,-0.135962069060475,-0.0247411626405223,1.64788288183065,0.999757862091843,-0.171343179456834,0.0795836774414227,1.29148053419773,-0.540830462877054,-0.1555961886108,-0.0445734002443183,1.49648634349775,0.41018678555814,-1.12999301782559,-0.690239452411488,1.24678870278565,-0.0112161204196545,-0.113860786417039,-0.0382639442739243,0.527433042140173,-1.04018443927651,-1.56081868739673,-0.740296018180913,0.867584711348771,-0.650039470011399,-0.127688142002309,-0.0330109162638679,-0.639535815693025,-1.2263086449194,-1.47909877630812,0.614423587210637,-0.541614041969328,-0.831486854781667,0,-0.0930309953194633,-0.481588184154324,-0.984477210668762,-0.189990821412867,0.95600658577301,0.550626099780117,-0.797595882078731,-0.0998707974396848,-0.0692112518235939,-0.410266899197836,-1.03248643105838,0.16125973080892,0.470582678346327,1.14027554013895,1.86664767828122,-0.202993708003753,-0.0191459895266863,-0.303642030474405,0.189026916067168,0.93422270303842,0.112658392690295,0.214642163938074,-0.527680489439249,-0.177318504788345
"1752",0,-0.346763866306412,-1.18299273976822,-2.50620159389084,-0.334189482061415,1.86988254836228,0.756839985377011,-0.135962069060475,-0.064995348517452,-0.640995384823577,-1.75079740750852,0.325036110633647,1.13345756693153,1.29148053419773,0.198268875224692,-0.1555961886108,-0.0445734002443183,-0.741918245459386,0.24020725930366,1.39504555125922,0.289871009436705,1.24678870278565,0.270524592507076,-0.113860786417039,-0.0177637689065176,1.07466311843224,1.08838378637757,-0.0355450541663019,0.688959538672687,0.867584711348771,-0.650039470011399,-0.048236570436645,-0.0330109162638679,2.45262606007703,1.33132611434538,1.09627321067543,0.950766487281889,1.1603029827845,1.74892492560078,0,-0.0930309953194633,-0.145269946550987,-0.368712000574986,-0.500564756087173,1.27280760797249,0.0665678053471691,-0.340470775845071,-0.0998707974396848,-0.0692112518235939,-0.410266899197836,-1.38433934890509,-1.91880986810783,0.792269691554037,-0.715937291873794,-0.767532904424768,-0.202993708003753,-0.0912709356995593,-0.303642030474405,-1.17332181098952,-2.7415390290559,-0.0617338916853356,0.386518455422421,-0.527680489439249,-0.177318504788345
"1753",0,-0.161287306553295,1.19060935609113,-0.279013275714395,-2.54900759641992,-0.992685559626734,-0.416428649433891,-0.135962069060475,-0.0247411626405223,-0.412488813051214,-0.283834597054994,1.06960504576937,-2.02816410153879,-1.40155863315559,-0.540830462877054,-0.1555961886108,-0.0445734002443183,-0.741918245459386,-0.0997517932053001,1.40989264201852,-1.18029468333559,-1.29347794903808,-0.574697546273115,-0.113860786417039,-0.0382639442739243,-0.759253601238671,0.269703699587538,0.642354338380556,-1.53432688309958,0.19966965691918,0.716921684247398,-0.048236570436645,-0.0330109162638679,-0.639535815693025,0.851769596983231,0.291469464743071,-1.73997671328813,0.309344470407584,2.89577460577076,0,-0.0930309953194633,-0.145269946550987,1.3246423271829,0.431157047935746,-0.311197503024907,0.582359322363638,2.85940496779055,4.95470122853544,-0.0692112518235939,1.52669651747532,1.43048399386859,1.19219966462977,1.16729496510292,0.971528919046879,2.47453550505952,4.71545869607834,-0.0191459895266863,-0.303642030474405,0.227875950681732,-1.13339327126463,-1.47171656321336,-1.1603681679367,1.62485601754486,5.94860606907544
"1754",0,1.54601117858704,1.73345194829106,1.13490549684935,0.551737763681986,-0.320742895138779,-0.416428649433891,-0.135962069060475,-0.0247411626405223,2.95581331991878,0.816387510785152,-0.915912114592555,0.711908011135486,0.414094609504594,-0.540830462877054,-0.1555961886108,-0.0445734002443183,1.85033247926755,-0.60969037196874,-1.12999301782559,-0.200184221487392,1.08802203704667,-0.0112161204196545,-0.113860786417039,-0.0382639442739243,-0.759253601238671,-1.53139249135053,-1.56081868739673,0.252588658689522,0.867584711348771,-0.650039470011399,-0.048236570436645,-0.0330109162638679,-0.639535815693025,-1.2263086449194,-1.15717727793518,0.950766487281889,-0.541614041969328,-0.831486854781667,0,-0.0930309953194633,-0.481588184154324,-0.830535908145318,0.741730982610052,0.79760607467327,-1.32053036555182,-0.797595882078731,-0.0998707974396848,-0.0692112518235939,0.0739739549704533,0.325454923265382,1.19219966462977,-0.332806129092624,-0.884683912965861,0.0429841979463036,-0.202993708003753,-0.0191459895266863,1.12585454185234,1.82924482116316,0.93422270303842,0.904845870642121,1.71583258458885,3.40450717520438,4.19834190511436
"1755",0,-0.346763866306412,-0.0991117271652847,0.524013130597061,-2.54900759641992,-0.992685559626734,-0.416428649433891,-0.135962069060475,-0.0232776152893404,-0.722050388103319,-0.283834597054994,-0.255328977715378,-2.02816410153879,-0.89661378927684,-0.540830462877054,-0.1555961886108,-0.0445734002443183,-0.1658625288534,0.7501458380671,-0.456649399402975,0.453222753078071,-0.0609796945968521,-0.574697546273115,-0.113860786417039,-0.0382639442739243,1.81411968551902,1.08838378637757,0.472879490243842,0.847765711656421,0.582037181293152,0.990313915099158,-0.048236570436645,-0.0330109162638679,2.14340987250002,0.691140039315934,0.613390963116015,0.950766487281889,0.139152767932202,0.602075245430805,0,-0.0930309953194633,-0.481588184154324,-0.984477210668762,0.275870080598593,0.480805052473791,-1.48080674570224,-0.797595882078731,-0.0998707974396848,-0.0692112518235939,-0.410266899197836,-1.38433934890509,0.997761568833671,-0.895344039415955,-1.55967039733413,-0.767532904424768,-0.301324498797344,-0.0191459895266863,-0.303642030474405,-0.572808484558983,0.93422270303842,-1.66976343270132,-1.1603681679367,-0.527680489439249,-0.177318504788345
"1756",0,-0.346763866306412,-0.958925782669563,-0.641454071129054,1.16324953893719,1.86988254836228,1.93010862018791,-0.135962069060475,-0.064995348517452,-0.640995384823577,0.266276456865079,0.325036110633647,-0.34196587835462,0.449905794399818,2.90829978159776,-0.1555961886108,-0.0445734002443183,-0.741918245459386,-1.62956752949562,-1.12999301782559,-1.18029468333559,0.135422042612768,2.80619100884765,-0.113860786417039,-0.0382639442739243,-0.759253601238671,-1.53139249135053,-0.328532096191129,-0.10507132624598,1.20154223856357,2.0838828385062,-0.174554966510367,-0.0330109162638679,-0.639535815693025,-0.427047782649156,1.09627321067543,0.950766487281889,1.1603029827845,0.602075245430805,0,-0.0930309953194633,-0.481588184154324,-0.984477210668762,-1.12171262543579,0.79760607467327,0.582359322363638,-0.797595882078731,-0.0998707974396848,-0.0692112518235939,-0.410266899197836,-1.38433934890509,-1.52993367651563,1.16729496510292,-0.378444049689659,-0.767532904424768,-0.202993708003753,-0.0191459895266863,-0.303642030474405,-1.17332181098952,-0.673923054752843,-0.333455875498801,-1.1603681679367,-0.816854399512652,-0.177318504788345
"1757",0,-0.251658761271105,-1.17387929654563,-2.50620159389084,0.773219575117836,0.796419507866398,-0.416428649433891,-0.135962069060475,-0.0247411626405223,-0.640995384823577,-1.93416775881521,-0.667722469547314,1.13345756693153,-0.28393685735549,-0.540830462877054,-0.1555961886108,-0.0445734002443183,-0.741918245459386,-1.45958800324114,1.39504555125922,0.779926240360802,-1.29347794903808,-0.574697546273115,-0.113860786417039,-0.0177637689065176,-1.05767458916502,-0.057768335128474,1.1507788827907,-1.05790836414838,-1.3031392155474,-0.650039470011399,-0.048236570436645,-0.0330109162638679,-0.33031962811602,1.17147394189133,0.130508715556599,-1.73997671328813,0.990111280309114,0.254273420353223,0,-0.0930309953194633,2.20895771667237,1.47858362970634,1.36287885195866,1.27280760797249,1.27008134505226,1.03090454285591,-0.0998707974396848,-0.0692112518235939,-0.410266899197836,-0.680633513211668,-0.36330510173903,1.16729496510292,0.465289055770677,-0.767532904424768,-0.202993708003753,-0.0191459895266863,-0.303642030474405,-1.17332181098952,-1.82259859603232,0.904845870642121,0.0427658724537265,-0.527680489439249,-0.177318504788345
"1758",0,-0.346763866306412,-1.17387929654563,-2.50620159389084,0.876202385448622,0.617509001117085,-0.416428649433891,-0.135962069060475,-0.0247411626405223,-0.640995384823577,-1.93416775881521,0.646958192849815,1.13345756693153,-1.06492873723642,-0.540830462877054,-0.1555961886108,-0.12016755277347,-0.741918245459386,-0.43971084571426,1.56338145586488,-0.526887708770123,-1.29347794903808,-0.574697546273115,-0.113860786417039,0.0680888758334768,0.527433042140173,1.08838378637757,-0.374494750439731,-1.05790836414838,0.533627184133976,0.443529453395639,-0.048236570436645,-0.0330109162638679,3.07105843523104,1.33132611434538,0.613390963116015,0.626271195522065,1.1603029827845,0.602075245430805,0,-0.0930309953194633,3.21791242948238,0.862818419612568,0.741730982610052,1.27280760797249,1.09815083938011,-0.797595882078731,-0.0998707974396848,-0.0692112518235939,-0.410266899197836,-1.38433934890509,-0.965498851876245,0.979782328328481,0.110149024033656,-0.767532904424768,-0.202993708003753,-0.0191459895266863,-0.303642030474405,-1.17332181098952,-2.5118039208,0.904845870642121,-0.300986710514968,-0.527680489439249,-0.235809097078009
"1759",0,-0.346763866306412,-0.743972268793493,0.524013130597061,-0.112707670625565,-0.277043532629481,-0.416428649433891,-0.135962069060475,-0.0318401196839718,-0.314012775301545,0.633017159478461,1.06960504576937,0.501133233237465,1.29148053419773,-0.0480975708092236,-0.1555961886108,-0.0445734002443183,0.410193187752585,1.09010489057606,0.553366028230951,-0.690239452411488,1.08802203704667,0.270524592507076,-0.113860786417039,-0.0382639442739243,-0.759253601238671,-0.057768335128474,1.1507788827907,0.688959538672687,1.03456347495617,-0.10325500830788,-0.048236570436645,-0.0330109162638679,-0.33031962811602,0.691917424529183,1.09627321067543,0.950766487281889,-0.881997446920094,-0.831486854781667,0,-0.0930309953194633,1.20000300386236,1.47858362970634,0.275870080598593,0.480805052473791,0.754289828035795,-0.797595882078731,-0.0998707974396848,-0.0692112518235939,0.0739739549704533,1.07863107602188,0.608885377241471,0.0422191444562627,0.699142824986519,0.650872024724607,-0.202993708003753,-0.0191459895266863,-0.303642030474405,-0.372637375748804,-0.673923054752843,0.310705262178251,0.259211418817314,-0.281918760399022,-0.177318504788345
"1760",0,-0.346763866306412,0.760702328338993,0.990200011287507,0.994701386553687,-0.278200481903675,-0.416428649433891,-0.135962069060475,-0.0247411626405223,0.993917662786584,0.999757862091843,-0.419532824502074,0.711908011135486,-0.223353997438511,-0.636836994377525,-0.1555961886108,-0.0445734002443183,-0.453890387156393,0.0702277330491799,-1.12999301782559,1.10662972764353,0.294188708351751,-0.574697546273115,-0.113860786417039,-0.0382639442739243,-0.759253601238671,-1.20392045663452,0.981304034653986,1.00657188464015,0.19966965691918,-0.24481742869279,-0.048236570436645,-0.0330109162638679,-0.639535815693025,-0.843246299973918,-0.191412782816345,0.109909237103759,1.1603029827845,0.8887876654733,0,-0.0930309953194633,-0.481588184154324,-0.984477210668762,-1.12171262543579,-0.786399036324126,1.27008134505226,1.03090454285591,-0.0998707974396848,-0.0692112518235939,0.0739739549704533,0.38561147059388,0.220009185649271,0.229731781230706,1.14027554013895,0.38240851906961,-0.202993708003753,-0.0191459895266863,-0.303642030474405,1.02856038592245,0.93422270303842,0.904845870642121,0.146153720596626,-0.527680489439249,-0.177318504788345
"1761",0,-0.346763866306412,-1.17387929654563,-2.27310815354561,0.773219575117836,0.617509001117085,-0.416428649433891,-0.135962069060475,-0.0247411626405223,-0.640995384823577,-1.93416775881521,-1.1641017596378,1.13345756693153,1.12316558623815,-0.26057899250413,-0.1555961886108,-0.0445734002443183,-0.741918245459386,-0.77966989822322,1.39504555125922,1.43333321492626,0.294188708351751,-0.574697546273115,-0.113860786417039,-0.0382639442739243,0.205761381295462,1.08838378637757,1.52954368070507,1.00657188464015,-0.301266633903012,-0.650039470011399,-0.049335153206293,-0.0330109162638679,0.28811274703799,0.691917424529183,0.774351712302486,0.950766487281889,-0.711805744444711,-0.831486854781667,0,-0.0930309953194633,-0.481588184154324,-0.984477210668762,0.12058311326144,1.27280760797249,-0.105362700324987,-0.797595882078731,-0.0998707974396848,-0.0692112518235939,-0.410266899197836,-1.38433934890509,-0.817617385847871,1.16729496510292,0.971528919046879,-0.158545007922739,-0.147764141793649,-0.0191459895266863,-0.303642030474405,-1.17332181098952,-2.28206881254411,0.753500778489787,1.4177762043285,0.455366426721658,-0.177318504788345
"1762",0,-0.346763866306412,1.62051638384327,0.524013130597061,-1.44159853924067,-0.854131967532756,-0.364675243209824,-0.135962069060475,-0.0247411626405223,0.33995244374252,0.999757862091843,0.821415400724128,1.13345756693153,-0.662732001310415,-0.540830462877054,-0.208224572748099,-0.0445734002443183,1.27427676266156,0.24020725930366,-0.961657113219938,0.943277984002168,-0.658411286082146,-0.574697546273115,-0.113860786417039,-0.0382639442739243,-0.174327058093094,-1.20392045663452,-1.2218689911233,0.847765711656421,-0.969181688332602,-0.650039470011399,-0.049335153206293,-0.0330109162638679,-0.639535815693025,-1.2263086449194,-0.0304520336298728,0.278080687139385,-1.56276425682162,-0.831486854781667,0,-0.0930309953194633,-0.481588184154324,0.247053209518791,1.36287885195866,-0.627998525224387,-1.30887624003008,-0.569033328961901,-0.0998707974396848,-0.0692112518235939,-0.410266899197836,1.43048399386859,1.19219966462977,1.16729496510292,1.14027554013895,0.853501300317375,-0.202993708003753,-0.0912709356995593,-0.303642030474405,1.02856038592245,0.0152822700148413,-0.283435346285619,0.730271038391115,1.19265161384234,-0.177318504788345
"1763",0,-0.346763866306412,-0.743972268793493,0.0578262499066152,0.994701386553687,1.33315102811434,0.17020566797156,-0.135962069060475,-0.0247411626405223,-0.314012775301545,0.633017159478461,0.0768464655884069,-0.974290212048683,1.12316558623815,1.18373465936035,-0.1555961886108,0.151225624523817,1.27427676266156,1.09010489057606,-0.793321208614283,-0.0368324778460259,1.08802203704667,0.901107349545075,-0.113860786417039,-0.0382639442739243,-0.115910279549249,1.08838378637757,1.1507788827907,1.00657188464015,0.961362239438274,0.100775469117579,-0.048236570436645,-0.0330109162638679,-0.842282211651151,-0.746752127557253,-0.513334281189288,-0.0582622129318667,0.649727875358349,-0.831486854781667,0,-0.0930309953194633,-0.481588184154324,-0.984477210668762,-0.966425658098632,0.627356348132609,-0.621154217341457,-0.797595882078731,-0.0998707974396848,-0.0692112518235939,-0.410266899197836,-1.38433934890509,-0.36330510173903,0.792269691554037,-1.39092377624206,-0.767532904424768,-0.202993708003753,-0.0191459895266863,-0.303642030474405,-1.17332181098952,0.704487594782526,-0.481482215773575,-1.1603681679367,-0.527680489439249,-0.177318504788345
"1764",0,-0.346763866306412,-1.17387929654563,-1.1076409518195,0.551737763681986,-0.813775052877421,-1.09604599145327,-0.135962069060475,-0.0247411626405223,-0.640995384823577,-1.93416775881521,-0.667722469547314,0.0795836774414227,-1.40155863315559,-0.540830462877054,-0.1555961886108,-0.111531751188364,-0.741918245459386,-1.62956752949562,0.89003783744226,-0.0368324778460259,-0.658411286082146,1.67922815714073,-0.113860786417039,-0.0382639442739243,-0.759253601238671,-0.712712404560498,0.981304034653986,-1.21671453713211,1.36852100217096,0.716921684247398,-0.048236570436645,-0.0330109162638679,0.28811274703799,1.33132611434538,-0.177538540236067,-0.73094801307437,1.1603029827845,-0.831486854781667,0,-0.0930309953194633,3.21791242948238,1.47858362970634,0.755721930737348,1.11440709687275,1.27008134505226,-0.340470775845071,-0.138339920039474,-0.0692112518235939,-0.410266899197836,-1.03248643105838,-0.36330510173903,1.16729496510292,-0.0409508075055244,-0.767532904424768,-0.202993708003753,-0.0191459895266863,-0.303642030474405,-1.17332181098952,-1.59286348777642,0.904845870642121,-0.816615584968009,-0.527680489439249,-0.177318504788345
"1765",0,2.99694405524889,1.62051638384327,0.990200011287507,0.994701386553687,0.0807774808691453,-0.416428649433891,-0.135962069060475,-0.0247411626405223,0.666935053264552,0.999757862091843,-0.667722469547314,0.711908011135486,0.618220742359401,-0.540830462877054,-0.160460767441789,-0.0445734002443183,-0.741918245459386,-0.26973131945978,-0.624985304008629,1.10662972764353,-0.182111288865197,-0.574697546273115,-0.238591386503768,-0.0382639442739243,-0.759253601238671,-1.53139249135053,0.472879490243842,1.00657188464015,-0.802202924725205,-0.650039470011399,-0.048236570436645,-0.0330109162638679,-0.639535815693025,-1.2263086449194,-0.67429503037576,0.782595037246263,0.990111280309114,0.15811228432102,0,-0.0930309953194633,-0.481588184154324,-0.984477210668762,-1.12171262543579,-1.10320005852361,1.27008134505226,1.48802964908957,-0.0998707974396848,-0.0692112518235939,0.495464806031908,0.726778158175171,-0.36330510173903,0.229731781230706,1.14027554013895,0.650872024724607,-0.202993708003753,-0.0758585761396516,1.76127335410647,1.82924482116316,0.93422270303842,0.706799001154165,0.386518455422421,-0.527680489439249,-0.262331231794824
"1766",0,-0.346763866306412,-1.17387929654563,0.524013130597061,-1.66308035067652,-0.813775052877421,-0.123111490731166,-0.135962069060475,-0.0247411626405223,-0.985853604256858,-1.20068635358845,1.06960504576937,-0.749023724706566,0.618220742359401,1.18373465936035,-0.1555961886108,-0.0445734002443183,-0.453890387156393,0.92012536432158,0.216694219019643,-0.526542950453107,1.24678870278565,0.270524592507076,-0.113860786417039,-0.0382639442739243,2.13579134636373,0.760911751661556,-1.56081868739673,0.0537348467377536,0.533627184133976,-0.650039470011399,-0.048236570436645,-0.0330109162638679,2.76184224765403,1.33132611434538,0.774351712302486,1.71736809434951,0.819919577833732,0.315362825388311,0,0.183954128745978,1.5363212414657,0.247053209518791,1.05230491728436,1.27280760797249,0.926220333707951,-0.318891425623386,-0.0998707974396848,-0.0692112518235939,-0.410266899197836,-1.38433934890509,0.220009185649271,-0.145293492318181,-1.55967039733413,-0.767532904424768,-0.202993708003753,-0.0191459895266863,-0.303642030474405,-1.17332181098952,0.245017378270736,-1.47171656321336,-1.1603681679367,-0.527680489439249,-0.177318504788345
"1767",0,-0.346763866306412,-0.314065241041354,0.288213285380104,0.108774140810285,1.69097204161296,3.39669441370154,-0.135962069060475,-0.0247411626405223,-0.640995384823577,-0.100464245748303,-0.171343179456834,0.0795836774414227,0.954850638278565,2.90829978159776,-0.1555961886108,-0.0445734002443183,-0.741918245459386,-1.45958800324114,-0.456649399402975,-0.363535965128757,1.24678870278565,1.67922815714073,-0.113860786417039,-0.0382639442739243,-0.759253601238671,0.59717573430355,1.1507788827907,1.00657188464015,1.36852100217096,0.990313915099158,-0.048236570436645,-0.0330109162638679,-1.34358423815674,-1.2263086449194,-0.352373532002817,0.950766487281889,-0.371422339493946,-0.544774434739172,0,-0.0930309953194633,-0.686441062547187,-0.984477210668762,0.275870080598593,0.63920556357353,-0.950825143410161,-0.797595882078731,-0.0998707974396848,-0.0692112518235939,-0.410266899197836,-0.975200180238512,0.997761568833671,-0.520318765867068,-1.55967039733413,-0.767532904424768,-0.202993708003753,-0.0191459895266863,-0.303642030474405,-0.572808484558983,0.474752486526631,-1.86781030218927,-1.1603681679367,-0.527680489439249,-0.177318504788345
"1768",0,-0.346763866306412,0.115841786710785,0.536228484594697,-1.22011672780482,-0.992685559626734,-0.52190351517678,-0.135962069060475,-0.0247411626405223,-0.640995384823577,0.633017159478461,-0.171343179456834,1.13345756693153,0.281590846440236,-0.540830462877054,-0.1555961886108,-0.0445734002443183,-0.1658625288534,0.7501458380671,-1.12999301782559,0.289871009436705,1.08802203704667,-0.0989799207307805,-0.113860786417039,-0.0382639442739243,0.849104702984884,-0.057768335128474,-1.56081868739673,-1.53432688309958,0.700605947741373,0.17013722254388,-0.048236570436645,-0.0330109162638679,1.83419368492302,0.0525087347129891,-1.47909877630812,-1.73997671328813,-0.201230637018563,1.2191261816956,0,-0.0930309953194633,1.87263947906903,0.708877117089123,-0.901251662221355,-1.26160056962335,-0.105362700324987,1.03090454285591,0.0572162571664654,-0.17313443040807,0.0739739549704533,1.25455753494524,-0.55774319753513,-0.895344039415955,0.615585744530836,0.0429841979463036,-0.202993708003753,0.0104035431586431,-0.303642030474405,0.00353651211099243,0.93422270303842,0.904845870642121,0.510935490120781,-0.527680489439249,-0.177318504788345
"1769",0,5.22608266961909,1.83546989771934,0.757106570942284,-0.555671293497266,-0.813775052877421,-0.717423044614995,-0.135962069060475,-0.0247411626405223,1.64788288183065,0.633017159478461,0.0768464655884069,1.13345756693153,1.12316558623815,-0.294464016843139,0.0257588462162604,-0.0445734002443183,-0.741918245459386,-1.45958800324114,-1.12999301782559,0.289871009436705,1.24678870278565,0.552265305433806,0.284933480009838,-0.0382639442739243,-0.759253601238671,-1.53139249135053,-1.56081868739673,-0.422683672213447,1.36852100217096,0.443529453395639,-0.048236570436645,-0.0330109162638679,-0.639535815693025,-1.2263086449194,-1.47909877630812,0.278080687139385,0.819919577833732,-0.831486854781667,0,-0.206584197530898,-0.481588184154324,-0.830535908145318,0.586444015272899,1.27280760797249,-0.793084723013613,-0.623327606455424,-0.0998707974396848,-0.0692112518235939,1.04245566330703,1.07863107602188,1.19219966462977,0.604757054779594,-0.209697428597592,-0.362274353239232,-0.202993708003753,-0.0191459895266863,3.82618873868734,1.22873149473262,0.93422270303842,0.112658392690295,0.558394746906768,0.455366426721658,-0.177318504788345
"1770",0,-0.346763866306412,-0.0991117271652847,0.0578262499066152,-0.112707670625565,-0.277043532629481,-0.416428649433891,-0.135962069060475,-0.0247411626405223,0.33995244374252,0.999757862091843,1.06960504576937,1.13345756693153,1.29148053419773,-0.294464016843139,-0.1555961886108,-0.0445734002443183,1.85033247926755,0.58016631181262,-0.961657113219938,1.10662972764353,1.24678870278565,-0.292956833346385,-0.113860786417039,-0.0382639442739243,0.527433042140173,1.08838378637757,-0.882919294849875,0.530153365688954,1.36852100217096,0.17013722254388,0.0149577882373052,-0.0330109162638679,-0.639535815693025,0.691917424529183,1.09627321067543,0.950766487281889,0.853080373976127,0.315362825388311,0,-0.0930309953194633,-0.481588184154324,-0.984477210668762,-1.00485985851652,-1.10320005852361,0.754289828035795,0.80234198973908,-0.0998707974396848,-0.202657096563551,-0.410266899197836,-0.856559972135023,-0.36330510173903,-0.707831402641512,0.802782297954812,0.853501300317375,-0.202993708003753,-0.0191459895266863,-0.303642030474405,-0.172466266938626,0.93422270303842,0.904845870642121,1.24589991284416,0.209604697681432,-0.177318504788345
"1771",0,-0.346763866306412,-0.314065241041354,0.757106570942284,0.551737763681986,-0.813775052877421,-0.416428649433891,-0.135962069060475,-0.0247411626405223,0.0129698342204877,0.999757862091843,-0.259395133609207,1.13345756693153,0.581202937129734,-0.540830462877054,-0.1555961886108,-0.0445734002443183,0.698221046055578,1.09010489057606,-0.961657113219938,0.453222753078071,1.24678870278565,-0.574697546273115,-0.113860786417039,-0.0382639442739243,0.527433042140173,1.08838378637757,1.1507788827907,1.00657188464015,1.36852100217096,-0.376647239159639,-0.048236570436645,-0.0330109162638679,-0.639535815693025,0.212360907167038,0.452430213929543,-0.0582622129318667,1.1603029827845,0.8887876654733,0,-0.0930309953194633,-0.481588184154324,-0.624230602967821,-1.12171262543579,-1.26160056962335,0.754289828035795,0.80234198973908,-0.137208166240119,-0.0692112518235939,-0.410266899197836,-0.856559972135023,-0.75218129333123,-0.492211403073595,0.802782297954812,0.853501300317375,-0.202993708003753,-0.0191459895266863,-0.303642030474405,0.027704841871553,0.93422270303842,0.904845870642121,0.723225097343525,-0.0361570313587953,-0.353957162277666
"1772",0,-0.346763866306412,-1.17387929654563,-2.04001471320039,0.485690480859364,0.438598494367772,-0.416428649433891,-0.135962069060475,-0.0247411626405223,-0.640995384823577,-1.93416775881521,0.0768464655884069,1.13345756693153,0.281590846440236,-0.540830462877054,-0.1555961886108,-0.0445734002443183,-0.741918245459386,-1.62956752949562,1.39504555125922,1.43333321492626,0.452955374090734,-0.482913698740694,-0.113860786417039,-0.0382639442739243,-0.43758194039396,0.924647769019562,1.1507788827907,1.00657188464015,0.700605947741373,-0.650039470011399,-0.048236570436645,-0.0330109162638679,0.525219700574897,1.05817064251955,1.09627321067543,1.11481563615461,0.479536172882967,-0.831486854781667,0,0.268364822708253,0.863684766259023,1.01675972213601,1.05230491728436,1.53390329174561,0.754289828035795,-0.797595882078731,-0.0998707974396848,-0.0692112518235939,-0.410266899197836,-1.38433934890509,-0.36330510173903,1.16729496510292,1.14027554013895,-0.362274353239232,-0.202993708003753,-0.0191459895266863,-0.303642030474405,-1.17332181098952,-1.36312837952053,0.508752131666208,0.641120815076615,0.209604697681432,-0.177318504788345
"1773",0,-0.346763866306412,1.4055628699672,0.524013130597061,-2.32752578498407,-0.992685559626734,-0.416428649433891,-0.135962069060475,-0.0247411626405223,1.97486549135268,0.999757862091843,0.0768464655884069,-0.974290212048683,-1.40155863315559,-0.540830462877054,-0.1555961886108,-0.0445734002443183,1.56230462096456,-0.43971084571426,0.0483583144139882,0.12651926579534,-1.29347794903808,-0.574697546273115,-0.113860786417039,-0.0382639442739243,-0.759253601238671,-1.53139249135053,-0.0355450541663019,-0.422683672213447,-1.3031392155474,-0.650039470011399,-0.048236570436645,-0.0330109162638679,-0.639535815693025,-1.2263086449194,0.291469464743071,-0.899119463109996,-1.56276425682162,-0.831486854781667,0,-0.0930309953194633,-0.481588184154324,-0.984477210668762,1.05230491728436,-1.10320005852361,-1.48080674570224,-0.797595882078731,-0.0998707974396848,-0.0692112518235939,-0.410266899197836,0.198998781405106,0.608885377241471,-1.0828566761904,-0.378444049689659,0.0429841979463036,-0.202993708003753,-0.0191459895266863,-0.303642030474405,1.82924482116316,0.93422270303842,0.904845870642121,1.58965249581285,1.36309960405184,-0.177318504788345
"1774",0,-0.346763866306412,0.115841786710785,0.757106570942284,0.994701386553687,1.86988254836228,2.22342577889064,-0.135962069060475,-0.0247411626405223,0.0129698342204877,0.999757862091843,-0.171343179456834,-0.552740656252641,1.12316558623815,2.41556688952993,-0.1555961886108,-0.0445734002443183,-0.741918245459386,-1.28960847698666,-1.12999301782559,-1.18029468333559,0.929255371307683,2.52445029592092,-0.113860786417039,-0.0382639442739243,-0.759253601238671,-1.04018443927651,-0.205019902303017,-0.263877499229713,1.36852100217096,2.04959055263118,-0.209069232555529,-0.0330109162638679,0.28811274703799,1.33132611434538,1.09627321067543,0.950766487281889,1.1603029827845,2.03563734564328,0,-0.0930309953194633,-0.481588184154324,-0.0608293955280974,-0.189990821412867,1.11440709687275,-0.793084723013613,-0.797595882078731,-0.197040209126978,-0.0692112518235939,-0.410266899197836,-1.38433934890509,0.997761568833671,-0.520318765867068,-1.55967039733413,-0.767532904424768,-0.202993708003753,-0.0338432573430967,-0.303642030474405,0.42804705949191,0.0152822700148413,-2.26390404116519,-1.1603681679367,-0.527680489439249,-0.177318504788345
"1775",0,-0.346763866306412,-0.743972268793493,0.757106570942284,-1.44159853924067,-0.992685559626734,-0.416428649433891,-0.135962069060475,-0.0247411626405223,-0.640995384823577,-1.01731600228176,0.821415400724128,-2.02816410153879,-0.223353997438511,-0.540830462877054,-0.1555961886108,-0.0445734002443183,-0.741918245459386,0.0702277330491799,0.124225903158672,-0.200184221487392,1.24678870278565,-0.607897921806337,-0.113860786417039,-0.0382639442739243,1.46833818178793,0.924647769019562,-1.2218689911233,0.530153365688954,0.533627184133976,-0.650039470011399,-0.048236570436645,-0.0330109162638679,3.68949081038505,1.17147394189133,-0.541570183508238,0.950766487281889,1.1603029827845,0.8887876654733,0,0.979918474721151,4.22686714229239,1.47858362970634,1.36287885195866,1.27280760797249,0.926220333707951,-0.111908222728241,-0.0998707974396848,-0.0692112518235939,1.05384743455274,-0.680633513211668,0.997761568833671,0.229731781230706,-1.39092377624206,-0.767532904424768,-0.202993708003753,-0.0191459895266863,-0.303642030474405,-0.772979593369162,0.704487594782526,-0.877575954749489,-1.1603681679367,-0.527680489439249,-0.177318504788345
"1776",0,2.99694405524889,0.975655842215063,0.990200011287507,0.551737763681986,1.51206153486365,0.463522826674285,-0.135962069060475,-0.0247411626405223,1.97486549135268,0.999757862091843,-0.667722469547314,0.290358455339444,0.618220742359401,0.198268875224692,-0.1555961886108,-0.0445734002443183,1.30117223505759,0.92012536432158,0.216694219019643,-0.0368324778460259,-1.13471128329909,-0.574697546273115,-0.113860786417039,-0.0382639442739243,0.849104702984884,1.08838378637757,1.1507788827907,1.00657188464015,0.533627184133976,-0.650039470011399,-0.049335153206293,-0.0330109162638679,-0.736387774530415,-1.06645647246535,-1.47909877630812,-1.06729091314562,0.990111280309114,0.0286504053458163,0,-0.0930309953194633,-0.562836795093905,-0.676594605621874,-1.12171262543579,-0.707832056497128,1.27008134505226,0.116654330388589,-0.0998707974396848,-0.0692112518235939,0.558214809138742,1.25455753494524,0.0255710898531705,0.792269691554037,1.14027554013895,-0.362274353239232,-0.202993708003753,-0.0191459895266863,0.728815661816031,1.02856038592245,0.0152822700148413,0.112658392690295,-0.472863001999315,-0.527680489439249,-0.177318504788345
"1777",0,-0.346763866306412,-1.25724345679687,-2.50620159389084,-0.334189482061415,1.86988254836228,1.34347430278246,-0.135962069060475,-0.0247411626405223,-0.640995384823577,-1.38405670489514,-0.394271637241968,-0.552740656252641,-0.391668945398093,2.52832744999937,5.71500595465075,-0.0445734002443183,-0.741918245459386,0.24020725930366,-0.456649399402975,-1.18029468333559,-0.34087795460418,3.93315386055457,4.50252433346203,0.0337041416019022,0.527433042140173,0.433439716945544,-1.2218689911233,-0.740296018180913,1.36852100217096,2.35727506935795,-0.048236570436645,-0.0330109162638679,1.21576130976901,1.33132611434538,0.935312461488958,-0.394605113003119,0.990111280309114,0.315362825388311,0,0.61619389205517,-0.156873047553181,-0.984477210668762,-1.12171262543579,0.674850618859862,0.0665678053471691,-0.797595882078731,-0.0998707974396848,-0.0692112518235939,-0.410266899197836,-1.38433934890509,-1.91880986810783,0.253361449331465,-0.884683912965861,-0.767532904424768,-0.202993708003753,-0.0191459895266863,-0.303642030474405,-1.17332181098952,-2.5118039208,-0.893330829558455,-0.988491876452356,-0.527680489439249,-0.177318504788345
"1778",0,-0.346763866306412,-1.17387929654563,-2.27310815354561,0.773219575117836,0.259687987618459,-0.416428649433891,-0.135962069060475,-0.064995348517452,-0.640995384823577,-1.93416775881521,-0.171343179456834,0.290358455339444,-1.233243685196,-0.540830462877054,-0.1555961886108,-0.0445734002443183,-0.741918245459386,-0.60969037196874,1.39504555125922,-1.01694293969422,0.929255371307683,-0.0112161204196545,-0.113860786417039,-0.0382639442739243,0.849104702984884,0.924647769019562,-0.71344444671316,-0.920558259156222,1.36852100217096,-0.376647239159639,-0.048236570436645,-0.0330109162638679,1.52497749734601,1.33132611434538,0.774351712302486,0.446252137175011,1.1603029827845,1.46221250555829,0,-0.0930309953194633,-0.145269946550987,0.162199630223643,0.0571610219742823,1.11440709687275,0.926220333707951,-0.111908222728241,-0.0998707974396848,-0.0692112518235939,-0.410266899197836,-1.38433934890509,-1.72437177231173,0.604757054779594,-0.378444049689659,-0.767532904424768,-0.202993708003753,-0.0191459895266863,-0.303642030474405,-1.17332181098952,-2.05233370428821,0.904845870642121,-0.988491876452356,-0.527680489439249,-0.177318504788345
"1779",0,-0.346763866306412,-1.17387929654563,-2.04001471320039,-0.334189482061415,-0.992685559626734,-0.416428649433891,-0.135962069060475,-0.0247411626405223,-0.640995384823577,-1.93416775881521,0.288288784682018,-0.552740656252641,-1.40155863315559,-0.540830462877054,-0.1555961886108,-0.0445734002443183,-0.741918245459386,-0.9496494244777,1.39504555125922,-1.18029468333559,-1.29347794903808,-0.574697546273115,-0.113860786417039,-0.0382639442739243,-0.759253601238671,-0.057768335128474,-0.0355450541663019,-1.37552071011585,-1.3031392155474,-0.650039470011399,-0.048236570436645,-0.0330109162638679,0.28811274703799,1.33132611434538,0.00457900357923533,-0.0582622129318667,-0.541614041969328,-0.831486854781667,0,-0.0930309953194633,3.13438052543063,1.47858362970634,-0.189990821412867,0.95600658577301,0.582359322363638,-0.797595882078731,-0.0998707974396848,-0.0692112518235939,6.8533459133265,1.43048399386859,1.19219966462977,1.34744465702011,0.634035676862745,-0.767532904424768,-0.202993708003753,-0.0191459895266863,-0.303642030474405,-1.17332181098952,-1.82259859603232,0.310705262178251,-0.644739293483662,-0.527680489439249,-0.177318504788345
"1780",0,-0.280918249061779,-1.17387929654563,-2.50620159389084,0.108774140810285,-0.277043532629481,-0.416428649433891,-0.135962069060475,-0.0247411626405223,-0.640995384823577,-1.75079740750852,0.573225755678888,1.13345756693153,0.449905794399818,-0.540830462877054,-0.1555961886108,-0.111531751188364,-0.741918245459386,-0.0997517932053001,1.05837374204791,-0.363535965128757,1.08802203704667,0.552265305433806,-0.113860786417039,-0.0382639442739243,-0.115910279549249,1.08838378637757,-1.2218689911233,-1.53432688309958,1.36852100217096,0.17013722254388,-0.048236570436645,-0.0330109162638679,-0.33031962811602,1.33132611434538,-0.352373532002817,-0.562776563038745,1.1603029827845,0.315362825388311,0,-0.0930309953194633,-0.481588184154324,1.01675972213601,1.36287885195866,0.923421648566616,1.27008134505226,-0.569033328961901,-0.0998707974396848,-0.0692112518235939,-0.410266899197836,-0.482090183558563,0.501591400613083,1.16729496510292,0.634035676862745,-0.767532904424768,-0.202993708003753,-0.0191459895266863,-0.303642030474405,-1.17332181098952,-2.05233370428821,0.112658392690295,-0.300986710514968,-0.527680489439249,-0.177318504788345
"1781",0,-0.346763866306412,-0.958925782669563,-0.408360630783831,-0.998634916368966,-0.992685559626734,-0.416428649433891,-0.135962069060475,-0.0247411626405223,-0.640995384823577,-0.283834597054994,0.821415400724128,-1.81738932364077,-1.40155863315559,-0.540830462877054,-0.1555961886108,-0.0445734002443183,-0.741918245459386,0.58016631181262,0.0483583144139882,-1.18029468333559,-1.29347794903808,-0.552199070619251,-0.113860786417039,-0.0382639442739243,-0.759253601238671,1.08838378637757,-1.39134383926002,-1.53432688309958,-1.3031392155474,-0.650039470011399,-0.048236570436645,-0.0330109162638679,0.906545122192,1.33132611434538,1.09627321067543,0.950766487281889,0.139152767932202,-0.831486854781667,0,-0.0930309953194633,0.19104829105235,0.483795804426412,0.12058311326144,-0.469598014124647,0.754289828035795,0.80234198973908,-0.0998707974396848,-0.0692112518235939,-0.410266899197836,-0.680633513211668,0.997761568833671,-0.145293492318181,0.465289055770677,1.25875985150291,-0.202993708003753,-0.0191459895266863,-0.373309815806426,-0.97315070217934,-0.673923054752843,0.706799001154165,1.07402362135981,0.209604697681432,-0.177318504788345
"1782",0,-0.346763866306412,-0.529018754917424,0.990200011287507,-0.112707670625565,-0.813775052877421,-0.50058733854021,-0.135962069060475,-0.0247411626405223,-0.640995384823577,0.266276456865079,1.1902727886364,1.13345756693153,-0.841428196272548,-0.540830462877054,-0.19464256847939,-0.0445734002443183,0.122165329449593,1.09010489057606,1.22542165297651,0.616574496719437,-1.29347794903808,-0.574697546273115,-0.113860786417039,-0.0382639442739243,0.849104702984884,1.08838378637757,1.1507788827907,-0.422683672213447,-1.3031392155474,-0.650039470011399,-0.048236570436645,-0.0330109162638679,1.21576130976901,1.33132611434538,1.09627321067543,-0.899119463109996,-1.56276425682162,-0.831486854781667,0,-0.0930309953194633,-0.145269946550987,1.47858362970634,1.36287885195866,-0.786399036324126,-1.55582523433926,-0.797595882078731,-0.0998707974396848,-0.0864570677984971,-0.410266899197836,0.550851699251816,1.19219966462977,-0.145293492318181,-1.55967039733413,-0.207430228646265,-0.202993708003753,-0.0191459895266863,-0.266210691238811,-0.372637375748804,0.0152822700148413,0.614540013770139,0.902147329875462,0.701128155761885,-0.177318504788345
"1783",0,-0.346763866306412,-0.958925782669563,-1.1076409518195,0.108774140810285,0.259687987618459,-0.416428649433891,-0.135962069060475,-0.0247411626405223,-0.640995384823577,-0.833945650975067,1.06960504576937,-0.131191100456599,-0.559983893357675,-0.540830462877054,-0.187982955000419,-0.0445734002443183,-0.741918245459386,0.7501458380671,1.56338145586488,1.10662972764353,-0.658411286082146,-0.574697546273115,-0.113860786417039,-0.0382639442739243,-0.759253601238671,-1.04018443927651,-0.882919294849875,-0.58148984519718,0.867584711348771,-0.650039470011399,-0.048236570436645,-0.0330109162638679,-0.639535815693025,-1.2263086449194,-1.47909877630812,-1.73997671328813,0.309344470407584,0.747652436365133,0,-0.0930309953194633,-0.481588184154324,-0.984477210668762,-1.12171262543579,-1.26160056962335,-0.277293205997144,1.25946709597274,-0.0998707974396848,-0.0692112518235939,0.215216853011576,0.374925240328461,-0.94661938912733,-1.45788194973929,-0.209697428597592,1.46138912709568,-0.202993708003753,-0.0191459895266863,-0.13984126019298,-0.372637375748804,0.474752486526631,0.904845870642121,1.58965249581285,0.455366426721658,-0.177318504788345
"1784",0,-0.346763866306412,0.545748814462924,0.757106570942284,0.994701386553687,0.438598494367772,-0.416428649433891,-0.135962069060475,-0.0247411626405223,0.33995244374252,0.44964680817177,0.325036110633647,-0.974290212048683,-1.06492873723642,-0.540830462877054,-0.1555961886108,-0.0445734002443183,3.00244391247952,-0.26973131945978,-0.251601746842956,-1.18029468333559,-1.29347794903808,-0.456524397116947,-0.113860786417039,-0.0382639442739243,1.22509341402285,1.08838378637757,-0.71344444671316,-1.53432688309958,-1.3031392155474,-0.650039470011399,-0.048236570436645,-0.0330109162638679,-0.639535815693025,0.0525087347129891,-0.0527677173188393,-1.40363381321687,-1.56276425682162,-0.562251222406026,0,-0.0930309953194633,-0.660922937603798,-0.984477210668762,0.897017949947205,0.361767147641491,-1.48080674570224,-0.797595882078731,-0.0998707974396848,-0.146970405639177,-0.410266899197836,-0.680633513211668,0.608885377241471,1.16729496510292,-0.881793679788604,-0.767532904424768,-0.202993708003753,-0.0191459895266863,-0.360139773810425,0.227875950681732,0.93422270303842,-0.679529085261532,-1.1603681679367,-0.527680489439249,-0.177318504788345
"1785",0,-0.346763866306412,-1.17387929654563,-1.1076409518195,-0.191269060750869,-0.636671303165451,-0.416428649433891,-0.135962069060475,-0.0247411626405223,-0.640995384823577,-1.93416775881521,-0.171343179456834,0.0795836774414227,-1.40155863315559,-0.540830462877054,-0.1555961886108,-0.0445734002443183,-0.741918245459386,-1.28960847698666,0.794022483220294,-0.690239452411488,-1.29347794903808,-0.574697546273115,-0.113860786417039,-0.0177637689065176,-0.725498186099489,-0.132702781829069,0.472879490243842,-0.10507132624598,-0.802202924725205,-0.650039470011399,-0.048236570436645,-0.0330109162638679,-0.33031962811602,0.548909171990582,-0.352373532002817,0.950766487281889,0.760223212532324,-0.831486854781667,0,0.865987322244872,2.54527595427571,1.47858362970634,1.05230491728436,1.27280760797249,1.27008134505226,1.03090454285591,0.0608114192630127,-0.0692112518235939,1.34585622394573,0.726778158175171,0.803323473037571,1.16729496510292,0.465289055770677,0.245613473539072,-0.202993708003753,-0.0251444618003572,-0.303642030474405,-1.17332181098952,-1.13339327126463,-0.267720838957766,-1.1603681679367,-0.527680489439249,-0.177318504788345
"1786",0,0.767805440878689,0.115841786710785,0.990200011287507,0.330255952246136,0.0807774808691453,-0.123111490731166,-0.135962069060475,-0.0247411626405223,-0.314012775301545,0.266276456865079,1.06960504576937,1.13345756693153,1.29148053419773,-0.174799594713022,-0.1555961886108,-0.111531751188364,-0.741918245459386,0.0702277330491799,1.56338145586488,1.43333321492626,0.611722039829717,-0.574697546273115,-0.113860786417039,-0.0382639442739243,-0.115910279549249,0.760911751661556,1.1507788827907,1.00657188464015,0.700605947741373,-0.650039470011399,-0.048236570436645,-0.0330109162638679,-0.0211034405390152,0.212360907167038,1.09627321067543,0.950766487281889,0.479536172882967,-0.831486854781667,0,-0.200855618164346,-0.481588184154324,-0.830535908145318,1.05230491728436,1.27280760797249,0.926220333707951,-0.797595882078731,-0.0998707974396848,0.153453976991748,-0.410266899197836,-0.328780595364958,1.19219966462977,1.16729496510292,0.802782297954812,-0.362274353239232,-0.202993708003753,-0.115134277125818,-0.303642030474405,-0.372637375748804,0.0152822700148413,0.310705262178251,0.367001692392511,-0.0361570313587953,-0.177318504788345
"1787",0,0.767805440878689,0.545748814462924,0.757106570942284,-0.334189482061415,-0.992685559626734,-0.416428649433891,-0.135962069060475,-0.0247411626405223,0.343431258494325,0.816387510785152,0.325036110633647,1.13345756693153,-0.0550390494789284,-0.691827068305673,-0.1555961886108,-0.0445734002443183,-0.741918245459386,-1.62956752949562,-0.624985304008629,1.10662972764353,0.611722039829717,-0.574697546273115,-0.113860786417039,-0.0382639442739243,-0.759253601238671,-0.876448421918504,0.981304034653986,1.00657188464015,0.366648420526578,-0.333345224794645,-0.048236570436645,-0.0539306280597664,-0.639535815693025,-0.107343437741059,0.452430213929543,0.446252137175011,1.1603029827845,0.583696713169494,0,-0.0930309953194633,-0.481588184154324,-0.554092009707065,-1.12171262543579,-1.26160056962335,0.926220333707951,1.03090454285591,-0.0998707974396848,-0.0692112518235939,-0.410266899197836,0.00672425992091496,0.0255710898531705,0.604757054779594,1.14027554013895,-0.159645077646464,-0.202993708003753,-0.0191459895266863,-0.303642030474405,0.568144386131441,0.93422270303842,0.112658392690295,-0.300986710514968,-0.527680489439249,-0.177318504788345
"1788",0,0.0910500162062565,0.760702328338993,0.757106570942284,-0.636835529918922,-0.992685559626734,-0.416428649433891,-0.124175310641429,-0.0247411626405223,1.32090027230862,0.891586907860216,-2.405049984864,-0.763515434150662,0.281590846440236,-0.540830462877054,-0.0185169255156385,-0.0445734002443183,0.92707620138954,0.250133806991178,-1.12999301782559,-0.853591196052854,1.24678870278565,0.270524592507076,-0.113860786417039,-0.0382639442739243,0.849104702984884,1.08838378637757,0.214080124758041,1.00657188464015,1.03456347495617,-0.10325500830788,-0.048236570436645,-0.0330109162638679,1.21576130976901,1.33132611434538,1.09627321067543,0.950766487281889,0.819919577833732,-0.544774434739172,0,-0.0930309953194633,1.20000300386236,1.47858362970634,-1.12171262543579,-1.26160056962335,0.0665678053471691,1.7165922022064,-0.0998707974396848,-0.0692112518235939,0.0739739549704533,1.43048399386859,-0.16886700594293,-1.08067659556252,0.802782297954812,0.44824274913184,-0.202993708003753,-0.0191459895266863,-0.303642030474405,0.628218168302089,0.0152822700148413,0.310705262178251,0.214642163938074,-0.527680489439249,-0.177318504788345
"1789",0,-0.346763866306412,-1.17387929654563,-2.73929503423606,-0.334189482061415,1.33315102811434,-0.416428649433891,-0.135962069060475,-0.0247411626405223,-0.640995384823577,-1.93416775881521,-2.90142927495448,0.922682789033507,1.29148053419773,-0.540830462877054,-0.1555961886108,-0.0445734002443183,-0.741918245459386,-1.62956752949562,0.0483583144139882,1.43333321492626,0.929255371307683,-0.574697546273115,-0.113860786417039,-0.0382639442739243,0.205761381295462,0.433439716945544,1.1507788827907,1.00657188464015,0.867584711348771,-0.225107772371174,-0.048236570436645,-0.0330109162638679,0.321745020445588,0.532065252075134,-0.0304520336298728,0.927679982834257,-0.0310389345431809,-0.831486854781667,0,-0.0930309953194633,-0.407672433756282,-0.984477210668762,-1.12171262543579,1.27280760797249,0.0665678053471691,-0.797595882078731,-0.0998707974396848,-0.0692112518235939,-0.410266899197836,-1.38433934890509,-1.91880986810783,0.979782328328481,0.465289055770677,-0.767532904424768,-0.202993708003753,-0.0191459895266863,-0.303642030474405,-1.17332181098952,-2.7415390290559,-0.679529085261532,1.4177762043285,0.140970599087391,0.261710284437925
"1790",0,-0.346763866306412,1.29952587600305,0.0578262499066152,0.994701386553687,1.86988254836228,0.463522826674285,-0.135962069060475,-0.0247411626405223,-0.640995384823577,0.633017159478461,1.06960504576937,1.13345756693153,0.449905794399818,-0.540830462877054,-0.1555961886108,-0.0445734002443183,-0.741918245459386,-0.43971084571426,1.56338145586488,-0.853591196052854,-1.29347794903808,-0.574697546273115,-0.113860786417039,-0.0382639442739243,-0.759253601238671,-1.36765647399252,1.1507788827907,-0.422683672213447,-1.3031392155474,-0.650039470011399,-0.048236570436645,-0.0539306280597664,-0.639535815693025,-1.2263086449194,0.452430213929543,-0.0582622129318667,-1.56276425682162,-0.831486854781667,0,-0.0930309953194633,-0.481588184154324,-0.984477210668762,0.12058311326144,1.11440709687275,-1.48080674570224,-0.797595882078731,-0.0998707974396848,-0.0692112518235939,1.04245566330703,1.07863107602188,1.19219966462977,0.41724441800515,-1.00284467580368,-0.767532904424768,-0.202993708003753,-0.0191459895266863,0.728815661816031,1.82924482116316,0.93422270303842,-0.962005650517015,-1.1603681679367,-0.527680489439249,-0.177318504788345
"1791",0,-0.346763866306412,-1.17387929654563,0.0578262499066152,-1.11871655674077,-0.992685559626734,-0.416428649433891,-0.0655117064626119,-0.0247411626405223,-0.640995384823577,-1.20068635358845,1.06960504576937,-1.1850649899467,-1.40155863315559,-0.540830462877054,-0.1555961886108,-0.0445734002443183,-0.741918245459386,-0.0997517932053001,0.216694219019643,-1.18029468333559,-1.29347794903808,-0.574697546273115,-0.113860786417039,-0.0382639442739243,-0.759253601238671,0.59717573430355,-0.327791290743275,-1.53432688309958,-1.3031392155474,-0.650039470011399,-0.048236570436645,-0.0330109162638679,-0.639535815693025,1.01162176943728,0.996082167752981,0.278080687139385,-0.711805744444711,-0.831486854781667,0,-0.0930309953194633,-0.481588184154324,0.862818419612568,1.36287885195866,0.322404541374051,1.09815083938011,0.116654330388589,-0.0998707974396848,-0.0692112518235939,-0.410266899197836,0.0683874792372062,0.608885377241471,-1.45788194973929,0.29654243467861,1.05613057591014,-0.202993708003753,-0.0191459895266863,-0.303642030474405,-1.17332181098952,-0.444187946496948,0.310705262178251,1.4177762043285,0.914238886029747,-0.177318504788345
"1792",0,-0.346763866306412,-0.743972268793493,0.290919690251838,0.773219575117836,-0.0981330258801679,-0.422646482092335,-0.135962069060475,-0.0247411626405223,-0.640995384823577,-0.467204948361685,0.325036110633647,0.290358455339444,0.954850638278565,-0.294464016843139,-0.1555961886108,-0.0445734002443183,-0.453890387156393,0.7501458380671,-0.28831349479732,-1.18029468333559,0.452955374090734,0.443339513773584,-0.113860786417039,-0.0382639442739243,0.773460333204739,1.08838378637757,-1.39134383926002,-1.53432688309958,0.19966965691918,1.26370614595092,-0.048236570436645,-0.0330109162638679,1.21576130976901,1.33132611434538,-1.15717727793518,-1.73997671328813,-0.0443613073972829,0.315362825388311,0,-0.0930309953194633,0.527366528655686,1.47858362970634,0.12058311326144,0.220926000424006,0.926220333707951,-0.797595882078731,-0.0998707974396848,-0.0692112518235939,-0.410266899197836,0.0230723224817513,1.19219966462977,1.16729496510292,-0.209697428597592,-0.767532904424768,-0.202993708003753,-0.0191459895266863,-0.303642030474405,-1.17332181098952,-0.214452838241053,-0.283435346285619,-1.1603681679367,-0.527680489439249,-0.177318504788345
"1793",0,-0.346763866306412,-0.743972268793493,-1.34073439216472,-0.555671293497266,-0.277043532629481,-0.416428649433891,-0.135962069060475,-0.0247411626405223,0.33995244374252,0.816387510785152,-1.66048104972828,-0.552740656252641,0.786535690318983,-0.540830462877054,-0.1555961886108,-0.0445734002443183,0.428354362609783,0.92012536432158,-0.624985304008629,-0.363535965128757,1.24678870278565,-0.574697546273115,-0.166898937648711,-0.0382639442739243,-0.759253601238671,-0.057768335128474,0.642354338380556,0.847765711656421,-0.102389895690354,-0.650039470011399,-0.106080643591261,-0.0887427223330369,-0.639535815693025,-0.746752127557253,1.09627321067543,0.278080687139385,-1.56276425682162,-0.831486854781667,0,-0.135082294933293,-0.481588184154324,0.400994512042235,0.275870080598593,0.131613569964305,-0.4492237116693,-0.797595882078731,-0.0998707974396848,-0.0692112518235939,-0.410266899197836,0.374925240328461,-0.36330510173903,0.229731781230706,0.10012416288535,-0.564903628832,-0.202993708003753,-0.0191459895266863,-0.303642030474405,-0.172466266938626,0.0152822700148413,0.173125477450052,0.0427658724537265,-0.307122696014037,-0.177318504788345
"1794",0,-0.346763866306412,0.330795300586854,-0.175267190438608,0.551737763681986,-0.277043532629481,-0.416428649433891,-0.135962069060475,-0.0247411626405223,3.28279592944081,0.999757862091843,0.0768464655884069,0.922682789033507,-0.0550390494789284,-0.540830462877054,-0.1555961886108,-0.0445734002443183,0.986248904358571,-0.425678493452207,-1.12999301782559,0.779926240360802,-0.182111288865197,-0.574697546273115,-0.113860786417039,-0.0382639442739243,-0.759253601238671,-1.36765647399252,-0.0355450541663019,1.00657188464015,-0.969181688332602,-0.650039470011399,-0.048236570436645,-0.0330109162638679,-0.639535815693025,0.0525087347129891,1.09627321067543,0.950766487281889,-0.0394005287752535,-0.544774434739172,0,-0.0930309953194633,-0.481588184154324,-0.984477210668762,-1.12171262543579,-0.944799547423866,1.09815083938011,1.04249921566636,-0.0998707974396848,-0.0692112518235939,0.558214809138742,0.374925240328461,-1.14105748492343,-0.715531373528661,0.634035676862745,1.25875985150291,-0.202993708003753,-0.0191459895266863,-0.303642030474405,0.227875950681732,0.0152822700148413,0.792650539022427,0.902147329875462,-0.281918760399022,-0.177318504788345
"1795",0,-0.346763866306412,0.115841786710785,0.990200011287507,-0.998634916368966,-0.992685559626734,-0.416428649433891,-0.135962069060475,-0.0247411626405223,-0.640995384823577,0.999757862091843,-0.171343179456834,0.711908011135486,-0.391668945398093,-0.540830462877054,-0.1555961886108,-0.0445734002443183,-0.1658625288534,0.92012536432158,-1.12999301782559,-0.690239452411488,1.24678870278565,-0.292956833346385,-0.113860786417039,0.127220760069906,1.49244802467431,-0.22150435248648,-1.56081868739673,-1.53432688309958,0.867584711348771,-0.10325500830788,-0.048236570436645,-0.0330109162638679,0.906545122192,0.0525087347129891,-1.47909877630812,-1.73997671328813,0.291972136349515,0.315362825388311,0,-0.0930309953194633,1.87263947906903,1.12572587931949,-1.12171262543579,-1.31446210150179,0.582359322363638,0.116654330388589,-0.129933866015405,0.407790868636752,2.01093737164361,1.43048399386859,-0.55774319753513,-0.520318765867068,1.14027554013895,-0.767532904424768,-0.202993708003753,-0.0191459895266863,-0.303642030474405,0.227875950681732,0.93422270303842,0.112658392690295,-0.472863001999315,-0.527680489439249,-0.177318504788345
"1796",0,-0.346763866306412,-1.17387929654563,-0.641454071129054,0.773219575117836,-0.277043532629481,-0.416428649433891,-0.135962069060475,-0.0247411626405223,-0.640995384823577,-1.20068635358845,0.821415400724128,-0.552740656252641,-1.233243685196,-0.540830462877054,-0.1555961886108,-0.0445734002443183,-0.741918245459386,0.41018678555814,0.721701932836606,-1.18029468333559,-1.29347794903808,-0.574697546273115,-0.113860786417039,-0.0177637689065176,-0.185920211123365,0.924647769019562,-0.71344444671316,-1.53432688309958,-1.3031392155474,-0.650039470011399,-0.048236570436645,-0.0330109162638679,-0.0211034405390152,1.48640095300655,0.935312461488958,0.950766487281889,0.479536172882967,0.0286504053458163,0,-0.0930309953194633,-0.481588184154324,1.47858362970634,0.897017949947205,-0.469598014124647,-0.105362700324987,2.17371730844006,-0.0998707974396848,-0.0888791848159537,-0.410266899197836,-0.152854136441604,0.608885377241471,-1.0828566761904,-0.547190670781726,2.27190622946675,-0.202993708003753,-0.0191459895266863,-0.303642030474405,-1.17332181098952,-0.903658163008738,0.706799001154165,1.58965249581285,2.17569853000325,-0.177318504788345
"1797",0,-0.346763866306412,-1.17387929654563,-0.874547511474277,0.551737763681986,-0.455954039378794,-0.416428649433891,-0.135962069060475,-0.0247411626405223,-0.640995384823577,-1.75079740750852,1.06960504576937,0.922682789033507,-0.511455203868996,-0.540830462877054,-0.1555961886108,-0.0445734002443183,-0.741918245459386,-0.43971084571426,1.39504555125922,-0.363535965128757,-1.29347794903808,-0.574697546273115,-0.113860786417039,-0.0382639442739243,0.205761381295462,0.787240001779917,0.811829186517271,-0.740296018180913,-1.3031392155474,-0.650039470011399,-0.048236570436645,-0.0330109162638679,0.28811274703799,1.33132611434538,0.130508715556599,0.278080687139385,-0.17229112499131,-0.831486854781667,0,-0.0930309953194633,-0.481588184154324,0.708877117089123,-0.34527778875002,-1.26160056962335,0.926220333707951,-0.340470775845071,-0.0998707974396848,-0.0692112518235939,-0.410266899197836,-0.856559972135023,0.220009185649271,-0.707831402641512,0.236571605234964,-0.564903628832,-0.202993708003753,-0.0191459895266863,-0.303642030474405,-1.18723686003662,-1.13339327126463,0.706799001154165,-0.129110419030621,-0.527680489439249,-0.177318504788345
"1798",0,-0.346763866306412,0.545748814462924,0.757106570942284,0.994701386553687,1.33315102811434,-0.416428649433891,-0.135962069060475,-0.0247411626405223,-0.314012775301545,0.082906105558388,-0.667722469547314,0.0795836774414227,1.29148053419773,-0.294464016843139,-0.1555961886108,-0.111531751188364,-0.741918245459386,-1.62956752949562,-1.12999301782559,-0.0368324778460259,0.929255371307683,-0.574697546273115,-0.130413017687825,-0.0382639442739243,-0.759253601238671,-1.04018443927651,-0.882919294849875,0.688959538672687,0.875070164261235,-0.10325500830788,-0.0234163125072431,-0.0330109162638679,-0.33031962811602,1.33132611434538,1.09627321067543,0.950766487281889,1.1603029827845,2.03563734564328,0,-0.0930309953194633,0.19104829105235,0.862818419612568,1.36287885195866,0.322404541374051,-1.48080674570224,-0.797595882078731,-0.0998707974396848,-0.0692112518235939,-0.410266899197836,-1.03248643105838,1.19219966462977,-0.545469053079177,-1.55967039733413,-0.767532904424768,-0.202993708003753,-0.0191459895266863,-0.303642030474405,0.628218168302089,0.474752486526631,-2.26390404116519,-1.1603681679367,-0.527680489439249,-0.177318504788345
"1799",0,-0.346763866306412,-0.743972268793493,0.290919690251838,-0.555671293497266,-0.935692567175747,-0.416428649433891,-0.146801363284216,-0.0247411626405223,-0.640995384823577,0.633017159478461,-0.171343179456834,0.290358455339444,-0.223353997438511,-0.540830462877054,-0.1555961886108,-0.0445734002443183,0.986248904358571,1.09010489057606,-0.961657113219938,-1.18029468333559,1.24678870278565,0.313875883041275,-0.113860786417039,-0.0382639442739243,0.849104702984884,0.433439716945544,-1.56081868739673,-1.53432688309958,0.525737638449349,0.716921684247398,-0.048236570436645,-0.0330109162638679,1.83419368492302,0.851769596983231,-1.47909877630812,-1.74279941238443,-0.201230637018563,1.23309183905683,0,-0.0930309953194633,-0.145269946550987,1.47858362970634,-1.10114269573029,-1.26160056962335,0.0665678053471691,1.03090454285591,-0.0998707974396848,-0.0692112518235939,-0.410266899197836,0.902704617098525,-1.33549558071953,-0.707831402641512,1.14027554013895,-0.564903628832,-0.202993708003753,-0.0191459895266863,-0.303642030474405,-0.572808484558983,0.93422270303842,0.508752131666208,-0.472863001999315,-0.527680489439249,-0.177318504788345
"1800",0,-0.346763866306412,0.545748814462924,0.990200011287507,-0.00113241357452548,-0.0981330258801679,-0.416428649433891,-0.135962069060475,-0.0247411626405223,0.33995244374252,0.999757862091843,0.325036110633647,1.13345756693153,-0.391668945398093,-0.380693955117947,-0.1555961886108,-0.0445734002443183,-0.453890387156393,-0.866598828073006,-0.624985304008629,1.43333321492626,-0.160913318951955,-0.574697546273115,-0.113860786417039,-0.0382639442739243,-0.759253601238671,-1.36765647399252,-0.543969598576446,1.00657188464015,-0.46824539751041,-0.650039470011399,-0.048236570436645,-0.0450713269133921,-0.0211034405390152,1.17147394189133,1.09627321067543,0.950766487281889,1.1603029827845,0.8887876654733,0,-0.0930309953194633,0.459585369236858,0.862818419612568,1.36287885195866,1.11440709687275,0.582359322363638,-0.111908222728241,-0.0998707974396848,-0.0692112518235939,-0.410266899197836,-1.20841288998173,1.19219966462977,-0.707831402641512,-1.55967039733413,-0.767532904424768,-0.202993708003753,-0.0191459895266863,-0.303642030474405,0.828389277112268,0.61958483101869,-2.26390404116519,-1.1603681679367,-0.527680489439249,-0.177318504788345
"1801",0,-0.346763866306412,-1.17387929654563,-2.27310815354561,-0.555671293497266,0.826112841841362,0.463522826674285,-0.135962069060475,-0.0247411626405223,-0.640995384823577,-1.56742705620183,0.573225755678888,0.922682789033507,1.29148053419773,-0.0480975708092236,-0.1555961886108,-0.0445734002443183,-0.741918245459386,0.24020725930366,0.553366028230951,-0.0368324778460259,0.135422042612768,-0.574697546273115,-0.113860786417039,-0.0382639442739243,-0.43758194039396,1.08838378637757,-0.882919294849875,0.212541019721487,-0.46824539751041,-0.650039470011399,-0.048236570436645,-0.0677629935268027,-0.639535815693025,1.01162176943728,1.09627321067543,0.950766487281889,0.139152767932202,-0.831486854781667,0,-0.0930309953194633,-0.896417489678877,-0.984477210668762,-0.966425658098632,0.95600658577301,0.410428816691482,-0.797595882078731,-0.0998707974396848,-0.0692112518235939,-0.410266899197836,-1.38433934890509,-1.91880986810783,0.792269691554037,-0.378444049689659,-0.767532904424768,-0.202993708003753,-0.0191459895266863,-0.303642030474405,-1.17332181098952,-2.7415390290559,0.508752131666208,-0.644739293483662,-0.527680489439249,-0.177318504788345
"1802",0,2.99694405524889,2.05042341159541,0.757106570942284,-1.30933077646333,-0.992685559626734,-0.405212404987705,-0.135962069060475,-0.0247411626405223,1.97486549135268,0.816387510785152,0.573225755678888,0.711908011135486,-1.40155863315559,-0.540830462877054,-0.1555961886108,-0.0445734002443183,0.577686428162317,-0.0997517932053001,-0.793321208614283,1.43333321492626,-0.499644620343163,-0.574697546273115,-0.113860786417039,-0.0382639442739243,-0.759253601238671,-1.53139249135053,-1.2218689911233,1.00657188464015,-0.46824539751041,-0.650039470011399,-0.048236570436645,-0.0330109162638679,-0.639535815693025,-1.2263086449194,-0.352373532002817,0.782595037246263,-1.39257255434624,-0.831486854781667,0,-0.077444968603737,-0.481588184154324,-0.984477210668762,1.05230491728436,0.164004030274312,-1.48080674570224,-0.958531416658877,-0.109413400125894,-0.0692112518235939,0.0739739549704533,0.516561966864148,1.19219966462977,0.0422191444562627,-0.209697428597592,0.0429841979463036,-0.232327400611273,-0.0191459895266863,4.85864643097778,2.02941592997334,0.93422270303842,0.904845870642121,1.58965249581285,2.17569853000325,-0.177318504788345
"1803",0,-0.346763866306412,-0.0991117271652847,0.404510814779881,0.994701386553687,0.438598494367772,-0.416428649433891,-0.135962069060475,-0.0247411626405223,1.32090027230862,0.816387510785152,-0.388158840098789,0.290358455339444,1.29148053419773,-0.294464016843139,-0.1555961886108,-0.0445734002443183,1.85033247926755,1.28722968654631,-1.12999301782559,0.943277984002168,0.62845851684443,-0.574697546273115,-0.217386332612274,-0.0382639442739243,1.17077636382959,0.924647769019562,0.642354338380556,0.718888090400518,-0.729011744269503,-0.650039470011399,-0.048236570436645,-0.0330109162638679,-0.639535815693025,0.532065252075134,1.09627321067543,-0.30905087165114,-1.56276425682162,-0.831486854781667,0,-0.0930309953194633,-0.481588184154324,1.3246423271829,1.36287885195866,-0.152796991925168,-1.48080674570224,-0.797595882078731,-0.0998707974396848,-0.0692112518235939,-0.410266899197836,1.43048399386859,0.608885377241471,0.792269691554037,-1.55967039733413,-0.767532904424768,-0.202993708003753,-0.0191459895266863,-0.303642030474405,-0.172466266938626,0.93422270303842,0.706799001154165,-0.472863001999315,-0.527680489439249,-0.177318504788345
"1804",0,-0.346763866306412,-0.529018754917424,0.757106570942284,0.108774140810285,-0.813775052877421,-0.515339255036518,-0.135962069060475,-0.0247411626405223,-1.02707747306859,0.082906105558388,0.573225755678888,-0.552740656252641,0.449905794399818,-0.540830462877054,-0.324328353458124,-0.0445734002443183,-0.741918245459386,0.92012536432158,-0.961657113219938,-1.18029468333559,0.7704887055687,-0.292956833346385,-0.164612276879261,0.0648763477579032,0.849104702984884,0.760911751661556,-1.47708668843004,-1.53432688309958,0.19966965691918,0.313913014419895,-0.0311868534686681,-0.0330109162638679,0.906545122192,0.691917424529183,-1.47909877630812,-1.73997671328813,0.309344470407584,-0.258062014696678,0,-0.0930309953194633,-0.481588184154324,0.69642221920583,-0.966425658098632,-0.944799547423866,1.09815083938011,-0.340470775845071,-0.085848457279619,-0.0692112518235939,-0.410266899197836,1.07863107602188,0.608885377241471,0.792269691554037,0.465289055770677,-0.767532904424768,-0.202993708003753,-0.0191459895266863,-0.303642030474405,-0.772979593369162,0.474752486526631,-0.679529085261532,-0.988491876452356,-0.527680489439249,-0.177318504788345
"1805",0,-0.346763866306412,-1.17387929654563,-2.04001471320039,0.994701386553687,0.259687987618459,-0.416428649433891,-0.135962069060475,-0.0247411626405223,-0.640995384823577,-1.56742705620183,0.0768464655884069,1.13345756693153,0.618220742359401,-0.540830462877054,-0.1555961886108,-0.0445734002443183,0.986248904358571,0.92012536432158,1.56338145586488,1.391654764963,-0.0233446231262145,-0.574697546273115,-0.113860786417039,0.28308179084991,3.10080632889786,0.924647769019562,-0.543969598576446,1.00657188464015,-0.134287870295615,-0.650039470011399,-0.048236570436645,-0.0330109162638679,-0.639535815693025,-0.906604300011301,-1.47909877630812,0.782595037246263,-0.0310389345431809,-0.831486854781667,0,-0.0930309953194633,-0.481588184154324,-0.984477210668762,-1.12171262543579,1.27280760797249,-0.277293205997144,-0.797595882078731,-0.0998707974396848,-0.0692112518235939,-0.410266899197836,-1.38433934890509,-1.52993367651563,1.16729496510292,-0.0409508075055244,-0.767532904424768,-0.202993708003753,-0.0191459895266863,-0.303642030474405,-1.17332181098952,-2.28206881254411,0.706799001154165,0.558394746906768,-0.527680489439249,-0.177318504788345
"1806",0,-0.346763866306412,-0.314065241041354,0.507945508078864,0.773219575117836,-0.634864546128108,-0.382758681397085,-0.135962069060475,-0.0247411626405223,0.0129698342204877,0.999757862091843,-0.171343179456834,-0.131191100456599,-0.0550390494789284,0.544024788915629,-0.1555961886108,-0.0445734002443183,1.56230462096456,0.92012536432158,-0.961657113219938,-0.546453992620414,0.7704887055687,2.24270958299419,-0.113860786417039,0.158392966225907,1.81411968551902,0.924647769019562,-0.0355450541663019,0.530153365688954,1.36852100217096,1.81049060765444,-0.048236570436645,-0.0330109162638679,-0.639535815693025,0.372213079621086,1.09627321067543,0.278080687139385,1.1603029827845,0.315362825388311,0,-0.0930309953194633,-1.1125976326688,-0.984477210668762,-1.12171262543579,-0.627998525224387,1.27008134505226,0.116654330388589,-0.0998707974396848,-0.0692112518235939,-0.410266899197836,-1.38433934890509,-1.52993367651563,-0.895344039415955,1.14027554013895,0.650872024724607,-0.381922054427032,-0.0191459895266863,-0.303642030474405,-0.372637375748804,0.93422270303842,0.904845870642121,1.58965249581285,0.701128155761885,-0.177318504788345
"1807",0,-0.346763866306412,0.115841786710785,0.524013130597061,0.773219575117836,1.24491950448511,2.81006009629609,-0.135962069060475,-0.0247411626405223,0.0129698342204877,0.816387510785152,-1.66048104972828,-1.39583976784473,-0.728298841317257,0.198268875224692,-0.1555961886108,-0.0445734002443183,-0.1658625288534,1.09010489057606,0.721701932836606,0.779926240360802,-0.182111288865197,-0.574697546273115,-0.113860786417039,-0.0382639442739243,0.849104702984884,0.269703699587538,-0.543969598576446,-0.58148984519718,1.36852100217096,0.17013722254388,-0.048236570436645,-0.0330109162638679,-0.639535815693025,-1.2263086449194,-1.47909877630812,-1.73997671328813,0.649727875358349,1.17550008551579,0,-0.0930309953194633,-0.481588184154324,-0.984477210668762,-1.12171262543579,-0.944799547423866,1.27008134505226,-0.111908222728241,-0.0998707974396848,-0.0692112518235939,1.52669651747532,1.25455753494524,-0.94661938912733,0.41724441800515,0.7742586312935,-0.767532904424768,-0.202993708003753,-0.0191459895266863,-0.303642030474405,0.628218168302089,0.704487594782526,-0.0853884767976621,-0.988491876452356,-0.527680489439249,-0.0413345424193947
"1808",0,-0.346763866306412,-1.17387929654563,-1.34073439216472,0.551737763681986,1.69097204161296,0.463522826674285,-0.135962069060475,-0.0247411626405223,-0.314012775301545,-0.0384697540004625,1.06960504576937,1.13345756693153,0.954850638278565,-0.0480975708092236,-0.1555961886108,-0.0445734002443183,0.986248904358571,1.09010489057606,1.56338145586488,1.43333321492626,0.0176242026990467,-0.574697546273115,-0.113860786417039,-0.0382639442739243,-0.759253601238671,-0.548976387202492,1.1507788827907,1.00657188464015,0.032690893311783,-0.650039470011399,-0.048236570436645,-0.0330109162638679,-0.639535815693025,-0.267195610195108,1.09627321067543,0.950766487281889,-0.556896881861132,-0.831486854781667,0,-0.0930309953194633,-0.481588184154324,-0.368712000574986,1.36287885195866,1.27280760797249,0.0665678053471691,-0.797595882078731,-0.0998707974396848,-0.0692112518235939,-0.410266899197836,-1.20841288998173,1.19219966462977,1.16729496510292,0.971528919046879,-0.159645077646464,-0.229494515720408,-0.0191459895266863,-0.303642030474405,-1.17332181098952,-0.444187946496948,0.904845870642121,1.58965249581285,0.455366426721658,-0.177318504788345
"1809",0,-0.346763866306412,-0.529018754917424,0.757106570942284,-0.555671293497266,-0.813775052877421,-0.416428649433891,-0.135962069060475,-0.0247411626405223,-0.640995384823577,0.082906105558388,0.332265558490634,1.13345756693153,0.954850638278565,-0.294464016843139,-0.1555961886108,-0.0445734002443183,0.410193187752585,0.407820147307757,-0.961657113219938,-0.690239452411488,0.452955374090734,1.67922815714073,0.245668345587082,0.158392966225907,1.81411968551902,-0.057768335128474,-1.56081868739673,-1.53432688309958,0.032690893311783,1.53709837680268,-0.048236570436645,-0.0330109162638679,1.83419368492302,0.0525087347129891,-2.19293859533139,-1.5718052632525,0.0435569637055703,0.315362825388311,0,-0.0930309953194633,1.87263947906903,0.400994512042235,-1.12171262543579,0.0180982627615877,0.754289828035795,-0.797595882078731,-0.0998707974396848,-0.0692112518235939,1.01606365253756,1.07863107602188,0.0255710898531705,0.979782328328481,0.214674258901719,-0.767532904424768,-0.202993708003753,-0.0191459895266863,-0.303642030474405,-0.172466266938626,0.245017378270736,-1.47171656321336,-1.1603681679367,-0.527680489439249,-0.177318504788345
"1810",0,-0.346763866306412,-1.17387929654563,-0.641454071129054,-0.777153104933116,-0.992685559626734,-0.416428649433891,-0.135962069060475,-0.064995348517452,-0.640995384823577,-1.75079740750852,0.821415400724128,-1.1850649899467,-1.68612918918545,-0.449955512672909,-0.1555961886108,-0.0445734002443183,-0.741918245459386,0.0204733445218973,0.721701932836606,-1.01694293969422,-0.975944617560112,-0.574697546273115,-0.113860786417039,-0.0382639442739243,-0.43758194039396,1.08838378637757,-1.05239414298659,-0.10507132624598,-0.32905523648377,-0.650039470011399,-0.048236570436645,-0.0330109162638679,2.26005649570171,1.01162176943728,-0.400559187255778,1.25042829013768,0.649727875358349,0.0286504053458163,0,-0.0930309953194633,4.56318537989573,1.47858362970634,0.876155462046839,1.087481057383,1.27008134505226,0.34521688350542,0.0835183704840761,-0.0692112518235939,0.558214809138742,-0.680633513211668,0.0255710898531705,0.604757054779594,-1.22217715515,-0.767532904424768,-0.202993708003753,-0.0191459895266863,-0.21743256302671,-1.17332181098952,-0.214452838241053,0.112658392690295,-1.1603681679367,-0.527680489439249,-0.177318504788345
"1811",0,-0.346763866306412,0.115841786710785,0.524013130597061,0.330255952246136,-0.634864546128108,-0.416428649433891,-0.135962069060475,-0.0247411626405223,2.62883071039675,0.999757862091843,-0.667722469547314,1.13345756693153,0.618220742359401,-0.540830462877054,-0.1555961886108,-0.0445734002443183,1.46520673835082,-0.00985857780668504,1.56338145586488,1.43333321492626,1.24678870278565,0.164774726974335,-0.113860786417039,-0.0382639442739243,-0.759253601238671,-0.725703683227997,-0.0355450541663019,-0.740296018180913,0.032690893311783,1.53709837680268,-0.048236570436645,-0.0539306280597664,-0.639535815693025,-1.2263086449194,-1.47909877630812,-1.73997671328813,0.222473188523131,1.46221250555829,0,-0.0930309953194633,-0.481588184154324,-0.984477210668762,-1.12171262543579,-1.10320005852361,0.582359322363638,1.03090454285591,-0.0998707974396848,-0.0692112518235939,-0.410266899197836,-0.504707054288313,1.19219966462977,1.16729496510292,0.971528919046879,-0.159645077646464,-0.202993708003753,-0.0191459895266863,-0.303642030474405,-0.372637375748804,0.704487594782526,-0.481482215773575,-0.816615584968009,-0.527680489439249,-0.177318504788345
"1812",0,-0.346763866306412,-0.529018754917424,0.0578262499066152,0.551737763681986,-0.634864546128108,-0.416428649433891,-0.135962069060475,-0.0247411626405223,-0.0498172575597908,0.266276456865079,-0.171343179456834,0.501133233237465,0.449905794399818,-0.540830462877054,-0.1555961886108,-0.0445734002443183,0.689464189185898,1.09010489057606,-0.490909318199441,-0.526887708770123,1.24678870278565,-0.0112161204196545,-0.113860786417039,-0.0382639442739243,1.17077636382959,1.08838378637757,-0.374494750439731,0.113374829195893,1.36852100217096,-0.376647239159639,-0.0931983300551067,-0.0539306280597664,-0.639535815693025,0.851769596983231,1.09627321067543,0.782595037246263,-1.05218914939548,-0.831486854781667,0,-0.0930309953194633,-0.481588184154324,0.708877117089123,1.36287885195866,1.27280760797249,0.238498311019326,-0.797595882078731,-0.0998707974396848,-0.0692112518235939,-0.410266899197836,1.07863107602188,1.19219966462977,0.0422191444562627,1.14027554013895,0.853501300317375,-0.202993708003753,-0.0191459895266863,-0.303642030474405,-0.772979593369162,-0.214452838241053,0.742566953295726,1.58965249581285,2.42146025904347,-0.177318504788345
"1813",0,-0.346763866306412,-1.17387929654563,-1.34073439216472,-0.234354690383279,-0.992685559626734,-0.416428649433891,-0.135962069060475,-0.0247411626405223,-0.640995384823577,-1.93416775881521,0.325036110633647,-0.34196587835462,-1.40155863315559,-0.664330509816955,-0.1555961886108,-0.111531751188364,-0.741918245459386,-1.45958800324114,1.56338145586488,0.404824883662035,-1.29347794903808,-0.731787865074455,-0.113860786417039,-0.0382639442739243,-0.759253601238671,-1.04018443927651,0.981304034653986,-0.839533495491833,-1.3031392155474,-0.74126052052151,-0.048236570436645,-0.0330109162638679,-0.639535815693025,-0.267195610195108,0.774351712302486,-0.394605113003119,-0.371422339493946,-0.544774434739172,0,-0.0930309953194633,-0.481588184154324,0.0931119069953467,1.36287885195866,0.63920556357353,0.582359322363638,2.17371730844006,10.0092732545106,-0.0485544863750231,-0.410266899197836,-0.680633513211668,1.19219966462977,-1.27036931296484,-1.05343053405793,1.86664767828122,8.40429799913991,-0.0191459895266863,-0.303642030474405,-1.17332181098952,-1.13339327126463,0.904845870642121,1.58965249581285,2.17569853000325,0.697813577192196
"1814",0,-0.346763866306412,0.330795300586854,0.990200011287507,0.551737763681986,-0.992685559626734,-0.416428649433891,-0.135962069060475,-0.0247411626405223,-0.640995384823577,0.082906105558388,1.06960504576937,1.13345756693153,-1.40155863315559,-0.540830462877054,-0.169573431868679,-0.0445734002443183,-0.741918245459386,-1.45958800324114,0.553366028230951,1.2699814712849,-1.29347794903808,-0.574697546273115,-0.113860786417039,-0.0382639442739243,-0.759253601238671,-1.53139249135053,0.642354338380556,0.212541019721487,-1.3031392155474,-0.650039470011399,-0.048236570436645,-0.0330109162638679,-0.639535815693025,-0.906604300011301,1.09627321067543,-1.23546236318125,-1.56276425682162,-0.831486854781667,0,-0.0930309953194633,-0.481588184154324,-0.0608293955280974,1.20759188462151,-1.26160056962335,-1.13694573435793,-0.797595882078731,-0.0998707974396848,-0.0692112518235939,-0.410266899197836,0.374925240328461,1.19219966462977,1.16729496510292,0.802782297954812,-0.441767192067348,-0.299184461245898,-0.0912709356995593,-0.303642030474405,0.027704841871553,0.737682149300881,0.904845870642121,0.386518455422421,-0.527680489439249,-0.177318504788345
"1815",0,-0.33899087074677,-0.370826987987607,0.990200011287507,0.551737763681986,-0.455954039378794,-0.416428649433891,-0.135962069060475,-0.0247411626405223,0.33995244374252,0.999757862091843,1.06960504576937,1.13345756693153,1.12316558623815,-0.0480975708092236,-0.1555961886108,-0.0445734002443183,1.56230462096456,1.09010489057606,-0.793321208614283,-1.01694293969422,0.929255371307683,0.400273102446786,-0.113860786417039,-0.0382639442739243,1.81411968551902,1.08838378637757,-1.56081868739673,-1.53432688309958,-0.46824539751041,0.669054948292109,-0.048236570436645,-0.0330109162638679,0.906545122192,1.17147394189133,-1.47909877630812,-1.73997671328813,-0.881997446920094,1.46221250555829,0,-0.0930309953194633,-0.481588184154324,1.47858362970634,-0.189990821412867,-1.26160056962335,0.0665678053471691,0.80234198973908,-0.0998707974396848,-0.0692112518235939,-0.410266899197836,1.07863107602188,0.803323473037571,-0.332806129092624,1.14027554013895,-0.159645077646464,-0.202993708003753,-0.0191459895266863,-0.303642030474405,-0.572808484558983,0.474752486526631,0.904845870642121,1.07402362135981,-0.527680489439249,-0.177318504788345
"1816",0,2.99694405524889,2.05042341159541,0.290919690251838,-2.54900759641992,-0.992685559626734,-0.416428649433891,-0.0895523697964111,-0.0247411626405223,3.28279592944081,0.633017159478461,1.06960504576937,-0.974290212048683,-1.40155863315559,-0.540830462877054,-0.1555961886108,-0.0445734002443183,3.29047177078251,-0.0997517932053001,0.451404358101241,0.289871009436705,-1.29347794903808,-0.574697546273115,-0.113860786417039,-0.0286402707100998,-0.115910279549249,-1.36765647399252,0.472879490243842,-0.263877499229713,-1.3031392155474,-0.650039470011399,-0.048236570436645,-0.0330109162638679,-0.639535815693025,-0.887260263931045,1.09627321067543,-1.40363381321687,-1.56276425682162,-0.831486854781667,0,-0.0930309953194633,-0.481588184154324,-0.0608293955280974,1.20759188462151,-1.26160056962335,-1.48080674570224,-0.797595882078731,-0.0998707974396848,-0.0692112518235939,0.0739739549704533,0.998596822940947,0.803323473037571,-0.296619327582416,0.465289055770677,1.46138912709568,-0.202993708003753,-0.0191459895266863,3.82618873868734,2.02941592997334,0.93422270303842,0.904845870642121,1.4177762043285,0.701128155761885,-0.177318504788345
"1817",0,-0.346763866306412,-0.314065241041354,0.290919690251838,0.551737763681986,0.03443298858636,-0.416428649433891,-0.135962069060475,-0.0318401196839718,-0.314012775301545,0.999757862091843,-0.667722469547314,1.13345756693153,-0.89661378927684,-0.540830462877054,-0.1555961886108,-0.0445734002443183,-0.355539379814413,-0.77966989822322,-1.12999301782559,0.779926240360802,-0.595985194420263,-0.574697546273115,-0.113860786417039,-0.0382639442739243,-0.327320539902519,-1.04018443927651,-0.543969598576446,1.00657188464015,-0.635224161117807,-0.650039470011399,-0.048236570436645,-0.0330109162638679,1.21576130976901,1.33132611434538,1.09627321067543,0.950766487281889,0.280723364196205,0.8887876654733,0,0.15598401512869,0.863684766259023,-0.0608293955280974,0.897017949947205,0.63920556357353,-0.793084723013613,-0.340470775845071,-0.0998707974396848,-0.0692112518235939,-0.410266899197836,-1.38433934890509,0.803323473037571,-1.0828566761904,-1.55967039733413,-0.767532904424768,-0.202993708003753,-0.0912709356995593,-0.303642030474405,-0.172466266938626,-0.214452838241053,-2.26390404116519,-1.1603681679367,-0.527680489439249,-0.177318504788345
"1818",0,-0.346763866306412,-1.17387929654563,-0.874547511474277,-0.112707670625565,-0.992685559626734,-0.416428649433891,-0.135962069060475,-0.0247411626405223,-0.640995384823577,-1.31000587322608,0.821415400724128,-1.39583976784473,-1.40155863315559,-0.540830462877054,-0.346710344061622,-0.0445734002443183,-0.741918245459386,0.41018678555814,0.385030123625297,-1.18029468333559,-1.29347794903808,0.270524592507076,-0.113860786417039,-0.0382639442739243,-0.115910279549249,1.08838378637757,-1.2218689911233,-1.53432688309958,0.19966965691918,3.17745176191323,-0.048236570436645,-0.0330109162638679,2.76184224765403,0.851769596983231,-1.47909877630812,-0.562776563038745,0.990111280309114,0.0286504053458163,0,0.962559655615924,3.89054890468905,1.47858362970634,0.741730982610052,1.27280760797249,-0.105362700324987,-0.797595882078731,-0.0998707974396848,-0.0692112518235939,2.4951782258119,0.726778158175171,0.414447281445371,0.792269691554037,-1.39092377624206,-0.767532904424768,-0.202993708003753,-0.0191459895266863,-0.303642030474405,-1.17332181098952,-1.13339327126463,0.112658392690295,-1.1603681679367,-0.527680489439249,-0.21186570875902
"1819",0,-0.346763866306412,-1.17387929654563,-2.73929503423606,0.108774140810285,0.259687987618459,-0.416428649433891,-0.24309003074926,-0.0247411626405223,-0.640995384823577,-1.93416775881521,-2.405049984864,1.13345756693153,-0.728298841317257,-0.127865966020182,-0.1555961886108,-0.0445734002443183,-0.741918245459386,-1.62956752949562,1.00886716832096,0.943277984002168,0.135422042612768,0.270524592507076,-0.113860786417039,-0.0382639442739243,-1.14979838095984,-0.22150435248648,0.981304034653986,-0.899102191164647,1.36852100217096,-0.376647239159639,-0.048236570436645,-0.0330109162638679,-0.33031962811602,1.17147394189133,-0.191412782816345,-1.06729091314562,1.1603029827845,0.130464276927009,0,-0.0930309953194633,1.9184923814514,1.17070102465946,0.12058311326144,0.480805052473791,1.25910771625144,-0.569033328961901,-0.288714597938759,-0.0692112518235939,3.94790078831677,1.43048399386859,1.19219966462977,1.16729496510292,1.14027554013895,0.0429841979463036,-0.202993708003753,-0.0191459895266863,-0.303642030474405,-1.17332181098952,-2.7415390290559,0.310705262178251,-0.129110419030621,-0.527680489439249,-0.383340116604106
"1820",0,-0.346763866306412,-1.17387929654563,-1.34073439216472,-0.334189482061415,-0.992685559626734,-0.416428649433891,-0.135962069060475,-0.0247411626405223,-0.640995384823577,-1.93416775881521,-0.411228315824012,-1.1850649899467,-1.40155863315559,-0.540830462877054,-0.1555961886108,-0.0445734002443183,-0.741918245459386,-1.28960847698666,1.22670964665357,-0.853591196052854,-0.499644620343163,-0.313929891311756,-0.113860786417039,-0.0382639442739243,-0.759253601238671,0.433439716945544,-0.153097350796518,-0.899102191164647,1.03456347495617,-0.650039470011399,-0.048236570436645,-0.0330109162638679,0.28811274703799,1.33132611434538,-0.835255779562232,-0.0582622129318667,0.819919577833732,0.602075245430805,0,-0.0930309953194633,1.87263947906903,1.47858362970634,1.36287885195866,1.27280760797249,0.582359322363638,0.34521688350542,-0.0148884168094332,-0.0692112518235939,-0.410266899197836,-1.38433934890509,-1.52993367651563,1.16729496510292,-0.430604477100903,-0.767532904424768,-0.202993708003753,-0.0191459895266863,-0.303642030474405,-1.17332181098952,-1.59286348777642,0.508752131666208,-0.988491876452356,-1.05575858872028,-0.177318504788345
"1821",0,-0.346763866306412,-0.958925782669563,0.524013130597061,-1.66308035067652,-1.46895426956474,-0.416428649433891,-0.135962069060475,-0.0247411626405223,-0.640995384823577,-0.650575299668376,0.74525232711329,-1.81738932364077,-1.40155863315559,-0.540830462877054,-0.127761995312777,-0.0445734002443183,-0.741918245459386,0.0702277330491799,1.22670964665357,-1.18029468333559,-1.29347794903808,-0.574697546273115,-0.113860786417039,-0.0382639442739243,-0.727058468916217,0.59717573430355,-0.0355450541663019,-1.53432688309958,-1.53336900534745,-0.628020143538308,-0.048236570436645,-0.0330109162638679,-0.639535815693025,1.01162176943728,0.130508715556599,-0.394605113003119,-1.39257255434624,-0.831486854781667,0,-0.0930309953194633,-0.481588184154324,1.17070102465946,1.36287885195866,0.329056413738334,0.926220333707951,0.116654330388589,-0.0998707974396848,-0.0692112518235939,-0.410266899197836,0.726778158175171,1.19219966462977,-0.145293492318181,0.802782297954812,2.27190622946675,-0.202993708003753,-0.0191459895266863,-0.303642030474405,-0.97315070217934,-0.214452838241053,0.706799001154165,1.07402362135981,2.17569853000325,1.57294565917274
"1822",0,-0.346763866306412,-0.743972268793493,0.524013130597061,-0.334189482061415,-0.992685559626734,-0.416428649433891,-0.135962069060475,-0.0247411626405223,-0.640995384823577,-0.283834597054994,-0.419532824502074,-0.131191100456599,-0.391668945398093,-0.484183082921745,-0.1555961886108,-0.0445734002443183,-0.741918245459386,1.09010489057606,-0.793321208614283,-1.18029468333559,0.611722039829717,-0.0112161204196545,-0.113860786417039,-0.0382639442739243,0.527433042140173,0.433439716945544,-1.56081868739673,-1.53432688309958,0.032690893311783,0.716921684247398,-0.048236570436645,-0.0793890847053369,0.757903131326623,0.0525087347129891,-1.47909877630812,-1.73997671328813,0.0661722391350535,1.46221250555829,0,-0.0930309953194633,0.527366528655686,0.862818419612568,-1.12171262543579,-1.26160056962335,0.926220333707951,-0.111908222728241,-0.0998707974396848,-0.200799825911968,-0.410266899197836,0.550851699251816,-0.601803686497086,-0.520318765867068,0.634035676862745,-0.767532904424768,-0.202993708003753,-0.0191459895266863,-0.303642030474405,-0.572808484558983,0.93422270303842,0.261288823018268,-0.644739293483662,-0.527680489439249,-0.177318504788345
"1823",0,-0.346763866306412,-1.17387929654563,-1.1076409518195,0.994701386553687,0.975330014615711,-0.416428649433891,2.97122250130666,-0.0247411626405223,-0.304140936522103,-0.283834597054994,1.06960504576937,1.13345756693153,1.29148053419773,3.40103267366559,6.69343964519434,-0.0445734002443183,-0.741918245459386,0.0702277330491799,1.56338145586488,1.43333321492626,0.611722039829717,3.93315386055457,9.1189094533411,-0.0382639442739243,-0.759253601238671,-1.04018443927651,-0.205019902303017,-0.899102191164647,0.998724146849896,1.12085143322578,-0.048236570436645,-0.0330109162638679,-0.639535815693025,-1.2263086449194,-0.813111638019817,-0.562776563038745,0.819919577833732,-0.831486854781667,0,-0.0930309953194633,-0.481588184154324,-0.733582447222942,-1.12171262543579,1.11440709687275,0.144535337709175,-0.797595882078731,-0.0998707974396848,-0.0692112518235939,-0.410266899197836,-1.38433934890509,-0.94661938912733,1.1952288993646,-1.55967039733413,-0.864545265359614,-0.202993708003753,-0.0191459895266863,-0.303642030474405,-1.17332181098952,-0.903658163008738,0.904845870642121,-0.988491876452356,-0.527680489439249,-0.177318504788345
"1824",0,-0.346763866306412,-0.958925782669563,-0.874547511474277,0.994701386553687,0.438598494367772,-0.416428649433891,-0.135962069060475,-0.0247411626405223,0.0129698342204877,0.633017159478461,0.325036110633647,0.290358455339444,1.29148053419773,-0.0480975708092236,-0.1555961886108,-0.0445734002443183,2.13836033757054,-0.0997517932053001,-1.12999301782559,-0.0368324778460259,1.08802203704667,-0.292956833346385,-0.113860786417039,-0.0382639442739243,0.205761381295462,0.760911751661556,-0.0355450541663019,0.847765711656421,-0.969181688332602,-0.650039470011399,-0.048236570436645,-0.0330109162638679,-0.491610363871274,0.372213079621086,1.09627321067543,0.278080687139385,-1.22238085187086,-0.831486854781667,0,-0.0930309953194633,-0.481588184154324,0.862818419612568,-0.189990821412867,-0.469598014124647,1.09815083938011,-0.111908222728241,-0.208583854059486,-0.0153350970496764,-0.410266899197836,0.198998781405106,-0.36330510173903,-1.83290722328817,0.634035676862745,0.650872024724607,-0.202993708003753,-0.0191459895266863,-0.303642030474405,-1.17332181098952,-0.903658163008738,0.904845870642121,0.902147329875462,-0.281918760399022,-0.177318504788345
"1825",0,-0.346763866306412,-1.14599476793925,-0.641454071129054,0.330255952246136,-0.813775052877421,-0.416428649433891,-0.0970938054761524,-0.0247411626405223,-0.640995384823577,-0.636755518200858,0.821415400724128,-0.974290212048683,0.618220742359401,-0.540830462877054,-0.1555961886108,-0.0445734002443183,-0.453890387156393,0.0702277330491799,0.385030123625297,-1.06389793419877,0.294188708351751,0.270524592507076,-0.113860786417039,-0.0382639442739243,0.527433042140173,1.08838378637757,-0.71344444671316,-1.53432688309958,-0.46824539751041,1.26370614595092,-0.048236570436645,-0.0330109162638679,0.906545122192,1.33132611434538,-0.996216528748704,-1.73997671328813,-0.541614041969328,1.46221250555829,0,-0.0930309953194633,-0.481588184154324,1.47858362970634,-0.34527778875002,-1.26160056962335,-0.4492237116693,0.787625640416495,-0.0998707974396848,-0.0692112518235939,-0.410266899197836,0.0230723224817513,0.803323473037571,-0.520318765867068,0.971528919046879,-0.159645077646464,-0.202993708003753,-0.0191459895266863,-0.303642030474405,-1.17332181098952,-0.444187946496948,0.904845870642121,0.386518455422421,-0.527680489439249,-0.177318504788345
"1826",0,-0.346763866306412,0.12513955619853,0.452783227966497,0.330255952246136,-0.0981330258801679,-0.416428649433891,-0.135962069060475,-0.0247411626405223,-0.640995384823577,0.0821972905791111,-1.41229140468304,0.711908011135486,0.281590846440236,-0.540830462877054,-0.1555961886108,-0.0445734002443183,-0.741918245459386,-0.347128989436174,1.56338145586488,1.10662972764353,-1.13471128329909,-0.696168353426456,-0.113860786417039,-0.0382639442739243,-0.759253601238671,-0.385240369844486,1.1507788827907,0.0537348467377536,-1.3031392155474,-0.74058357953958,-0.048236570436645,-0.0330109162638679,-0.639535815693025,0.372213079621086,-0.352373532002817,0.278080687139385,-0.862171366114255,-0.831486854781667,0,-0.0930309953194633,-0.481588184154324,1.01675972213601,-0.655851723424326,-0.311197503024907,-0.4492237116693,-0.443023194097276,-0.0998707974396848,-0.0692112518235939,-0.410266899197836,0.726778158175171,-0.94661938912733,0.229731781230706,-0.0409508075055244,-0.767532904424768,-0.202993708003753,-0.0191459895266863,-0.238450265874908,0.132935179335899,0.93422270303842,0.706799001154165,0.0283232934789476,-0.527680489439249,-0.26910895962571
"1827",0,-0.346763866306412,-0.958925782669563,0.0578262499066152,-0.334189482061415,-0.634864546128108,-0.416428649433891,-0.135962069060475,-0.0247411626405223,-0.640995384823577,-1.93416775881521,-0.667722469547314,1.13345756693153,0.0315165364234249,-0.540830462877054,-0.1555961886108,-0.0445734002443183,-0.741918245459386,-1.62956752949562,1.22670964665357,1.43333321492626,0.611722039829717,-0.574697546273115,-0.113860786417039,-0.0382639442739243,-1.28109557531637,-1.36765647399252,1.1507788827907,1.00657188464015,0.700605947741373,-0.650039470011399,-0.048236570436645,-0.0330109162638679,-0.639535815693025,-0.586899955103205,0.837532201556264,0.950766487281889,0.139152767932202,-0.831486854781667,0,-0.0930309953194633,-0.481588184154324,-0.0608293955280974,1.36287885195866,1.27280760797249,0.238498311019326,-0.948310815585704,-0.0998707974396848,-0.0692112518235939,-0.410266899197836,-1.20841288998173,0.35777838615384,1.16729496510292,0.21585658823386,-0.767532904424768,-0.202993708003753,-0.0191459895266863,-0.303642030474405,-0.572808484558983,-0.214452838241053,0.310705262178251,0.902147329875462,0.209604697681432,-0.177318504788345
"1828",0,-0.346763866306412,-0.314065241041354,-0.408360630783831,0.108774140810285,1.15424052136502,3.39669441370154,3.57357020321637,-0.0247411626405223,-0.640995384823577,-0.833945650975067,-0.915912114592555,-1.39583976784473,-0.391668945398093,3.15466622763167,1.80127119247638,-0.0445734002443183,-1.11256615269079,-1.62956752949562,-1.64672688980376,-1.18029468333559,0.611722039829717,1.11574673128727,-0.113860786417039,-0.0382639442739243,-0.759253601238671,-1.53139249135053,-1.56081868739673,-0.422683672213447,0.700605947741373,-0.650039470011399,-0.284394119594341,-0.0330109162638679,0.906545122192,1.33132611434538,0.692913626483582,0.950766487281889,0.649727875358349,-0.544774434739172,0,-0.0930309953194633,0.19104829105235,-0.368712000574986,0.897017949947205,0.322404541374051,-1.48080674570224,-0.797595882078731,-0.0998707974396848,-0.0692112518235939,-0.410266899197836,-0.856559972135023,1.19219966462977,-1.45788194973929,-1.55967039733413,-0.767532904424768,-0.202993708003753,-0.0191459895266863,-0.303642030474405,0.227875950681732,0.474752486526631,-2.26390404116519,-1.1603681679367,-0.204358686545487,-0.177318504788345
"1829",0,-0.346763866306412,0.545748814462924,0.83394028239254,-0.334189482061415,-0.813775052877421,-0.416428649433891,-0.135962069060475,-0.0247411626405223,1.64788288183065,0.999757862091843,-0.171343179456834,0.922682789033507,-0.0550390494789284,-0.540830462877054,-0.1555961886108,-0.0445734002443183,3.57849962908551,0.770965321400649,-1.12999301782559,0.616574496719437,0.611722039829717,-0.574697546273115,-0.113860786417039,-0.0382639442739243,2.45746300720844,-0.385240369844486,-1.56081868739673,0.212541019721487,0.366648420526578,-0.650039470011399,-0.048236570436645,-0.0330109162638679,-0.639535815693025,-1.2263086449194,-1.31813802712165,0.782595037246263,-0.201230637018563,-0.831486854781667,0,-0.0930309953194633,-0.481588184154324,-0.985128467015669,0.275870080598593,1.11440709687275,-1.30887624003008,-0.797595882078731,-0.0998707974396848,-0.0692112518235939,-0.410266899197836,-0.152854136441604,1.19219966462977,0.0422191444562627,-0.547190670781726,0.853501300317375,3.48584559505782,-0.0191459895266863,-0.303642030474405,0.628218168302089,0.93422270303842,0.904845870642121,1.58965249581285,3.40450717520438,2.89531844420021
"1830",0,-0.346763866306412,-0.185165491139457,0.524013130597061,-0.112707670625565,-0.992685559626734,-0.416428649433891,-0.135962069060475,0.0344703379829887,0.33995244374252,0.463825329217512,-0.667722469547314,0.711908011135486,-1.40155863315559,-0.540830462877054,-0.1555961886108,-0.0445734002443183,1.56230462096456,0.24020725930366,-1.12999301782559,-0.526887708770123,0.452955374090734,-0.144864123330863,-0.113860786417039,-0.0382639442739243,0.205761381295462,0.924647769019562,0.253370109176965,0.688959538672687,0.533627184133976,-0.376647239159639,-0.0623755596588726,-0.0330109162638679,-0.639535815693025,-1.2263086449194,0.774351712302486,0.950766487281889,0.479536172882967,-0.000526286641397787,0,-0.0930309953194633,-0.481588184154324,0.0931119069953467,1.05230491728436,-0.944799547423866,0.926220333707951,1.03090454285591,-0.0998707974396848,-0.0692112518235939,-0.410266899197836,0.0230723224817513,0.0255710898531705,-0.895344039415955,0.802782297954812,0.600070477985127,-0.202993708003753,-0.0912709356995593,-0.303642030474405,-0.372637375748804,0.704487594782526,0.310705262178251,-0.129110419030621,-0.527680489439249,-0.177318504788345
"1831",0,-0.347531208390711,-1.17387929654563,-0.175267190438608,-0.287604830577447,-0.277043532629481,-0.416428649433891,-0.135962069060475,-0.0247411626405223,-0.640995384823577,-1.20068635358845,1.06960504576937,0.711908011135486,-0.606268383084195,-0.540830462877054,-0.1555961886108,-0.0445734002443183,-0.741918245459386,0.24020725930366,1.56338145586488,-0.0437285792166495,-1.29347794903808,-0.574697546273115,-0.113860786417039,-0.0382639442739243,-0.759253601238671,0.760911751661556,0.485656927556397,-1.53432688309958,-1.3031392155474,-0.650039470011399,-0.048236570436645,-0.0330109162638679,-0.33031962811602,1.33132611434538,0.452430213929543,-1.23546236318125,-1.56276425682162,-0.831486854781667,0,-0.0930309953194633,0.19104829105235,1.47858362970634,1.36287885195866,1.27280760797249,-0.4492237116693,-0.797595882078731,-0.0998707974396848,-0.0692112518235939,-0.410266899197836,0.550851699251816,1.19219966462977,1.16729496510292,0.971528919046879,-0.767532904424768,-0.202993708003753,-0.0191459895266863,-0.303642030474405,-1.17332181098952,-0.445388405763547,0.904845870642121,1.4177762043285,-0.281918760399022,-0.177318504788345
"1832",0,-0.346763866306412,-1.03883451847462,0.0578262499066152,-0.777153104933116,-0.992685559626734,1.34347430278246,2.64618713514716,-0.064995348517452,-0.640995384823577,-1.20068635358845,1.06960504576937,-1.60661454574275,-0.583538262975855,3.15466622763167,2.77970488301997,-0.0445734002443183,-0.741918245459386,0.362999123845139,0.553366028230951,-1.18029468333559,0.611722039829717,1.67922815714073,-0.113860786417039,-0.0382639442739243,1.81411968551902,0.924647769019562,-0.71344444671316,-0.263877499229713,1.36852100217096,0.443529453395639,-0.048236570436645,-0.0330109162638679,2.45262606007703,1.33132611434538,0.71451536702238,0.950766487281889,1.1603029827845,2.03563734564328,0,-0.0930309953194633,-0.481588184154324,-0.368712000574986,-0.34527778875002,0.799665154925236,-1.30887624003008,-0.797595882078731,-0.0998707974396848,-0.0692112518235939,-0.410266899197836,-1.38433934890509,-0.36330510173903,0.229731781230706,-1.55967039733413,-0.767532904424768,-0.202993708003753,-0.0191459895266863,-0.303642030474405,-1.17332181098952,0.0152822700148413,-1.07562282423745,-1.1603681679367,-0.527680489439249,-0.177318504788345
"1833",0,-0.346763866306412,0.678986660098341,0.990200011287507,-0.112707670625565,0.438598494367772,0.463522826674285,-0.135962069060475,-0.0247411626405223,-0.640995384823577,-0.833945650975067,0.0768464655884069,0.501133233237465,1.29148053419773,1.18373465936035,-0.1555961886108,-0.111531751188364,-0.741918245459386,-1.62956752949562,-1.12999301782559,-0.363535965128757,1.08802203704667,-0.292956833346385,-0.113860786417039,-0.0382639442739243,-0.759253601238671,-0.876448421918504,-0.543969598576446,0.530153365688954,0.032690893311783,-0.650039470011399,-0.048236570436645,-0.0330109162638679,-0.639535815693025,1.17147394189133,1.09627321067543,0.950766487281889,1.1603029827845,0.315362825388311,0,-0.115355087320396,-0.481588184154324,-0.830535908145318,1.05230491728436,-0.0418124589373474,0.754289828035795,0.116654330388589,-0.0998707974396848,-0.0692112518235939,-0.410266899197836,-0.680633513211668,1.19219966462977,-1.64539458651373,-1.55967039733413,-0.767532904424768,-0.202993708003753,-0.0912709356995593,-0.00362756015268686,1.22873149473262,-0.0437505441864241,-2.26390404116519,-1.1603681679367,-0.527680489439249,-0.177318504788345
"1834",0,0.767805440878689,0.760702328338993,0.290919690251838,0.280172107216998,-0.455954039378794,-0.416428649433891,-0.135962069060475,-0.0247411626405223,1.97486549135268,0.633017159478461,-0.915912114592555,0.290358455339444,1.29148053419773,-0.540830462877054,-0.1555961886108,-0.0445734002443183,-0.453890387156393,-1.45958800324114,-1.12999301782559,0.453222753078071,0.929255371307683,-0.574697546273115,-0.113860786417039,-0.0382639442739243,-0.759253601238671,-1.53139249135053,-0.543969598576446,0.847765711656421,-0.134287870295615,-0.650039470011399,-0.048236570436645,-0.0330109162638679,-0.639535815693025,0.372213079621086,1.09627321067543,0.950766487281889,0.139152767932202,-0.258062014696678,0,-0.159811382101045,-0.481588184154324,-0.214770698051542,0.12058311326144,0.00560351917457189,0.926220333707951,1.03090454285591,-0.0998707974396848,-0.0692112518235939,0.0739739549704533,-0.328780595364958,-1.14105748492343,-0.520318765867068,0.971528919046879,0.44824274913184,-0.202993708003753,-0.0191459895266863,0.522632724216642,0.887623623209135,0.704487594782526,0.112658392690295,-0.472863001999315,-0.527680489439249,-0.177318504788345
"1835",0,-0.346763866306412,-1.17387929654563,0.524013130597061,-1.44159853924067,-0.992685559626734,-0.416428649433891,-0.112666352776874,-0.0247411626405223,-0.73489750076603,-0.283834597054994,0.325036110633647,-2.02816410153879,-1.39815775121742,-0.540830462877054,-0.1555961886108,-0.0445734002443183,-0.741918245459386,0.92012536432158,-0.119977590191666,-1.18029468333559,-1.04174209837219,-0.574697546273115,-0.113860786417039,-0.0382639442739243,0.205761381295462,0.467704532944763,-1.05239414298659,-0.893711696217134,-1.3031392155474,-0.650039470011399,-0.048236570436645,-0.0330109162638679,1.52497749734601,0.691917424529183,-0.191412782816345,0.950766487281889,-0.201230637018563,-0.831486854781667,0,-0.02869683581481,0.732144046110793,1.47858362970634,0.393482969538811,0.164004030274312,1.09815083938011,0.116654330388589,-0.0998707974396848,-0.0692112518235939,-0.410266899197836,0.726778158175171,0.414447281445371,-1.0828566761904,0.127795813586543,1.66401840268845,-0.202993708003753,-0.0191459895266863,-0.303642030474405,-0.97315070217934,0.0152822700148413,0.706799001154165,1.58965249581285,0.946889884802112,-0.177318504788345
"1836",0,-0.346763866306412,0.760702328338993,0.990200011287507,0.994701386553687,0.796419507866398,-0.416428649433891,-0.233436019649557,-0.0247411626405223,0.0129698342204877,0.999757862091843,-0.171343179456834,-0.974290212048683,-0.391668945398093,-0.540830462877054,-0.1555961886108,-0.0445734002443183,0.122165329449593,1.09010489057606,-0.793321208614283,0.289871009436705,1.08802203704667,-0.292956833346385,-0.113860786417039,-0.0382639442739243,-0.759253601238671,0.126946583676978,0.642354338380556,0.847765711656421,1.36852100217096,-0.10471813452474,-0.048236570436645,-0.0330109162638679,-0.639535815693025,-1.2263086449194,-0.191412782816345,-0.226433662967493,1.1603029827845,0.315362825388311,0,-0.0930309953194633,-0.481588184154324,-0.984477210668762,-1.12171262543579,-1.26160056962335,0.639695376241945,0.116654330388589,-0.480946095243714,-0.0692112518235939,-0.410266899197836,-1.38433934890509,-1.23459441449691,-0.707831402641512,0.59355952198433,-0.159645077646464,-0.663577136766362,-0.0191459895266863,-0.303642030474405,0.42804705949191,0.93422270303842,0.904845870642121,1.07402362135981,-0.281918760399022,-0.177318504788345
"1837",0,-0.346763866306412,-0.0991117271652847,0.524013130597061,-0.112707670625565,-0.992685559626734,-0.416428649433891,-0.135962069060475,-0.064995348517452,-0.640995384823577,0.44964680817177,1.06960504576937,0.711908011135486,-0.980345323334499,-0.540830462877054,-0.1555961886108,-0.0445734002443183,-0.741918245459386,-0.60969037196874,0.385030123625297,0.779926240360802,-1.29347794903808,-0.678578609502121,-0.113860786417039,-0.0382639442739243,-0.759253601238671,-1.53139249135053,0.174711192013776,-0.263877499229713,-1.3031392155474,-0.650039470011399,-0.048236570436645,-0.0330109162638679,-0.639535815693025,-1.06645647246535,0.935312461488958,-1.23546236318125,-1.56276425682162,-0.831486854781667,0,-0.167602247211173,-0.481588184154324,0.247053209518791,1.05230491728436,-1.26160056962335,-1.48080674570224,-0.759977238250945,-0.0998707974396848,-0.0692112518235939,-0.410266899197836,0.550851699251816,1.19219966462977,0.41724441800515,0.971528919046879,-0.564903628832,-0.202993708003753,-0.0912709356995593,-0.303642030474405,0.027704841871553,0.93422270303842,0.904845870642121,0.0427658724537265,0.193281548320908,-0.177318504788345
"1838",0,-0.346763866306412,0.545748814462924,0.0578262499066152,-1.88456216211237,-0.992685559626734,-0.416428649433891,-0.135962069060475,-0.0247411626405223,0.993917662786584,0.999757862091843,1.06960504576937,0.711908011135486,-0.728298841317257,-0.540830462877054,-0.214790467131022,-0.0445734002443183,2.13836033757054,0.92012536432158,-0.793321208614283,1.10662972764353,1.24678870278565,-0.0112161204196545,-0.113860786417039,-0.0382639442739243,0.205761381295462,1.08838378637757,0.133929793970413,0.530153365688954,1.36852100217096,1.26370614595092,-0.048236570436645,-0.0330109162638679,-0.128601580546165,-0.303559991340624,-0.191412782816345,-0.0582622129318667,1.1603029827845,1.46221250555829,0,-0.11271980488248,-0.481588184154324,-0.984477210668762,-1.12171262543579,-1.26160056962335,0.524485488497346,1.67736077794436,-0.0998707974396848,-0.0692112518235939,-0.410266899197836,-0.0581875299913767,-0.55774319753513,-0.577925883545343,0.802782297954812,1.66401840268845,-0.202993708003753,-0.0191459895266863,-0.303642030474405,0.828389277112268,0.93422270303842,0.539706749416589,1.24589991284416,1.19265161384234,-0.177318504788345
"1839",0,-0.346763866306412,0.115841786710785,0.0578262499066152,-0.112707670625565,0.0807774808691453,-0.416428649433891,-0.135962069060475,-0.0247411626405223,-0.640995384823577,-0.467204948361685,1.06960504576937,1.13345756693153,1.29148053419773,0.198268875224692,-0.210550378901152,-0.0445734002443183,-0.741918245459386,-0.26973131945978,1.56338145586488,1.43333321492626,0.7704887055687,-0.574697546273115,-0.113860786417039,-0.0382639442739243,-0.759253601238671,-0.22150435248648,1.1507788827907,1.00657188464015,0.700605947741373,-0.650039470011399,-0.048236570436645,-0.0330109162638679,-0.639535815693025,0.510589194816656,1.09627321067543,0.950766487281889,0.479536172882967,-0.831486854781667,0,-0.0930309953194633,0.527366528655686,1.3246423271829,1.36287885195866,1.27280760797249,-0.277293205997144,-0.797595882078731,-0.0998707974396848,-0.0692112518235939,1.04245566330703,1.25455753494524,1.19219966462977,1.16729496510292,-1.22217715515,-0.767532904424768,-0.202993708003753,-0.0191459895266863,-0.153893459054766,-0.572808484558983,-0.903658163008738,-0.481482215773575,-0.300986710514968,-0.527680489439249,-0.177318504788345
"1840",0,0.767805440878689,0.545748814462924,0.290919690251838,0.994701386553687,1.33315102811434,-0.416428649433891,-0.135962069060475,-0.0247411626405223,0.993917662786584,0.633017159478461,-1.40559717544837,-0.552740656252641,1.12316558623815,-0.540830462877054,-0.1555961886108,-0.0445734002443183,-0.741918245459386,-1.62956752949562,-0.793321208614283,0.943277984002168,-0.0233446231262145,-0.574697546273115,-0.113860786417039,-0.0382639442739243,-1.0971459034904,-1.53139249135053,0.642354338380556,1.00657188464015,0.867584711348771,-0.376647239159639,-0.048236570436645,-0.0330109162638679,-0.639535815693025,-1.2263086449194,-0.962464285535342,-0.899119463109996,0.819919577833732,1.17550008551579,0,-0.0930309953194633,-0.481588184154324,-0.984477210668762,-1.12171262543579,-0.734988229210414,0.754289828035795,0.80234198973908,-0.0998707974396848,-0.0692112518235939,-0.45998045027319,-1.03248643105838,-0.75218129333123,0.41724441800515,0.634035676862745,-0.564903628832,-0.198363227971215,-0.0191459895266863,-0.303642030474405,0.227875950681732,0.245017378270736,-0.877575954749489,-0.988491876452356,-0.527680489439249,-0.177318504788345
"1841",0,-0.346763866306412,-0.743972268793493,0.222485942870948,-0.555671293497266,-0.992685559626734,-0.416428649433891,-0.135962069060475,-0.0247411626405223,0.0129698342204877,0.999757862091843,0.821415400724128,0.711908011135486,-0.391668945398093,-0.540830462877054,-0.1555961886108,-0.0445734002443183,1.56230462096456,1.69649438784288,-0.28831349479732,-0.690239452411488,1.08802203704667,-0.574697546273115,-0.113860786417039,0.127220760069906,1.49244802467431,0.98957659593638,-1.39134383926002,-1.53432688309958,0.832429705183201,1.26370614595092,-0.048236570436645,-0.0330109162638679,1.21576130976901,0.691917424529183,-1.47909877630812,-1.73997671328813,-0.199074787226256,1.46221250555829,0,-0.0930309953194633,0.693096769227561,1.47858362970634,-0.811138690761479,-1.26160056962335,-0.277293205997144,1.48802964908957,-0.0998707974396848,-0.0692112518235939,-0.410266899197836,0.726778158175171,0.414447281445371,-0.520318765867068,0.971528919046879,0.245613473539072,-0.202993708003753,-0.0191459895266863,-0.303642030474405,-0.843136944745477,0.245017378270736,0.904845870642121,0.386518455422421,-0.527680489439249,-0.177318504788345
"1842",0,-0.346763866306412,-1.17387929654563,-0.408360630783831,0.330255952246136,-0.0981330258801679,-0.416428649433891,-0.135962069060475,-0.0247411626405223,-0.640995384823577,0.082906105558388,-0.236063414546879,-0.552740656252641,1.12316558623815,-0.0480975708092236,-0.1555961886108,-0.0445734002443183,0.986248904358571,1.09010489057606,-0.961657113219938,-1.01694293969422,1.2598884113982,0.552265305433806,-0.113860786417039,-0.0382639442739243,1.17077636382959,1.08838378637757,-0.205019902303017,0.530153365688954,1.36852100217096,0.716921684247398,-0.048236570436645,-0.0330109162638679,-0.0211034405390152,0.851769596983231,0.452430213929543,0.950766487281889,0.479536172882967,-0.831486854781667,0,-0.0930309953194633,-0.481588184154324,-0.984477210668762,-1.12171262543579,0.95600658577301,-0.4492237116693,-0.797595882078731,-0.0998707974396848,-0.0692112518235939,-0.410266899197836,-1.38433934890509,-1.14105748492343,0.792269691554037,-1.39092377624206,-0.767532904424768,-0.202993708003753,-0.0191459895266863,-0.303642030474405,-1.17332181098952,-0.214452838241053,-1.2736696937254,-1.1603681679367,-0.527680489439249,-0.177318504788345
"1843",0,-0.346763866306412,-0.314065241041354,0.524013130597061,0.773219575117836,0.0807774808691453,-0.416428649433891,-0.135962069060475,-0.0247411626405223,0.0129698342204877,0.358730492966503,0.0768464655884069,0.600670374846382,0.954850638278565,-0.540830462877054,-0.1555961886108,-0.0445734002443183,1.27427676266156,-0.0997517932053001,-1.12999301782559,-1.18029468333559,0.611722039829717,0.552265305433806,-0.113860786417039,-0.0382639442739243,1.81411968551902,-0.548976387202492,-1.56081868739673,-1.53432688309958,-0.301266633903012,1.26370614595092,0.0353875528320899,-0.0330109162638679,0.906545122192,0.0525087347129891,-1.47909877630812,-1.73997671328813,-0.881997446920094,1.46221250555829,0,-0.0930309953194633,0.19104829105235,1.17070102465946,-0.966425658098632,-1.00352904023561,-0.277293205997144,0.80234198973908,-0.0998707974396848,-0.0692112518235939,-0.410266899197836,0.726778158175171,1.19219966462977,1.16729496510292,1.14027554013895,-0.362274353239232,-0.202993708003753,-0.0191459895266863,-0.303642030474405,-0.772979593369162,-0.214452838241053,0.706799001154165,0.214642163938074,-0.527680489439249,-0.177318504788345
"1844",0,-0.346763866306412,0.760702328338993,0.757106570942284,0.773219575117836,-0.277043532629481,-0.416428649433891,-0.135962069060475,-0.0247411626405223,0.666935053264552,0.816387510785152,-1.1641017596378,0.711908011135486,0.618220742359401,-0.540830462877054,-0.1555961886108,-0.0445734002443183,1.27427676266156,0.41018678555814,-0.793321208614283,1.10662972764353,0.7704887055687,-0.574697546273115,-0.113860786417039,-0.0382639442739243,-0.115910279549249,0.760911751661556,1.1507788827907,0.688959538672687,1.36852100217096,-0.376647239159639,-0.048236570436645,-0.0539306280597664,-0.639535815693025,-1.06645647246535,-0.996216528748704,-1.23546236318125,1.1603029827845,0.315362825388311,0,-0.0930309953194633,-0.481588184154324,-0.830535908145318,-1.12171262543579,-1.35846713239696,0.926220333707951,0.825152546102812,-0.0998707974396848,-0.0692112518235939,-0.410266899197836,1.07863107602188,0.220009185649271,-0.477948074334803,0.802782297954812,0.245613473539072,-0.324073942018662,-0.0191459895266863,-0.303642030474405,0.42804705949191,0.0152822700148413,0.508752131666208,0.730271038391115,-0.0361570313587953,-0.177318504788345
"1845",0,-0.346763866306412,-0.314065241041354,0.524013130597061,-0.112707670625565,-0.813775052877421,-0.790279396773326,-0.135962069060475,-0.0247411626405223,-0.640995384823577,-0.283834597054994,-0.915912114592555,-0.131191100456599,0.113275898480654,-0.540830462877054,-0.1555961886108,-0.0445734002443183,-0.741918245459386,-0.43971084571426,-1.12999301782559,1.10662972764353,-0.658411286082146,-0.574697546273115,-0.113860786417039,-0.0382639442739243,-0.759253601238671,-0.057768335128474,0.303404642107127,0.688959538672687,-1.13616045194,-0.650039470011399,-0.048236570436645,-0.0330109162638679,-0.639535815693025,-1.06645647246535,0.935312461488958,-0.394605113003119,-1.56276425682162,-0.831486854781667,0,-0.0930309953194633,-0.481588184154324,-0.52265330309843,0.0159359143943631,-0.453869363331575,-0.621154217341457,-0.797595882078731,-0.156402526399099,-0.0692112518235939,-0.410266899197836,0.0230723224817513,-0.36330510173903,-1.0828566761904,0.018163000439944,-0.148011920261032,-0.202993708003753,-0.0191459895266863,-0.303642030474405,-0.572808484558983,0.704487594782526,0.904845870642121,1.07402362135981,-0.527680489439249,-0.177318504788345
"1846",0,-0.346763866306412,-0.314065241041354,0.601072677299266,0.893126070926966,0.259687987618459,-0.416428649433891,-0.135962069060475,-0.0247411626405223,-0.314012775301545,0.816387510785152,0.325036110633647,1.13345756693153,1.12316558623815,-0.294464016843139,-0.1555961886108,-0.0445734002443183,0.698221046055578,0.679644958027021,-1.12999301782559,-0.551219090005389,0.929255371307683,0.552265305433806,-0.113860786417039,-0.0382639442739243,1.17077636382959,-0.057768335128474,-1.80798691378315,-1.53432688309958,0.032690893311783,1.26370614595092,-0.048236570436645,-0.0330109162638679,0.906545122192,0.532065252075134,-1.47909877630812,-1.73997671328813,-0.201230637018563,1.4037633494826,0,-0.0930309953194633,0.496411066816714,1.01675972213601,-1.12171262543579,-1.26160056962335,-0.105362700324987,1.03090454285591,-0.0998707974396848,-0.0692112518235939,-0.410266899197836,1.07863107602188,0.414447281445371,-0.707831402641512,1.14027554013895,0.0429841979463036,-0.202993708003753,-0.0191459895266863,-0.303642030474405,-0.572808484558983,0.93422270303842,0.706799001154165,-0.300986710514968,-0.527680489439249,-0.177318504788345
"1847",0,-0.2489203975244,-0.0991117271652847,0.524013130597061,0.994701386553687,0.259687987618459,-0.416428649433891,-0.135962069060475,-0.0247411626405223,0.33995244374252,0.633017159478461,-2.405049984864,-1.1850649899467,0.618220742359401,-0.540830462877054,-0.1555961886108,-0.0445734002443183,0.698221046055578,-0.945106313217348,-1.12999301782559,0.368376186191764,0.452955374090734,-0.574697546273115,-0.113860786417039,-0.0382639442739243,-0.759253601238671,-1.53139249135053,-0.71344444671316,0.847765711656421,-0.46824539751041,-0.650039470011399,-0.048236570436645,-0.0330109162638679,-0.639535815693025,-1.2263086449194,-0.352373532002817,0.278080687139385,0.819919577833732,-0.544774434739172,0,-0.0930309953194633,-0.481588184154324,-0.984477210668762,-1.12171262543579,-1.26160056962335,0.410428816691482,0.80234198973908,-0.00180904203837478,-0.0692112518235939,-0.410266899197836,-0.856559972135023,-0.36330510173903,-1.27036931296484,0.261211339339201,0.44824274913184,-0.202993708003753,-0.0191459895266863,-0.303642030474405,0.227875950681732,0.93422270303842,0.310705262178251,0.214642163938074,-0.527680489439249,-0.177318504788345
"1848",0,-0.346763866306412,0.545748814462924,0.524013130597061,0.773219575117836,0.572956039271181,-0.416428649433891,-0.135962069060475,-0.0247411626405223,0.448715846556598,0.816387510785152,-0.171343179456834,-0.552740656252641,0.281590846440236,-0.540830462877054,-0.1555961886108,-0.0445734002443183,1.27427676266156,0.41018678555814,-1.12999301782559,-1.18029468333559,-1.29347794903808,-0.574697546273115,-0.113860786417039,-0.0382639442739243,0.9300984355016,1.08838378637757,1.1507788827907,-0.899102191164647,-1.3031392155474,-0.650039470011399,-0.049335153206293,-0.0330109162638679,0.28811274703799,0.0525087347129891,-0.0304520336298728,0.446252137175011,-1.56276425682162,-0.831486854781667,0,-0.0930309953194633,-0.481588184154324,-0.984477210668762,-0.966425658098632,0.79760607467327,-1.48080674570224,-0.797595882078731,-0.0998707974396848,-0.0692112518235939,-0.410266899197836,-0.328780595364958,-0.16886700594293,0.792269691554037,-0.901764233011696,-0.767532904424768,-0.202993708003753,-0.0191459895266863,-0.303642030474405,0.227875950681732,0.245017378270736,-0.524632200528383,-1.1603681679367,-0.527680489439249,-0.177318504788345
"1849",0,-0.346763866306412,-0.0218484996755893,0.290919690251838,0.108774140810285,-0.455954039378794,-0.641213386683493,-0.135962069060475,-0.0247411626405223,-0.640995384823577,0.816387510785152,1.06960504576937,1.13345756693153,-0.223353997438511,-0.540830462877054,-0.1555961886108,-0.0445734002443183,-0.741918245459386,1.09010489057606,1.56338145586488,1.43333321492626,1.24678870278565,0.270524592507076,-0.113860786417039,-0.0909846830221019,-0.759253601238671,0.269703699587538,1.1507788827907,1.00657188464015,-0.46824539751041,-0.650039470011399,-0.048236570436645,-0.0330109162638679,-0.639535815693025,1.17147394189133,0.130508715556599,0.278080687139385,0.199141947063203,-0.544774434739172,0,-0.0930309953194633,0.00060315498291672,1.47858362970634,-0.500564756087173,-1.10320005852361,1.27008134505226,1.48802964908957,-0.0998707974396848,-0.0692112518235939,0.0739739549704533,1.25455753494524,0.414447281445371,0.229731781230706,1.14027554013895,0.245613473539072,-0.202993708003753,-0.0191459895266863,-0.303642030474405,0.027704841871553,0.704487594782526,-0.481482215773575,-0.988491876452356,-0.527680489439249,-0.177318504788345
"1850",0,-0.346763866306412,-1.17387929654563,-1.34073439216472,0.994701386553687,0.152276148168208,-0.416428649433891,-0.135962069060475,-0.0247411626405223,-0.640995384823577,-1.56742705620183,0.821415400724128,-0.131191100456599,0.449905794399818,0.691001767292522,-0.1555961886108,-0.0445734002443183,-0.741918245459386,0.58016631181262,0.385030123625297,-0.526887708770123,1.24678870278565,0.270524592507076,-0.113860786417039,-0.0382639442739243,0.527433042140173,0.924647769019562,-0.882919294849875,-0.10507132624598,1.36852100217096,0.17013722254388,-0.048236570436645,-0.0330109162638679,2.76184224765403,1.17147394189133,0.602099422314732,0.950766487281889,1.1603029827845,2.03563734564328,0,-0.0930309953194633,1.20000300386236,1.3246423271829,1.05230491728436,1.27280760797249,0.0665678053471691,-0.797595882078731,-0.0998707974396848,-0.0692112518235939,-0.410266899197836,-1.38433934890509,-0.55774319753513,0.604757054779594,-1.39092377624206,-0.767532904424768,-0.202993708003753,-0.0191459895266863,-0.303642030474405,-1.17332181098952,-0.673923054752843,-0.481482215773575,-1.1603681679367,-0.527680489439249,-0.177318504788345
"1851",0,7.45522128398929,2.26537692547148,0.990200011287507,0.994701386553687,1.86988254836228,0.463522826674285,-0.135962069060475,-0.0247411626405223,0.33995244374252,0.266276456865079,0.0768464655884069,0.501133233237465,1.12316558623815,-0.294464016843139,-0.1555961886108,-0.0445734002443183,-0.741918245459386,-0.977279473856757,-0.793321208614283,1.10662972764353,0.436548192976246,-0.574697546273115,-0.113860786417039,-0.0382639442739243,0.205761381295462,-0.22150435248648,0.303404642107127,0.847765711656421,-0.0715569614487177,0.360266405829809,-0.0111937918009328,-0.0330109162638679,0.906545122192,1.33132611434538,1.09627321067543,0.614423587210637,0.479536172882967,0.8887876654733,0,-0.0930309953194633,-0.481588184154324,0.0931119069953467,0.897017949947205,-1.26160056962335,-1.48080674570224,-0.797595882078731,-0.177030105937584,-0.0692112518235939,0.558214809138742,1.43048399386859,-1.33549558071953,-1.83290722328817,-1.55967039733413,-0.982079148383421,-0.202993708003753,-0.0191459895266863,6.92356181555865,1.02856038592245,-2.7415390290559,-2.26390404116519,-1.1603681679367,-0.527680489439249,-0.177318504788345
"1852",0,4.11151336243399,2.26537692547148,0.990200011287507,0.994701386553687,1.69097204161296,0.17020566797156,-0.135962069060475,-0.0247411626405223,0.33995244374252,0.082906105558388,-0.915912114592555,-0.34196587835462,1.64826314288065,1.43010110539427,-0.1555961886108,-0.0445734002443183,-0.741918245459386,-1.62956752949562,-0.961657113219938,1.10662972764353,1.08802203704667,0.686939247048121,-0.113860786417039,-0.0382639442739243,-0.759253601238671,-1.20392045663452,0.981304034653986,1.00657188464015,-0.301266633903012,-0.650039470011399,-0.048236570436645,-0.0330109162638679,-0.639535815693025,-0.906604300011301,0.452430213929543,0.614423587210637,0.819919577833732,-0.831486854781667,0,0.131502104700584,-0.0951160006243344,-0.984477210668762,-1.12171262543579,-0.627716320850784,1.27008134505226,-0.0771198375117654,-0.0998707974396848,-0.0692112518235939,2.01093737164361,0.374925240328461,-1.14105748492343,-0.520318765867068,1.14027554013895,-0.362274353239232,-0.202993708003753,-0.0191459895266863,1.76127335410647,2.02941592997334,0.93422270303842,0.904845870642121,0.214642163938074,-0.527680489439249,-0.177318504788345
"1853",0,1.88237474806379,2.05042341159541,0.290919690251838,-2.54900759641992,-0.992685559626734,-0.416428649433891,-0.135962069060475,-0.0247411626405223,3.28279592944081,0.999757862091843,1.06960504576937,-0.974290212048683,-1.40155863315559,-0.57366983249736,-0.1555961886108,-0.0445734002443183,3.29047177078251,-0.43971084571426,0.721701932836606,0.453222753078071,-1.29347794903808,-0.574697546273115,-0.113860786417039,-0.0382639442739243,0.205761381295462,-1.36765647399252,0.133929793970413,0.37134719270522,-1.3031392155474,-0.650039470011399,-0.048236570436645,-0.0330109162638679,-0.639535815693025,-1.06645647246535,0.935312461488958,-0.481950643803064,-1.56276425682162,-0.831486854781667,0,-0.0930309953194633,-0.481588184154324,0.862818419612568,1.08585017071275,-1.26160056962335,-1.11518166943604,-0.797595882078731,-0.0998707974396848,-0.0692112518235939,1.52669651747532,1.43048399386859,0.997761568833671,0.41724441800515,0.465289055770677,0.245613473539072,-0.202993708003753,-0.0191459895266863,1.76127335410647,1.82924482116316,0.93422270303842,0.904845870642121,1.58965249581285,2.6672219880837,-0.177318504788345
"1854",0,-0.326492760498337,0.975655842215063,-1.1076409518195,-2.54900759641992,-0.992685559626734,-0.416428649433891,-0.135962069060475,-0.0247411626405223,-0.640995384823577,0.816387510785152,0.0113443767500903,-2.23893887943681,-1.40155863315559,-0.540830462877054,-0.1555961886108,-0.0445734002443183,-0.1658625288534,1.09010489057606,-0.793321208614283,-1.18029468333559,-1.29347794903808,-0.574697546273115,-0.113860786417039,-0.0382639442739243,1.49244802467431,1.08838378637757,-1.39134383926002,-0.740296018180913,-0.802202924725205,-0.650039470011399,-0.048236570436645,-0.0330109162638679,1.83419368492302,1.33132611434538,0.613390963116015,0.950766487281889,0.990111280309114,-0.258062014696678,0,-0.0930309953194633,2.20895771667237,1.47858362970634,1.36287885195866,0.63920556357353,1.27008134505226,1.03090454285591,-0.0998707974396848,-0.0692112518235939,1.04245566330703,1.43048399386859,0.997761568833671,0.41724441800515,0.761780107843631,0.0429841979463036,-0.202993708003753,-0.0191459895266863,-0.303642030474405,0.628218168302089,0.93422270303842,0.706799001154165,0.214642163938074,-0.527680489439249,-0.177318504788345
"1855",0,-0.346763866306412,1.4055628699672,-0.874547511474277,-2.10604397354822,-0.992685559626734,-0.416428649433891,-0.135962069060475,-0.0247411626405223,-0.640995384823577,0.999757862091843,-1.41229140468304,0.711908011135486,-0.391668945398093,-0.540830462877054,-0.1555961886108,-0.0445734002443183,-0.1658625288534,1.09010489057606,0.553366028230951,1.43333321492626,-1.29347794903808,-0.574697546273115,-0.113860786417039,0.220737378537908,2.45746300720844,0.59717573430355,0.811829186517271,0.0537348467377536,-0.635224161117807,-0.376647239159639,-0.048236570436645,-0.0330109162638679,1.83419368492302,1.33132611434538,1.09627321067543,0.950766487281889,1.1603029827845,0.0489454039913314,0,-0.0930309953194633,-0.481588184154324,1.01675972213601,1.20759188462151,-0.627998525224387,-0.659789544798091,-0.569033328961901,-0.0998707974396848,-0.176947301767459,-0.220823471532226,0.726778158175171,0.414447281445371,-1.83290722328817,-1.55967039733413,-0.767532904424768,-0.202993708003753,-0.0191459895266863,0.728815661816031,1.62907371235298,-1.59286348777642,-2.26390404116519,-1.1603681679367,-0.527680489439249,-0.177318504788345
"1856",0,-0.346763866306412,-0.0991117271652847,0.290919690251838,0.773219575117836,-0.0981330258801679,-0.416428649433891,-0.135962069060475,-0.0247411626405223,-0.640995384823577,0.44964680817177,1.06960504576937,0.290358455339444,1.29148053419773,-0.0480975708092236,-0.1555961886108,-0.0445734002443183,0.698221046055578,1.09010489057606,-0.456649399402975,-1.18029468333559,1.08802203704667,0.552265305433806,-0.113860786417039,-0.0382639442739243,1.44317307649905,1.08838378637757,-1.39134383926002,-1.53432688309958,0.533627184133976,1.53709837680268,0.069877364779292,-0.0330109162638679,1.83419368492302,1.33132611434538,-1.31813802712165,-1.5718052632525,0.819919577833732,0.8887876654733,0,-0.0930309953194633,0.863684766259023,1.47858362970634,0.12058311326144,-0.311197503024907,1.27008134505226,0.57377943662225,-0.0998707974396848,-0.183628553083222,-0.410266899197836,0.623569110558742,0.590962125596738,1.16729496510292,0.127795813586543,-0.767532904424768,-0.202993708003753,-0.0191459895266863,-0.303642030474405,0.227875950681732,0.704487594782526,0.508752131666208,-1.1603681679367,-0.527680489439249,-0.177318504788345
"1857",0,-0.346763866306412,0.115841786710785,0.525726743555852,0.773219575117836,-0.277043532629481,-0.773863039473716,-0.135962069060475,-0.0247411626405223,0.33995244374252,0.999757862091843,-0.419532824502074,0.0795836774414227,0.954850638278565,-0.540830462877054,-0.1555961886108,-0.0445734002443183,-0.1658625288534,-0.26973131945978,-1.12999301782559,-0.200184221487392,1.24678870278565,-0.0112161204196545,-0.113860786417039,-0.0382639442739243,-0.703458008188406,-1.53139249135053,-1.56081868739673,-0.263877499229713,0.366648420526578,-0.650039470011399,-0.048236570436645,-0.0330109162638679,-0.639535815693025,-1.2263086449194,-1.47909877630812,0.614423587210637,-0.371422339493946,-0.831486854781667,0,-0.0930309953194633,-0.481588184154324,-0.984477210668762,-0.0347038540757136,0.79760607467327,-1.48080674570224,-0.797595882078731,-0.0998707974396848,-0.0692112518235939,-0.441178418121608,-0.680633513211668,1.19219966462977,0.229731781230706,0.802782297954812,0.0429841979463036,-0.202993708003753,-0.0758585761396516,-0.303642030474405,-0.172466266938626,0.704487594782526,0.310705262178251,0.214642163938074,-0.281918760399022,-0.087602234718819
"1858",0,-0.346763866306412,-1.17387929654563,-1.80692127285517,-0.368778067431521,-0.992685559626734,-0.416428649433891,-0.135962069060475,-0.0247411626405223,-0.640995384823577,-1.75079740750852,0.573225755678888,-0.552740656252641,-1.40155863315559,-0.540830462877054,-0.1555961886108,-0.0445734002443183,-0.741918245459386,-0.43971084571426,1.36225698556376,-1.18029468333559,-1.29347794903808,-0.574697546273115,-0.113860786417039,-0.0382639442739243,0.527433042140173,1.08838378637757,-0.543969598576446,-1.53432688309958,0.533627184133976,0.443529453395639,0.088624094582515,-0.31843876611878,2.14340987250002,1.33132611434538,-1.47909877630812,-0.394605113003119,0.990111280309114,0.218491712119555,0,-0.0930309953194633,3.89054890468905,1.47858362970634,1.36287885195866,1.27280760797249,0.410428816691482,-0.797595882078731,-0.0998707974396848,-0.0692112518235939,1.52669651747532,0.0230723224817513,-0.75218129333123,1.16729496510292,-0.209697428597592,-0.767532904424768,-0.202993708003753,-0.0191459895266863,-0.303642030474405,-1.17332181098952,-2.28206881254411,0.508752131666208,-1.1603681679367,-0.527680489439249,-0.177318504788345
"1859",0,-0.389769192470387,-0.958925782669563,-0.408360630783831,-2.10604397354822,-0.455954039378794,-0.416428649433891,-0.135962069060475,-0.0247411626405223,-0.434677287012678,-0.467204948361685,1.06960504576937,0.922682789033507,1.29148053419773,-0.540830462877054,-0.1555961886108,-0.0445734002443183,-0.87188111509027,0.41018678555814,1.56338145586488,1.43333321492626,-0.658411286082146,-0.574697546273115,-0.113860786417039,-0.0382639442739243,-0.759253601238671,0.433439716945544,1.1507788827907,-0.422683672213447,-1.3031392155474,-0.650039470011399,-0.048236570436645,-0.0330109162638679,0.28811274703799,1.33132611434538,0.613390963116015,0.446252137175011,-1.39257255434624,-0.831486854781667,0,-0.0930309953194633,-0.145269946550987,1.47858362970634,-0.500564756087173,0.63920556357353,0.238498311019326,-0.797595882078731,-0.0120861245663985,-0.0692112518235939,-0.410266899197836,0.550851699251816,0.414447281445371,0.229731781230706,1.14027554013895,-0.362274353239232,-0.202993708003753,-0.0191459895266863,-0.303642030474405,-0.772979593369162,0.0152822700148413,0.508752131666208,0.386518455422421,-0.281918760399022,-0.177318504788345
"1860",0,-0.346763866306412,-0.314065241041354,0.290919690251838,0.551737763681986,0.293232576622171,-0.416428649433891,-0.135962069060475,-0.0247411626405223,-0.640995384823577,0.633017159478461,-1.1641017596378,-1.39583976784473,0.954850638278565,-0.540830462877054,-0.1555961886108,-0.0445734002443183,0.122165329449593,0.13980362988337,-1.12999301782559,-1.18029468333559,-0.0233446231262145,0.270524592507076,-0.113860786417039,-0.0382639442739243,-0.0528779055412856,-0.876448421918504,-1.56081868739673,-1.53432688309958,-0.422005027234242,1.53709837680268,-0.048236570436645,-0.0330109162638679,0.906545122192,0.691917424529183,-1.47909877630812,-1.73997671328813,-1.22238085187086,1.04511068974547,0,-0.0930309953194633,0.281476280233957,0.963140069795302,-0.966425658098632,-1.26160056962335,-0.793084723013613,0.80234198973908,-0.0998707974396848,-0.0692112518235939,-0.410266899197836,0.374925240328461,-0.36330510173903,-1.64539458651373,0.0622994443328095,0.44824274913184,-0.202993708003753,-0.0191459895266863,-0.303642030474405,-0.772979593369162,0.0152822700148413,0.658721921393019,1.4177762043285,0.436184891863187,-0.177318504788345
"1861",0,0.767805440878689,0.545748814462924,0.757106570942284,-0.479075438194663,-0.992685559626734,-0.416428649433891,-0.135962069060475,0.0676255668164689,0.666935053264552,0.999757862091843,1.06960504576937,1.13345756693153,0.113275898480654,-0.540830462877054,-0.1555961886108,-0.0445734002443183,-0.741918245459386,0.41018678555814,1.56338145586488,1.43333321492626,0.611722039829717,-0.574697546273115,-0.113860786417039,-0.0382639442739243,-0.759253601238671,0.105967682229532,1.1507788827907,1.00657188464015,0.032690893311783,-0.650039470011399,-0.048236570436645,-0.0330109162638679,-0.639535815693025,0.0525087347129891,1.09627321067543,0.950766487281889,0.139152767932202,-0.831486854781667,0,-0.0930309953194633,-0.481588184154324,0.400994512042235,1.36287885195866,0.893781634463738,0.754289828035795,-0.797595882078731,-0.0998707974396848,-0.0692112518235939,-0.410266899197836,0.0230723224817513,1.19219966462977,1.16729496510292,0.465289055770677,-0.767532904424768,-0.202993708003753,-0.0191459895266863,-0.303642030474405,-0.172466266938626,0.704487594782526,0.904845870642121,0.386518455422421,-0.281918760399022,-0.0334210487636543
"1862",0,-0.346763866306412,-0.958925782669563,-0.175267190438608,-0.00289413124417695,-0.277043532629481,-0.416428649433891,-0.135962069060475,-0.0247411626405223,0.165642222714452,0.082906105558388,0.0768464655884069,-0.34196587835462,0.637089900667594,0.691001767292522,-0.1555961886108,-0.0445734002443183,1.27427676266156,1.09010489057606,-0.366970059477552,-0.690239452411488,1.08802203704667,1.397487444214,-0.113860786417039,-0.0382639442739243,0.205761381295462,0.924647769019562,0.642354338380556,0.847765711656421,0.533627184133976,-0.650039470011399,-0.048236570436645,-0.0330109162638679,-0.639535815693025,0.0463159356238723,0.419100839613136,0.446252137175011,0.819919577833732,-0.831486854781667,0,-0.0930309953194633,-0.481588184154324,0.500746918974438,0.275870080598593,-1.26160056962335,0.926220333707951,0.80234198973908,-0.0998707974396848,-0.0692112518235939,-0.410266899197836,0.550851699251816,-0.16886700594293,-0.145293492318181,0.971528919046879,0.44824274913184,-0.202993708003753,-0.0191459895266863,-0.383064551747107,-0.772979593369162,-0.327425202073101,0.508752131666208,0.214642163938074,-0.527680489439249,-0.177318504788345
"1863",0,-0.346763866306412,-1.17387929654563,-0.874547511474277,0.994701386553687,0.796419507866398,-0.416428649433891,-0.135962069060475,-0.0247411626405223,-0.640995384823577,-1.75079740750852,0.573225755678888,1.10773324770842,0.954850638278565,-0.540830462877054,-0.1555961886108,-0.0445734002443183,-0.453890387156393,0.0702277330491799,1.56338145586488,1.43333321492626,-0.499644620343163,-0.872473185320633,-0.113860786417039,-0.0382639442739243,1.17077636382959,0.806318410900241,1.1507788827907,1.00657188464015,-0.802202924725205,-0.63663742214657,-0.048236570436645,-0.0330109162638679,-0.33031962811602,0.691917424529183,1.09627321067543,0.950766487281889,-1.56276425682162,-0.831486854781667,0,-0.0930309953194633,-0.481588184154324,-0.368712000574986,1.36287885195866,1.11440709687275,-1.48080674570224,-0.797595882078731,-0.0998707974396848,-0.0692112518235939,-0.410266899197836,-0.680633513211668,1.19219966462977,1.16729496510292,-0.884683912965861,-0.767532904424768,-0.202993708003753,-0.0191459895266863,-0.303642030474405,-1.17332181098952,-0.214452838241053,0.707758584548004,0.730271038391115,-0.527680489439249,-0.177318504788345
"1864",0,-0.346763866306412,-0.314065241041354,0.524013130597061,0.773219575117836,0.617509001117085,-0.123111490731166,-0.135962069060475,-0.0247411626405223,-0.969794843335788,-1.93416775881521,0.573225755678888,1.13345756693153,1.29148053419773,-0.0478550846091218,-0.1555961886108,-0.0445734002443183,-1.41094862241684,-1.62956752949562,1.39504555125922,1.43333321492626,1.24678870278565,-0.574697546273115,-0.113860786417039,-0.0382639442739243,-0.759253601238671,-0.385240369844486,1.1507788827907,1.00657188464015,0.867584711348771,-0.650039470011399,-0.049335153206293,-0.0330109162638679,-0.0211034405390152,1.33132611434538,1.20543232894034,0.950766487281889,0.300179261647047,-0.831486854781667,0,-0.0930309953194633,-0.481588184154324,-0.368712000574986,1.20759188462151,1.27280760797249,-0.105362700324987,-0.969879351811028,-0.0998707974396848,-0.0692112518235939,-0.410266899197836,-0.504707054288313,1.19219966462977,1.16729496510292,0.465289055770677,-0.767532904424768,-0.202993708003753,-0.0191459895266863,-0.303642030474405,-0.152596406932753,0.474752486526631,-0.162384029805986,-0.300986710514968,-0.344425170592583,-0.177318504788345
"1865",0,0.767805440878689,0.760702328338993,0.524013130597061,0.551737763681986,-0.455954039378794,-0.416428649433891,-0.135962069060475,-0.0247411626405223,0.0129698342204877,0.266276456865079,-0.419532824502074,0.290358455339444,0.449905794399818,-0.540830462877054,-0.1555961886108,-0.0445734002443183,-0.741918245459386,-1.62956752949562,-0.624985304008629,1.10662972764353,0.452955374090734,-0.574697546273115,-0.113860786417039,-0.0382639442739243,-0.759253601238671,0.269703699587538,1.1507788827907,1.00657188464015,-0.134287870295615,-0.650039470011399,-0.048236570436645,-0.0330109162638679,-0.639535815693025,0.372213079621086,-0.352373532002817,0.109909237103759,1.1603029827845,0.602075245430805,0,-0.0930309953194633,-0.481588184154324,-0.984477210668762,-1.12171262543579,-1.26160056962335,-0.621154217341457,1.94515475532323,-0.0998707974396848,-0.0692112518235939,-0.410266899197836,0.0230723224817513,-0.94661938912733,-1.07253992283997,0.465289055770677,1.66401840268845,-0.202993708003753,-0.0191459895266863,0.69172086266679,1.22873149473262,0.93422270303842,0.706799001154165,0.558394746906768,0.209604697681432,-0.177318504788345
"1866",0,-0.346763866306412,1.19060935609113,0.990200011287507,-1.22011672780482,-0.992685559626734,-0.416428649433891,-0.135962069060475,-0.0247411626405223,2.30184810087471,0.816387510785152,0.573225755678888,1.13345756693153,-1.40155863315559,-0.540830462877054,-0.1555961886108,-0.0445734002443183,2.13836033757054,0.41018678555814,-0.624985304008629,1.43333321492626,-0.975944617560112,-0.574697546273115,-0.113860786417039,-0.0382639442739243,0.849104702984884,-0.548976387202492,-1.56081868739673,-0.0356824319210157,-0.969181688332602,-0.650039470011399,-0.048236570436645,-0.0330109162638679,-0.639535815693025,-1.2263086449194,-0.352373532002817,0.109909237103759,-1.56276425682162,-0.831486854781667,0,-0.0930309953194633,-0.481588184154324,-0.368712000574986,1.36287885195866,0.00560351917457189,-0.793084723013613,-0.569033328961901,-0.0998707974396848,-0.0692112518235939,-0.410266899197836,0.550851699251816,1.19219966462977,1.16729496510292,1.14027554013895,1.05613057591014,-0.202993708003753,-0.0191459895266863,-0.49195072283704,0.42804705949191,0.0152822700148413,-0.283435346285619,1.07402362135981,1.19265161384234,-0.177318504788345
"1867",0,0.767805440878689,0.545748814462924,0.757106570942284,0.994701386553687,1.15424052136502,0.463522826674285,-0.135962069060475,-0.0247411626405223,0.666935053264552,0.999757862091843,0.325036110633647,-1.1850649899467,-0.391668945398093,-0.0480975708092236,-0.225834130266865,-0.0445734002443183,-0.741918245459386,1.09010489057606,0.0483583144139882,-1.01694293969422,-1.29347794903808,-0.574697546273115,-0.113860786417039,-0.0382639442739243,1.17077636382959,1.08838378637757,1.1507788827907,0.847765711656421,0.032690893311783,-0.650039470011399,-0.048236570436645,-0.0330109162638679,-0.33031962811602,0.691917424529183,-0.191412782816345,0.303169431190059,1.1603029827845,0.602075245430805,0,-0.242761215409872,-0.679381822785747,-0.984477210668762,-1.12171262543579,-0.0478721786129124,1.27008134505226,-0.113851782367582,-0.0998707974396848,-0.0692112518235939,-0.410266899197836,-0.856559972135023,-0.36330510173903,0.979782328328481,0.465289055770677,-0.767532904424768,-0.202993708003753,-0.0912709356995593,-0.303642030474405,0.42804705949191,0.474752486526631,-0.679529085261532,-1.1603681679367,-0.527680489439249,-0.177318504788345
"1868",0,-0.346763866306412,-0.314065241041354,0.757106570942284,0.994701386553687,-0.0981330258801679,-0.416428649433891,-0.135962069060475,-0.0247411626405223,0.666935053264552,0.999757862091843,-0.419532824502074,-0.131191100456599,0.92501031707325,-0.540830462877054,-0.1555961886108,-0.0445734002443183,2.13836033757054,1.09010489057606,0.0483583144139882,-0.526887708770123,1.08802203704667,-0.574697546273115,-0.113860786417039,-0.0382639442739243,0.44643337101239,-0.876448421918504,-1.05239414298659,0.530153365688954,0.19966965691918,-0.650039470011399,-0.048236570436645,-0.0330109162638679,-0.639535815693025,-1.2263086449194,-0.0304520336298728,0.950766487281889,1.1603029827845,0.315362825388311,0,-0.0930309953194633,-0.481588184154324,-0.984477210668762,-0.966425658098632,-1.26160056962335,0.410428816691482,1.7165922022064,-0.0998707974396848,-0.0692112518235939,-0.410266899197836,-1.03248643105838,0.414447281445371,-1.0828566761904,0.634035676862745,1.05613057591014,-0.202993708003753,-0.0191459895266863,-0.303642030474405,-0.372637375748804,0.93422270303842,0.904845870642121,0.902147329875462,-0.281918760399022,-0.177318504788345
"1869",0,-0.346763866306412,-0.958925782669563,0.0578262499066152,-0.112707670625565,-0.482030884771793,-0.514397257253291,-0.135962069060475,-0.0247411626405223,-0.640995384823577,-1.56742705620183,1.06960504576937,1.13345756693153,-0.89661378927684,-0.540830462877054,-0.1555961886108,-0.0445734002443183,-0.741918245459386,-0.77966989822322,1.58900855688336,1.43333321492626,-0.823181762325114,-0.574697546273115,-0.113860786417039,-0.0382639442739243,-0.43758194039396,0.924647769019562,1.1507788827907,0.688959538672687,-0.969181688332602,-0.650039470011399,-0.048236570436645,-0.0330109162638679,0.906545122192,1.33132611434538,1.09627321067543,0.446252137175011,-1.56276425682162,-0.831486854781667,0,-0.0930309953194633,-0.145269946550987,0.708877117089123,1.36287885195866,0.95600658577301,-1.48080674570224,-0.797595882078731,-0.0998707974396848,-0.0692112518235939,-0.410266899197836,-0.126607487178748,1.19219966462977,1.16729496510292,-0.378444049689659,-0.767532904424768,-0.202993708003753,-0.0191459895266863,-0.303642030474405,-0.97315070217934,0.704487594782526,0.904845870642121,0.386518455422421,-0.527680489439249,-0.177318504788345
"1870",0,-0.346763866306412,0.115841786710785,0.757106570942284,0.994701386553687,1.86988254836228,2.22342577889064,-0.135962069060475,-0.0247411626405223,-0.640995384823577,-0.283834597054994,-0.670215439857533,-0.552740656252641,1.29148053419773,1.94437392467283,-0.1555961886108,-0.0445734002443183,-0.741918245459386,-1.62956752949562,-1.12999301782559,-0.363535965128757,1.24678870278565,0.552265305433806,-0.113860786417039,-0.0382639442739243,-0.43758194039396,-0.385240369844486,-0.205019902303017,1.00657188464015,1.22316177846014,-0.10325500830788,-0.048236570436645,-0.0330109162638679,2.14340987250002,1.33132611434538,1.09627321067543,0.950766487281889,1.1603029827845,1.74892492560078,0,-0.0930309953194633,0.19104829105235,0.0931119069953467,1.36287885195866,-0.627998525224387,-1.48080674570224,-0.797595882078731,-0.0998707974396848,-0.0692112518235939,-0.410266899197836,0.0230723224817513,0.803323473037571,-1.83290722328817,-1.55967039733413,-0.767532904424768,-0.202993708003753,-0.0191459895266863,-0.303642030474405,0.828389277112268,-0.673923054752843,-2.26390404116519,-1.1603681679367,-0.527680489439249,-0.177318504788345
"1871",0,-0.346763866306412,-0.0991117271652847,0.0578262499066152,0.773219575117836,0.975330014615711,0.17020566797156,-0.135962069060475,-0.0247411626405223,1.64788288183065,0.082906105558388,-1.66048104972828,-1.1850649899467,1.29148053419773,0.444635321258607,-0.118842629744573,-0.0445734002443183,1.27427676266156,-0.60969037196874,-1.12999301782559,0.616574496719437,0.7704887055687,-0.574697546273115,-0.113860786417039,-0.0382639442739243,-0.759253601238671,0.59717573430355,0.665489483887841,0.481461514399387,-0.788133200791125,-0.650039470011399,-0.049335153206293,-0.0330109162638679,-0.639535815693025,1.01162176943728,0.774351712302486,0.446252137175011,-1.22238085187086,-0.972444487395728,0,-0.0930309953194633,0.527366528655686,1.01675972213601,-1.12171262543579,0.00560351917457189,0.582359322363638,-0.340470775845071,-0.345062904925884,-0.0692112518235939,-0.410266899197836,0.28127488086931,-1.33549558071953,-1.83290722328817,0.29654243467861,1.66401840268845,-0.202993708003753,-0.0191459895266863,-0.303642030474405,0.42804705949191,0.93422270303842,0.904845870642121,1.24589991284416,0.209604697681432,-0.177318504788345
"1872",0,-0.250043716034805,0.115841786710785,0.757106570942284,0.330255952246136,-0.634864546128108,-0.416428649433891,-0.135962069060475,-0.064995348517452,-0.640995384823577,0.082906105558388,1.06960504576937,0.501133233237465,0.618220742359401,-0.540830462877054,-0.1555961886108,-0.0445734002443183,-0.741918245459386,-0.26973131945978,1.05837374204791,-0.200184221487392,1.24678870278565,-0.0112161204196545,-0.113860786417039,-0.0382639442739243,-0.759253601238671,-1.53139249135053,-1.2218689911233,-1.21671453713211,1.36852100217096,0.716921684247398,-0.048236570436645,-0.0330109162638679,-0.56799449446418,-1.2263086449194,-1.47909877630812,-1.06729091314562,1.1603029827845,0.315362825388311,0,-0.0930309953194633,-0.481588184154324,-1.22938655031339,-1.12171262543579,0.322404541374051,1.27008134505226,-0.111908222728241,-0.0998707974396848,-0.0669199072133239,-0.410266899197836,-1.03248643105838,0.220009185649271,1.16729496510292,0.971528919046879,0.853501300317375,1.02661939301677,-0.0191459895266863,-0.303642030474405,0.027704841871553,0.474752486526631,0.904845870642121,1.58965249581285,3.40450717520438,12.0745306429392
"1873",0,-0.263111156572349,-0.0991117271652847,0.0578262499066152,0.994701386553687,1.86988254836228,2.22342577889064,-0.135962069060475,-0.0247411626405223,0.33995244374252,0.999757862091843,-0.667722469547314,-0.592611394653766,-1.40155863315559,-0.540830462877054,-0.275342824597724,-0.0445734002443183,1.27427676266156,1.09010489057606,0.721701932836606,-0.363535965128757,-1.29347794903808,-0.574697546273115,-0.113860786417039,-0.0382639442739243,-0.115910279549249,0.269703699587538,-0.0355450541663019,1.00657188464015,-1.13616045194,-0.650039470011399,-0.048236570436645,-0.0330109162638679,-0.676718877120473,-1.2263086449194,-0.960300083853259,-0.226433662967493,-0.0310389345431809,-0.831486854781667,0,-0.0930309953194633,-0.535427657920193,-0.984477210668762,-1.12171262543579,0.164004030274312,0.0665678053471691,-0.797595882078731,-0.0998707974396848,-0.0692112518235939,-0.410266899197836,-0.959359856714135,-0.75218129333123,0.032838094586093,-0.547190670781726,-0.767532904424768,-0.202993708003753,-0.0191459895266863,-0.303642030474405,-0.172466266938626,0.163339311545863,-1.07562282423745,-1.1603681679367,-0.440940560966283,-0.177318504788345
"1874",0,-0.346763866306412,-1.17387929654563,-2.73929503423606,-0.112707670625565,0.46238224446654,-0.416428649433891,-0.135962069060475,-0.0247411626405223,-0.640995384823577,-1.93416775881521,-0.915912114592555,1.13345756693153,-0.728298841317257,-0.540830462877054,-0.449297201777409,-0.0445734002443183,-0.741918245459386,-1.28960847698666,1.56338145586488,0.779926240360802,-1.13471128329909,-0.574697546273115,-0.113860786417039,-0.0382639442739243,0.527433042140173,0.924647769019562,1.1507788827907,0.530153365688954,1.03456347495617,2.35727506935795,-0.048236570436645,-0.0330109162638679,3.38027462280804,1.33132611434538,1.09627321067543,0.950766487281889,1.1603029827845,2.03563734564328,0,-0.0930309953194633,-0.481588184154324,-0.984477210668762,-1.12171262543579,0.322404541374051,1.27008134505226,0.57377943662225,-0.0998707974396848,-0.0692112518235939,-0.410266899197836,-1.38433934890509,-1.91880986810783,0.229731781230706,1.14027554013895,-0.362274353239232,-0.202993708003753,-0.0912709356995593,-0.303642030474405,-1.17332181098952,-2.7415390290559,0.508752131666208,1.07402362135981,-0.527680489439249,-0.177318504788345
"1875",0,-0.346763866306412,-0.529018754917424,0.481125089384983,-0.998634916368966,-0.992685559626734,-0.416428649433891,-0.135962069060475,-0.0247411626405223,-0.640995384823577,0.266276456865079,1.06960504576937,1.13345756693153,0.449905794399818,-0.540830462877054,-0.1555961886108,-0.0445734002443183,-0.453890387156393,0.953110344190172,1.56338145586488,0.453222753078071,1.24678870278565,0.270524592507076,-0.113860786417039,-0.0382639442739243,1.49244802467431,1.08838378637757,0.811829186517271,-1.53432688309958,1.03456347495617,0.443529453395639,-0.048236570436645,-0.0330109162638679,-0.33031962811602,1.33132611434538,-0.0304520336298728,-1.73997671328813,0.479536172882967,0.602075245430805,0,-0.0930309953194633,-0.481588184154324,1.3246423271829,0.12058311326144,-0.627998525224387,1.27008134505226,0.116654330388589,-0.0625820036840408,-0.0692112518235939,-0.410266899197836,0.726778158175171,1.19219966462977,1.16729496510292,0.728360491129309,-0.564903628832,-0.202993708003753,-0.0338432573430967,-0.303642030474405,-0.172466266938626,0.704487594782526,-0.0853884767976621,-0.988491876452356,-1.0677710235532,-0.225049866634401
"1876",0,-0.346763866306412,-1.17387929654563,-2.73929503423606,-0.998634916368966,1.33315102811434,0.17020566797156,-0.135962069060475,-0.0247411626405223,-0.640995384823577,-1.93416775881521,-1.18279363604502,0.542842268604574,1.29148053419773,0.357632426168248,-0.1555961886108,-0.0445734002443183,0.122165329449593,-0.26973131945978,0.385030123625297,1.2699814712849,1.08802203704667,-0.292956833346385,-0.113860786417039,-0.0177637689065176,0.184622741321666,0.433439716945544,0.303404642107127,0.688959538672687,0.700605947741373,-0.650039470011399,-0.048236570436645,-0.0330109162638679,-0.639535815693025,-1.2263086449194,-1.47909877630812,0.278080687139385,0.479536172882967,-0.831486854781667,0,-0.0930309953194633,-0.481588184154324,-0.984477210668762,-1.12171262543579,0.480805052473791,0.754289828035795,-0.311736599160278,-0.0998707974396848,-0.0692112518235939,-0.410266899197836,-1.38433934890509,-1.91880986810783,-0.332806129092624,1.14027554013895,0.245613473539072,-0.0919977374240327,-0.0191459895266863,-0.303642030474405,-1.17332181098952,-2.7415390290559,-1.07562282423745,1.58965249581285,0.701128155761885,-0.177318504788345
"1877",0,-0.346763866306412,0.330795300586854,0.0578262499066152,-2.54900759641992,-0.992685559626734,-0.416428649433891,-0.135962069060475,-0.0247411626405223,-0.640995384823577,0.816387510785152,0.821415400724128,-0.131191100456599,0.786535690318983,-0.540830462877054,-0.1555961886108,-0.0445734002443183,0.698221046055578,0.7501458380671,-0.624985304008629,-0.316393469392923,0.929255371307683,-0.0112161204196545,-0.113860786417039,-0.0382639442739243,0.527433042140173,0.105967682229532,-0.70356893669468,-0.738072115945871,0.834686515179237,0.716921684247398,-0.048236570436645,-0.0330109162638679,0.28811274703799,0.212360907167038,-1.47909877630812,-1.73997671328813,0.990111280309114,0.0286504053458163,0,-0.0930309953194633,0.19104829105235,0.400994512042235,-1.12171262543579,-0.786399036324126,0.532613448938554,-0.569033328961901,-0.0998707974396848,-0.0692112518235939,0.192030030513746,1.07863107602188,-1.14105748492343,-0.017634535331155,-0.209697428597592,-0.767532904424768,-0.202993708003753,-0.0191459895266863,-0.303642030474405,-0.172466266938626,0.124871655900128,0.112658392690295,-0.988491876452356,-0.527680489439249,-0.177318504788345
"1878",0,-0.346763866306412,1.62051638384327,0.990200011287507,0.994701386553687,0.0807774808691453,-0.416428649433891,-0.135962069060475,-0.0247411626405223,0.230741075353815,0.999757862091843,-1.41229140468304,-0.131191100456599,1.29148053419773,-0.540830462877054,-0.1555961886108,-0.0445734002443183,-0.453890387156393,-0.43971084571426,-0.28831349479732,1.10662972764353,-0.0233446231262145,-0.574697546273115,-0.113860786417039,-0.0382639442739243,-0.759253601238671,-1.36765647399252,0.981304034653986,1.00657188464015,0.867584711348771,-0.376647239159639,-0.048236570436645,-0.0330109162638679,-0.639535815693025,-1.2263086449194,-0.996216528748704,-0.888144622658484,0.649727875358349,2.03563734564328,0,-0.0930309953194633,-0.481588184154324,-0.984477210668762,-1.12171262543579,-1.26160056962335,0.193328187127672,1.7165922022064,-0.0998707974396848,-0.0692112518235939,0.558214809138742,1.07863107602188,-0.94661938912733,-0.707831402641512,1.14027554013895,0.722732978587123,-0.202993708003753,-0.0191459895266863,0.728815661816031,1.82924482116316,0.93422270303842,0.904845870642121,0.558394746906768,-0.527680489439249,-0.177318504788345
"1879",0,-0.346763866306412,0.975655842215063,0.757106570942284,-0.555671293497266,-0.813775052877421,-0.416428649433891,-0.135962069060475,-0.0247411626405223,0.993917662786584,0.999757862091843,-0.419532824502074,1.13345756693153,0.113275898480654,-0.540830462877054,-0.175951723263865,-0.0445734002443183,1.27427676266156,0.0702277330491799,-1.12999301782559,1.10662972764353,0.294188708351751,-0.541977523605794,-0.113860786417039,-0.0382639442739243,0.82765495339746,0.924647769019562,-0.374494750439731,0.841353938818557,1.20154223856357,-0.376647239159639,-0.048236570436645,-0.0539306280597664,-0.639535815693025,-0.586899955103205,0.291469464743071,0.614423587210637,1.1603029827845,0.315362825388311,0,-0.0930309953194633,-0.481588184154324,-1.14345321630645,-1.12171262543579,-1.26160056962335,0.582359322363638,1.7165922022064,-0.0998707974396848,-0.0692112518235939,-0.410266899197836,0.211827214875398,-0.16886700594293,-0.895344039415955,0.465289055770677,1.86664767828122,-0.202993708003753,-0.0191459895266863,-0.303642030474405,0.828389277112268,0.0152822700148413,0.112658392690295,1.4177762043285,2.17569853000325,-0.177318504788345
"1880",0,-0.346763866306412,-1.17387929654563,-2.21502947795732,0.330255952246136,-0.277043532629481,-0.416428649433891,-0.135962069060475,-0.0247411626405223,-0.640995384823577,-1.93416775881521,-0.667722469547314,0.290358455339444,-1.233243685196,-0.540830462877054,-0.1555961886108,-0.111531751188364,-0.741918245459386,-0.9496494244777,1.22670964665357,-0.526887708770123,-1.29347794903808,-0.574697546273115,-0.113860786417039,-0.0382639442739243,-0.43758194039396,0.604274769282516,0.472879490243842,-0.899102191164647,-0.635224161117807,-0.376647239159639,-0.048236570436645,-0.0330109162638679,1.52497749734601,1.33132611434538,1.09627321067543,0.950766487281889,1.1603029827845,1.17550008551579,0,-0.0930309953194633,0.863684766259023,0.0931119069953467,-0.811138690761479,0.164004030274312,1.27008134505226,-0.111908222728241,-0.0998707974396848,-0.0692112518235939,-0.410266899197836,-1.38433934890509,-1.91880986810783,0.41724441800515,0.465289055770677,-0.767532904424768,-0.202993708003753,-0.0191459895266863,-0.303642030474405,-1.17332181098952,-2.7415390290559,0.508752131666208,-0.300986710514968,-0.527680489439249,-0.221822700612085
"1881",0,-0.346763866306412,-1.17387929654563,-2.50620159389084,0.108774140810285,1.86988254836228,0.17020566797156,-0.135962069060475,-0.0247411626405223,-0.640995384823577,-1.93416775881521,-2.90142927495448,1.13345756693153,1.29148053419773,-0.294464016843139,-0.1555961886108,-0.0445734002443183,0.986248904358571,0.41018678555814,1.05837374204791,1.43333321492626,1.24678870278565,-0.574697546273115,-0.0446179196067768,0.158392966225907,1.81411968551902,1.08838378637757,0.981304034653986,1.00657188464015,1.36852100217096,-0.650039470011399,-0.048236570436645,-0.0887427223330369,-0.639535815693025,-0.564830564504428,-1.47909877630812,0.112958055343679,1.1603029827845,-0.831486854781667,0,0.0517704771255214,-0.481588184154324,-0.984477210668762,-1.12171262543579,1.27280760797249,1.27008134505226,-0.111908222728241,-0.0998707974396848,-0.0692112518235939,-0.410266899197836,-1.38433934890509,-1.91880986810783,0.41724441800515,1.14027554013895,0.650872024724607,0.0131444451422531,-0.0191459895266863,-0.303642030474405,-1.33848605719427,-2.7415390290559,0.508752131666208,1.58965249581285,0.946889884802112,-0.177318504788345
"1882",0,-0.346763866306412,1.19060935609113,0.757106570942284,0.994701386553687,1.9997600676795,4.27664588980972,6.35571940742401,-0.0247411626405223,-0.640995384823577,0.633017159478461,0.573225755678888,0.290358455339444,1.62196283865197,3.19892920784239,2.77970488301997,-0.0445734002443183,-0.64361831509674,-1.45958800324114,-1.12999301782559,-0.526887708770123,1.24678870278565,1.11574673128727,-0.113860786417039,-0.0382639442739243,-0.759253601238671,-1.53139249135053,-1.56081868739673,0.530153365688954,0.700605947741373,-0.650039470011399,-0.048236570436645,-0.0330109162638679,-0.639535815693025,-1.2263086449194,-0.352373532002817,0.782595037246263,-0.881997446920094,-0.831486854781667,0,-0.0930309953194633,-0.481588184154324,-0.52265330309843,1.36287885195866,0.164004030274312,-1.48080674570224,-0.797595882078731,-0.0998707974396848,-0.0692112518235939,-0.410266899197836,0.550851699251816,1.19219966462977,-0.895344039415955,-1.55967039733413,-0.767532904424768,-0.202993708003753,-0.0191459895266863,-0.303642030474405,1.82924482116316,0.704487594782526,-2.26390404116519,-1.1603681679367,-0.527680489439249,-0.177318504788345
"1883",0,-0.346763866306412,0.760702328338993,0.529602394120106,0.994701386553687,0.707321950642927,-0.0671365591799556,-0.135962069060475,-0.0247411626405223,0.33995244374252,0.999757862091843,-1.41229140468304,-0.552740656252641,1.29148053419773,0.444635321258607,-0.1555961886108,-0.0445734002443183,2.13836033757054,0.41018678555814,-1.12999301782559,-0.233294924616092,1.24678870278565,1.11574673128727,-0.113860786417039,-0.0382639442739243,2.45746300720844,0.760911751661556,-0.71344444671316,0.530153365688954,0.955071053010942,0.443529453395639,-0.048236570436645,-0.0330109162638679,-0.33031962811602,0.532065252075134,0.452430213929543,-0.562776563038745,0.819919577833732,1.46221250555829,0,-0.0930309953194633,-1.05447420930798,-0.984477210668762,-1.12171262543579,-1.26160056962335,0.389671904234546,1.48802964908957,-0.0998707974396848,-0.0692112518235939,-0.410266899197836,-0.0868887979270363,-1.91880986810783,-1.83290722328817,0.634035676862745,0.853501300317375,-0.202993708003753,-0.0191459895266863,-0.303642030474405,1.02856038592245,0.7461182592044,0.904845870642121,1.58965249581285,0.313850969967843,-0.177318504788345
"1884",0,2.99694405524889,2.26537692547148,0.524013130597061,-0.334189482061415,0.252629557851842,-0.416428649433891,-0.135962069060475,-0.0247411626405223,-0.314012775301545,-0.467204948361685,-0.915912114592555,0.0795836774414227,1.29148053419773,-0.0480975708092236,-0.1555961886108,-0.0445734002443183,-0.741918245459386,-0.86731641820835,-0.119977590191666,0.779926240360802,0.452955374090734,-0.292956833346385,-0.113860786417039,-0.0382639442739243,-0.113519465691704,0.433439716945544,1.1507788827907,1.00657188464015,-0.301266633903012,-0.650039470011399,-0.048236570436645,-0.0330109162638679,-0.639535815693025,-1.2263086449194,-0.620243273762269,0.109909237103759,1.1603029827845,-0.258062014696678,0,-0.0930309953194633,-0.481588184154324,-0.984477210668762,-1.12171262543579,-0.344412068265827,0.926220333707951,0.80234198973908,-0.0998707974396848,-0.0692112518235939,0.0739739549704533,0.0230723224817513,-0.16886700594293,0.792269691554037,0.634035676862745,-0.0257246337232139,-0.202993708003753,-0.0191459895266863,2.7937310463969,2.02941592997334,0.0152822700148413,-1.01437860659908,-0.988491876452356,-0.527680489439249,-0.177318504788345
"1885",0,-0.346763866306412,0.189922870594794,0.0578262499066152,0.551737763681986,1.15424052136502,2.03760558135829,-0.135962069060475,-0.0247411626405223,-0.640995384823577,-0.100464245748303,-0.915912114592555,-0.34196587835462,1.29148053419773,2.90829978159776,-0.1555961886108,-0.0445734002443183,-0.741918245459386,-1.62956752949562,-1.12999301782559,-0.853591196052854,1.24678870278565,1.11574673128727,-0.113860786417039,-0.0382639442739243,-0.759253601238671,-0.548976387202492,1.1507788827907,0.530153365688954,1.03456347495617,-0.376647239159639,-0.048236570436645,-0.0330109162638679,-0.639535815693025,-0.746752127557253,1.07270657747955,0.950766487281889,0.139152767932202,-0.831486854781667,0,-0.0930309953194633,-0.604887536742808,-0.857263692870059,1.05230491728436,0.480805052473791,-1.48080674570224,-0.797595882078731,-0.0998707974396848,-0.133867149684986,-0.410266899197836,-0.856559972135023,0.418692843673991,-1.27036931296484,-1.55967039733413,-0.767532904424768,-0.202993708003753,-0.0191459895266863,-0.303642030474405,0.42804705949191,-0.214452838241053,-2.26390404116519,-1.1603681679367,-0.526591520564544,-0.177318504788345
"1886",0,-0.346763866306412,-1.17387929654563,-0.641454071129054,-0.334189482061415,-0.992685559626734,-0.416428649433891,-0.135962069060475,-0.0247411626405223,-0.640995384823577,-1.56742705620183,0.821415400724128,-0.34196587835462,-1.40155863315559,-0.540830462877054,-0.1555961886108,-0.111531751188364,-0.741918245459386,-0.60969037196874,1.56338145586488,-0.200184221487392,-1.29347794903808,-0.574697546273115,-0.113860786417039,-0.0382639442739243,-0.759253601238671,0.59717573430355,0.642354338380556,-0.740296018180913,-1.00409664115004,-0.650039470011399,-0.048236570436645,1.09051193092317,0.28811274703799,1.33132611434538,-0.352373532002817,0.950766487281889,-0.201230637018563,-0.831486854781667,0,2.99828810216341,3.89054890468905,1.47858362970634,0.431157047935746,1.27280760797249,0.582359322363638,-0.797595882078731,-0.0998707974396848,-0.0692112518235939,5.88486420498992,1.47767963084657,1.19219966462977,1.16729496510292,1.14027554013895,-0.595668163776849,-0.202993708003753,-0.0191459895266863,0.733571942094801,-0.372637375748804,-0.444187946496948,0.16470679317825,-0.816615584968009,-0.527680489439249,-0.177318504788345
"1887",0,-0.346763866306412,-1.17387929654563,-2.73929503423606,0.773219575117836,0.975330014615711,-0.416428649433891,-0.135962069060475,-0.0247411626405223,-0.640995384823577,-1.93416775881521,-2.65323962990924,1.13345756693153,-0.0550390494789284,-0.540830462877054,-0.1555961886108,-0.0445734002443183,-0.741918245459386,-1.62956752949562,0.89003783744226,0.943277984002168,-1.13471128329909,-0.574697546273115,-0.113860786417039,-0.0909846830221019,-0.759253601238671,-0.385240369844486,0.981304034653986,-1.21671453713211,0.700605947741373,0.17013722254388,-0.048236570436645,-0.0330109162638679,-0.33031962811602,1.17147394189133,-0.352373532002817,-1.40363381321687,1.1603029827845,0.315362825388311,0,0.33840156990397,1.5368742641332,1.47858362970634,0.586444015272899,0.480805052473791,1.27008134505226,-0.111908222728241,-0.0998707974396848,-0.0692112518235939,1.07361598381079,0.726778158175171,0.414447281445371,0.979782328328481,1.14027554013895,0.245613473539072,-0.202993708003753,-0.0191459895266863,-0.303642030474405,-1.17332181098952,-2.13621519815082,0.310705262178251,0.0427658724537265,-0.527680489439249,-0.177318504788345
"1888",0,-0.346763866306412,-1.17387929654563,-0.874547511474277,0.551737763681986,-0.992685559626734,-0.416428649433891,-0.135962069060475,-0.0247411626405223,-0.640995384823577,-1.01731600228176,1.06960504576937,-1.60661454574275,-1.40155863315559,-0.540830462877054,-0.1555961886108,-0.0445734002443183,-0.741918245459386,0.92012536432158,0.385030123625297,-1.18029468333559,-1.29347794903808,-0.0112161204196545,-0.113860786417039,-0.0382639442739243,1.81411968551902,0.924647769019562,-1.39134383926002,-1.53432688309958,0.533627184133976,3.17745176191323,-0.048236570436645,-0.0330109162638679,2.76184224765403,0.851769596983231,-0.835255779562232,-0.697091892939575,1.1603029827845,0.602075245430805,0,-0.0930309953194633,2.20895771667237,1.47858362970634,1.36287885195866,1.27280760797249,0.752258581872071,-0.797595882078731,-0.0998707974396848,-0.0692112518235939,-0.410266899197836,-0.657381359071411,-0.94661938912733,1.18176523918303,-1.01368198481485,-0.767532904424768,-0.202993708003753,-0.0191459895266863,-0.303642030474405,-1.17332181098952,-0.444187946496948,0.508752131666208,-1.1603681679367,-0.527680489439249,-0.177318504788345
"1889",0,-0.346763866306412,-1.17387929654563,-0.408360630783831,0.232216755654281,-0.992685559626734,-0.416428649433891,-0.148089836693626,-0.0247411626405223,-0.640995384823577,-1.93416775881521,0.821415400724128,0.0795836774414227,0.113275898480654,-0.540830462877054,-0.1555961886108,-0.0445734002443183,-0.741918245459386,-0.77966989822322,1.39504555125922,0.453222753078071,1.24678870278565,-0.0112161204196545,-0.113860786417039,-0.0909846830221019,-0.759253601238671,0.59717573430355,-0.0355450541663019,0.37134719270522,0.867584711348771,-0.650039470011399,-0.127688142002309,-0.0330109162638679,0.28811274703799,1.33132611434538,-0.352373532002817,0.446252137175011,0.819919577833732,0.602075245430805,0,-0.0930309953194633,3.55423066708572,1.47858362970634,1.36287885195866,1.27280760797249,1.27008134505226,1.03090454285591,0.036852732888811,-0.0692112518235939,2.01093737164361,0.0230723224817513,0.608885377241471,1.16729496510292,-0.884683912965861,-0.767532904424768,-0.202993708003753,-0.0191459895266863,-0.303642030474405,-1.17332181098952,-0.214452838241053,0.706799001154165,-1.1603681679367,-0.527680489439249,-0.177318504788345
"1890",0,-0.346763866306412,-0.0991117271652847,0.990200011287507,0.994701386553687,0.0807774808691453,-0.416428649433891,-0.135962069060475,-0.0247411626405223,-0.640995384823577,0.999757862091843,-0.667722469547314,0.0795836774414227,0.786535690318983,-0.540830462877054,-0.1555961886108,-0.0445734002443183,-0.741918245459386,0.24020725930366,0.721701932836606,0.656384635636118,0.0174990444324953,-0.574697546273115,-0.113860786417039,-0.0382639442739243,-1.22048936249396,-1.36765647399252,0.981304034653986,0.37134719270522,-1.13616045194,-0.650039470011399,-0.048236570436645,-0.0330109162638679,-0.639535815693025,-0.746752127557253,1.09627321067543,0.782595037246263,-0.881997446920094,-0.831486854781667,0,-0.0930309953194633,-0.481588184154324,0.862818419612568,-0.0944258442326138,-0.152796991925168,0.754289828035795,-0.569033328961901,-0.0998707974396848,-0.0692112518235939,-0.410266899197836,1.25455753494524,-1.14105748492343,-1.27036931296484,1.14027554013895,0.44824274913184,-0.202993708003753,-0.0191459895266863,-0.303642030474405,-0.0633617042694137,0.663349064459976,0.904845870642121,1.07402362135981,-0.281918760399022,-0.177318504788345
"1891",0,-0.346763866306412,-1.17387929654563,-2.50620159389084,0.773219575117836,-0.0981330258801679,-0.416428649433891,-0.135962069060475,-0.0247411626405223,-0.640995384823577,-1.93416775881521,-0.171343179456834,0.922682789033507,-1.40155863315559,1.18373465936035,0.822837501932791,-0.0445734002443183,-0.741918245459386,-0.26973131945978,1.39504555125922,-0.853591196052854,-0.499644620343163,3.93315386055457,-0.113860786417039,-0.0382639442739243,0.205761381295462,0.924647769019562,-0.205019902303017,-0.899102191164647,1.07089320241557,2.35727506935795,-0.048236570436645,-0.0330109162638679,2.45262606007703,1.33132611434538,1.09627321067543,0.950766487281889,1.1603029827845,1.17550008551579,0,-0.0930309953194633,0.19104829105235,0.247053209518791,0.12058311326144,0.79760607467327,1.27008134505226,-0.569033328961901,-0.0998707974396848,-0.0692112518235939,-0.410266899197836,-1.38433934890509,-1.91880986810783,0.792269691554037,0.127795813586543,-0.767532904424768,-0.202993708003753,-0.0191459895266863,-0.303642030474405,-1.17332181098952,-2.28206881254411,0.508752131666208,-0.644739293483662,-0.527680489439249,-0.177318504788345
"1892",0,-0.346763866306412,-0.743972268793493,0.0578262499066152,0.330255952246136,-0.992685559626734,-0.379472086877241,-0.135962069060475,-0.0247411626405223,0.33995244374252,0.816387510785152,0.325036110633647,1.13345756693153,-1.40155863315559,-0.540830462877054,-0.1555961886108,-0.0445734002443183,2.13836033757054,0.58016631181262,-0.961657113219938,1.43333321492626,-1.29347794903808,-0.574697546273115,-0.113860786417039,-0.0382639442739243,-0.759253601238671,-1.36765647399252,-0.882919294849875,1.00657188464015,-1.3031392155474,-0.650039470011399,-0.048236570436645,-0.0330109162638679,-0.639535815693025,-1.2263086449194,-0.513334281189288,0.446252137175011,-1.56276425682162,-0.831486854781667,0,-0.0930309953194633,-0.481588184154324,-0.984477210668762,0.275870080598593,0.322404541374051,-0.277293205997144,1.03090454285591,-0.0998707974396848,-0.0692112518235939,-0.410266899197836,-0.54924453909668,0.698727729951962,0.979782328328481,0.971528919046879,-0.159645077646464,-0.202993708003753,-0.0191459895266863,-0.303642030474405,-1.17332181098952,0.704487594782526,0.112658392690295,-0.644739293483662,-0.527680489439249,-0.177318504788345
"1893",0,-0.346763866306412,-0.108667686256296,0.290919690251838,-2.32752578498407,-0.992685559626734,-0.416428649433891,-0.135962069060475,-0.0247411626405223,-0.640995384823577,0.44964680817177,-0.171343179456834,-2.23893887943681,-1.40155863315559,-0.540830462877054,-0.1555961886108,-0.0445734002443183,-0.741918245459386,1.09010489057606,-0.385812116215188,-1.18029468333559,-1.29347794903808,-0.574697546273115,-0.113860786417039,-0.0382639442739243,0.849104702984884,1.08838378637757,-1.56081868739673,-1.53432688309958,-1.3031392155474,-0.650039470011399,-0.048236570436645,-0.0330109162638679,1.83419368492302,1.17147394189133,0.0163376819728949,0.614423587210637,-0.541614041969328,-0.831486854781667,0,-0.0930309953194633,1.87263947906903,1.47858362970634,1.36287885195866,0.133293983715605,1.27008134505226,-0.340470775845071,-0.0998707974396848,-0.0692112518235939,0.0739739549704533,1.43048399386859,1.19219966462977,-1.0828566761904,1.14027554013895,0.245613473539072,-0.325739869084138,-0.0191459895266863,-0.303642030474405,-0.372637375748804,0.474752486526631,0.67951831859692,1.07402362135981,-0.527680489439249,-0.177318504788345
"1894",0,-0.346763866306412,-1.17387929654563,-2.73929503423606,0.330255952246136,0.0807774808691453,-0.416428649433891,-0.242595392851429,-0.0247411626405223,-0.640995384823577,-1.75079740750852,-0.419532824502074,0.501133233237465,-0.89661378927684,-0.540830462877054,-0.293976852166632,-0.0445734002443183,-0.741918245459386,-0.77966989822322,1.56338145586488,-0.363535965128757,-1.29347794903808,-0.574697546273115,-0.113860786417039,-0.0382639442739243,-0.115910279549249,0.924647769019562,-0.0355450541663019,-1.53432688309958,-1.13616045194,-0.650039470011399,-0.048236570436645,-0.0330109162638679,1.52497749734601,1.39214877716913,-1.31813802712165,-0.899119463109996,1.1603029827845,0.8887876654733,0,-0.0930309953194633,2.20895771667237,1.47858362970634,0.741730982610052,1.27280760797249,0.926220333707951,-0.797595882078731,-0.0998707974396848,-0.0692112518235939,0.558214809138742,-0.140060397476298,0.608885377241471,1.16729496510292,0.23412652219812,-0.767532904424768,-0.202993708003753,-0.0191459895266863,-0.303642030474405,-1.17332181098952,-2.5118039208,0.508752131666208,-0.300986710514968,-0.527680489439249,-0.177318504788345
"1895",0,-0.346763866306412,0.760702328338993,0.757106570942284,0.994701386553687,0.0807774808691453,-0.416428649433891,-0.135962069060475,-0.0247411626405223,0.797244291406364,0.999757862091843,0.0768464655884069,0.0795836774414227,0.954850638278565,-0.294464016843139,-0.035372061985034,-0.0445734002443183,1.27427676266156,1.09010489057606,-0.212546271724888,0.289871009436705,1.1552738158065,0.834006018360537,-0.113860786417039,-0.0382639442739243,-0.759253601238671,0.269703699587538,1.1507788827907,1.00657188464015,1.36852100217096,0.17013722254388,-0.048236570436645,-0.0330109162638679,-0.639535815693025,-1.03562114011529,-0.996216528748704,-0.394605113003119,1.1603029827845,-0.258062014696678,0,-0.0930309953194633,-0.481588184154324,-0.984477210668762,-1.70218434791546,-0.786399036324126,1.27008134505226,0.435733812908747,-0.0998707974396848,-0.0692112518235939,-0.410266899197836,0.198998781405106,-1.52993367651563,-0.895344039415955,1.14027554013895,-0.159645077646464,-0.202993708003753,-0.0912709356995593,-0.303642030474405,0.828389277112268,0.93422270303842,0.904845870642121,1.07402362135981,-0.281918760399022,-0.177318504788345
"1896",0,-0.346763866306412,-0.958925782669563,-0.175267190438608,0.330255952246136,-0.992685559626734,-0.416428649433891,-0.135962069060475,-0.0525224841811277,-0.69411189196538,-0.650575299668376,1.06960504576937,-0.552740656252641,-1.233243685196,-0.540830462877054,-0.1555961886108,-0.0445734002443183,-0.741918245459386,0.92012536432158,0.89003783744226,-0.847519390536492,-1.17810684454463,-0.574697546273115,-0.113860786417039,-0.0598124768661009,-0.43758194039396,0.924647769019562,-0.374494750439731,-1.53432688309958,-1.3031392155474,-0.705161304990709,-0.048236570436645,-0.0330109162638679,-0.639535815693025,1.17147394189133,-0.352373532002817,-1.06729091314562,-0.711805744444711,-0.544774434739172,0,-0.0930309953194633,-0.481588184154324,1.3246423271829,1.36287885195866,1.27280760797249,1.27008134505226,1.54448809892943,4.95470122853544,-0.0692112518235939,-0.410266899197836,0.374925240328461,1.19219966462977,-0.163407582216987,-0.209697428597592,2.47453550505952,7.17468489811939,2.46988683472687,-0.303642030474405,-0.97315070217934,-0.673923054752843,0.508752131666208,1.58965249581285,2.6672219880837,1.57294565917274
"1897",0,-0.346763866306412,-1.17387929654563,-1.16674899080755,0.551737763681986,-0.277043532629481,-0.416428649433891,-0.135962069060475,-0.0247411626405223,2.62883071039675,-0.26519343368125,1.06960504576937,1.13345756693153,-0.391668945398093,-0.540830462877054,-0.1555961886108,-0.0445734002443183,0.122165329449593,-0.0997517932053001,1.56338145586488,1.43333321492626,-0.975944617560112,-0.574697546273115,-0.113860786417039,-0.0909846830221019,-0.759253601238671,-1.53139249135053,1.1507788827907,0.575705675784733,-1.3031392155474,-0.484765183608584,-0.048236570436645,-0.0330109162638679,-0.639535815693025,-1.2263086449194,0.774351712302486,-0.226433662967493,-1.56276425682162,-0.831486854781667,0,-0.0930309953194633,-0.481588184154324,-0.676594605621874,1.36287885195866,0.164004030274312,-1.48080674570224,-0.797595882078731,-0.0998707974396848,-0.0692112518235939,-0.410266899197836,-1.20841288998173,0.0191416193887688,0.41724441800515,-1.55967039733413,-0.767532904424768,-0.106035255806745,-0.0191459895266863,-0.303642030474405,-1.17332181098952,-1.13339327126463,0.706799001154165,-0.988491876452356,-0.527680489439249,-0.177318504788345
"1898",0,0.767805440878689,0.760702328338993,0.757106570942284,0.108774140810285,-0.634864546128108,-0.416428649433891,-0.135962069060475,-0.0247411626405223,1.97486549135268,0.391476423828845,-2.90142927495448,-0.763515434150662,0.954850638278565,-0.540830462877054,-0.1555961886108,-0.0445734002443183,1.56230462096456,-0.9496494244777,-1.12999301782559,0.00412399198714475,1.24678870278565,0.552265305433806,-0.113860786417039,-0.0382639442739243,-0.115910279549249,0.433439716945544,-0.285253152393445,-0.10507132624598,0.742672259200938,1.26370614595092,-0.048236570436645,-0.0330109162638679,-0.488084477994363,-1.06645647246535,-0.67429503037576,-0.899119463109996,-0.0310389345431809,1.46221250555829,0,-0.0930309953194633,-0.481588184154324,-0.876062552157196,-1.12171262543579,-1.26160056962335,-0.793084723013613,1.7165922022064,-0.0998707974396848,-0.0692112518235939,-0.410266899197836,-0.328780595364958,-1.72437177231173,-1.83290722328817,0.127795813586543,0.853501300317375,-0.120973450512228,-0.0191459895266863,-0.303642030474405,0.628218168302089,0.245017378270736,0.508752131666208,0.730271038391115,0.0889550332830048,-0.177318504788345
"1899",0,-0.346763866306412,-0.529018754917424,0.0578262499066152,1.20082655513986,0.975330014615711,-0.416428649433891,-0.135962069060475,-0.0247411626405223,-0.640995384823577,0.633017159478461,0.821415400724128,0.922682789033507,1.29148053419773,-0.294464016843139,-0.1555961886108,-0.0445734002443183,-0.741918245459386,-0.359395894772381,-0.793321208614283,1.10662972764353,1.24678870278565,2.80619100884765,2.19433177352249,-0.0382639442739243,-0.759253601238671,-1.53139249135053,-0.43019824114857,1.00657188464015,1.03456347495617,1.81049060765444,-0.048236570436645,-0.0539306280597664,-0.639535815693025,-1.2263086449194,-1.15717727793518,0.614423587210637,-0.201230637018563,-0.831486854781667,0,-0.0930309953194633,-0.481588184154324,-0.984477210668762,-0.811138690761479,1.27280760797249,-0.621154217341457,-0.797595882078731,-0.0998707974396848,-0.0692112518235939,-0.410266899197836,-1.067576924621,0.342831888840416,0.604757054779594,-1.55967039733413,-0.767532904424768,-0.202993708003753,-0.0191459895266863,-0.303642030474405,-0.572808484558983,0.93422270303842,-1.66976343270132,-1.1603681679367,-0.527680489439249,-0.177318504788345
"1900",0,-0.346763866306412,-0.314065241041354,-0.408360630783831,0.108774140810285,2.17551925790638,4.27664588980972,4.50095327128558,-0.0247411626405223,-0.640995384823577,0.816387510785152,-0.142017246364007,0.290358455339444,0.786535690318983,3.40103267366559,6.69343964519434,-0.0445734002443183,-0.741918245459386,-1.11962895073218,-1.12999301782559,-1.18029468333559,-0.0233446231262145,3.65141314762784,4.50252433346203,-0.0382639442739243,-0.759253601238671,-1.09871033657416,-0.205019902303017,-0.263877499229713,1.03456347495617,1.81049060765444,-0.048236570436645,-0.0330109162638679,-0.6566355538919,-0.427047782649156,1.09627321067543,0.950766487281889,0.897161023094873,0.315362825388311,0,0.194069442902579,-0.481588184154324,-0.984477210668762,-0.0347038540757136,1.27280760797249,-0.793084723013613,-0.91931011468717,-0.0998707974396848,-0.0692112518235939,-0.410266899197836,-1.38433934890509,0.414447281445371,0.792269691554037,-1.32017578118063,-0.767532904424768,-0.202993708003753,-0.0191459895266863,-0.303642030474405,-0.572808484558983,0.252923354651311,-1.2736696937254,-1.1603681679367,-0.527680489439249,0.0338824002158536
"1901",0,-0.346763866306412,0.330795300586854,0.290919690251838,-2.54900759641992,-0.992685559626734,0.463522826674285,7.28310247549322,-0.0247411626405223,-0.640995384823577,0.816387510785152,-1.1641017596378,-2.23893887943681,-0.89661378927684,1.48324565024187,6.69343964519434,-0.0445734002443183,-0.741918245459386,1.09010489057606,0.89003783744226,-0.200184221487392,0.929255371307683,1.73512782217312,2.51728114972899,-0.0382639442739243,-0.735024751617577,-0.548976387202492,0.472879490243842,1.00657188464015,0.700605947741373,-0.650039470011399,-0.048236570436645,-0.0330109162638679,-0.639535815693025,-1.2263086449194,-1.15717727793518,0.614423587210637,-1.22238085187086,-0.831486854781667,0,-0.0930309953194633,-0.481588184154324,-0.984477210668762,0.275870080598593,0.375911631120836,-1.48080674570224,-0.797595882078731,-0.0998707974396848,-0.0692112518235939,-0.410266899197836,-1.03248643105838,0.608885377241471,-1.64539458651373,-1.55967039733413,-0.767532904424768,-0.310057362627844,-0.0191459895266863,-0.303642030474405,0.42804705949191,-1.59286348777642,-2.26390404116519,-0.657548790055022,-0.0658787667795179,-0.177318504788345
"1902",0,-0.346763866306412,-0.958925782669563,-0.175267190438608,0.994701386553687,1.69097204161296,0.17020566797156,-0.135962069060475,-0.0247411626405223,-0.222686615548601,0.633017159478461,0.821415400724128,0.0795836774414227,1.29148053419773,0.937368213326437,-0.1555961886108,-0.0445734002443183,1.11432010513448,0.7501458380671,-0.793321208614283,0.12651926579534,1.08802203704667,-0.292956833346385,-0.113860786417039,-0.0382639442739243,1.81411968551902,1.08838378637757,0.472879490243842,1.00657188464015,1.36852100217096,1.81049060765444,-0.048236570436645,-0.0330109162638679,-0.639535815693025,-0.746752127557253,-0.352373532002817,-0.226433662967493,1.1603029827845,1.46221250555829,0,-0.0930309953194633,-0.481588184154324,-0.984477210668762,-1.12171262543579,0.79760607467327,1.09815083938011,-0.569033328961901,-0.0998707974396848,-0.0692112518235939,-0.410266899197836,-1.38433934890509,-0.699384182438112,1.16729496510292,-0.884683912965861,-0.767532904424768,-0.202993708003753,-0.0191459895266863,-0.635102638157456,-1.17332181098952,-0.214452838241053,0.310705262178251,-1.1603681679367,-0.527680489439249,-0.177318504788345
"1903",0,-0.346763866306412,0.330795300586854,0.990200011287507,0.994701386553687,2.0582938808954,3.10337725499881,-0.135962069060475,-0.0247411626405223,-0.640995384823577,-1.20068635358845,-0.667722469547314,0.12805845382582,1.29148053419773,0.937368213326437,-0.1555961886108,-0.0445734002443183,-0.741918245459386,-1.62956752949562,-1.12999301782559,-0.200184221487392,0.611722039829717,-0.574697546273115,-0.113860786417039,-0.0382639442739243,-0.759253601238671,-1.53139249135053,-0.882919294849875,0.530153365688954,0.19966965691918,-0.650039470011399,-0.048236570436645,-0.0330109162638679,-0.639535815693025,0.0525087347129891,1.09627321067543,0.950766487281889,1.1603029827845,1.74892492560078,0,-0.0930309953194633,-0.481588184154324,-0.214770698051542,1.36287885195866,0.00560351917457189,-0.793084723013613,-0.189626395259458,-0.0998707974396848,-0.0692112518235939,-0.410266899197836,-0.856559972135023,0.608885377241471,-1.64539458651373,-1.55967039733413,-0.767532904424768,-0.202993708003753,-0.0191459895266863,-0.303642030474405,0.828389277112268,-0.903658163008738,-2.26390404116519,-1.1603681679367,-0.527680489439249,-0.177318504788345
"1904",0,1.88237474806379,1.4055628699672,0.290919690251838,0.108774140810285,-0.634864546128108,-0.567445958439866,-0.135962069060475,0.00131510914950845,0.0129698342204877,-0.650575299668376,-1.66048104972828,0.922682789033507,-0.566349001307675,-0.540830462877054,-0.1555961886108,-0.0445734002443183,-0.741918245459386,-1.62956752949562,0.385030123625297,1.43333321492626,-0.975944617560112,-0.574697546273115,-0.113860786417039,0.0337041416019022,0.527433042140173,1.08838378637757,0.811829186517271,-1.05790836414838,-1.3031392155474,-0.650039470011399,-0.048236570436645,-0.0330109162638679,-0.0211034405390152,0.691917424529183,1.09627321067543,0.614423587210637,0.273326508262487,-0.831486854781667,0,-0.0930309953194633,-0.481588184154324,-0.984477210668762,-0.966425658098632,-0.311197503024907,1.09815083938011,0.116654330388589,-0.0998707974396848,-0.0692112518235939,-0.410266899197836,-1.20841288998173,-1.91880986810783,-0.292113160446472,0.634035676862745,0.44824274913184,-0.202993708003753,-0.0191459895266863,3.82618873868734,1.4289026035428,0.704487594782526,0.904845870642121,0.902147329875462,-0.281918760399022,-0.177318504788345
"1905",0,1.88237474806379,1.83546989771934,0.990200011287507,-0.334189482061415,-0.813775052877421,-0.416428649433891,-0.135962069060475,-0.0247411626405223,2.95581331991878,0.816387510785152,-0.915912114592555,0.922682789033507,0.113275898480654,-0.540830462877054,-0.1555961886108,0.188762392482701,1.56230462096456,-0.77966989822322,-1.12999301782559,0.616574496719437,0.611722039829717,-0.574697546273115,-0.0749513318671894,-0.0382639442739243,-0.759253601238671,-1.53139249135053,-1.56081868739673,0.212541019721487,1.20154223856357,-0.650039470011399,-0.048236570436645,-0.0330109162638679,-0.639535815693025,-1.2263086449194,-0.311438136460175,0.950766487281889,-0.371422339493946,-0.831486854781667,0,-0.0930309953194633,-0.481588184154324,-0.984477210668762,0.12058311326144,1.27280760797249,-0.793084723013613,-0.797595882078731,-0.0998707974396848,-0.0692112518235939,-0.410266899197836,-0.152854136441604,1.19219966462977,0.136217565742402,-0.884683912965861,-0.564903628832,-0.202993708003753,-0.0191459895266863,1.76127335410647,2.02941592997334,1.29082752834402,0.904845870642121,1.58965249581285,3.15874544616415,0.697813577192196
"1906",0,-0.388950311757457,-1.17387929654563,-1.57382783250995,0.108774140810285,-0.105169062068056,-0.416428649433891,-0.135962069060475,-0.0247411626405223,-0.640995384823577,-1.56742705620183,1.06960504576937,0.711908011135486,-0.223353997438511,-0.540830462877054,-0.1555961886108,-0.0445734002443183,-0.741918245459386,-0.26973131945978,1.56338145586488,-0.853591196052854,-1.29347794903808,-0.574697546273115,-0.113860786417039,-0.0382639442739243,-0.759253601238671,0.133489384233108,-0.374494750439731,-1.53432688309958,-1.3031392155474,-0.650039470011399,-0.049335153206293,-0.0330109162638679,0.0617260230565016,1.17147394189133,0.774351712302486,0.950766487281889,1.1603029827845,0.602075245430805,0,-0.0930309953194633,-0.145269946550987,1.47858362970634,1.36287885195866,0.63920556357353,-0.4492237116693,2.40227986155689,-0.0998707974396848,-0.0692112518235939,-0.162546245264975,0.374925240328461,1.19219966462977,-0.34117420124292,-0.378444049689659,2.47453550505952,1.02661939301677,-0.0191459895266863,-0.303642030474405,-0.97315070217934,-0.903658163008738,0.508752131666208,1.58965249581285,1.92993680096302,0.657831732986663
"1907",0,-0.346763866306412,-1.17387929654563,-2.50620159389084,-0.112707670625565,0.796419507866398,-0.416428649433891,-0.135962069060475,-0.0247411626405223,-0.640995384823577,-1.93416775881521,-1.41229140468304,1.13345756693153,1.12316558623815,-0.540830462877054,-0.1555961886108,-0.0445734002443183,0.410193187752585,0.58016631181262,1.56338145586488,1.43333321492626,0.452955374090734,-0.582782047817272,-0.113860786417039,-0.0382639442739243,0.205761381295462,0.315009822684656,0.133929793970413,1.00657188464015,0.366648420526578,-0.650039470011399,-0.048236570436645,-0.0330109162638679,-0.639535815693025,-1.2263086449194,-0.835255779562232,0.950766487281889,0.479536172882967,-0.831486854781667,0,-0.0930309953194633,-0.481588184154324,-0.984477210668762,-1.12171262543579,1.27280760797249,0.926220333707951,-0.797595882078731,-0.0998707974396848,-0.0692112518235939,-0.410266899197836,-1.38433934890509,-1.91880986810783,1.16729496510292,1.14027554013895,0.0168401002185025,-0.202993708003753,-0.0191459895266863,-0.303642030474405,-1.17332181098952,-2.7415390290559,0.112658392690295,1.07402362135981,0.946889884802112,-0.177318504788345
"1908",0,-0.346763866306412,-0.529018754917424,0.524013130597061,0.994701386553687,1.51206153486365,-0.416428649433891,-0.135962069060475,-0.0247411626405223,-0.640995384823577,0.816387510785152,0.0288163734929907,0.711908011135486,1.29148053419773,-0.540830462877054,-0.1555961886108,-0.0445734002443183,0.698221046055578,0.0702277330491799,-1.12999301782559,0.943277984002168,0.294188708351751,-0.574697546273115,-0.113860786417039,-0.0382639442739243,-0.759253601238671,-1.04018443927651,-0.205019902303017,1.00657188464015,0.616167383513866,-0.376647239159639,-0.048236570436645,-0.0330109162638679,-0.639535815693025,0.851769596983231,1.09627321067543,0.950766487281889,1.1603029827845,2.03563734564328,0,-0.0930309953194633,-0.481588184154324,-0.368712000574986,1.05230491728436,0.164004030274312,-0.621154217341457,-0.569033328961901,-0.0998707974396848,-0.0692112518235939,-0.410266899197836,-1.03248643105838,1.19219966462977,-1.0828566761904,-1.55967039733413,-0.767532904424768,-0.202993708003753,-0.0191459895266863,-0.303642030474405,-0.572808484558983,0.704487594782526,-2.26390404116519,-1.1603681679367,-0.527680489439249,-0.210567875624415
"1909",0,-0.346763866306412,-1.17387929654563,-2.04001471320039,-0.112707670625565,1.86988254836228,1.05015714407974,-0.135962069060475,-0.0247411626405223,-0.640995384823577,-1.93416775881521,-0.171343179456834,1.13345756693153,1.29148053419773,0.691001767292522,-0.1555961886108,-0.0445734002443183,-0.193078500853741,0.58016631181262,1.56338145586488,1.43333321492626,0.929255371307683,-0.574697546273115,-0.113860786417039,-0.0382639442739243,0.205761381295462,0.271330941261288,0.472879490243842,1.00657188464015,0.700605947741373,-0.650039470011399,-0.048236570436645,-0.0330109162638679,-0.639535815693025,-1.2263086449194,-0.0304520336298728,0.950766487281889,-0.0310389345431809,-0.831486854781667,0,-0.0930309953194633,-0.403559860012539,-0.984477210668762,0.741730982610052,1.27280760797249,0.238498311019326,-0.897667992572465,-0.0998707974396848,-0.0692112518235939,-0.410266899197836,-1.38433934890509,-0.16886700594293,1.16729496510292,0.29654243467861,-0.767532904424768,-0.202993708003753,-0.0191459895266863,-0.303642030474405,-1.17332181098952,-1.59286348777642,0.310705262178251,0.214642163938074,-0.527680489439249,-0.177318504788345
"1910",0,0.767805440878689,0.760702328338993,0.757106570942284,0.994701386553687,0.438598494367772,-0.416428649433891,-0.135962069060475,-0.0247411626405223,1.64788288183065,0.999757862091843,0.0768464655884069,1.13345756693153,-0.0550390494789284,-0.540830462877054,-0.1555961886108,-0.0445734002443183,-0.741918245459386,-1.28960847698666,-1.12999301782559,1.43333321492626,0.232575792795267,-0.574697546273115,-0.113860786417039,-0.0382639442739243,-0.43758194039396,-0.555775722320932,0.472879490243842,1.00657188464015,0.366648420526578,-0.376647239159639,-0.048236570436645,-0.0330109162638679,0.597328934614995,1.33132611434538,1.09627321067543,0.950766487281889,1.1603029827845,2.32234976568577,0,-0.0930309953194633,-0.481588184154324,-0.0888152846436436,1.36287885195866,-0.42009932055262,-0.793084723013613,-0.340470775845071,-0.0998707974396848,-0.0692112518235939,-0.410266899197836,0.0758311134306877,1.19219966462977,-1.83290722328817,-1.55967039733413,-0.473162530270364,-0.202993708003753,-0.0191459895266863,-0.303642030474405,1.62907371235298,-0.214452838241053,-2.26390404116519,-1.1603681679367,-0.527680489439249,-0.177318504788345
"1911",0,-0.346763866306412,0.330795300586854,0.757106570942284,-0.920359321849364,-0.992685559626734,-0.27144242690988,-0.135962069060475,-0.0247411626405223,-0.314012775301545,0.816387510785152,0.0768464655884069,0.922682789033507,-1.40155863315559,-0.540830462877054,-0.1555961886108,-0.0445734002443183,0.122165329449593,0.92012536432158,-0.961657113219938,0.779926240360802,-0.975944617560112,-0.574697546273115,-0.113860786417039,-0.0382639442739243,-0.759253601238671,0.269703699587538,-1.56081868739673,-0.0243177685404292,-0.802202924725205,-0.650039470011399,-0.048236570436645,-0.0330109162638679,-0.639535815693025,-1.2263086449194,-1.31813802712165,0.614423587210637,-1.39257255434624,-0.831486854781667,0,-0.0930309953194633,-0.789776996820657,-0.984477210668762,-0.0347038540757136,0.63920556357353,-1.48080674570224,-0.797595882078731,1.51935260149458,-0.0692112518235939,-0.410266899197836,-0.152854136441604,1.19219966462977,1.16729496510292,1.14027554013895,2.06927695387398,3.48584559505782,-0.0191459895266863,-0.303642030474405,0.027704841871553,0.0152822700148413,-0.679529085261532,0.214642163938074,2.65347056790851,2.44807774115328
"1912",0,-0.346763866306412,-1.17387929654563,-0.874547511474277,0.551737763681986,-0.455954039378794,0.756839985377011,-0.135962069060475,-0.0247411626405223,-0.640995384823577,-1.75079740750852,0.821415400724128,-0.552740656252641,0.0697175996657196,1.9228339974621,-0.1555961886108,-0.0445734002443183,-0.741918245459386,-0.122297688090024,0.89003783744226,-1.01694293969422,1.08802203704667,0.552265305433806,-0.113860786417039,-0.0382639442739243,1.0364486540139,1.08838378637757,-0.696243824980021,-0.740296018180913,1.36852100217096,0.443529453395639,-0.048236570436645,-0.0330109162638679,2.76184224765403,1.33132611434538,0.660603170036216,0.950766487281889,1.1603029827845,2.03563734564328,0,-0.0930309953194633,0.863684766259023,0.418678266170057,0.897017949947205,1.27280760797249,-0.105362700324987,-0.569033328961901,-0.0998707974396848,-0.0692112518235939,-0.410266899197836,-1.38433934890509,-0.75218129333123,0.792269691554037,-1.55967039733413,-0.767532904424768,-0.202993708003753,-0.0912709356995593,-0.303642030474405,-1.17332181098952,-0.214452838241053,-0.679529085261532,-1.1603681679367,-0.527680489439249,-0.177318504788345
"1913",0,1.88237474806379,1.83546989771934,0.990200011287507,0.551737763681986,-0.634864546128108,-0.416428649433891,-0.135962069060475,-0.0247411626405223,2.30184810087471,0.999757862091843,-1.66048104972828,0.290358455339444,0.449905794399818,-0.540830462877054,-0.1555961886108,-0.0445734002443183,-0.1658625288534,0.24020725930366,-1.12999301782559,0.12651926579534,1.24678870278565,-0.574697546273115,-0.113860786417039,-0.0382639442739243,-0.759253601238671,-1.53139249135053,-1.56081868739673,-0.422683672213447,1.36852100217096,-0.488877887969307,-0.048236570436645,-0.0539306280597664,-0.639535815693025,-1.2263086449194,-1.31813802712165,0.446252137175011,0.139152767932202,-0.831486854781667,0,-0.0930309953194633,-0.481588184154324,-0.984477210668762,-0.34527778875002,1.27280760797249,-0.621154217341457,-0.797595882078731,-0.0998707974396848,-0.195155509897592,-0.410266899197836,-0.152854136441604,1.19219966462977,0.604757054779594,-0.209697428597592,0.564367663252987,1.02661939301677,-0.0191459895266863,1.76127335410647,2.02941592997334,0.93422270303842,0.904845870642121,1.07402362135981,2.17569853000325,0.697813577192196
"1914",0,1.43182301013635,1.4055628699672,0.290919690251838,0.994701386553687,1.86988254836228,0.756839985377011,-0.135962069060475,-0.0247411626405223,3.28279592944081,0.999757862091843,1.06960504576937,0.0795836774414227,-0.0550390494789284,0.691001767292522,-0.1555961886108,-0.0445734002443183,3.8665274873885,0.58016631181262,-1.41474830627572,-1.18029468333559,-1.29347794903808,-0.574697546273115,-0.113860786417039,-0.0382639442739243,1.61306326184501,0.760911751661556,-1.56081868739673,-1.53432688309958,-1.3031392155474,-0.538062951387671,-0.048236570436645,-0.0330109162638679,-0.33031962811602,1.17147394189133,-0.513334281189288,-1.73997671328813,-1.42914740793752,-0.831486854781667,0,-0.0930309953194633,-0.358010364944509,0.0931119069953467,1.20759188462151,-1.26160056962335,-1.48080674570224,-0.797595882078731,-0.0998707974396848,-0.0692112518235939,-0.410266899197836,0.0230723224817513,1.19219966462977,-1.83290722328817,-1.55967039733413,-0.767532904424768,-0.202993708003753,-0.0191459895266863,1.20935908521452,2.02941592997334,0.0152822700148413,-2.26390404116519,-1.1603681679367,-0.527680489439249,-0.177318504788345
"1915",0,-0.346763866306412,-0.958925782669563,0.290919690251838,0.108774140810285,1.51206153486365,1.63679146148519,-0.135962069060475,-0.0247411626405223,-0.640995384823577,-1.01731600228176,0.0768464655884069,-0.34196587835462,1.29148053419773,-0.0480975708092236,-0.1555961886108,-0.0445734002443183,-0.758090068177,-1.62956752949562,-1.12999301782559,-0.690239452411488,0.7704887055687,-0.574697546273115,-0.113860786417039,-0.0909846830221019,-0.759253601238671,-1.53139249135053,-1.56081868739673,0.0537348467377536,-0.134287870295615,-0.650039470011399,-0.048236570436645,-0.0330109162638679,-0.639535815693025,-0.107343437741059,1.09627321067543,0.950766487281889,0.350148779017104,-0.544774434739172,0,-0.0930309953194633,-0.481588184154324,0.400994512042235,1.05230491728436,1.27280760797249,0.410428816691482,-0.795569981294098,-0.0998707974396848,-0.0692112518235939,-0.410266899197836,-1.38433934890509,0.997761568833671,-0.895344039415955,-1.55967039733413,-0.767532904424768,-0.202993708003753,-0.0191459895266863,-0.303642030474405,-0.97315070217934,-0.289156712161824,-1.86781030218927,-1.1603681679367,-0.527680489439249,-0.26539969219383
"1916",0,-0.346763866306412,-1.17387929654563,-1.34073439216472,0.994701386553687,-0.992685559626734,-0.416428649433891,-0.135962069060475,-0.0525224841811277,-0.823648060975415,-1.93416775881521,0.573225755678888,0.348716317744721,-1.40155863315559,-0.540830462877054,-0.1555961886108,-0.0445734002443183,-0.741918245459386,-0.9496494244777,1.56338145586488,-0.690239452411488,-1.29347794903808,-0.574697546273115,-0.113860786417039,-0.0382639442739243,-0.759253601238671,0.433439716945544,0.303404642107127,-1.05790836414838,-1.3031392155474,-0.650039470011399,-0.048236570436645,-0.0330109162638679,0.597328934614995,1.33132611434538,0.25615138127643,0.950766487281889,-0.371422339493946,-0.831486854781667,0,2.99828810216341,4.56318537989573,1.47858362970634,0.897017949947205,1.27280760797249,0.926220333707951,0.116654330388589,-0.0998707974396848,-0.0692112518235939,3.94790078831677,1.25455753494524,0.997761568833671,1.16729496510292,0.971528919046879,-0.163148986657656,-0.202993708003753,-0.0191459895266863,-0.303642030474405,-1.17332181098952,-1.36312837952053,0.706799001154165,-1.1603681679367,-0.527680489439249,-0.177318504788345
"1917",0,-0.346763866306412,-0.743972268793493,0.757106570942284,0.299053289713784,0.796419507866398,4.27664588980972,1.71880406707795,-0.0247411626405223,-0.640995384823577,-0.100464245748303,1.06960504576937,1.13345756693153,1.29148053419773,1.67646755142818,-0.1555961886108,-0.0445734002443183,-0.1658625288534,1.09010489057606,0.721701932836606,-0.363535965128757,-0.975944617560112,-0.771369686517146,-0.113860786417039,-0.0382639442739243,3.10080632889786,0.924647769019562,-0.882919294849875,-1.21671453713211,-1.3031392155474,-0.650039470011399,-0.048236570436645,-0.0330109162638679,0.906545122192,1.33132611434538,1.09627321067543,0.782595037246263,-0.711805744444711,-0.831486854781667,0,-0.0930309953194633,-0.481588184154324,-0.676594605621874,-0.0347038540757136,1.27280760797249,0.410428816691482,-0.797595882078731,-0.0998707974396848,-0.0692112518235939,-0.410266899197836,-1.17996575331774,-1.33549558071953,1.16729496510292,0.127795813586543,-0.767532904424768,-0.202993708003753,-0.0191459895266863,-0.303642030474405,-0.372637375748804,0.704487594782526,0.412243186619344,-0.816615584968009,-0.527680489439249,-0.0308247221357946
"1918",0,-0.346763866306412,0.288427884638719,-0.175267190438608,-2.54900759641992,-0.992685559626734,-0.411740936570389,-0.135962069060475,-0.0247411626405223,-0.640995384823577,0.266276456865079,-0.419532824502074,-2.23893887943681,-1.48329002019626,-0.540830462877054,-0.1555961886108,-0.0445734002443183,-0.453890387156393,0.7501458380671,-0.119977590191666,-1.5788553228224,-1.29347794903808,-0.574697546273115,-0.113860786417039,-0.0382639442739243,0.527433042140173,1.01025369888237,-0.374494750439731,-0.740296018180913,-0.627539255740298,-0.650039470011399,-0.048236570436645,-0.0330109162638679,0.688761695227321,1.33132611434538,1.09627321067543,0.950766487281889,0.990111280309114,-0.258062014696678,0,-0.0930309953194633,0.19104829105235,1.47858362970634,1.20759188462151,0.79760607467327,1.27008134505226,0.80234198973908,-0.0998707974396848,-0.0692112518235939,0.0739739549704533,1.2177354871421,0.803323473037571,-0.332806129092624,1.14027554013895,-0.159645077646464,-0.202993708003753,-0.0191459895266863,-0.303642030474405,0.227875950681732,0.704487594782526,0.904845870642121,0.634235148581165,-0.527680489439249,-0.177318504788345
"1919",0,-0.708127407274753,-0.958925782669563,-1.1076409518195,0.551737763681986,1.15424052136502,-0.416428649433891,-0.135962069060475,-0.0247411626405223,-0.640995384823577,0.44964680817177,-0.171343179456834,0.290358455339444,0.954850638278565,-0.540830462877054,-0.1555961886108,-0.0445734002443183,1.85033247926755,1.09010489057606,0.89003783744226,1.10662972764353,0.437652213919556,-0.574697546273115,-0.113860786417039,-0.0382639442739243,0.440721429423726,-0.876448421918504,-1.2218689911233,-0.364858260448802,0.450198569429901,-0.650039470011399,-0.048236570436645,-0.0330109162638679,-0.639535815693025,-1.2263086449194,-1.47909877630812,-1.23546236318125,0.990111280309114,-0.831486854781667,0,-0.0930309953194633,-0.481588184154324,-0.984477210668762,-1.12171262543579,-0.786399036324126,1.27008134505226,-0.797595882078731,-0.0998707974396848,-0.0692112518235939,-0.410266899197836,-1.38433934890509,-1.91880986810783,0.792269691554037,-0.378444049689659,-0.767532904424768,-0.202993708003753,-0.0191459895266863,-0.303642030474405,-0.772979593369162,-0.635657745129701,-0.0853884767976621,-0.988491876452356,-0.527680489439249,-0.177318504788345
"1920",0,-0.346763866306412,-0.743972268793493,0.0578262499066152,0.994701386553687,-0.277043532629481,-0.416428649433891,-0.135962069060475,-0.0247411626405223,-0.314012775301545,0.44964680817177,0.821415400724128,0.0795836774414227,0.618220742359401,-0.540830462877054,-0.1555961886108,-0.0445734002443183,0.172875424443849,1.09010489057606,0.216694219019643,-0.526887708770123,1.24678870278565,-0.574697546273115,-0.113860786417039,-0.0382639442739243,-0.115910279549249,-0.712712404560498,-1.56081868739673,-0.58148984519718,0.867584711348771,-0.650039470011399,-0.048236570436645,-0.0330109162638679,-0.639535815693025,-1.2263086449194,-1.47909877630812,0.109909237103759,-0.1177270916065,-0.831486854781667,0,-0.0930309953194633,-0.481588184154324,-0.853838059485117,-0.0347038540757136,1.27280760797249,-0.105362700324987,-0.569033328961901,-0.0998707974396848,0.238031441305794,-0.410266899197836,-1.20841288998173,1.19219966462977,1.16729496510292,1.14027554013895,1.66401840268845,-0.202993708003753,-0.115134277125818,-0.303642030474405,-0.772979593369162,-0.903658163008738,-1.2736696937254,0.968564707496276,2.6672219880837,-0.177318504788345
"1921",0,1.57049561342732,1.4055628699672,0.757106570942284,-0.334189482061415,-0.603807324144636,-0.416428649433891,-0.135962069060475,-0.0247411626405223,0.666935053264552,0.633017159478461,-0.915912114592555,1.13345756693153,-0.223353997438511,-0.540830462877054,-0.1555961886108,-0.0445734002443183,-0.741918245459386,-1.62956752949562,-0.793321208614283,1.43333321492626,0.294188708351751,-0.574697546273115,-0.113860786417039,-0.0382639442739243,-0.759253601238671,-1.20392045663452,1.1507788827907,1.00657188464015,0.19966965691918,-0.650039470011399,-0.048236570436645,-0.0330109162638679,-0.639535815693025,-0.988933865998096,-0.191412782816345,0.446252137175011,0.819919577833732,-0.258062014696678,0,-0.0930309953194633,-0.481588184154324,-0.984477210668762,-1.12171262543579,-0.944799547423866,0.450192596162974,1.03090454285591,-0.0998707974396848,-0.0692112518235939,0.558214809138742,0.198998781405106,-0.36330510173903,-0.332806129092624,0.465289055770677,1.46138912709568,-0.202993708003753,-0.0191459895266863,1.76127335410647,1.02856038592245,0.474752486526631,0.508752131666208,0.558394746906768,0.209604697681432,-0.177318504788345
"1922",0,-0.346763866306412,-1.17387929654563,-2.04001471320039,0.773219575117836,-0.277043532629481,-0.416428649433891,-0.135962069060475,-0.0247411626405223,-0.840618843639308,-1.81596293457972,0.325036110633647,-0.34196587835462,-1.40155863315559,-0.163024031663818,-0.1555961886108,-0.0445734002443183,-0.578978425138292,-0.26973131945978,0.89003783744226,-1.18029468333559,-0.182111288865197,0.552265305433806,-0.113860786417039,0.0337041416019022,0.527433042140173,0.760911751661556,-1.05239414298659,-1.53432688309958,1.20154223856357,0.716921684247398,-0.048236570436645,-0.0330109162638679,2.76184224765403,1.33132611434538,1.09627321067543,0.950766487281889,1.1603029827845,2.03563734564328,0,-0.0930309953194633,1.36562653035491,0.400994512042235,0.275870080598593,0.79760607467327,0.582359322363638,-0.797595882078731,-0.0998707974396848,-0.0692112518235939,-0.410266899197836,-1.38433934890509,-1.91880986810783,0.41724441800515,-0.378444049689659,-0.767532904424768,-0.202993708003753,-0.0912709356995593,-0.303642030474405,-1.17332181098952,-2.28206881254411,0.904845870642121,-0.644739293483662,-0.527680489439249,-0.177318504788345
"1923",0,-0.346763866306412,0.545748814462924,0.524013130597061,-0.555671293497266,-0.992685559626734,-0.416428649433891,-0.135962069060475,-0.0247411626405223,0.172184626952365,0.816387510785152,0.0768464655884069,1.13345756693153,-0.89661378927684,-0.540830462877054,-0.1555961886108,-0.0445734002443183,-0.453890387156393,-1.11962895073218,-1.12999301782559,0.12651926579534,-0.658411286082146,-0.574697546273115,-0.113860786417039,-0.0382639442739243,-0.838837721582527,-1.78604493017155,-1.56081868739673,-0.10507132624598,-0.46824539751041,-0.650039470011399,-0.049335153206293,-0.0330109162638679,-0.639535815693025,-1.2263086449194,-1.31813802712165,0.782595037246263,-1.05218914939548,-0.831486854781667,0,-0.0930309953194633,-0.481588184154324,-0.984477210668762,0.741730982610052,0.480805052473791,-1.48080674570224,-0.797595882078731,-0.0998707974396848,-0.0692112518235939,-0.410266899197836,0.374925240328461,1.19219966462977,0.604757054779594,0.465289055770677,0.44824274913184,-0.202993708003753,-0.0191459895266863,-0.303642030474405,1.02856038592245,0.0152822700148413,0.112658392690295,0.137458749205589,0.455366426721658,-0.177318504788345
"1924",0,-0.346763866306412,-0.958925782669563,0.757106570942284,-0.112707670625565,-0.813775052877421,-0.416428649433891,-0.135962069060475,-0.0247411626405223,-0.640995384823577,-1.01731600228176,1.06960504576937,1.13345756693153,-0.223353997438511,-0.540830462877054,-0.1555961886108,-0.0445734002443183,-0.741918245459386,-1.62956752949562,1.22670964665357,1.43333321492626,0.929255371307683,-0.574697546273115,-0.113860786417039,-0.0177637689065176,-1.0685982989877,-1.53139249135053,0.811829186517271,1.00657188464015,1.36852100217096,-0.10325500830788,-0.048236570436645,-0.0330109162638679,-0.639535815693025,-0.906604300011301,1.09627321067543,0.950766487281889,1.1603029827845,-0.258062014696678,0,-0.0930309953194633,-0.481588184154324,-0.984477210668762,1.05230491728436,1.27280760797249,1.09815083938011,-0.407071345294385,-0.0998707974396848,0.148355395443211,-0.410266899197836,-1.20841288998173,1.19219966462977,1.16729496510292,1.14027554013895,-0.159645077646464,-0.202993708003753,-0.115134277125818,-0.303642030474405,-0.772979593369162,0.435917159141745,0.904845870642121,1.4177762043285,0.701128155761885,-0.177318504788345
"1925",0,-0.346763866306412,-1.17387929654563,-2.50620159389084,0.330255952246136,0.796419507866398,-0.314503862277742,-0.135962069060475,-0.0247411626405223,-0.640995384823577,-1.93416775881521,-2.15686033981876,1.13345756693153,1.18349027516115,-0.540830462877054,-0.1555961886108,-0.0445734002443183,-0.741918245459386,-1.11962895073218,0.385030123625297,1.43333321492626,1.08802203704667,-0.574697546273115,-0.113860786417039,-0.0382639442739243,1.49244802467431,1.08838378637757,0.25934580965132,0.996848185614158,0.700605947741373,-0.650039470011399,-0.048236570436645,-0.0330109162638679,-0.139860124667063,-1.2263086449194,-1.31813802712165,0.950766487281889,0.990111280309114,-0.831486854781667,0,-0.0930309953194633,-0.481588184154324,-0.984477210668762,-0.500564756087173,1.27280760797249,1.27008134505226,-0.797595882078731,-0.0998707974396848,-0.0692112518235939,-0.63121459047698,-1.38433934890509,-1.14105748492343,0.625251215767324,1.14027554013895,-0.159645077646464,-0.202993708003753,-0.0191459895266863,-0.303642030474405,-1.17332181098952,-2.7415390290559,0.112658392690295,0.646879473381942,0.455366426721658,-0.177318504788345
"1926",0,-0.346763866306412,-0.0991117271652847,0.524013130597061,-1.66308035067652,-0.992685559626734,-0.416428649433891,-0.135962069060475,-0.0247411626405223,-0.640995384823577,0.44964680817177,-0.915912114592555,-1.65814476676119,-1.40155863315559,-0.540830462877054,-0.1555961886108,-0.0445734002443183,0.122165329449593,0.7501458380671,-0.456649399402975,-1.18029468333559,-1.29347794903808,-0.574697546273115,-0.113860786417039,-0.0382639442739243,1.17077636382959,1.08838378637757,0.811829186517271,-0.10507132624598,-0.969181688332602,-0.650039470011399,-0.048236570436645,-0.0330109162638679,0.597328934614995,1.33132611434538,-0.996216528748704,-0.931791367654472,0.309344470407584,-0.258062014696678,0,-0.0930309953194633,-0.481588184154324,1.17070102465946,-0.655851723424326,-1.26160056962335,-0.793084723013613,1.7165922022064,-0.0998707974396848,-0.0692112518235939,-0.410266899197836,0.374925240328461,-0.36330510173903,-1.0828566761904,0.29654243467861,1.66401840268845,-0.202993708003753,-0.0191459895266863,-0.270187918008316,-0.372637375748804,0.0152822700148413,0.508752131666208,0.0427658724537265,-0.527680489439249,-0.177318504788345
"1927",0,0.767805440878689,0.975655842215063,0.990200011287507,0.994701386553687,1.51206153486365,-0.123111490731166,-0.135962069060475,-0.0247411626405223,-0.314012775301545,0.082906105558388,-1.66048104972828,-1.39583976784473,1.15315052563881,-0.0425943470860966,-0.1555961886108,-0.0445734002443183,-0.741918245459386,-1.62956752949562,-1.12999301782559,-0.200184221487392,0.294188708351751,-0.574697546273115,-0.16409330402409,-0.0382639442739243,-0.759253601238671,-1.36765647399252,0.642354338380556,0.37134719270522,-1.13616045194,-0.650039470011399,-0.048236570436645,-0.0330109162638679,-0.639535815693025,-0.906604300011301,0.935312461488958,0.950766487281889,0.479536172882967,-0.544774434739172,0,-0.0930309953194633,-0.481588184154324,-0.984477210668762,-1.12171262543579,-0.786399036324126,0.926220333707951,0.116654330388589,-0.0699389062186394,-0.0692112518235939,0.0739739549704533,-0.328780595364958,-1.91880986810783,-1.45788194973929,0.802782297954812,-0.159645077646464,-0.202993708003753,-0.0191459895266863,1.76127335410647,1.22873149473262,0.93422270303842,0.706799001154165,0.214642163938074,-0.527680489439249,-0.177318504788345
"1928",0,0.767805440878689,1.19060935609113,0.448639881984017,0.994701386553687,1.15424052136502,-0.416428649433891,-0.135962069060475,-0.0247411626405223,1.64788288183065,0.816387510785152,-0.419532824502074,-0.974290212048683,-0.89661378927684,-0.540830462877054,-0.1555961886108,-0.0445734002443183,2.13836033757054,0.0702277330491799,-0.624985304008629,-1.18029468333559,-1.29347794903808,-0.574697546273115,-0.113860786417039,-0.0382639442739243,1.96977698031692,1.08838378637757,1.1507788827907,-0.422683672213447,-1.3031392155474,-0.650039470011399,-0.048236570436645,-0.0330109162638679,2.45262606007703,0.532065252075134,-0.513334281189288,0.782595037246263,-1.39257255434624,-0.831486854781667,0,-0.0930309953194633,-0.481588184154324,-0.984477210668762,-1.12171262543579,0.63920556357353,-0.4492237116693,-0.797595882078731,-0.0998707974396848,-0.0692112518235939,-0.410266899197836,-1.38433934890509,-1.33549558071953,0.979782328328481,-1.05343053405793,-1.08484704727325,-0.202993708003753,-0.0191459895266863,-0.303642030474405,1.62907371235298,0.93422270303842,-0.283435346285619,-1.1603681679367,-0.527680489439249,-0.177318504788345
"1929",0,-0.346763866306412,-1.17387929654563,-2.50620159389084,0.108774140810285,1.15424052136502,-0.416428649433891,-0.135962069060475,-0.0247411626405223,-0.640995384823577,-1.93416775881521,-2.405049984864,0.452500097060497,1.29148053419773,-0.0480975708092236,-0.219842151361344,-0.0445734002443183,-0.741918245459386,-0.791321558284138,-0.456649399402975,1.43333321492626,0.931695342553571,-0.574697546273115,-0.113860786417039,-0.0382639442739243,1.17077636382959,1.08838378637757,1.1507788827907,1.00657188464015,0.867584711348771,-0.650039470011399,-0.048236570436645,-0.0330109162638679,-0.33031962811602,0.691917424529183,0.774351712302486,0.950766487281889,0.479536172882967,-0.831486854781667,0,-0.0930309953194633,-0.481588184154324,-0.828734838509796,-1.12171262543579,1.27280760797249,1.26366090609317,-0.797595882078731,-0.0998707974396848,-0.0692112518235939,-0.410266899197836,-1.38433934890509,-1.91880986810783,0.979782328328481,1.14027554013895,-0.246348596509836,-0.202993708003753,-0.0191459895266863,-0.303642030474405,-1.17332181098952,-2.0948588620097,-0.679529085261532,1.07402362135981,0.047406576898245,-0.070127067132385
"1930",0,-0.346763866306412,-0.958925782669563,-0.874547511474277,-1.22011672780482,-0.992685559626734,-0.416428649433891,-0.135962069060475,-0.0247411626405223,-0.70171454308816,-0.219429682024427,1.06960504576937,1.13345756693153,1.29148053419773,-0.540830462877054,-0.1555961886108,-0.0445734002443183,-0.741918245459386,1.09010489057606,1.26758347672931,1.43333321492626,1.24678870278565,-0.574697546273115,-0.113860786417039,-0.0382639442739243,-0.759253601238671,1.08838378637757,1.1507788827907,1.00657188464015,1.36852100217096,-0.650039470011399,-0.048236570436645,-0.0330109162638679,-0.639535815693025,1.33132611434538,1.09627321067543,0.950766487281889,0.072297057439753,-0.831486854781667,0,-0.0930309953194633,-0.481588184154324,1.47858362970634,1.30544916032843,1.27280760797249,-0.0230006525414479,-0.797595882078731,-0.0998707974396848,-0.0692112518235939,-0.410266899197836,0.198998781405106,1.19219966462977,1.16729496510292,-0.0409508075055244,-0.767532904424768,-0.202993708003753,-0.0191459895266863,-0.303642030474405,0.027704841871553,-0.903658163008738,-1.07562282423745,-0.988491876452356,-0.527680489439249,-0.177318504788345
"1931",0,-0.346763866306412,0.760702328338993,0.990200011287507,0.773219575117836,0.438598494367772,-0.416428649433891,-0.135962069060475,-0.0247411626405223,1.01071501241604,0.999757862091843,0.337489818480638,-0.763515434150662,-0.0550390494789284,-0.540830462877054,-0.196563981817183,0.263835928400467,2.13836033757054,1.09010489057606,-0.28831349479732,-1.18029468333559,-1.29347794903808,-0.574697546273115,-0.113860786417039,-0.0382639442739243,2.45746300720844,1.08838378637757,0.981304034653986,-0.740296018180913,-1.3031392155474,-0.650039470011399,-0.048236570436645,-0.0330109162638679,-0.639535815693025,-0.586899955103205,-0.0304520336298728,0.782595037246263,-1.05218914939548,-0.831486854781667,0,-0.0930309953194633,-0.481588184154324,-0.984477210668762,-0.811138690761479,1.27280760797249,-0.105362700324987,-0.797595882078731,-0.0998707974396848,-0.0692112518235939,-0.410266899197836,-1.03248643105838,0.414447281445371,1.16729496510292,-0.408855656862524,-0.767532904424768,-0.202993708003753,-0.0191459895266863,-0.303642030474405,0.628218168302089,0.93422270303842,-0.679529085261532,-1.1603681679367,-0.527680489439249,-0.177318504788345
"1932",0,-0.436410314298157,-0.314065241041354,0.524013130597061,0.773219575117836,-0.455954039378794,-0.435816650794014,-0.135962069060475,-0.0247411626405223,-0.640995384823577,0.633017159478461,1.06960504576937,1.13345756693153,0.113275898480654,-0.540830462877054,-0.1555961886108,-0.0445734002443183,-0.741918245459386,0.0352573161661999,1.56338145586488,1.43333321492626,1.08802203704667,-0.574697546273115,-0.113860786417039,-0.0382639442739243,-0.654653473124657,-1.04018443927651,0.642354338380556,1.00657188464015,1.36852100217096,-0.376647239159639,-0.048236570436645,-0.0330109162638679,-0.639535815693025,-1.2263086449194,-1.47909877630812,-1.23546236318125,1.1603029827845,0.8887876654733,0,-0.0930309953194633,-0.195152887693392,-0.984477210668762,-1.12171262543579,0.79760607467327,1.27008134505226,-0.569033328961901,-0.0998707974396848,-0.0692112518235939,-0.410266899197836,-1.03248643105838,0.220009185649271,1.16729496510292,0.465289055770677,-0.767532904424768,-0.202993708003753,-0.0191459895266863,-0.303642030474405,0.027704841871553,0.704487594782526,-0.283435346285619,-0.616172021895396,-0.527680489439249,-0.177318504788345
"1933",0,-0.346763866306412,-0.0991117271652847,0.26391340112856,0.551737763681986,-0.0981330258801679,-0.416428649433891,-0.135962069060475,-0.0247411626405223,-0.289492877080712,-0.283834597054994,-0.915912114592555,-0.34196587835462,-0.289643375944515,-0.540830462877054,-0.1555961886108,-0.0445734002443183,0.122165329449593,0.41018678555814,-0.793321208614283,0.616574496719437,-0.875020380526244,-0.574697546273115,-0.113860786417039,-0.0382639442739243,0.205761381295462,0.59717573430355,0.981304034653986,0.688959538672687,-1.13616045194,-0.650039470011399,-0.048236570436645,-0.0330109162638679,-0.639535815693025,-1.2263086449194,0.218664350205528,-0.0671434103315011,0.479536172882967,-0.258062014696678,0,-0.0930309953194633,-0.481588184154324,-0.368712000574986,0.431157047935746,-1.26160056962335,0.0665678053471691,1.25946709597274,-0.0998707974396848,-0.0692112518235939,-0.410266899197836,0.374925240328461,-0.94661938912733,-1.45788194973929,-0.209697428597592,1.86664767828122,-0.202993708003753,-0.0191459895266863,-0.368173302720284,-0.172466266938626,0.474752486526631,0.706799001154165,0.730271038391115,-0.0361570313587953,-0.177318504788345
"1934",0,-0.346763866306412,-0.743972268793493,0.0578262499066152,-1.88456216211237,-0.992685559626734,-0.416428649433891,-0.135962069060475,-0.0247411626405223,-0.640995384823577,0.082906105558388,0.573225755678888,-2.23893887943681,-1.40155863315559,-0.431280122106251,-0.1555961886108,-0.0445734002443183,-0.741918245459386,0.92012536432158,-0.119977590191666,-1.18029468333559,-1.29347794903808,-0.574697546273115,-0.113860786417039,-0.0382639442739243,-0.759253601238671,0.924647769019562,-1.2218689911233,-0.899102191164647,-1.3031392155474,-0.650039470011399,-0.048236570436645,-0.0330109162638679,-0.0211034405390152,1.33132611434538,1.09627321067543,0.950766487281889,0.479536172882967,-0.258062014696678,0,-0.0930309953194633,0.19104829105235,1.3246423271829,-0.0347038540757136,-1.10320005852361,0.44371225067788,1.25946709597274,-0.0998707974396848,-0.0692112518235939,-0.410266899197836,0.633871655156233,-0.217865067736596,-1.64539458651373,-0.0409508075055244,1.66401840268845,-0.202993708003753,-0.0191459895266863,-0.303642030474405,-0.97315070217934,0.704487594782526,0.904845870642121,1.07402362135981,0.455366426721658,-0.177318504788345
"1935",0,0.767805440878689,1.19060935609113,0.990200011287507,0.994701386553687,-0.277043532629481,-0.416428649433891,-0.135962069060475,-0.0247411626405223,1.97486549135268,0.266276456865079,-1.90867069477352,0.711908011135486,-0.0550390494789284,-0.285564039229185,-0.1555961886108,-0.0445734002443183,0.698221046055578,-1.28960847698666,-1.12999301782559,0.779926240360802,-0.0233446231262145,-0.574697546273115,-0.113860786417039,-0.0382639442739243,-0.759253601238671,-1.36765647399252,-0.374494750439731,1.00657188464015,0.533627184133976,-0.376647239159639,-0.048236570436645,-0.0330109162638679,0.0192754243580965,0.372213079621086,1.09627321067543,0.950766487281889,1.1603029827845,2.32234976568577,0,-0.0930309953194633,-0.481588184154324,-0.539971048178003,1.05230491728436,0.00560351917457189,-1.48080674570224,-0.569033328961901,-0.0998707974396848,-0.0692112518235939,-0.410266899197836,-0.328780595364958,0.997761568833671,-0.562937623171364,-1.55967039733413,-0.767532904424768,-0.202993708003753,-0.0191459895266863,0.728815661816031,1.82924482116316,0.218661952842809,-2.26390404116519,-1.1603681679367,-0.23615773639411,-0.177318504788345
"1936",0,-0.346763866306412,-1.17387929654563,-1.57382783250995,-0.555671293497266,1.33315102811434,3.69001157240427,5.4283363393548,-0.064995348517452,-0.640995384823577,-1.20068635358845,1.06960504576937,-0.552740656252641,0.118771286460395,1.9228339974621,8.65030702628152,-0.0445734002443183,-0.741918245459386,-0.60969037196874,1.56338145586488,1.43333321492626,1.24678870278565,3.65141314762784,9.1189094533411,-0.0382639442739243,-0.759253601238671,-1.36765647399252,0.303404642107127,0.37134719270522,1.36852100217096,0.990313915099158,-0.048236570436645,-0.0330109162638679,-0.639535815693025,-1.2263086449194,-1.47909877630812,-1.40363381321687,1.1603029827845,0.193881039191819,0,-0.0930309953194633,-0.328615990766965,-0.984477210668762,-1.12171262543579,0.322404541374051,-0.4492237116693,-0.797595882078731,-0.0998707974396848,-0.0692112518235939,-0.410266899197836,-1.38433934890509,-1.52993367651563,0.979782328328481,-1.55967039733413,-0.767532904424768,-0.202993708003753,-0.0912709356995593,-0.303642030474405,-1.17332181098952,-1.59286348777642,0.508752131666208,-0.637264731166287,-0.527680489439249,-0.177318504788345
"1937",0,-0.346763866306412,0.330795300586854,0.0578262499066152,0.330255952246136,1.15424052136502,2.51674293759336,-0.135962069060475,-0.0247411626405223,-0.314012775301545,0.999757862091843,-0.419532824502074,-1.39583976784473,-0.0550390494789284,0.444635321258607,-0.1555961886108,-0.0445734002443183,-0.453890387156393,1.09010489057606,0.385030123625297,0.12651926579534,-0.975944617560112,-0.853170060258608,-0.113860786417039,0.127220760069906,1.49244802467431,0.924647769019562,0.472879490243842,0.688959538672687,0.19966965691918,-0.650039470011399,-0.048236570436645,-0.0330109162638679,-0.473136806989704,-1.2263086449194,-1.33211127491889,-0.73094801307437,0.479536172882967,-0.831486854781667,0,-0.0930309953194633,-0.481588184154324,-0.984477210668762,-1.12171262543579,-0.327968609106227,0.926220333707951,-0.797595882078731,-0.0998707974396848,-0.0692112518235939,-0.410266899197836,-0.328780595364958,-0.36330510173903,0.41724441800515,0.465289055770677,-0.767532904424768,-0.202993708003753,-0.0191459895266863,-0.303642030474405,1.22873149473262,0.245017378270736,-0.481482215773575,-1.1603681679367,-0.527680489439249,-0.177318504788345
"1938",0,0.767805440878689,0.760702328338993,0.40264591732636,-0.998634916368966,-0.634864546128108,-0.416428649433891,-0.135962069060475,-0.0247411626405223,1.97486549135268,1.03944452891708,-0.171343179456834,1.13345756693153,0.954850638278565,-0.0480975708092236,-0.1555961886108,-0.0445734002443183,0.698221046055578,1.09010489057606,1.22670964665357,1.43333321492626,1.24678870278565,0.552265305433806,-0.113860786417039,-0.0382639442739243,-0.759253601238671,-0.406824044583279,-0.374494750439731,0.0537348467377536,1.36852100217096,1.04188815826034,-0.048236570436645,-0.0330109162638679,-0.441943738921048,-1.2263086449194,-1.47909877630812,-1.06729091314562,1.1603029827845,1.46221250555829,0,-0.0930309953194633,-0.481588184154324,-0.984477210668762,-1.12171262543579,-0.311197503024907,0.698548490857131,1.25946709597274,-0.0998707974396848,-0.0692112518235939,-0.410266899197836,-0.680633513211668,0.220009185649271,1.16729496510292,0.29654243467861,-0.767532904424768,-0.202993708003753,-0.0191459895266863,-0.303642030474405,1.22873149473262,0.474752486526631,-0.79139686086508,-1.1603681679367,-0.527680489439249,-0.177318504788345
"1939",0,2.99694405524889,2.05042341159541,0.990200011287507,0.994701386553687,1.69097204161296,-0.123111490731166,-0.135962069060475,-0.0247411626405223,3.93676114848487,0.44964680817177,-1.1641017596378,-0.0490413634517854,1.29148053419773,1.43010110539427,-0.1555961886108,-0.0445734002443183,-0.1658625288534,-1.45958800324114,-1.12999301782559,0.12651926579534,1.24678870278565,1.397487444214,-0.113860786417039,-0.0382639442739243,-0.759253601238671,-1.53139249135053,-0.374494750439731,1.00657188464015,0.366648420526578,-0.650039470011399,-0.048236570436645,-0.0330109162638679,-0.639535815693025,-1.2263086449194,0.774351712302486,0.446252137175011,-1.56276425682162,-0.831486854781667,0,-0.0930309953194633,-0.481588184154324,-0.984477210668762,0.431157047935746,0.95600658577301,-1.13694573435793,-0.797595882078731,-0.0998707974396848,-0.0692112518235939,0.558214809138742,0.0230723224817513,-0.94661938912733,1.16729496510292,-0.209697428597592,-0.767532904424768,-0.202993708003753,-0.0191459895266863,1.76127335410647,2.02941592997334,0.93422270303842,0.310705262178251,-0.644739293483662,-0.527680489439249,-0.177318504788345
"1940",0,-0.346763866306412,1.4055628699672,0.990200011287507,0.994701386553687,1.86988254836228,2.51674293759336,-0.135962069060475,-0.0247411626405223,-0.640995384823577,-1.20068635358845,-0.915912114592555,0.0795836774414227,1.29148053419773,2.66193333556384,-0.1555961886108,-0.0445734002443183,-0.741918245459386,-1.28960847698666,-1.12999301782559,-0.526887708770123,1.24678870278565,0.834006018360537,-0.113860786417039,-0.0382639442739243,1.17077636382959,0.924647769019562,0.472879490243842,0.847765711656421,1.36852100217096,2.35727506935795,-0.048236570436645,-0.0330109162638679,-0.33031962811602,0.532065252075134,1.09627321067543,0.782595037246263,0.309344470407584,0.0286504053458163,0,-0.0930309953194633,-0.481588184154324,-0.830535908145318,0.897017949947205,0.00560351917457189,-1.48080674570224,-0.752458484300744,-0.171075189531027,-0.0692112518235939,-0.410266899197836,0.0230723224817513,1.19219966462977,-0.837528271995702,-1.55967039733413,-0.767532904424768,-0.202993708003753,-0.0191459895266863,-0.303642030474405,0.828389277112268,-0.444187946496948,-2.26390404116519,-1.1603681679367,-0.527680489439249,-0.177318504788345
"1941",0,1.88237474806379,0.975655842215063,0.757106570942284,-0.555671293497266,-0.813775052877421,-0.416428649433891,-0.135962069060475,-0.0247411626405223,2.62883071039675,0.44964680817177,-0.667722469547314,1.13345756693153,-0.728298841317257,-0.540830462877054,-0.1555961886108,-0.0445734002443183,-0.1658625288534,-1.62956752949562,-0.28831349479732,1.43333321492626,-1.29347794903808,-0.574697546273115,-0.113860786417039,-0.0382639442739243,-0.759253601238671,-1.53139249135053,0.472879490243842,1.00657188464015,0.19966965691918,-0.650039470011399,-0.048236570436645,-0.0330109162638679,-0.639535815693025,-1.2263086449194,-0.996216528748704,-0.562776563038745,1.1603029827845,1.17550008551579,0,-0.0930309953194633,-0.569847132758248,-0.984477210668762,-1.12171262543579,-1.26160056962335,0.410428816691482,1.25946709597274,-0.0998707974396848,-0.0692112518235939,-0.410266899197836,0.726778158175171,-0.16886700594293,-0.145293492318181,1.14027554013895,0.853501300317375,-0.202993708003753,-0.0191459895266863,-0.303642030474405,0.963647649373923,0.0152822700148413,0.112658392690295,-0.129110419030621,-0.527680489439249,-0.177318504788345
"1942",0,0.767805440878689,0.975655842215063,0.990200011287507,-0.0935665008477015,-0.634864546128108,-0.416428649433891,-0.135962069060475,-0.0247411626405223,0.417449969551312,0.633017159478461,-0.55052057734327,1.13345756693153,-0.391668945398093,-0.540830462877054,-0.1555961886108,-0.12016755277347,-0.741918245459386,-1.45958800324114,-1.12999301782559,0.943277984002168,0.127378220029859,-0.574697546273115,-0.113860786417039,-0.177057545481012,-1.21733840863547,-1.36765647399252,0.642354338380556,1.00657188464015,0.533627184133976,-0.376647239159639,-0.048236570436645,-0.0330109162638679,-0.639535815693025,-0.906604300011301,0.452430213929543,0.109909237103759,1.1603029827845,1.46221250555829,0,-0.0930309953194633,-0.481588184154324,-0.178678260696311,-0.225285840410932,-1.26160056962335,1.09815083938011,1.25946709597274,-0.0998707974396848,-0.0692112518235939,1.04245566330703,1.43048399386859,0.414447281445371,-0.332806129092624,1.14027554013895,0.650872024724607,-0.202993708003753,-0.0191459895266863,-0.303642030474405,0.828389277112268,0.93422270303842,0.904845870642121,0.730271038391115,-0.281918760399022,-0.177318504788345
"1943",0,-0.346763866306412,0.115841786710785,0.290919690251838,0.773219575117836,0.438598494367772,-0.416428649433891,-0.135962069060475,-0.0247411626405223,0.666935053264552,0.999757862091843,0.0768464655884069,0.290358455339444,1.29148053419773,0.691001767292522,-0.00179866944982361,-0.0445734002443183,0.53382753500134,1.09010489057606,-0.793321208614283,-0.363535965128757,1.24678870278565,0.834006018360537,-0.113860786417039,-0.0382639442739243,-0.43758194039396,0.924647769019562,0.642354338380556,0.530153365688954,1.36852100217096,-0.376647239159639,-0.048236570436645,-0.0330109162638679,-0.984475719025753,-1.2263086449194,-0.352373532002817,0.446252137175011,1.1603029827845,-0.544774434739172,0,-0.0930309953194633,-0.481588184154324,-0.984477210668762,-1.12171262543579,-0.627998525224387,1.27008134505226,-0.797595882078731,-0.0998707974396848,-0.0692112518235939,1.52669651747532,1.43048399386859,0.220009185649271,-0.520318765867068,1.14027554013895,-0.767532904424768,-0.202993708003753,-0.0191459895266863,0.728815661816031,0.828389277112268,0.245017378270736,0.904845870642121,1.07402362135981,-0.527680489439249,-0.177318504788345
"1944",0,-0.346763866306412,-1.17387929654563,-0.999898158978873,0.551737763681986,-0.0981330258801679,-0.416428649433891,-0.135962069060475,-0.0247411626405223,-0.625174530219304,-1.93416775881521,-0.667722469547314,1.13345756693153,0.954850638278565,-0.0480975708092236,-0.1555961886108,-0.0445734002443183,-0.741918245459386,-1.24841279352309,0.721701932836606,1.43333321492626,0.7704887055687,-0.292956833346385,-0.113860786417039,-0.0382639442739243,-0.759253601238671,-0.0999374723532027,1.1507788827907,1.00657188464015,-0.134287870295615,-0.650039470011399,-0.048236570436645,-0.0330109162638679,0.28811274703799,0.851769596983231,1.09627321067543,0.950766487281889,-0.881997446920094,-0.831486854781667,0,-0.0930309953194633,0.527366528655686,0.708877117089123,1.20759188462151,1.27280760797249,0.582359322363638,-0.797595882078731,-0.0998707974396848,-0.0692112518235939,-0.410266899197836,-1.38433934890509,0.0255710898531705,1.16729496510292,0.971528919046879,-0.159645077646464,-0.202993708003753,-0.0191459895266863,-0.303642030474405,-1.17332181098952,-0.903658163008738,0.904845870642121,1.4177762043285,0.946889884802112,-0.177318504788345
"1945",0,-0.346763866306412,1.4055628699672,0.990200011287507,0.108774140810285,-0.813775052877421,-0.416428649433891,-0.135962069060475,-0.0247411626405223,1.97486549135268,0.816387510785152,-0.419532824502074,0.922682789033507,-0.391668945398093,-0.540830462877054,-0.1555961886108,-0.0445734002443183,0.122165329449593,-0.60969037196874,-0.961657113219938,1.2699814712849,-0.817177951821129,-0.574697546273115,-0.113860786417039,-0.0382639442739243,-0.759253601238671,-1.53139249135053,0.133929793970413,1.00657188464015,0.19966965691918,-0.376647239159639,-0.048236570436645,-0.0330109162638679,-0.639535815693025,-0.658182729196109,0.774351712302486,0.278080687139385,1.1603029827845,0.8887876654733,0,-0.0930309953194633,-0.481588184154324,-0.276933364185092,-1.12171262543579,-1.26160056962335,0.238498311019326,1.25946709597274,-0.0998707974396848,-0.353920463101894,-0.410266899197836,1.43048399386859,-0.36330510173903,-0.707831402641512,0.971528919046879,0.650872024724607,-0.202993708003753,-0.115134277125818,-0.303642030474405,0.828389277112268,0.93422270303842,0.904845870642121,1.07402362135981,-0.281918760399022,-0.177318504788345
"1946",0,-0.346763866306412,1.19060935609113,0.0578262499066152,-1.44159853924067,-0.992685559626734,-0.416428649433891,-0.135962069060475,-0.064995348517452,-0.640995384823577,0.886693021545081,1.06960504576937,1.13345756693153,0.281590846440236,-0.540830462877054,-0.1555961886108,-0.0445734002443183,-0.741918245459386,1.09010489057606,-0.456649399402975,0.12651926579534,1.24678870278565,0.270524592507076,-0.113860786417039,-0.0382639442739243,-0.115910279549249,1.08838378637757,-1.39134383926002,-1.22703881761201,0.19966965691918,1.53709837680268,-0.048236570436645,-0.0330109162638679,0.597328934614995,0.889267043909741,-1.47909877630812,-1.73997671328813,0.51787904536455,1.46221250555829,0,-0.0930309953194633,1.05811390387333,1.3246423271829,-1.12171262543579,-0.786399036324126,1.27008134505226,1.25946709597274,0.100194119246044,-0.0692112518235939,0.558214809138742,1.43048399386859,0.608885377241471,0.426821833011121,0.634035676862745,-0.564903628832,-0.202993708003753,-0.0191459895266863,-0.303642030474405,1.4289026035428,0.245017378270736,-0.877575954749489,-1.1603681679367,-0.527680489439249,-0.177318504788345
"1947",0,-0.346763866306412,-0.743972268793493,-0.175267190438608,0.773219575117836,1.86988254836228,3.98332873110699,-0.135962069060475,-0.0247411626405223,-0.640995384823577,-0.467204948361685,0.325036110633647,0.290358455339444,1.29148053419773,2.68307500491317,-0.1555961886108,-0.0445734002443183,-0.741918245459386,-1.62956752949562,-0.579115310409453,-0.200184221487392,1.24678870278565,0.834006018360537,-0.113860786417039,-0.0382639442739243,-0.759253601238671,-1.53139249135053,-0.543969598576446,0.530153365688954,1.36852100217096,1.26370614595092,-0.048236570436645,-0.0330109162638679,-0.639535815693025,0.212360907167038,1.09627321067543,0.950766487281889,1.1603029827845,1.74892492560078,0,-0.0930309953194633,-0.481588184154324,-0.214770698051542,0.275870080598593,1.27280760797249,-0.621154217341457,-0.797595882078731,-0.0998707974396848,-0.0692112518235939,-0.410266899197836,-1.38433934890509,0.220009185649271,1.16729496510292,-1.39092377624206,-1.03454480758484,-0.202993708003753,-0.0191459895266863,-0.303642030474405,-0.97315070217934,0.93422270303842,-0.735862721799078,-1.1603681679367,-0.527680489439249,-0.177318504788345
"1948",0,-0.346763866306412,0.330795300586854,0.757106570942284,0.773219575117836,-0.0981330258801679,-0.416428649433891,-0.135962069060475,-0.0247411626405223,0.666935053264552,0.999757862091843,1.06960504576937,1.13345756693153,0.786535690318983,-0.319313257976662,-0.1555961886108,-0.0445734002443183,-0.1658625288534,1.09010489057606,1.56338145586488,1.43333321492626,-0.34087795460418,-0.574697546273115,-0.113860786417039,-0.0382639442739243,-0.759253601238671,1.08838378637757,1.1507788827907,1.00657188464015,-0.301266633903012,-0.650039470011399,-0.049335153206293,-0.0330109162638679,-0.639535815693025,1.33132611434538,1.09627321067543,0.950766487281889,-1.56276425682162,-0.831486854781667,0,-0.0930309953194633,-0.145269946550987,1.47858362970634,1.36287885195866,1.27280760797249,-1.30887624003008,-0.797595882078731,-0.0998707974396848,-0.0692112518235939,1.52669651747532,1.43048399386859,1.19219966462977,0.979782328328481,-1.05343053405793,-0.767532904424768,-0.202993708003753,-0.0191459895266863,-0.0434723044420414,0.42804705949191,0.704487594782526,0.112658392690295,-0.816615584968009,-0.527680489439249,-0.299752495107677
"1949",0,-0.187573089811644,0.975655842215063,0.378951526481531,-1.03111892552356,-0.992685559626734,-0.416428649433891,-0.135962069060475,-0.0247411626405223,1.16595271072398,0.999757862091843,0.325036110633647,0.0795836774414227,-1.36269660246052,-0.540830462877054,-0.1555961886108,0.151225624523817,1.27427676266156,-0.0997517932053001,-0.456649399402975,0.779926240360802,-1.29347794903808,-0.574697546273115,-0.113860786417039,-0.0382639442739243,-0.535364678131608,-1.53139249135053,-0.71344444671316,0.338291239946287,-1.3031392155474,-0.650039470011399,-0.048236570436645,-0.0330109162638679,-0.639535815693025,-1.2263086449194,-0.191412782816345,0.109909237103759,-1.56276425682162,-0.831486854781667,0,-0.0930309953194633,-0.481588184154324,-0.52265330309843,1.20759188462151,0.00560351917457189,-1.48080674570224,-0.797595882078731,-0.0998707974396848,-0.0692112518235939,1.52669651747532,1.43048399386859,1.19219966462977,0.0422191444562627,-0.209697428597592,0.650872024724607,1.02661939301677,-0.0191459895266863,-0.303642030474405,0.227875950681732,-0.214452838241053,0.904845870642121,1.58965249581285,3.15874544616415,1.57294565917274
"1950",0,-0.346763866306412,0.434434795215325,0.524013130597061,0.994701386553687,1.15424052136502,-0.416428649433891,-0.135962069060475,-0.064995348517452,-0.640995384823577,-0.213879855295485,-0.171343179456834,0.922682789033507,1.12316558623815,-0.540830462877054,-0.1555961886108,-0.0445734002443183,-0.741918245459386,-1.62956752949562,-0.387922113453685,1.43333321492626,0.294188708351751,-0.574697546273115,-0.113860786417039,-0.0382639442739243,-0.759253601238671,-0.385240369844486,0.642354338380556,1.06138954439848,1.03456347495617,2.0838828385062,-0.048236570436645,-0.0330109162638679,-0.639535815693025,0.691917424529183,1.09627321067543,0.782595037246263,0.479536172882967,0.315362825388311,0,-0.0930309953194633,-0.481588184154324,-0.214770698051542,1.36287885195866,0.209591700055005,-1.48080674570224,-0.797595882078731,-0.0998707974396848,-0.218673606912963,-0.410266899197836,-0.152854136441604,1.19219966462977,-1.45788194973929,-1.55967039733413,-0.767532904424768,-0.202993708003753,-0.0191459895266863,-0.303642030474405,0.828389277112268,0.474752486526631,-2.26390404116519,-0.86275362411026,-0.527680489439249,-0.177318504788345
"1951",0,-0.346763866306412,-0.314065241041354,0.990200011287507,0.994701386553687,0.0807774808691453,-0.416428649433891,-0.135962069060475,0.0344703379829887,0.33995244374252,0.082906105558388,-0.171343179456834,-1.1850649899467,0.349678835921047,-0.0480975708092236,-0.1555961886108,-0.0445734002443183,1.56230462096456,1.09010489057606,0.216694219019643,-1.18029468333559,0.7704887055687,1.397487444214,-0.113860786417039,-0.0382639442739243,2.77913466805315,1.08838378637757,-1.05239414298659,-1.53432688309958,0.366648420526578,2.08990225440045,-0.048236570436645,-0.0330109162638679,2.14340987250002,1.33132611434538,-1.47909877630812,-1.73997671328813,-0.881997446920094,2.60906218572827,0,-0.0930309953194633,1.5363212414657,1.47858362970634,-0.811138690761479,-1.26160056962335,-0.277293205997144,1.7165922022064,-0.0998707974396848,-0.0692112518235939,0.728240685554578,1.43048399386859,-0.389375766567877,-0.895344039415955,0.971528919046879,0.245613473539072,-0.202993708003753,-0.0191459895266863,-0.303642030474405,-0.372637375748804,0.606284824978041,0.904845870642121,0.558394746906768,-0.527680489439249,-0.177318504788345
"1952",0,4.11151336243399,2.26537692547148,0.524013130597061,0.551737763681986,1.69097204161296,1.05015714407974,-0.135962069060475,-0.0247411626405223,2.70723428506738,0.999757862091843,1.06960504576937,1.13345756693153,1.29148053419773,1.67646755142818,-0.1555961886108,-0.0445734002443183,2.42638819587353,0.7501458380671,-1.12999301782559,0.594707212462437,1.08802203704667,-0.292956833346385,-0.555813739908332,-0.0382639442739243,0.849104702984884,-0.712712404560498,-1.05239414298659,0.857396724154519,0.032690893311783,-0.650039470011399,-0.102253843516152,-0.0330109162638679,-0.639535815693025,-1.2263086449194,0.291469464743071,0.614423587210637,-1.39257255434624,-0.831486854781667,0,-0.0930309953194633,-0.481588184154324,-0.368712000574986,1.36287885195866,-0.469598014124647,-1.48080674570224,-0.797595882078731,-0.0998707974396848,-0.0692112518235939,-0.410266899197836,1.07863107602188,0.803323473037571,-1.83290722328817,-1.55967039733413,-0.767532904424768,-0.202993708003753,-0.0191459895266863,2.7937310463969,2.02941592997334,-0.444187946496948,-2.26390404116519,-1.1603681679367,-0.527680489439249,-0.278484810054769
"1953",0,2.99694405524889,2.26537692547148,0.757106570942284,-1.66308035067652,-0.992685559626734,-0.419915168899343,-0.135962069060475,-0.0247411626405223,1.97486549135268,0.858863196003187,0.0768464655884069,0.290358455339444,-1.40155863315559,-0.540830462877054,-0.1555961886108,-0.0445734002443183,1.85033247926755,-0.26973131945978,0.216694219019643,1.27253260682224,-1.29347794903808,-0.574697546273115,-0.113860786417039,-0.0382639442739243,-0.43758194039396,-0.712712404560498,-0.71344444671316,1.00657188464015,-1.3031392155474,-0.650039470011399,-0.049335153206293,-0.0330109162638679,-0.639535815693025,-1.2263086449194,0.291469464743071,0.278080687139385,-1.56276425682162,-0.831486854781667,0,-0.0888746937972195,-0.481588184154324,-0.830535908145318,1.36287885195866,0.00560351917457189,-1.48080674570224,-0.797595882078731,-0.636008919874151,-0.0692112518235939,1.04245566330703,1.03561689243113,1.19219966462977,0.604757054779594,0.971528919046879,1.66401840268845,-0.202993708003753,-0.0191459895266863,2.7937310463969,2.02941592997334,0.93422270303842,0.904845870642121,1.58965249581285,3.15874544616415,-0.177318504788345
"1954",0,-0.346763866306412,-0.743972268793493,0.290919690251838,0.994701386553687,-0.455954039378794,-0.683683672357606,-0.135962069060475,-0.0247411626405223,0.666935053264552,0.816387510785152,0.573225755678888,0.922682789033507,0.618220742359401,-0.540830462877054,-0.1555961886108,0.0386153206471683,0.410193187752585,-0.43971084571426,-0.961657113219938,1.10662972764353,-0.182111288865197,-0.574697546273115,-0.113860786417039,-0.0382639442739243,-0.759253601238671,-1.53139249135053,-0.543969598576446,1.00657188464015,-0.802202924725205,-0.650039470011399,-0.049335153206293,-0.075153115014671,-0.639535815693025,-0.586899955103205,1.09627321067543,-0.899119463109996,-1.56276425682162,-0.831486854781667,0,-0.236462474533487,-0.617296389900703,1.01675972213601,0.431157047935746,-1.26160056962335,-1.48080674570224,-0.797595882078731,-0.0998707974396848,-0.0692112518235939,-0.410266899197836,1.07863107602188,0.414447281445371,-0.895344039415955,-0.209697428597592,-0.159645077646464,-0.202993708003753,-0.0912709356995593,-0.303642030474405,-0.617506641749902,0.0152822700148413,0.904845870642121,0.558394746906768,-0.0361570313587953,-0.177318504788345
"1955",0,-0.346763866306412,-1.17387929654563,-2.73929503423606,0.330255952246136,0.617509001117085,-0.416428649433891,-0.135962069060475,-0.064995348517452,-0.640995384823577,-1.28411894034132,-0.419532824502074,1.125971470034,1.29148053419773,-0.294464016843139,-0.1555961886108,-0.0445734002443183,-0.453890387156393,0.41018678555814,1.56338145586488,1.43333321492626,0.7704887055687,-0.0939907976142933,-0.113860786417039,0.127220760069906,1.49244802467431,1.08838378637757,1.1507788827907,1.00657188464015,1.20154223856357,-0.0999196146291647,-0.048236570436645,-0.0330109162638679,-0.639535815693025,-0.107343437741059,0.452430213929543,0.950766487281889,0.649727875358349,-0.831486854781667,0,-0.0930309953194633,-0.481588184154324,-0.984477210668762,-0.485460729146943,1.27280760797249,1.27008134505226,-0.765374758914761,-0.0998707974396848,-0.0692112518235939,-0.410266899197836,-1.38433934890509,-1.33549558071953,1.16729496510292,1.14027554013895,-0.159645077646464,-0.202993708003753,-0.0191459895266863,-0.303642030474405,-1.21366690372207,-2.7415390290559,0.643815543339283,1.19835814699094,0.946889884802112,-0.177318504788345
"1956",0,1.88237474806379,0.545748814462924,-0.641454071129054,0.330255952246136,1.86988254836228,1.63679146148519,-0.135962069060475,-0.0247411626405223,0.666935053264552,0.999757862091843,-0.419532824502074,-1.1850649899467,-0.559983893357675,-0.0480975708092236,-0.1555961886108,-0.0445734002443183,0.410193187752585,1.09010489057606,-1.12999301782559,-1.18029468333559,-1.29347794903808,-0.574697546273115,-0.113860786417039,-0.0177637689065176,0.518004387633164,1.08838378637757,1.1507788827907,0.212541019721487,-0.802202924725205,-0.650039470011399,-0.049335153206293,-0.0215921147357923,-0.33031962811602,-0.267195610195108,-0.191412782816345,0.446252137175011,0.649727875358349,-0.831486854781667,0,-0.0930309953194633,-0.481588184154324,-0.984477210668762,-0.427244133364711,-0.152796991925168,1.27008134505226,-0.534780042302397,-0.0998707974396848,-0.0692112518235939,0.823996264138936,0.550851699251816,0.414447281445371,1.16729496510292,-0.547190670781726,-0.767532904424768,-0.202993708003753,-0.0758585761396516,2.7937310463969,1.82924482116316,0.474752486526631,-1.47171656321336,-1.1603681679367,-0.527680489439249,-0.177318504788345
"1957",0,-0.346763866306412,0.330795300586854,-0.0287328276812749,-2.54900759641992,-0.992685559626734,-0.416428649433891,-0.135962069060475,-0.0247411626405223,-0.640995384823577,-0.283834597054994,1.06960504576937,-1.81738932364077,-1.40155863315559,-0.540830462877054,-0.1555961886108,-0.0445734002443183,-0.453890387156393,0.7501458380671,1.45832874884879,-0.526887708770123,-1.29347794903808,-0.574697546273115,-0.113860786417039,-0.0382639442739243,1.81411968551902,1.08838378637757,1.1507788827907,-0.10507132624598,-1.3031392155474,-0.650039470011399,-0.048236570436645,-0.0330109162638679,0.445345091501697,0.11985334417534,-0.0304520336298728,0.950766487281889,-1.56276425682162,-0.831486854781667,0,-0.0930309953194633,-0.145269946550987,-0.676594605621874,-0.655851723424326,1.27280760797249,-0.621154217341457,-0.797595882078731,-0.0998707974396848,-0.0692112518235939,-0.410266899197836,-0.680633513211668,0.0514283773999796,1.16729496510292,0.634035676862745,0.650872024724607,1.02661939301677,-0.0191459895266863,-0.303642030474405,0.144617984376811,0.448960576489203,0.904845870642121,1.58965249581285,3.40450717520438,2.44807774115328
"1958",0,-0.346763866306412,1.19060935609113,0.990200011287507,0.551737763681986,-0.0981330258801679,-0.416428649433891,-0.135962069060475,-0.0247411626405223,-0.0794746195147861,0.816387510785152,-0.354183247752865,-0.552740656252641,-0.624583158666545,-0.540830462877054,-0.207870035354816,-0.0445734002443183,-0.741918245459386,0.41018678555814,0.0483583144139882,-0.475600142391915,-1.29347794903808,-0.574697546273115,-0.158857698262306,-0.0382639442739243,-0.759253601238671,1.08838378637757,1.1507788827907,-0.10507132624598,-1.39821387445152,-0.650039470011399,-0.048236570436645,-0.0330109162638679,-0.639535815693025,1.17147394189133,0.291469464743071,0.782595037246263,-1.39257255434624,-1.18766924113226,0,-0.0930309953194633,-0.481588184154324,-0.984477210668762,-1.12171262543579,0.00560351917457189,-0.621154217341457,-0.797595882078731,-0.0998707974396848,-0.0692112518235939,-0.410266899197836,-1.03248643105838,-1.33549558071953,0.229731781230706,-0.378444049689659,-0.767532904424768,-0.202993708003753,-0.0191459895266863,-0.303642030474405,1.22873149473262,0.93422270303842,0.706799001154165,-0.644739293483662,-0.527680489439249,-0.177318504788345
"1959",0,-0.346763866306412,0.330795300586854,0.524013130597061,-1.88456216211237,-0.992685559626734,-0.416428649433891,-0.135962069060475,-0.0247411626405223,0.33995244374252,0.999757862091843,0.637606036695343,0.290358455339444,-1.40155863315559,-0.540830462877054,-0.1555961886108,-0.0445734002443183,2.13836033757054,0.92012536432158,0.553366028230951,1.43333321492626,-0.128544948961916,-0.0112161204196545,-0.036231770284515,-0.0382639442739243,1.81411968551902,1.08838378637757,1.09442578726449,1.00657188464015,0.366648420526578,-0.10325500830788,-0.048236570436645,-0.0330109162638679,0.597328934614995,1.33132611434538,0.935312461488958,-1.40363381321687,-1.56276425682162,-0.831486854781667,0,-0.0930309953194633,0.863684766259023,1.47858362970634,1.36287885195866,-0.627998525224387,-1.48080674570224,-0.797595882078731,-0.0998707974396848,-0.0692112518235939,1.04245566330703,1.639193393803,1.19219966462977,0.979782328328481,-1.55967039733413,-0.767532904424768,-0.202993708003753,-0.0191459895266863,-0.303642030474405,0.628218168302089,0.93422270303842,0.706799001154165,-1.1603681679367,-0.527680489439249,-0.133583054574968
"1960",0,-0.346763866306412,-1.17387929654563,-2.27310815354561,0.773219575117836,-0.455954039378794,-0.416428649433891,-0.135962069060475,-0.0247411626405223,-0.640995384823577,-1.93416775881521,-0.915912114592555,0.711908011135486,-1.40155863315559,-0.540830462877054,-0.1555961886108,-0.0445734002443183,-0.741918245459386,-1.62956752949562,0.89003783744226,0.12651926579534,-0.975944617560112,0.552265305433806,-0.113860786417039,-0.0382639442739243,-0.759253601238671,-0.876448421918504,0.981304034653986,-1.21671453713211,1.20154223856357,1.53709837680268,-0.048236570436645,-0.0330109162638679,0.597328934614995,0.851769596983231,0.774351712302486,-0.226433662967493,1.1603029827845,0.8887876654733,0,9.18092629712916,4.89950361749906,1.47858362970634,1.36287885195866,1.27280760797249,0.926220333707951,-0.797595882078731,-0.19284023519105,3.74986562380231,2.4951782258119,-0.680633513211668,-1.14105748492343,0.604757054779594,-0.0409508075055244,-0.767532904424768,-0.202993708003753,-0.0191459895266863,-0.303642030474405,-1.17332181098952,-2.05233370428821,0.498455339211676,-0.472863001999315,-0.527680489439249,-0.177318504788345
"1961",0,-0.346763866306412,0.529979366646865,0.757106570942284,0.330255952246136,-0.455954039378794,-0.416428649433891,-0.135962069060475,-0.0247411626405223,-0.640995384823577,0.816387510785152,-1.1641017596378,-0.650909649036169,1.12316558623815,-0.294464016843139,-0.1555961886108,-0.0445734002443183,-0.741918245459386,1.09010489057606,-0.456649399402975,-0.853591196052854,1.08802203704667,1.67922815714073,0.22585742803893,-0.0382639442739243,-0.43758194039396,0.105967682229532,1.1507788827907,1.00657188464015,0.859449212263154,0.443529453395639,-0.048236570436645,-0.0330109162638679,-0.223234519924153,-1.2263086449194,-1.47909877630812,-1.73997671328813,0.479536172882967,1.17550008551579,0,-0.0930309953194633,1.20000300386236,-0.676594605621874,-1.12171262543579,-0.786399036324126,1.27008134505226,0.34521688350542,-0.0998707974396848,-0.0692112518235939,2.97941907998019,1.07863107602188,-0.36330510173903,0.792269691554037,0.802782297954812,-0.564903628832,-0.202993708003753,-0.0191459895266863,0.728815661816031,0.42804705949191,0.93422270303842,-0.0853884767976621,-0.988491876452356,-1.09017945858489,-0.177318504788345
"1962",0,-0.346763866306412,-0.958925782669563,0.290919690251838,0.551737763681986,0.975330014615711,-0.416428649433891,-0.135962069060475,-0.0247411626405223,-0.640995384823577,-0.100464245748303,0.0768464655884069,0.290358455339444,1.29148053419773,0.444635321258607,-0.1555961886108,-0.0445734002443183,-0.741918245459386,0.92012536432158,-1.12999301782559,-0.853591196052854,0.135422042612768,1.11574673128727,-0.113860786417039,-0.0382639442739243,0.849104702984884,0.59717573430355,-1.56081868739673,-1.53432688309958,-0.301266633903012,1.81049060765444,-0.048236570436645,-0.0330109162638679,0.906545122192,0.691917424529183,-1.47909877630812,-1.73997671328813,-0.711805744444711,1.17550008551579,0,-0.0930309953194633,-0.145269946550987,1.01675972213601,-0.811138690761479,-1.26160056962335,0.0665678053471691,0.314982702614396,-0.0998707974396848,-0.0692112518235939,-0.410266899197836,0.726778158175171,0.220009185649271,-0.520318765867068,0.29654243467861,-0.767532904424768,-0.202993708003753,-0.0191459895266863,-0.303642030474405,-0.772979593369162,0.704487594782526,0.112658392690295,-0.644739293483662,-0.867960980958099,-0.177318504788345
"1963",0,0.767805440878689,0.975655842215063,0.990200011287507,-0.334189482061415,-0.813775052877421,-0.416428649433891,-0.183978728631921,-0.0247411626405223,1.97486549135268,0.633017159478461,-1.66048104972828,-0.131191100456599,0.289638776654696,-0.0480975708092236,-0.1555961886108,-0.0445734002443183,-0.453890387156393,-0.9496494244777,-1.12999301782559,0.616574496719437,1.08802203704667,-0.0112161204196545,-0.113860786417039,-0.0382639442739243,-0.759253601238671,-1.63719936622061,-1.56081868739673,1.00657188464015,-0.134287870295615,-0.650039470011399,-0.048236570436645,-0.0330109162638679,-0.639535815693025,-1.2263086449194,-1.47909877630812,0.614423587210637,0.309344470407584,-0.831486854781667,0,-0.0930309953194633,-0.481588184154324,-0.984477210668762,-1.12171262543579,-0.833909791367646,0.926220333707951,1.7165922022064,-0.0998707974396848,-0.208885107227398,-0.410266899197836,0.374925240328461,-0.94661938912733,-1.0828566761904,1.09928925913572,1.86664767828122,-0.202993708003753,-0.115134277125818,0.382922175497063,0.828389277112268,0.474752486526631,0.904845870642121,1.24589991284416,1.68417507192279,-0.177318504788345
"1964",0,-0.346763866306412,-1.47761450144747,-1.80692127285517,0.994701386553687,-0.0981330258801679,-0.416428649433891,-0.135962069060475,-0.0247411626405223,-0.293211150382097,-1.75079740750852,0.0768464655884069,1.13345756693153,-0.391668945398093,-0.540830462877054,-0.1555961886108,-0.0445734002443183,0.698221046055578,0.7501458380671,1.56338145586488,1.43333321492626,-1.13471128329909,-0.574697546273115,-0.113860786417039,-0.0382639442739243,3.42247798974257,1.08838378637757,1.29597314513895,1.00657188464015,-0.802202924725205,-0.650039470011399,-0.048236570436645,-0.0330109162638679,-0.33031962811602,-0.906604300011301,-0.0304520336298728,0.549772027963565,-0.881997446920094,-0.831486854781667,0,-0.0930309953194633,-0.481588184154324,-0.984477210668762,-0.34527778875002,1.27280760797249,-0.793084723013613,-0.993616422905895,-0.0998707974396848,-0.0692112518235939,-0.410266899197836,-1.38433934890509,-1.14105748492343,1.16729496510292,-0.547190670781726,-0.767532904424768,-0.202993708003753,-0.0191459895266863,-0.303642030474405,-1.44845099300435,-1.59286348777642,0.904845870642121,0.386518455422421,-0.527680489439249,-0.177318504788345
"1965",0,1.88237474806379,2.26537692547148,0.990200011287507,0.773219575117836,-0.455954039378794,-0.416428649433891,-0.135962069060475,-0.0247411626405223,0.507324817901837,-1.38405670489514,-2.15686033981876,0.711908011135486,-0.0550390494789284,-0.540830462877054,-0.1555961886108,-0.0445734002443183,-0.741918245459386,-1.62956752949562,-0.560328394261525,1.43333321492626,-0.975944617560112,-0.574697546273115,-0.113860786417039,-0.0382639442739243,-0.759253601238671,-1.53139249135053,0.133929793970413,0.688959538672687,-1.3031392155474,-0.650039470011399,-0.049335153206293,-0.0330109162638679,0.28811274703799,1.33132611434538,1.09627321067543,0.950766487281889,1.1603029827845,0.0263668911928091,0,-0.0930309953194633,-0.481588184154324,0.69795236784891,1.20759188462151,-0.627998525224387,-0.793084723013613,-0.569033328961901,-0.0998707974396848,-0.0692112518235939,-0.410266899197836,1.07863107602188,-0.75218129333123,-1.83290722328817,-1.55967039733413,-0.767532904424768,-0.202993708003753,-0.0912709356995593,2.7937310463969,2.02941592997334,-2.05233370428821,-2.26390404116519,-1.1603681679367,-0.589273062893916,-0.177318504788345
"1966",0,4.11151336243399,1.4055628699672,0.524013130597061,0.108774140810285,0.0807774808691453,-0.416428649433891,-0.135962069060475,0.00131510914950845,0.0129698342204877,-1.20068635358845,-1.90867069477352,-1.1850649899467,1.29148053419773,0.937368213326437,0.09615685592105,-0.0445734002443183,-0.741918245459386,-1.62956752949562,-1.12999301782559,-0.200184221487392,1.24678870278565,0.552265305433806,-0.113860786417039,-0.0382639442739243,-0.759253601238671,-1.53139249135053,-0.71344444671316,1.00657188464015,-0.301266633903012,-0.650039470011399,-0.206041130798325,-0.0330109162638679,-0.639535815693025,-1.2263086449194,-0.67429503037576,0.950766487281889,-1.05218914939548,-0.831486854781667,0,-0.0930309953194633,-0.458184152387534,-0.984477210668762,-0.723452314111074,0.502079721709707,0.754289828035795,-0.797595882078731,-0.0998707974396848,-0.0692112518235939,-0.410266899197836,-1.38433934890509,-0.94661938912733,0.604757054779594,1.14027554013895,-0.767532904424768,-0.202993708003753,-0.0191459895266863,4.85864643097778,1.41751113324341,0.0152822700148413,-0.0853884767976621,-0.988491876452356,-0.527680489439249,-0.177318504788345
"1967",0,-0.346763866306412,0.115841786710785,-0.175267190438608,-0.112707670625565,-0.813775052877421,-0.416428649433891,-0.135962069060475,-0.0247411626405223,-0.640995384823577,-0.283834597054994,1.06960504576937,1.13345756693153,0.954850638278565,-0.540830462877054,-0.1555961886108,-0.111531751188364,-0.741918245459386,0.24020725930366,1.56338145586488,1.43333321492626,0.294188708351751,-0.574697546273115,-0.113860786417039,-0.0382639442739243,-0.759253601238671,-0.385240369844486,1.1507788827907,1.00657188464015,0.0636131550343059,-0.650039470011399,-0.048236570436645,-0.0539306280597664,-0.639535815693025,-0.102955623067473,0.959832500297011,0.950766487281889,0.309344470407584,-0.831486854781667,0,-0.0930309953194633,-0.481588184154324,0.400994512042235,1.36287885195866,1.27280760797249,0.582359322363638,-0.797595882078731,-0.303535683501448,-0.0692112518235939,-0.410266899197836,0.0230723224817513,1.19219966462977,1.16729496510292,1.14027554013895,-0.767532904424768,-0.303898403664436,-0.0191459895266863,-0.303642030474405,-0.172466266938626,0.0152822700148413,0.112658392690295,0.902147329875462,0.250977966216181,-0.177318504788345
"1968",0,-0.346763866306412,0.975655842215063,-0.874547511474277,-0.334189482061415,1.15424052136502,1.34347430278246,-0.135962069060475,-0.0247411626405223,0.0129698342204877,0.999757862091843,0.573225755678888,0.290358455339444,1.12316558623815,2.16920044349601,-0.1555961886108,-0.0445734002443183,0.122165329449593,-0.0997517932053001,-1.52917803829819,-0.526887708770123,0.929255371307683,-0.0112161204196545,-0.113860786417039,-0.0382639442739243,-0.759253601238671,-1.53139249135053,-1.39134383926002,0.688959538672687,-0.635224161117807,-0.650039470011399,-0.048236570436645,-0.0330109162638679,-0.639535815693025,-1.2263086449194,-0.67429503037576,0.614423587210637,-1.08574846580431,-0.831486854781667,0,-0.0930309953194633,-0.481588184154324,-0.830535908145318,0.400782070165137,-0.311197503024907,-1.48080674570224,-0.797595882078731,-0.0998707974396848,-0.0692112518235939,0.0739739549704533,0.726778158175171,1.19219966462977,-1.64539458651373,-1.55967039733413,-0.767532904424768,-0.271336509879577,-0.0191459895266863,-0.0174557563136472,1.62907371235298,-0.444187946496948,-2.26390404116519,-1.1603681679367,-0.527680489439249,-0.233658876067031
"1969",0,-0.346763866306412,-0.958925782669563,-0.641454071129054,0.994701386553687,1.69097204161296,0.756839985377011,-0.135962069060475,-0.0247411626405223,-0.855697248062386,-1.20068635358845,1.06960504576937,-0.131191100456599,0.954850638278565,1.9228339974621,0.316539403695504,-0.0445734002443183,-0.741918245459386,-1.11962895073218,1.56338145586488,-0.0368324778460259,0.929255371307683,2.52445029592092,-0.113860786417039,-0.0382639442739243,-0.759253601238671,-0.057768335128474,1.06031853445319,1.00657188464015,0.867584711348771,0.986623330899267,-0.048236570436645,-0.0330109162638679,0.906545122192,1.33132611434538,1.09627321067543,0.950766487281889,-1.22238085187086,-0.831486854781667,0,-0.0930309953194633,1.5363212414657,1.17070102465946,0.275870080598593,1.27280760797249,-1.13694573435793,-0.797595882078731,-0.0998707974396848,-0.0692112518235939,-0.410266899197836,-0.148544439907558,1.19219966462977,1.16729496510292,-0.884683912965861,-1.14188607086181,-0.105316663059891,-0.0191459895266863,-0.303642030474405,-1.17332181098952,0.0152822700148413,-0.0853884767976621,-0.644739293483662,-0.527680489439249,-0.177318504788345
"1970",0,-0.346763866306412,-0.314065241041354,0.757106570942284,-0.393871981431857,-0.992685559626734,-0.416428649433891,-0.135962069060475,-0.0247411626405223,0.33995244374252,0.999757862091843,-0.667722469547314,-0.131191100456599,-0.223353997438511,-0.668927698071699,-0.1555961886108,-0.0445734002443183,1.27427676266156,0.92012536432158,-0.624985304008629,-1.01694293969422,0.452955374090734,-0.0112161204196545,-0.113860786417039,-0.0382639442739243,1.81411968551902,-0.548976387202492,-1.92327182186558,-1.53432688309958,-0.301266633903012,1.26370614595092,-0.048236570436645,-0.0330109162638679,1.83419368492302,-0.427047782649156,-1.47909877630812,-1.73997671328813,-0.881997446920094,1.46221250555829,0,-0.0930309953194633,0.863684766259023,0.554935814565679,-1.12171262543579,-1.26160056962335,-0.277293205997144,1.03090454285591,-0.0998707974396848,-0.0692112518235939,-0.410266899197836,0.902704617098525,-0.75218129333123,-0.895344039415955,0.971528919046879,-0.159645077646464,-0.238589745004056,-0.0191459895266863,-0.303642030474405,-0.372637375748804,0.704487594782526,0.508752131666208,-0.129110419030621,-0.527680489439249,-0.177318504788345
"1971",0,-0.346763866306412,-1.17387929654563,0.0578262499066152,-0.224646412378075,-0.992685559626734,-0.416428649433891,-0.135962069060475,-0.0247411626405223,-0.640995384823577,-1.38405670489514,1.06960504576937,0.501133233237465,-1.40155863315559,-0.540830462877054,-0.1555961886108,-0.0445734002443183,-0.453890387156393,0.24020725930366,1.39504555125922,-1.01694293969422,-0.975944617560112,1.11574673128727,-0.113860786417039,-0.0382639442739243,1.17077636382959,1.08838378637757,-0.543969598576446,-1.37552071011585,0.867584711348771,2.90405953106147,-0.048236570436645,-0.0330109162638679,0.906545122192,1.33132611434538,0.774351712302486,0.278080687139385,1.1603029827845,0.602075245430805,0,-0.0930309953194633,-0.481588184154324,0.0931119069953467,1.05230491728436,1.27280760797249,-0.277293205997144,-0.797595882078731,-0.0998707974396848,-0.0692112518235939,-0.410266899197836,-1.38433934890509,0.722933678726995,0.604757054779594,-1.55967039733413,-0.767532904424768,-0.202993708003753,-0.0191459895266863,-0.303642030474405,-1.17332181098952,0.704487594782526,-0.679529085261532,-1.1603681679367,-0.527680489439249,-0.177318504788345
"1972",0,-0.346763866306412,-0.0991117271652847,0.757106570942284,0.773219575117836,0.617509001117085,-0.416428649433891,-0.135962069060475,-0.0247411626405223,-0.640995384823577,0.816387510785152,-0.915912114592555,-1.1850649899467,0.786535690318983,0.691001767292522,-0.1555961886108,-0.0445734002443183,0.986248904358571,1.09010489057606,0.385030123625297,-1.18029468333559,-0.34087795460418,2.24270958299419,-0.113860786417039,0.158392966225907,1.81411968551902,1.08838378637757,-0.507945752881186,-1.53432688309958,-0.301266633903012,2.63066730020971,-0.048236570436645,-0.0330109162638679,-0.639535815693025,1.33132611434538,-0.835255779562232,-1.73997671328813,-0.881997446920094,2.60906218572827,0,-0.0930309953194633,-0.481588184154324,1.47858362970634,-0.655851723424326,-1.26160056962335,-0.0734635407378407,1.25946709597274,-0.0998707974396848,-0.0692112518235939,-0.031817729585775,1.25455753494524,-0.36330510173903,-0.520318765867068,0.971528919046879,0.291703277880318,-0.202993708003753,-0.0191459895266863,-0.303642030474405,-0.218443373606917,0.93422270303842,0.904845870642121,-0.129110419030621,-0.903425050787397,-0.177318504788345
"1973",0,-0.346763866306412,-1.17387929654563,-2.73929503423606,0.773219575117836,1.15424052136502,-0.416428649433891,-0.135962069060475,-0.064995348517452,-0.640995384823577,-1.93416775881521,-1.66048104972828,0.862543025608258,1.12316558623815,-0.540830462877054,-0.1555961886108,-0.0445734002443183,-0.741918245459386,-1.11962895073218,1.22670964665357,1.43333321492626,0.294188708351751,-0.574697546273115,-0.113860786417039,0.00253193544590119,0.205761381295462,0.924647769019562,0.899132580956059,1.00657188464015,0.19966965691918,-0.650039470011399,-0.048236570436645,-0.0330109162638679,2.76184224765403,1.17147394189133,-0.0304520336298728,0.950766487281889,0.139152767932202,-0.831486854781667,0,-0.0930309953194633,-0.481588184154324,-0.984477210668762,-0.189990821412867,1.23480871234054,-0.277293205997144,-0.797595882078731,-0.0998707974396848,-0.0692112518235939,-0.410266899197836,-1.38433934890509,-1.64744677441109,0.526722919305982,-0.339966603417886,-0.767532904424768,-0.202993708003753,-0.0191459895266863,-0.303642030474405,-1.17332181098952,-2.5118039208,0.310705262178251,0.316948074269662,-0.284637391758096,-0.177318504788345
"1974",0,-0.346763866306412,0.330795300586854,-0.641454071129054,0.773219575117836,0.0807774808691453,-0.416428649433891,-0.135962069060475,-0.0247411626405223,0.0129698342204877,0.999757862091843,1.06960504576937,1.13345756693153,1.29148053419773,0.198268875224692,-0.1555961886108,-0.0445734002443183,1.27427676266156,0.92012536432158,0.216694219019643,-1.01694293969422,0.7704887055687,1.67922815714073,-0.113860786417039,-0.0382639442739243,1.81411968551902,0.105967682229532,-1.49207880732972,-1.53432688309958,0.032690893311783,1.53709837680268,-0.048236570436645,-0.0330109162638679,1.83419368492302,0.212360907167038,-1.47909877630812,-1.73997671328813,-0.201230637018563,1.46221250555829,0,-0.0930309953194633,1.87263947906903,1.17070102465946,-1.12171262543579,-0.786399036324126,1.09815083938011,0.207454555306032,-0.0998707974396848,-0.0692112518235939,0.558214809138742,1.43048399386859,0.803323473037571,1.16729496510292,0.634035676862745,-0.564903628832,-0.202993708003753,-0.0191459895266863,-0.303642030474405,0.42804705949191,0.245017378270736,-0.679529085261532,-1.1603681679367,-0.527680489439249,-0.177318504788345
"1975",0,-0.346763866306412,0.760702328338993,0.990200011287507,0.108774140810285,-0.813775052877421,-0.416428649433891,-0.135962069060475,-0.0247411626405223,2.62883071039675,0.999757862091843,-0.419532824502074,0.922682789033507,-0.728298841317257,-0.568648854112767,-0.116795799497464,-0.0445734002443183,1.56230462096456,-0.60969037196874,-1.12999301782559,0.902109476711967,-0.182111288865197,-0.574697546273115,-0.18815186104439,-0.0382639442739243,-0.759253601238671,-1.53139249135053,-1.56081868739673,0.238398607169415,-0.487096312221946,-0.650039470011399,-0.048236570436645,-0.0330109162638679,-0.639535815693025,-1.2263086449194,-1.31813802712165,0.614423587210637,-0.711805744444711,-0.831486854781667,0,-0.0930309953194633,-0.481588184154324,-0.627545251403108,0.431157047935746,1.11440709687275,-1.30887624003008,-0.569033328961901,-0.0998707974396848,-0.0692112518235939,-0.410266899197836,0.374925240328461,1.19219966462977,0.792269691554037,0.802782297954812,1.46138912709568,-0.202993708003753,-0.0912709356995593,-0.303642030474405,0.42804705949191,0.704487594782526,0.508752131666208,0.558394746906768,0.209604697681432,-0.177484706949768
"1976",0,-0.346763866306412,-0.529018754917424,0.757106570942284,-0.13625961513105,-0.634864546128108,-0.416428649433891,-0.135962069060475,-0.0247411626405223,-0.314012775301545,0.24622025048484,0.573225755678888,0.501133233237465,0.449905794399818,-0.540830462877054,-0.1555961886108,-0.0445734002443183,0.698221046055578,1.09010489057606,0.89003783744226,-1.18029468333559,0.452955374090734,0.834006018360537,-0.113860786417039,-0.0382639442739243,0.527433042140173,0.269703699587538,-0.829986405508023,-1.53432688309958,-0.802202924725205,1.53709837680268,-0.048236570436645,-0.0308394736466229,1.21576130976901,0.0525087347129891,-1.47909877630812,-1.73997671328813,-0.881997446920094,1.46221250555829,0,-0.0930309953194633,0.863684766259023,0.708877117089123,-1.12171262543579,-1.26160056962335,0.0665678053471691,0.80234198973908,-0.0998707974396848,-0.0692112518235939,-0.410266899197836,1.25455753494524,0.608885377241471,-0.145293492318181,0.836150668947708,0.245613473539072,-0.202993708003753,-0.0191459895266863,-0.303642030474405,-0.464108529372167,0.0152822700148413,0.508752131666208,0.902147329875462,-0.527680489439249,-0.177318504788345
"1977",0,-0.346763866306412,0.115841786710785,0.990200011287507,0.994701386553687,1.86988254836228,1.8631034191986,-0.135962069060475,-0.064995348517452,-0.640995384823577,-1.01731600228176,-0.915912114592555,-1.39583976784473,0.954850638278565,2.66193333556384,-0.1555961886108,-0.0445734002443183,-0.741918245459386,-1.62956752949562,-1.12999301782559,-1.18029468333559,1.08802203704667,1.96096887006746,-0.113860786417039,-0.0382639442739243,-1.2930014244344,-1.42658506878673,-0.882919294849875,0.212541019721487,1.36852100217096,-0.10325500830788,-0.048236570436645,-0.0330109162638679,-0.639535815693025,-1.2263086449194,0.774351712302486,0.950766487281889,1.1603029827845,2.03563734564328,0,-0.0930309953194633,-0.481588184154324,-0.984477210668762,1.36287885195866,0.246021798312159,-0.105362700324987,-0.340470775845071,-0.0998707974396848,-0.0692112518235939,-0.410266899197836,0.0230723224817513,1.19219966462977,-1.27036931296484,-1.55967039733413,-0.507847864850739,-0.202993708003753,-0.0191459895266863,-0.303642030474405,0.628218168302089,0.474752486526631,-2.06585717167723,-1.1603681679367,-0.527680489439249,-0.189996969298844
"1978",0,-0.346763866306412,0.330795300586854,0.990200011287507,0.773219575117836,0.564578101108907,0.408780689519856,-0.135962069060475,-0.0247411626405223,-0.640995384823577,-1.01731600228176,-0.915912114592555,0.0795836774414227,1.12316558623815,0.444635321258607,-0.1555961886108,-0.0445734002443183,-0.741918245459386,-1.62956752949562,-0.961657113219938,1.10662972764353,0.7704887055687,-0.292956833346385,-0.113860786417039,-0.0382639442739243,-0.958421892300434,-1.53139249135053,0.133929793970413,1.25436778046413,-0.802202924725205,-0.650039470011399,-0.048236570436645,-0.0330109162638679,-0.639535815693025,-1.2263086449194,-0.67429503037576,0.950766487281889,-0.711805744444711,-0.831486854781667,0,-0.0930309953194633,0.0491992041565827,-0.676594605621874,-0.222226543610629,0.480805052473791,0.582359322363638,-0.797595882078731,-0.0998707974396848,-0.0692112518235939,0.473351675106105,1.25455753494524,0.220009185649271,0.41724441800515,0.179290958681335,-0.767532904424768,-0.202993708003753,-0.0191459895266863,-0.303642030474405,0.42804705949191,0.245017378270736,-0.0853884767976621,-0.644739293483662,-0.527680489439249,-0.177318504788345
"1979",0,-0.346763866306412,1.62051638384327,0.811539728793671,0.994701386553687,-0.0981330258801679,-0.416428649433891,-0.135962069060475,-0.0247411626405223,0.337781395421494,-0.100464245748303,-0.915912114592555,1.13345756693153,-0.391668945398093,-0.540830462877054,-0.1555961886108,-0.0445734002443183,-0.741918245459386,-1.62956752949562,0.553366028230951,1.10662972764353,-1.29347794903808,-0.574697546273115,-0.113860786417039,-0.0382639442739243,-0.759253601238671,-0.385240369844486,0.42290703367864,-0.58148984519718,-1.3031392155474,-0.650039470011399,-0.048236570436645,-0.0330109162638679,-0.639535815693025,-0.746752127557253,0.613390963116015,0.950766487281889,-0.541614041969328,-0.831486854781667,0,-0.0930309953194633,-0.481588184154324,-0.984477210668762,-1.12171262543579,0.322404541374051,1.09815083938011,-0.569033328961901,-0.0998707974396848,-0.0692112518235939,-0.410266899197836,-1.03248643105838,-0.94661938912733,-0.520318765867068,0.900122552725169,0.650872024724607,-0.202993708003753,-0.0191459895266863,-0.303642030474405,1.82924482116316,0.93422270303842,0.904845870642121,1.24589991284416,-0.0361570313587953,-0.177318504788345
"1980",0,-0.346763866306412,-1.39896145862197,-2.27310815354561,0.551737763681986,-0.813775052877421,-0.416428649433891,-0.135962069060475,-0.0247411626405223,-0.640995384823577,-1.93416775881521,-0.419532824502074,0.290358455339444,-1.40155863315559,-0.540830462877054,-0.1555961886108,-0.0445734002443183,-0.741918245459386,-0.26973131945978,0.8753997070594,-1.01694293969422,-0.975944617560112,0.501553555530275,-0.113860786417039,0.00253193544590119,0.205761381295462,0.558342081880926,-0.71344444671316,-1.53432688309958,0.700605947741373,1.26370614595092,-0.048236570436645,-0.0330109162638679,1.66627586971835,1.01162176943728,-1.47909877630812,-0.73094801307437,1.1603029827845,-0.258062014696678,0,-0.0930309953194633,2.20895771667237,1.47858362970634,1.36287885195866,1.27280760797249,0.582359322363638,-0.797595882078731,-0.184441559505062,-0.0692112518235939,-0.410266899197836,-1.03248643105838,-1.14105748492343,0.750844116238001,-0.715937291873794,-0.767532904424768,-0.202993708003753,-0.0191459895266863,-0.303642030474405,-1.17332181098952,-2.28206881254411,0.310705262178251,-0.815688584537979,-0.527680489439249,-0.177318504788345
"1981",0,-0.346763866306412,1.19060935609113,-2.04001471320039,-0.777153104933116,0.259687987618459,-0.416428649433891,-0.135962069060475,-0.0247411626405223,-0.120630613159774,0.816387510785152,-0.171343179456834,-0.5762162756046,1.29148053419773,1.18373465936035,-0.1555961886108,-0.0445734002443183,-0.741918245459386,1.09010489057606,-0.456649399402975,-1.11043304358494,0.7704887055687,2.24270958299419,-0.113860786417039,-0.0382639442739243,0.3396259864683,0.59717573430355,-1.06811643482002,-1.53432688309958,0.032690893311783,1.81049060765444,-0.048236570436645,-0.0330109162638679,0.906545122192,0.851769596983231,-1.47909877630812,-1.73997671328813,-0.201230637018563,1.46221250555829,0,-0.0930309953194633,1.5363212414657,1.01675972213601,-1.12171262543579,-0.152796991925168,1.27008134505226,-0.340470775845071,-0.0998707974396848,-0.0692112518235939,0.558214809138742,1.43048399386859,-0.223631549431576,1.16729496510292,0.127795813586543,-0.767532904424768,-0.202993708003753,-0.0191459895266863,-0.303642030474405,0.628218168302089,0.245017378270736,-0.679529085261532,-1.1603681679367,-0.955059668958106,-0.177318504788345
"1982",0,-0.346763866306412,0.0245018969316139,0.757106570942284,-0.777153104933116,-0.813775052877421,-0.416428649433891,-0.0423196037102199,-0.0247411626405223,-0.314012775301545,0.816387510785152,0.325036110633647,0.922682789033507,0.113275898480654,-0.540830462877054,-0.1555961886108,-0.0445734002443183,1.56230462096456,0.92012536432158,-0.961657113219938,-0.690239452411488,0.929255371307683,-0.292956833346385,-0.113860786417039,-0.0382639442739243,0.527433042140173,0.760911751661556,-1.56081868739673,-1.53432688309958,0.533627184133976,1.53709837680268,-0.048236570436645,-0.105912968353273,0.906545122192,0.691917424529183,-1.47909877630812,-1.73997671328813,0.479536172882967,1.46221250555829,0,-0.0930309953194633,1.20000300386236,1.3246423271829,-0.67074867925686,-1.26160056962335,0.582359322363638,1.48802964908957,-0.0998707974396848,-0.0692112518235939,0.0739739549704533,1.43048399386859,0.0255710898531705,-0.00189443338228478,0.971528919046879,-0.159645077646464,-0.202993708003753,-0.0191459895266863,-0.303642030474405,-0.172466266938626,0.630717247981965,0.706799001154165,-0.472863001999315,-0.527680489439249,-0.177318504788345
"1983",0,1.88237474806379,1.83546989771934,1.05985572809367,-2.54900759641992,-0.992685559626734,-0.416428649433891,-0.135962069060475,-0.0247411626405223,1.32090027230862,0.999757862091843,-0.419532824502074,-2.23893887943681,-1.26642032587774,-0.540830462877054,-0.1555961886108,-0.0445734002443183,1.56230462096456,-0.26973131945978,1.22670964665357,-1.18029468333559,-1.29347794903808,-0.574697546273115,-0.166169596371564,-0.0382639442739243,-0.115910279549249,-1.04018443927651,0.981304034653986,-0.581221951423044,-1.3031392155474,-0.650039470011399,-0.048236570436645,-0.0330109162638679,-0.639535815693025,-0.586899955103205,0.452430213929543,-0.765210509444221,-1.56276425682162,-0.831486854781667,0,-0.0930309953194633,-0.145269946550987,1.01675972213601,0.12058311326144,0.000583307877703175,-1.48080674570224,-0.797595882078731,-0.229173737984297,-0.0692112518235939,2.4951782258119,1.43048399386859,1.19219966462977,1.16729496510292,0.0176036189134782,0.0429841979463036,-0.202993708003753,-0.0191459895266863,2.7937310463969,1.82924482116316,0.93422270303842,0.508752131666208,0.0427658724537265,-0.0361570313587953,-0.177318504788345
"1984",0,-0.346763866306412,-1.17387929654563,-1.80692127285517,0.330255952246136,1.15424052136502,0.17020566797156,-0.135962069060475,-0.0247411626405223,-0.640995384823577,-1.75079740750852,0.821415400724128,1.13345756693153,1.29148053419773,0.198268875224692,-0.1555961886108,-0.0445734002443183,-0.741918245459386,-0.43971084571426,1.56338145586488,0.927896672619664,1.24678870278565,-0.0112161204196545,-0.113860786417039,-0.0382639442739243,-0.43758194039396,0.760911751661556,1.1507788827907,1.00657188464015,1.31104868899052,0.17013722254388,-0.048236570436645,-0.0330109162638679,1.52497749734601,1.33132611434538,1.09627321067543,0.950766487281889,1.1603029827845,0.211288809799014,0,-0.0930309953194633,-0.481588184154324,-0.984477210668762,0.586444015272899,1.27280760797249,0.754289828035795,-0.797595882078731,-0.0998707974396848,-0.0692112518235939,-0.410266899197836,-1.38433934890509,-0.36330510173903,1.16729496510292,0.971528919046879,-0.650184751161723,-0.202993708003753,-0.0191459895266863,-0.303642030474405,-1.17332181098952,-1.36312837952053,0.904845870642121,0.710516649036355,-0.0361570313587953,-0.177318504788345
"1985",0,-0.346763866306412,0.545748814462924,0.990200011287507,0.773219575117836,-0.277043532629481,-0.416428649433891,-0.135962069060475,-0.0247411626405223,0.0129698342204877,0.999757862091843,-1.66048104972828,-0.763515434150662,-0.0550390494789284,-0.540830462877054,-0.1555961886108,-0.0445734002443183,-0.741918245459386,-0.354728380651915,-1.5825243792245,-0.363535965128757,0.115741127742519,-0.574697546273115,-0.113860786417039,-0.0382639442739243,-0.759253601238671,-1.53139249135053,-1.56081868739673,0.37134719270522,-0.46824539751041,-0.650039470011399,-0.048236570436645,-0.0330109162638679,-0.639535815693025,-1.2263086449194,-0.0304520336298728,0.614423587210637,-1.56276425682162,-0.831486854781667,0,-0.0930309953194633,0.202969863158941,0.708877117089123,1.20759188462151,0.0580866875945616,-1.48080674570224,-0.797595882078731,-0.0998707974396848,0.189017284176503,1.04245566330703,1.43048399386859,0.608885377241471,-1.0828566761904,-1.55967039733413,-0.767532904424768,-0.54601356805566,-0.0191459895266863,-0.303642030474405,0.42804705949191,0.245017378270736,0.904845870642121,1.4177762043285,0.702047408942666,-0.177318504788345
"1986",0,-0.346763866306412,-0.529018754917424,-2.17703630088083,-1.22011672780482,1.69097204161296,-0.416428649433891,-0.135962069060475,-0.0247411626405223,2.30184810087471,0.999757862091843,0.573225755678888,1.13345756693153,1.12316558623815,-0.540830462877054,-0.1555961886108,0.0761520886060514,0.698221046055578,-0.43971084571426,0.216694219019643,1.10662972764353,0.766670265941578,-0.574697546273115,-0.113860786417039,-0.0382639442739243,-0.759253601238671,-1.36765647399252,-0.882919294849875,0.530153365688954,1.07892898946203,-0.10325500830788,0.019644470688111,-0.0330109162638679,-0.639535815693025,0.0525087347129891,1.09627321067543,0.787115561654673,1.1603029827845,2.60906218572827,0,-0.0930309953194633,-0.481588184154324,-0.830535908145318,0.12058311326144,1.11440709687275,0.410428816691482,-0.340470775845071,-0.0062764883416386,-0.0692112518235939,-0.410266899197836,-1.38433934890509,-1.91880986810783,0.41724441800515,0.465289055770677,-0.767532904424768,-0.202993708003753,-0.0338432573430967,-0.303642030474405,-1.17332181098952,-2.7415390290559,-0.679529085261532,1.07402362135981,-0.527680489439249,-0.177318504788345
"1987",0,-0.346763866306412,-0.529018754917424,0.757106570942284,0.108774140810285,1.15424052136502,1.34347430278246,-0.135962069060475,-0.0247411626405223,-0.640995384823577,0.44964680817177,0.325036110633647,-0.96674989966785,1.29148053419773,2.41556688952993,-0.1555961886108,-0.0445734002443183,0.698221046055578,0.24020725930366,-1.12999301782559,-1.49223860006441,-1.29347794903808,-0.292956833346385,-0.113860786417039,0.0648763477579032,0.849104702984884,1.08838378637757,0.981304034653986,-0.422683672213447,-1.3031392155474,-0.650039470011399,-0.048236570436645,-0.0330109162638679,-0.639535815693025,0.212360907167038,0.774351712302486,0.950766487281889,-1.56276425682162,-0.831486854781667,0,-0.0930309953194633,-0.481588184154324,-0.984477210668762,-0.966425658098632,1.11440709687275,-1.13694573435793,-0.797595882078731,-0.0998707974396848,0.111371867786789,-0.410266899197836,-1.20841288998173,0.0884157388315764,0.229731781230706,-1.55967039733413,-0.767532904424768,-0.202993708003753,-0.0191459895266863,-0.303642030474405,-0.572808484558983,0.474752486526631,-2.06585717167723,-1.1603681679367,-0.527680489439249,-0.177318504788345
"1988",0,-0.346763866306412,-0.958925782669563,0.290919690251838,0.773219575117836,-0.455954039378794,-0.416428649433891,-0.135962069060475,-0.0247411626405223,1.32090027230862,0.999757862091843,1.06960504576937,1.13345756693153,0.113275898480654,-0.540830462877054,-0.1555961886108,-0.0445734002443183,1.85033247926755,0.92012536432158,1.56338145586488,1.43333321492626,-0.34087795460418,-0.574697546273115,-0.113860786417039,-0.0382639442739243,0.205761381295462,1.08838378637757,1.1507788827907,0.0537348467377536,-1.3031392155474,-0.650039470011399,-0.048236570436645,-0.0330109162638679,-0.639535815693025,0.108643130271148,0.482679420629225,0.109909237103759,-1.56276425682162,-1.38070923904748,0,-0.0930309953194633,-0.481588184154324,1.17070102465946,-0.189990821412867,0.322404541374051,1.09815083938011,-0.340470775845071,-0.0998707974396848,-0.0692112518235939,-0.410266899197836,0.550851699251816,0.414447281445371,-0.707831402641512,1.14027554013895,1.86664767828122,-0.202993708003753,-0.0191459895266863,-0.303642030474405,-0.869602411842965,-0.444187946496948,0.706799001154165,1.07402362135981,0.701128155761885,-0.177318504788345
"1989",0,-0.346763866306412,0.210547647958866,0.990200011287507,0.994701386553687,1.15424052136502,0.17020566797156,-0.135962069060475,-0.0247411626405223,-0.640995384823577,0.266276456865079,0.788047678037735,0.501133233237465,0.954850638278565,1.18373465936035,-0.1555961886108,-0.0364582152705978,-0.1658625288534,1.09010489057606,0.721701932836606,-1.18029468333559,-1.29347794903808,-0.574697546273115,-0.113860786417039,-0.0382639442739243,0.849104702984884,1.08838378637757,1.1507788827907,0.212541019721487,-1.3031392155474,-0.911567930072868,-0.0111937918009328,-0.0330109162638679,2.76184224765403,1.33132611434538,0.291469464743071,0.950766487281889,-1.05218914939548,-0.831486854781667,0,-0.0930309953194633,-0.145269946550987,-0.676594605621874,-1.12171262543579,0.79760607467327,-0.105362700324987,-0.797595882078731,-0.0998707974396848,-0.0692112518235939,-0.410266899197836,-1.03248643105838,-1.14105748492343,0.604757054779594,-0.209697428597592,-0.941457986156117,-0.202993708003753,-0.0191459895266863,-0.303642030474405,0.42804705949191,0.93422270303842,0.904845870642121,0.0938921588207353,-0.64255374937047,-0.177318504788345
"1990",0,-0.346763866306412,-0.611400282875384,0.0578262499066152,0.108774140810285,-0.455954039378794,-0.416428649433891,-0.135962069060475,-0.0247411626405223,-0.759435502996841,-0.283834597054994,1.06960504576937,1.13345756693153,0.618220742359401,-0.540830462877054,-0.1555961886108,-0.0445734002443183,-0.741918245459386,-0.0997517932053001,1.56338145586488,1.43333321492626,1.08802203704667,-0.574697546273115,-0.113860786417039,-0.0382639442739243,-0.759253601238671,0.269703699587538,1.1507788827907,1.00657188464015,0.366648420526578,-0.650039470011399,-0.048236570436645,-0.0330109162638679,-0.639535815693025,0.532065252075134,1.09627321067543,0.950766487281889,-0.0310389345431809,-0.831486854781667,0,-0.0930309953194633,-0.481588184154324,1.01675972213601,1.49494449540678,0.975861644413676,-0.96501522868577,-0.797595882078731,-0.0998707974396848,-0.0692112518235939,-0.410266899197836,0.726778158175171,1.19219966462977,0.979782328328481,-1.22217715515,-0.767532904424768,-0.202993708003753,-0.0191459895266863,-0.394192527697033,-0.772979593369162,-0.673923054752843,-0.0853884767976621,-0.816615584968009,-0.527680489439249,-0.177318504788345
"1991",0,-0.346763866306412,1.83546989771934,0.990200011287507,0.551737763681986,0.169918832797874,-0.416428649433891,-0.135962069060475,-0.0247411626405223,-0.608775804779646,-1.38405670489514,-2.09435683757597,-1.81738932364077,1.29148053419773,0.198268875224692,-0.1555961886108,-0.0445734002443183,-0.741918245459386,-1.62956752949562,-0.456649399402975,0.453222753078071,1.08802203704667,-0.292956833346385,-0.113860786417039,0.0960485539139038,1.17077636382959,1.08838378637757,1.1507788827907,0.747599049704815,-0.969181688332602,-0.650039470011399,-0.048236570436645,-0.0330109162638679,-0.33031962811602,-0.586899955103205,-0.513334281189288,0.278080687139385,0.479536172882967,-0.831486854781667,0,-0.0930309953194633,-0.481588184154324,-0.984477210668762,-1.12171262543579,-1.26160056962335,0.582359322363638,1.25946709597274,-0.0998707974396848,-0.0692112518235939,-0.410266899197836,0.374925240328461,-1.91880986810783,-1.0828566761904,0.802782297954812,0.245613473539072,0.196923825702719,-0.0191459895266863,-0.303642030474405,1.4289026035428,0.93422270303842,0.310705262178251,-0.472863001999315,-0.527680489439249,-0.177318504788345
"1992",0,-0.346763866306412,0.975655842215063,0.990200011287507,0.994701386553687,0.617509001117085,-0.416428649433891,-0.135962069060475,-0.0247411626405223,0.666935053264552,0.44964680817177,-1.66048104972828,-0.34196587835462,0.618220742359401,-0.540830462877054,-0.1555961886108,-0.111531751188364,-0.741918245459386,-1.62956752949562,-0.961657113219938,0.177134719959149,-0.499644620343163,-0.574697546273115,-0.113860786417039,-0.0382639442739243,-0.759253601238671,-0.712712404560498,0.642354338380556,0.74961302166483,1.36852100217096,1.81049060765444,-0.048236570436645,-0.0330109162638679,-0.162650836711777,0.532065252075134,1.09627321067543,0.109909237103759,0.309344470407584,1.74892492560078,0,-0.0930309953194633,-0.481588184154324,-0.830535908145318,0.897017949947205,-0.786399036324126,-1.48080674570224,-0.142849237501054,-0.0998707974396848,-0.0692112518235939,-0.410266899197836,0.0230723224817513,0.0255710898531705,-1.83290722328817,-1.55967039733413,-0.767532904424768,-0.202993708003753,-0.0191459895266863,-0.303642030474405,1.02856038592245,-0.903658163008738,-1.85567881636141,-1.1603681679367,-0.527680489439249,-0.177318504788345
"1993",0,-0.346763866306412,-0.529018754917424,0.990200011287507,0.994701386553687,0.617509001117085,-0.416428649433891,-0.135962069060475,-0.0247411626405223,-0.640995384823577,0.44964680817177,0.573225755678888,-0.34196587835462,1.29148053419773,0.198268875224692,-0.1555961886108,-0.0445734002443183,-0.741918245459386,0.92012536432158,-0.119977590191666,-0.363535965128757,1.24678870278565,0.270524592507076,-0.113860786417039,-0.0382639442739243,-0.759253601238671,-0.22150435248648,1.1507788827907,1.00657188464015,1.36852100217096,0.17013722254388,-0.048236570436645,-0.0330109162638679,-0.639535815693025,-1.2263086449194,-0.513334281189288,-0.562776563038745,1.1603029827845,-0.258062014696678,0,-0.0930309953194633,-0.481588184154324,-0.830535908145318,-1.12171262543579,-0.786399036324126,1.27008134505226,-0.111908222728241,-0.0998707974396848,0.0395137449289371,0.0739739549704533,1.07863107602188,-1.33549558071953,-0.707831402641512,0.971528919046879,-0.259305304524917,-0.202993708003753,-0.0191459895266863,-0.303642030474405,-0.572808484558983,0.704487594782526,0.904845870642121,1.07402362135981,-0.527680489439249,-0.177318504788345
"1994",0,-0.346763866306412,0.760702328338993,0.990200011287507,-0.0505212873559844,-0.0981330258801679,-0.416428649433891,-0.135962069060475,-0.0247411626405223,0.993917662786584,0.999757862091843,-0.419532824502074,-0.34196587835462,1.29148053419773,0.198268875224692,-0.1555961886108,-0.0445734002443183,1.56230462096456,0.41018678555814,-1.12999301782559,-1.18029468333559,1.32447963520321,-0.0112161204196545,-0.113860786417039,-0.0382639442739243,0.849104702984884,1.08838378637757,0.472879490243842,0.847765711656421,1.36852100217096,1.26370614595092,-0.048236570436645,-0.0384347443813074,0.193498960120641,0.532065252075134,1.09627321067543,0.950766487281889,-0.711805744444711,-0.831486854781667,0,-0.0930309953194633,-0.145269946550987,1.3246423271829,0.586444015272899,0.79760607467327,0.238498311019326,-0.797595882078731,-0.0998707974396848,-0.0692112518235939,1.04245566330703,1.43048399386859,-0.75218129333123,0.229731781230706,0.144473935971753,-0.767532904424768,-0.202993708003753,-0.0191459895266863,-0.303642030474405,0.828389277112268,0.93422270303842,0.310705262178251,-0.472863001999315,-0.527680489439249,-0.177318504788345
"1995",0,2.99694405524889,1.83546989771934,0.757106570942284,-0.266566383365897,0.87021324861481,1.93010862018791,0.271396115563647,-0.0247411626405223,0.666935053264552,0.999757862091843,0.172675083146521,-0.552740656252641,-0.223353997438511,-0.0480975708092236,-0.1555961886108,-0.0445734002443183,0.986248904358571,1.09010489057606,1.39504555125922,0.12651926579534,-1.08718107217151,-0.574697546273115,-0.113860786417039,-0.0382639442739243,1.81411968551902,1.08838378637757,0.642354338380556,1.00657188464015,-0.635224161117807,-0.650039470011399,-0.048236570436645,-0.0330109162638679,-0.33031962811602,-1.06645647246535,-1.47909877630812,-0.0582622129318667,0.139152767932202,-0.831486854781667,0,-0.0930309953194633,0.0905984082324099,-0.984477210668762,-1.12171262543579,0.00560351917457189,0.582359322363638,-0.797595882078731,-0.0998707974396848,-0.0692112518235939,2.01093737164361,0.0230723224817513,-0.75218129333123,0.979782328328481,0.127795813586543,-0.767532904424768,-0.202993708003753,-0.0191459895266863,2.7937310463969,2.02941592997334,0.853797651321031,-0.393297274744735,-0.988491876452356,-0.527680489439249,-0.177318504788345
"1996",0,-0.239421336484187,-0.0991117271652847,0.757106570942284,-0.235510758183315,-0.677901106446749,-0.416428649433891,-0.135962069060475,-0.0247411626405223,-0.640995384823577,-0.283834597054994,1.06960504576937,1.13345756693153,-0.89661378927684,-0.540830462877054,-0.1555961886108,-0.0445734002443183,-0.741918245459386,0.58016631181262,1.56338145586488,1.43333321492626,-0.817177951821129,-0.574697546273115,-0.113860786417039,-0.0382639442739243,-0.759253601238671,0.59717573430355,1.1507788827907,1.00657188464015,-1.13616045194,-0.650039470011399,-0.048236570436645,-0.0330109162638679,-0.251852395770604,0.691917424529183,1.5657438926734,0.950766487281889,-1.22238085187086,-0.831486854781667,0,-0.0930309953194633,-0.481588184154324,0.554935814565679,1.36287885195866,1.27280760797249,-1.13694573435793,-1.12736328646612,-0.0998707974396848,-0.0692112518235939,-0.410266899197836,-0.504707054288313,1.19219966462977,1.16729496510292,0.29654243467861,-0.767532904424768,-0.202993708003753,-0.0191459895266863,-0.303642030474405,-0.372637375748804,0.704487594782526,0.904845870642121,0.511005390778721,0.209604697681432,-0.177318504788345
"1997",0,-0.346763866306412,0.115841786710785,0.757106570942284,-1.22011672780482,-0.992685559626734,-0.416428649433891,-0.135962069060475,-0.0247411626405223,0.666935053264552,0.999757862091843,0.573225755678888,0.922682789033507,-1.06492873723642,-0.540830462877054,-0.1555961886108,-0.0445734002443183,0.410193187752585,1.09010489057606,0.0483583144139882,0.943277984002168,0.611722039829717,-0.266195571082372,-0.113860786417039,0.00253193544590119,0.205761381295462,1.08838378637757,1.1507788827907,1.00657188464015,1.36852100217096,0.17013722254388,-0.048236570436645,-0.0330109162638679,-0.639535815693025,-0.427047782649156,0.291469464743071,-0.0582622129318667,1.39974736447173,2.03563734564328,0,-0.0930309953194633,-0.481588184154324,-1.03166078926888,-1.12171262543579,-0.627278195678369,0.582359322363638,1.48802964908957,-0.0998707974396848,-0.0718918923407939,-0.804883093880112,-1.38433934890509,-1.52993367651563,0.41724441800515,1.14027554013895,0.853501300317375,-0.202993708003753,-0.0191459895266863,-0.303642030474405,-0.172466266938626,0.704487594782526,0.904845870642121,0.730271038391115,-0.281918760399022,-0.177318504788345
"1998",0,-0.58840740619678,-1.17387929654563,-1.2855335533465,0.773219575117836,0.796419507866398,-0.123111490731166,-0.535704211046158,-0.0247411626405223,-0.640995384823577,-0.283834597054994,-0.419532824502074,-0.552740656252641,1.29148053419773,0.691001767292522,-0.1555961886108,-0.0445734002443183,-0.741918245459386,0.92012536432158,-0.793321208614283,-1.18029468333559,0.452955374090734,2.24270958299419,0.263262750001802,-0.0382639442739243,1.49244802467431,0.105967682229532,-1.56081868739673,-1.53432688309958,0.19966965691918,1.94203631599274,-0.048236570436645,-0.0330109162638679,1.750726570924,0.0525087347129891,-1.47909877630812,-1.73997671328813,-0.0310389345431809,1.46221250555829,0,-0.0930309953194633,2.20895771667237,-0.0608293955280974,-1.4218337252621,-0.469598014124647,1.27008134505226,-0.340470775845071,-0.0998707974396848,0.245080256281951,1.04245566330703,1.07863107602188,-0.668709619493816,1.16729496510292,0.802782297954812,-0.767532904424768,-0.202993708003753,-0.0191459895266863,-0.303642030474405,-0.97315070217934,-0.673923054752843,0.439174026864179,-0.644739293483662,-0.527680489439249,-0.177318504788345
"1999",0,-0.346763866306412,1.4055628699672,-1.57382783250995,-2.54900759641992,-0.992685559626734,-0.416428649433891,-0.135962069060475,-0.0247411626405223,-0.640995384823577,0.999757862091843,-2.405049984864,-2.23893887943681,-1.40155863315559,-0.540830462877054,-0.1555961886108,-0.0445734002443183,0.122165329449593,0.41018678555814,-1.12999301782559,-1.18029468333559,-0.903162818397676,-0.574697546273115,-0.113860786417039,-0.0382639442739243,0.527433042140173,0.433439716945544,-1.56081868739673,-1.53432688309958,-1.3031392155474,-0.650039470011399,-0.048236570436645,-0.0330109162638679,1.52497749734601,1.1580039349278,1.09627321067543,0.614423587210637,-1.05218914939548,-0.831486854781667,0,-0.0930309953194633,0.527366528655686,1.47858362970634,0.12058311326144,-0.517815522458865,1.27008134505226,0.116654330388589,-0.0998707974396848,-0.0692112518235939,0.558214809138742,1.43048399386859,-1.33549558071953,-1.0828566761904,1.14027554013895,0.0429841979463036,-0.443752448139581,-0.0191459895266863,-0.303642030474405,1.02856038592245,0.0152822700148413,-0.0853884767976621,0.295431528223631,-0.527680489439249,-0.704816845100815
"2000",0,-0.346763866306412,0.518246904492692,0.562711820071,0.108774140810285,-0.634864546128108,-0.416428649433891,-0.135962069060475,-0.0247411626405223,-0.640995384823577,-0.100464245748303,0.0768464655884069,0.501133233237465,0.281590846440236,-0.540830462877054,-0.1555961886108,-0.0445734002443183,-0.587080431489731,-0.92409175934206,-1.12999301782559,0.12651926579534,0.694062169933611,-0.574697546273115,-0.113860786417039,-0.0382639442739243,-0.759253601238671,-1.53139249135053,-1.56081868739673,-0.10507132624598,0.700605947741373,-0.650039470011399,-0.048236570436645,-0.0330109162638679,-0.639535815693025,-1.2263086449194,-0.996216528748704,0.950766487281889,-0.280646288071067,-0.831486854781667,0,-0.0930309953194633,-0.481588184154324,-0.830535908145318,0.897017949947205,0.63920556357353,-1.13694573435793,-0.111908222728241,-0.0998707974396848,-0.0692112518235939,-0.410266899197836,-0.0759359680510298,1.19219966462977,1.16729496510292,1.14027554013895,1.05613057591014,0.0395296446623204,-0.0912709356995593,-0.303642030474405,0.828389277112268,0.528419497061979,-0.481482215773575,-0.816615584968009,-0.527680489439249,-0.177318504788345
"2001",0,-0.346763866306412,0.7443110030463,0.990200011287507,0.330255952246136,-0.455954039378794,-0.416428649433891,-0.135962069060475,-0.0247411626405223,0.0129698342204877,0.999757862091843,1.06960504576937,1.13345756693153,0.618220742359401,-0.540830462877054,-0.1555961886108,-0.0445734002443183,-0.741918245459386,-1.62956752949562,-0.119977590191666,1.43333321492626,-0.182111288865197,-0.574697546273115,-0.113860786417039,-0.0382639442739243,-0.759253601238671,-1.36765647399252,0.981304034653986,0.37134719270522,-1.12828318785036,-0.650039470011399,-0.048236570436645,-0.0330109162638679,-0.639535815693025,0.851769596983231,0.935312461488958,-1.40363381321687,-1.56276425682162,-0.831486854781667,0,-0.0930309953194633,0.863684766259023,1.47858362970634,-0.0347038540757136,-1.05398081940721,-1.48080674570224,-0.797595882078731,-0.0998707974396848,-0.0692112518235939,3.46365993414848,1.43048399386859,0.191648228573498,-0.707831402641512,-0.209697428597592,-0.159645077646464,-0.202993708003753,-0.0191459895266863,0.728815661816031,0.810785710868563,0.93422270303842,0.904845870642121,0.902147329875462,0.455366426721658,-0.0929029830978666
"2002",0,-0.346763866306412,-0.958925782669563,0.290919690251838,-0.334189482061415,-0.992685559626734,-0.416428649433891,-0.135962069060475,-0.0247411626405223,-0.640995384823577,-0.283834597054994,1.06960504576937,0.0795836774414227,-1.40155863315559,-0.540830462877054,-0.1555961886108,-0.0445734002443183,0.122165329449593,1.09010489057606,0.721701932836606,-1.18029468333559,-1.29347794903808,-0.545024492675753,-0.113860786417039,-0.0382639442739243,0.849104702984884,1.29097455636931,0.303404642107127,-0.422683672213447,-1.13616045194,-0.650039470011399,-0.048236570436645,-0.0330109162638679,0.604937266005907,1.33132611434538,1.09627321067543,0.950766487281889,0.990111280309114,0.0286504053458163,0,-0.0930309953194633,0.527366528655686,1.47858362970634,0.741730982610052,-0.944799547423866,0.582359322363638,1.7165922022064,-0.0998707974396848,-0.0692112518235939,0.0404633671528798,0.726778158175171,0.803323473037571,-0.895344039415955,-0.0409508075055244,2.27190622946675,-0.202993708003753,-0.0191459895266863,-0.303642030474405,-1.17332181098952,-0.444187946496948,0.706799001154165,1.58965249581285,2.17569853000325,-0.177318504788345
"2003",0,0.0979349833006141,0.975655842215063,0.990200011287507,0.994701386553687,1.69097204161296,1.34347430278246,-0.135962069060475,-0.0247411626405223,0.993917662786584,0.816387510785152,-0.915912114592555,-0.974290212048683,1.29148053419773,2.16920044349601,-0.1555961886108,-0.0445734002443183,-0.0179257625049765,-1.28960847698666,-0.28831349479732,1.2699814712849,0.7704887055687,0.270524592507076,-0.113860786417039,-0.0382639442739243,-0.759253601238671,-1.53139249135053,1.1507788827907,0.688959538672687,-1.3031392155474,-0.650039470011399,-0.048236570436645,-0.0330109162638679,-0.639535815693025,-1.2263086449194,-0.513334281189288,0.950766487281889,0.309344470407584,-0.544774434739172,0,-0.0930309953194633,-0.481588184154324,-0.984477210668762,-1.12171262543579,-0.311197503024907,1.27008134505226,1.03090454285591,-0.0998707974396848,-0.0692112518235939,-0.410266899197836,-0.324017523880562,-0.94661938912733,0.41724441800515,0.93316730965147,0.245613473539072,-0.202993708003753,-0.0191459895266863,-0.303642030474405,0.931193031796631,0.93422270303842,0.310705262178251,0.0427658724537265,-0.527680489439249,-0.177318504788345
"2004",0,0.767805440878689,0.760702328338993,0.54038989361616,-0.998634916368966,-0.557469465519963,-0.416428649433891,-0.135962069060475,-0.0247411626405223,1.64788288183065,0.266276456865079,-0.631890652330093,0.922682789033507,-0.391668945398093,-0.540830462877054,-0.1555961886108,-0.111531751188364,-0.741918245459386,-1.45958800324114,-0.456649399402975,0.943277984002168,0.294188708351751,-0.574697546273115,-0.113860786417039,-0.0382639442739243,-0.759253601238671,-0.876448421918504,1.1507788827907,1.00657188464015,0.867584711348771,-0.650039470011399,-0.048236570436645,-0.0330109162638679,-0.639535815693025,-1.2263086449194,-1.47909877630812,-1.40363381321687,0.649727875358349,0.8887876654733,0,-0.0930309953194633,-0.481588184154324,-0.984477210668762,-1.12171262543579,-1.26160056962335,0.238498311019326,1.03090454285591,-0.0998707974396848,-0.0692112518235939,-0.410266899197836,0.198998781405106,-0.55774319753513,-0.145293492318181,0.971528919046879,-0.564903628832,-0.202993708003753,-0.0191459895266863,-0.303642030474405,1.4289026035428,0.704487594782526,-0.481482215773575,-0.988491876452356,-0.527680489439249,-0.177318504788345
"2005",0,-0.346763866306412,-1.17387929654563,-0.641454071129054,0.551737763681986,1.51206153486365,-0.123111490731166,-0.135962069060475,-0.0247411626405223,0.0129698342204877,0.816387510785152,1.06960504576937,0.339738742273364,0.449905794399818,-0.294464016843139,-0.1555961886108,-0.0445734002443183,0.986248904358571,1.09010489057606,1.39504555125922,-0.363535965128757,-1.29347794903808,-0.574697546273115,-0.113860786417039,-0.0382639442739243,3.10080632889786,1.65585894440917,0.318586797275186,-1.37552071011585,-1.3031392155474,-0.650039470011399,-0.049335153206293,-0.0330109162638679,0.28811274703799,0.851769596983231,1.09627321067543,0.446252137175011,-1.22238085187086,-0.831486854781667,0,-0.0930309953194633,-1.21740097605034,-0.984477210668762,-0.655851723424326,0.79760607467327,1.09815083938011,-0.797595882078731,-0.0998707974396848,-0.0692112518235939,-0.6217747159499,-1.38433934890509,0.220009185649271,0.0422191444562627,1.14027554013895,-0.193293114669111,-0.202993708003753,-0.0191459895266863,-0.303642030474405,-1.17332181098952,-0.444187946496948,0.904845870642121,1.4177762043285,-0.281918760399022,-0.366119103996464
"2006",0,-0.7063900778161,-1.17387929654563,-0.874547511474277,-0.112707670625565,-0.992685559626734,-0.416428649433891,-0.135962069060475,-0.064995348517452,-0.640995384823577,-1.38405670489514,1.06960504576937,-1.1850649899467,-1.40155863315559,-0.540830462877054,-0.1555961886108,-0.12016755277347,-0.741918245459386,0.24020725930366,1.05837374204791,-1.18029468333559,-1.29347794903808,-0.574697546273115,-0.113860786417039,-0.0564895636525895,-0.43758194039396,1.08838378637757,-0.71344444671316,-1.53432688309958,-1.13616045194,-0.650039470011399,-0.048236570436645,-0.0330109162638679,1.24633173314433,1.20727245854747,-1.47909877630812,-0.69953141755468,1.1603029827845,0.0286504053458163,0,-0.0930309953194633,2.20895771667237,1.01675972213601,-0.966425658098632,0.322404541374051,1.27008134505226,0.116654330388589,-0.0998707974396848,0.66901128139436,2.97941907998019,1.43048399386859,1.19219966462977,1.16729496510292,1.14027554013895,-0.362274353239232,-0.202993708003753,-0.0191459895266863,-0.303642030474405,-0.372637375748804,-1.36312837952053,-1.2736696937254,-1.35806987796956,-0.794126984285344,-0.177318504788345
"2007",0,-0.346763866306412,-0.28207727017343,0.524013130597061,-1.22011672780482,-0.813775052877421,-0.416428649433891,-0.135962069060475,-0.0247411626405223,-0.640995384823577,0.633017159478461,1.06960504576937,0.711908011135486,0.113275898480654,-0.540830462877054,-0.1555961886108,0.00107855268828527,0.122165329449593,1.09010489057606,-0.624985304008629,-1.01694293969422,1.08802203704667,-0.292956833346385,-0.113860786417039,-0.0382639442739243,0.527433042140173,0.59717573430355,-1.56081868739673,-1.53432688309958,0.533627184133976,0.778674776894112,-0.048236570436645,-0.0330109162638679,-0.0211034405390152,1.01162176943728,-1.47909877630812,-1.73997671328813,0.362341741929146,1.46221250555829,0,-0.0930309953194633,0.19104829105235,1.47858362970634,-0.811138690761479,-0.944799547423866,1.27008134505226,0.116654330388589,-0.0998707974396848,-0.0692112518235939,-0.265882617312312,0.726778158175171,-0.16886700594293,0.41724441800515,0.465289055770677,-0.767532904424768,-0.202993708003753,-0.0191459895266863,-0.303642030474405,-0.372637375748804,0.245017378270736,-0.0853884767976621,-0.988491876452356,-0.527680489439249,-0.177318504788345
"2008",0,-0.346763866306412,-0.743972268793493,0.0578262499066152,0.551737763681986,-0.813775052877421,-0.416428649433891,-0.135962069060475,-0.064995348517452,-0.640995384823577,0.633017159478461,-0.667722469547314,0.0795836774414227,0.954850638278565,1.18373465936035,-0.1555961886108,-0.0445734002443183,0.698221046055578,0.41018678555814,-1.12999301782559,0.12651926579534,0.452955374090734,-0.292956833346385,-0.113860786417039,-0.0382639442739243,0.527433042140173,0.760911751661556,0.196881461206041,0.530153365688954,-1.13616045194,-0.650039470011399,-0.048236570436645,-0.0330109162638679,-0.639535815693025,0.212360907167038,1.44961421176158,0.785401621906838,-1.56276425682162,-0.982697204916647,0,-0.0930309953194633,-0.481588184154324,0.0931119069953467,0.897017949947205,0.79760607467327,-1.30887624003008,-0.797595882078731,-0.272496720815547,-0.0692112518235939,-0.410266899197836,0.0230723224817513,-0.55774319753513,0.792269691554037,-0.644534913104126,-0.767532904424768,-0.474830740316307,-0.0191459895266863,-0.303642030474405,-0.372637375748804,0.231692855250358,0.112658392690295,-0.472863001999315,-0.527680489439249,-0.177318504788345
"2009",0,-0.346763866306412,1.4055628699672,0.990200011287507,-0.601801091167245,-0.634864546128108,-0.416428649433891,-0.135962069060475,-0.0247411626405223,3.28279592944081,0.816387510785152,-0.667722469547314,0.922682789033507,0.618220742359401,-0.540830462877054,-0.1555961886108,-0.0445734002443183,2.71441605417653,-0.43971084571426,-1.12999301782559,0.71130841277045,1.24678870278565,-0.574697546273115,-0.113860786417039,-0.0382639442739243,0.205761381295462,-1.36765647399252,-1.56081868739673,-0.263877499229713,1.03456347495617,-0.650039470011399,-0.048236570436645,-0.0330109162638679,-0.639535815693025,-1.2263086449194,-0.835255779562232,0.950766487281889,-0.541614041969328,-0.775861030320816,0,-0.0930309953194633,-0.481588184154324,-0.830535908145318,0.56604293835005,1.11440709687275,-1.30887624003008,-0.797595882078731,-0.0998707974396848,-0.0527832880468606,-0.410266899197836,0.550851699251816,1.19219966462977,0.604757054779594,0.465289055770677,0.853501300317375,-0.0246301232673609,-0.0191459895266863,-0.303642030474405,1.02856038592245,0.0152822700148413,0.112658392690295,1.4177762043285,2.91298371712393,-0.177318504788345
"2010",0,0.170482342926778,0.975655842215063,0.523814903180513,0.551737763681986,-0.0981330258801679,-0.416428649433891,-0.135962069060475,-0.0247411626405223,-0.135004716685381,-0.650575299668376,1.06960504576937,1.13345756693153,-0.559983893357675,-0.540830462877054,-0.1555961886108,-0.111531751188364,-0.741918245459386,-1.11962895073218,1.56338145586488,1.43333321492626,-0.238087604962034,-0.574697546273115,-0.113860786417039,-0.0382639442739243,-0.759253601238671,-1.04018443927651,1.1507788827907,1.00657188464015,0.867584711348771,-0.650039470011399,-0.048236570436645,-0.0330109162638679,-0.639535815693025,-0.906604300011301,1.09627321067543,0.950766487281889,1.1603029827845,-0.831486854781667,0,-0.0930309953194633,-0.339233907248761,-0.676594605621874,1.36287885195866,1.27280760797249,1.27008134505226,-0.372667913815245,-0.0998707974396848,-0.0692112518235939,-0.410266899197836,-0.328780595364958,1.19219966462977,1.16729496510292,0.802782297954812,-0.362274353239232,-0.202993708003753,-0.0191459895266863,-0.303642030474405,-0.372637375748804,0.704487594782526,0.904845870642121,-0.129110419030621,-0.527680489439249,-0.177318504788345
"2011",0,-0.346763866306412,0.115841786710785,0.990200011287507,0.108774140810285,-0.292308144649473,-0.416428649433891,-0.135962069060475,-0.0247411626405223,1.97486549135268,0.816387510785152,-1.66048104972828,1.13345756693153,-0.728298841317257,-0.540830462877054,-0.1555961886108,-0.0445734002443183,3.00244391247952,-0.60969037196874,-0.456649399402975,1.43333321492626,-0.817177951821129,-0.574697546273115,-0.113860786417039,0.00253193544590119,0.205761381295462,-1.04018443927651,-0.71344444671316,0.169098684942511,-0.734897877999874,-0.650039470011399,-0.048236570436645,-0.0539306280597664,-0.639535815693025,-1.2263086449194,0.613390963116015,0.278080687139385,-1.59864655983623,-0.831486854781667,0,-0.0930309953194633,-0.481588184154324,-0.52265330309843,1.36287885195866,0.164004030274312,-1.48080674570224,-0.797595882078731,-0.0998707974396848,-0.0692112518235939,-0.410266899197836,0.374925240328461,1.19219966462977,-0.707831402641512,-0.884683912965861,-0.564903628832,-0.202993708003753,-0.0191459895266863,-0.303642030474405,-0.372637375748804,0.704487594782526,0.904845870642121,1.58965249581285,0.936437715427057,-0.177318504788345
"2012",0,-0.346763866306412,-0.0991117271652847,0.757106570942284,0.551737763681986,1.15424052136502,2.22342577889064,-0.135962069060475,-0.0247411626405223,-0.640995384823577,-1.56742705620183,-1.90867069477352,-1.39583976784473,0.113275898480654,3.15466622763167,-0.1555961886108,-0.0445734002443183,-0.741918245459386,-1.62956752949562,-1.12999301782559,-1.01694293969422,0.7704887055687,1.11574673128727,-0.113860786417039,-0.0177637689065176,-1.04458950173168,-1.04018443927651,0.303404642107127,0.37134719270522,1.36852100217096,-0.376647239159639,-0.048236570436645,-0.0330109162638679,-0.639535815693025,-0.427047782649156,0.613390963116015,0.950766487281889,1.1603029827845,0.315362825388311,0,-0.0930309953194633,-0.481588184154324,-0.984477210668762,0.431157047935746,0.63920556357353,-1.13694573435793,-0.790220520460148,-0.0998707974396848,-0.0692112518235939,-0.410266899197836,-0.942901067882842,0.997761568833671,-1.0828566761904,-1.55967039733413,-0.767532904424768,-0.131640351774831,-0.0191459895266863,-0.303642030474405,0.42804705949191,-0.673923054752843,-2.26390404116519,-1.1603681679367,-0.527680489439249,-0.177318504788345
"2013",0,-0.346763866306412,-0.0991117271652847,0.843984488322483,0.994701386553687,0.259687987618459,-0.416428649433891,-0.218368803929435,-0.0247411626405223,-0.640995384823577,0.816387510785152,-0.915912114592555,0.0795836774414227,0.326921413024002,-0.540830462877054,-0.1555961886108,-0.0445734002443183,-0.741918245459386,0.41018678555814,-0.28831349479732,1.10662972764353,-0.499644620343163,-0.574697546273115,-0.113860786417039,-0.0382639442739243,-0.759253601238671,0.105967682229532,1.1507788827907,-0.263877499229713,-1.3031392155474,-0.650039470011399,-0.048236570436645,-0.0330109162638679,-0.639535815693025,0.212360907167038,1.09627321067543,-1.40363381321687,-1.56276425682162,-0.831486854781667,0,-0.0930309953194633,-0.481588184154324,1.3246423271829,1.20759188462151,-0.311197503024907,-1.48080674570224,-0.797595882078731,-0.0998707974396848,-0.0692112518235939,-0.410266899197836,1.07863107602188,0.999122485206919,-0.700394060599443,-1.55967039733413,-0.767532904424768,-0.202993708003753,-0.0191459895266863,-0.2060427018739,0.42804705949191,0.93422270303842,-1.47171656321336,-1.1603681679367,-0.527680489439249,-0.177318504788345
"2014",0,-0.346763866306412,-0.743972268793493,-1.1076409518195,0.108774140810285,1.86988254836228,2.81006009629609,-0.135962069060475,-0.0247411626405223,-0.640995384823577,-0.100464245748303,0.821415400724128,1.13345756693153,1.29148053419773,3.40103267366559,-0.1555961886108,-0.0445734002443183,-0.741918245459386,-1.62956752949562,0.553366028230951,1.43333321492626,1.24678870278565,2.80619100884765,-0.113860786417039,-0.0382639442739243,-0.759253601238671,-1.53139249135053,-0.882919294849875,1.00657188464015,1.36852100217096,0.443529453395639,-0.048236570436645,-0.0330109162638679,-0.639535815693025,-1.2263086449194,-0.67429503037576,0.950766487281889,0.990111280309114,0.315362825388311,0,-0.107874503206973,-0.481588184154324,-0.984477210668762,0.431157047935746,1.27280760797249,0.582359322363638,-0.797595882078731,-0.0998707974396848,-0.0692112518235939,-0.410266899197836,-1.03248643105838,0.997761568833671,1.16729496510292,-1.05343053405793,-0.767532904424768,-0.158324810483531,-0.0191459895266863,-0.303642030474405,-0.97315070217934,0.245017378270736,0.508752131666208,-0.988491876452356,-0.527680489439249,-0.177318504788345
"2015",0,-0.346763866306412,0.115841786710785,0.990200011287507,-0.777153104933116,-0.992685559626734,-0.416428649433891,-0.135962069060475,-0.0247411626405223,0.0129698342204877,0.999757862091843,0.573225755678888,0.501133233237465,-1.40155863315559,-0.540830462877054,-0.1555961886108,-0.0445734002443183,1.56230462096456,0.7501458380671,-0.28831349479732,0.451215766007721,-1.29347794903808,-0.574697546273115,-0.113860786417039,-0.0382639442739243,2.13579134636373,0.269703699587538,-0.205019902303017,0.37134719270522,-1.04706143330786,-0.560944970252351,-0.0111937918009328,-0.0330109162638679,0.28811274703799,-0.267195610195108,0.774351712302486,-0.394605113003119,-1.56276425682162,-0.831486854781667,0,-0.0930309953194633,-0.481588184154324,-0.368712000574986,1.36287885195866,-0.944799547423866,-1.48080674570224,-0.797595882078731,-0.0998707974396848,-0.0692112518235939,-0.410266899197836,0.510344712323492,1.19219966462977,0.41724441800515,0.127795813586543,0.245613473539072,-0.202993708003753,-0.0191459895266863,-0.303642030474405,0.42804705949191,0.93422270303842,0.904845870642121,1.58965249581285,1.43841334288257,-0.177318504788345
"2016",0,-0.346763866306412,-0.958925782669563,0.524013130597061,-0.998634916368966,-1.12783197714888,-0.416428649433891,-0.135962069060475,-0.0247411626405223,-0.640995384823577,-0.833945650975067,0.573225755678888,0.290358455339444,-0.391668945398093,-0.540830462877054,-0.1555961886108,-0.0445734002443183,-0.741918245459386,0.24020725930366,0.721701932836606,-1.18029468333559,0.611722039829717,-0.574697546273115,-0.113860786417039,-0.0382639442739243,-0.759253601238671,0.59717573430355,-0.205019902303017,-1.53432688309958,-0.134287870295615,0.716921684247398,-0.048236570436645,-0.0330109162638679,-0.639535815693025,1.17147394189133,-0.513334281189288,-1.73997671328813,-0.711805744444711,1.46221250555829,0,-0.0930309953194633,-0.481588184154324,0.862818419612568,-0.352739533746982,-1.15576208073011,0.238498311019326,1.25946709597274,0.0854987535314752,-0.0692112518235939,-0.410266899197836,0.374925240328461,0.0255710898531705,-0.145293492318181,0.971528919046879,0.0429841979463036,-0.202993708003753,-0.0191459895266863,-0.303642030474405,-0.8363642895075,-0.214452838241053,0.508752131666208,0.0427658724537265,-0.536221128017709,-0.177318504788345
"2017",0,-0.346763866306412,-0.958925782669563,0.757106570942284,0.994701386553687,0.438598494367772,-0.416428649433891,-0.135962069060475,-0.0247411626405223,-0.640995384823577,-0.833945650975067,1.06960504576937,0.922682789033507,0.786535690318983,-0.540830462877054,-0.256383297420863,-0.0445734002443183,-0.741918245459386,-0.77966989822322,1.56338145586488,1.43333321492626,0.452955374090734,-0.574697546273115,-0.113860786417039,-0.0382639442739243,-0.759253601238671,-1.53139249135053,0.981304034653986,1.00657188464015,-0.134287870295615,-0.489183793928824,-0.048236570436645,-0.0330109162638679,-0.639535815693025,-0.267195610195108,1.09627321067543,0.782595037246263,-1.56276425682162,-0.831486854781667,0,-0.0930309953194633,-0.481588184154324,1.01675972213601,0.586444015272899,0.480805052473791,-0.277293205997144,-0.797595882078731,-0.0998707974396848,-0.0692112518235939,-0.410266899197836,0.902704617098525,0.123578221073288,-0.895344039415955,1.14027554013895,-0.767532904424768,-0.202993708003753,-0.0912709356995593,-0.303642030474405,-0.572808484558983,0.245017378270736,0.904845870642121,0.938661674862925,-0.527680489439249,-0.370292192718051
"2018",0,-0.346763866306412,0.115841786710785,0.757106570942284,0.551737763681986,-0.277043532629481,-0.416428649433891,-0.135962069060475,-0.0247411626405223,-0.640995384823577,0.999757862091843,-1.41229140468304,-1.39583976784473,1.12316558623815,-0.540830462877054,-0.1555961886108,-0.0445734002443183,0.698221046055578,1.09010489057606,-0.119977590191666,-0.028988812705181,0.452955374090734,-0.574697546273115,-0.113860786417039,-0.0382639442739243,-0.43758194039396,1.08838378637757,1.1507788827907,1.00657188464015,0.867584711348771,-0.376647239159639,-0.048236570436645,-0.0330109162638679,1.21576130976901,1.17147394189133,-0.352373532002817,-1.73997671328813,0.309344470407584,1.46221250555829,0,0.10105513152745,0.863684766259023,0.862818419612568,-1.12171262543579,-1.26160056962335,0.0665678053471691,1.7165922022064,-0.0998707974396848,-0.0692112518235939,-0.410266899197836,0.757389578535606,-1.14105748492343,-0.145293492318181,0.971528919046879,-0.362274353239232,-0.177931574511594,-0.0912709356995593,-0.303642030474405,0.42804705949191,0.474752486526631,0.186689403052523,-0.816615584968009,-0.527680489439249,-0.177318504788345
"2019",0,-0.346763866306412,-0.816610235033123,0.990200011287507,-0.334189482061415,-0.992685559626734,-0.416428649433891,-0.135962069060475,-0.0247411626405223,-0.874595348840668,-1.38405670489514,1.06960504576937,1.13345756693153,-0.728298841317257,-0.540830462877054,-0.1555961886108,-0.0445734002443183,-0.741918245459386,-0.625231249283121,1.56338145586488,1.10662972764353,-1.29347794903808,-0.574697546273115,-0.133286910048542,-0.0382639442739243,-0.84034560284685,-0.548976387202492,1.1507788827907,0.688959538672687,-1.3031392155474,-0.40264140564861,-0.048236570436645,-0.0330109162638679,-0.639535815693025,0.0525087347129891,1.09627321067543,0.109909237103759,-1.56276425682162,-0.831486854781667,0,-0.0930309953194633,-0.481588184154324,-0.0608293955280974,1.36287885195866,0.63920556357353,-1.48080674570224,-1.11722524580957,-0.0998707974396848,-0.0692112518235939,-0.410266899197836,-0.328780595364958,1.19219966462977,0.229731781230706,-1.55967039733413,-0.767532904424768,-0.202993708003753,-0.0191459895266863,-0.303642030474405,-0.97315070217934,-0.214452838241053,0.310705262178251,-1.1603681679367,-0.527680489439249,-0.177318504788345
"2020",0,-0.346763866306412,0.975655842215063,0.161060038174803,0.551737763681986,0.975330014615711,-0.123111490731166,-0.135962069060475,-0.0247411626405223,0.666935053264552,0.999757862091843,0.0768464655884069,-1.1850649899467,0.954850638278565,1.20798006392353,-0.1555961886108,-0.0445734002443183,0.698221046055578,0.7501458380671,-0.793321208614283,-0.526887708770123,0.7704887055687,1.67922815714073,-0.113860786417039,-0.0382639442739243,-0.43758194039396,0.170939228107933,0.303404642107127,0.142931656224433,-0.301266633903012,-0.650039470011399,-0.048236570436645,-0.0330109162638679,0.12158583651094,0.212360907167038,0.435595060441659,-0.899119463109996,-1.56276425682162,-0.831486854781667,0,-0.0930309953194633,0.863684766259023,1.01675972213601,0.586444015272899,0.164004030274312,-1.48080674570224,-0.797595882078731,-0.0998707974396848,-0.0692112518235939,2.01093737164361,0.550851699251816,-1.52993367651563,1.16729496510292,-1.22217715515,-0.767532904424768,-0.202993708003753,-0.0191459895266863,-0.303642030474405,1.4289026035428,0.93422270303842,0.904845870642121,-0.129110419030621,-0.527680489439249,-0.177318504788345
"2021",0,0.415694623897163,0.959712757656796,0.757106570942284,-0.187853510195795,-0.634864546128108,-0.416428649433891,-0.135962069060475,-0.0247411626405223,1.64788288183065,0.633017159478461,-1.1641017596378,0.501133233237465,-0.0550390494789284,-0.540830462877054,-0.1555961886108,-0.0445734002443183,-0.741918245459386,-1.62956752949562,-0.961657113219938,0.943277984002168,-0.182111288865197,-0.574697546273115,-0.127406541241292,-0.0382639442739243,-0.917391966578814,-1.53139249135053,-0.374494750439731,1.00657188464015,-0.0618356912773996,-0.650039470011399,-0.048236570436645,-0.0330109162638679,-0.639535815693025,-1.2263086449194,-1.31813802712165,-0.226433662967493,0.479536172882967,-0.831486854781667,0,-0.0930309953194633,-0.481588184154324,-1.21838131545413,-1.12171262543579,-0.944799547423866,0.926220333707951,0.57377943662225,-0.0998707974396848,-0.0692112518235939,-0.410266899197836,-0.504707054288313,-0.94661938912733,-1.45788194973929,0.802782297954812,0.853501300317375,-0.202993708003753,-0.0191459895266863,-0.303642030474405,1.02856038592245,0.645279494929495,0.112658392690295,0.558394746906768,0.442988394333787,-0.177318504788345
"2022",0,-0.346763866306412,-0.529018754917424,0.524013130597061,-0.197784633652995,-0.813775052877421,-0.416428649433891,-0.115315569680453,-0.0247411626405223,-0.640995384823577,0.082906105558388,0.821415400724128,1.13345756693153,0.453366193398093,-0.308504343160932,-0.147111117217159,-0.0445734002443183,-0.741918245459386,0.7501458380671,0.216694219019643,-1.18029468333559,0.7704887055687,0.552265305433806,-0.113860786417039,-0.0598124768661009,-0.43758194039396,1.08838378637757,-1.2218689911233,-1.91716728609181,0.726483177806654,0.990313915099158,-0.048236570436645,-0.0330109162638679,-0.33031962811602,1.33132611434538,-1.15717727793518,-1.73997671328813,0.649727875358349,1.17550008551579,0,-0.0930309953194633,0.19104829105235,1.03945450560605,-1.12171262543579,-0.627998525224387,1.27008134505226,-0.569033328961901,-0.0998707974396848,-0.0692112518235939,0.186232602829812,0.902704617098525,0.0255710898531705,0.979782328328481,0.634035676862745,-0.652607295964203,-0.202993708003753,-0.0191459895266863,-0.303642030474405,0.027704841871553,0.704487594782526,0.684881890871544,-0.129110419030621,-0.527680489439249,-0.177318504788345
"2023",0,-0.346763866306412,-1.17387929654563,-2.04001471320039,0.994701386553687,0.617509001117085,-0.416428649433891,-0.135962069060475,-0.0247411626405223,-0.640995384823577,-1.80334350654122,-0.915912114592555,1.13345756693153,0.281590846440236,-0.540830462877054,-0.1555961886108,-0.0445734002443183,-0.741918245459386,-0.77966989822322,1.39504555125922,1.43333321492626,0.452955374090734,-0.574697546273115,-0.0913136860150678,-0.0382639442739243,0.849104702984884,1.08838378637757,1.1507788827907,1.00657188464015,0.700605947741373,-0.650039470011399,-0.106080643591261,-0.0330109162638679,1.52497749734601,0.691917424529183,-0.996216528748704,0.950766487281889,0.309344470407584,-0.831486854781667,0,-0.0930309953194633,-0.481588184154324,-0.984477210668762,-1.12171262543579,1.11440709687275,0.0665678053471691,-0.797595882078731,-0.0998707974396848,-0.0692112518235939,-0.410266899197836,-1.38433934890509,-1.33549558071953,1.16729496510292,-0.0409508075055244,-0.767532904424768,-0.202993708003753,-0.0191459895266863,-0.303642030474405,-1.17332181098952,-1.82259859603232,0.904845870642121,-0.472863001999315,-0.527680489439249,-0.177318504788345
"2024",0,-0.346763866306412,-1.17387929654563,-1.80692127285517,0.330255952246136,-0.634864546128108,-0.416428649433891,-0.223816060290687,-0.0247411626405223,-0.640995384823577,-1.93416775881521,0.573225755678888,-0.552740656252641,-1.40155863315559,-0.540830462877054,-0.1555961886108,-0.0445734002443183,-0.741918245459386,-0.77966989822322,1.11453589565674,-0.70104808613067,0.135422042612768,1.397487444214,-0.113860786417039,-0.0382639442739243,-0.115910279549249,1.08838378637757,-1.05239414298659,-0.740296018180913,1.36852100217096,0.716921684247398,-0.048236570436645,-0.0330109162638679,1.52497749734601,1.01162176943728,-1.47909877630812,0.278080687139385,0.649727875358349,-0.831486854781667,0,-0.0930309953194633,1.87263947906903,1.47858362970634,0.897017949947205,1.11440709687275,0.410428816691482,-0.797595882078731,-0.0998707974396848,-0.00521239814215315,-0.410266899197836,0.0269795762753718,0.608885377241471,1.16729496510292,1.14027554013895,-0.362274353239232,-0.202993708003753,-0.0191459895266863,-0.303642030474405,-1.17332181098952,-2.05233370428821,0.508752131666208,-0.816615584968009,-0.207588877151771,-0.177318504788345
"2025",0,-0.346763866306412,0.975655842215063,0.524013130597061,-0.206441891164189,-0.992685559626734,-0.644163651103393,-0.135962069060475,-0.0247411626405223,1.64788288183065,0.816387510785152,-1.66048104972828,0.922682789033507,0.113275898480654,-0.540830462877054,-0.1555961886108,-0.0445734002443183,1.56230462096456,0.24020725930366,-1.12999301782559,-0.363535965128757,1.08802203704667,-0.0112161204196545,-0.113860786417039,-0.0382639442739243,0.527433042140173,1.08838378637757,-0.543969598576446,-0.740296018180913,1.36852100217096,0.443529453395639,-0.048236570436645,-0.0330109162638679,-0.639535815693025,0.0525087347129891,0.452430213929543,0.109909237103759,0.819919577833732,1.17550008551579,0,-0.0930309953194633,-0.481588184154324,-0.984477210668762,-1.12171262543579,-1.26160056962335,0.410428816691482,1.25946709597274,-0.0998707974396848,-0.0692112518235939,-0.410266899197836,-0.680633513211668,-1.52993367651563,-1.83290722328817,0.29654243467861,1.46138912709568,-0.202993708003753,-0.0191459895266863,-0.303642030474405,1.02856038592245,0.93422270303842,0.904845870642121,1.4177762043285,0.455366426721658,-0.177318504788345
"2026",0,4.11151336243399,1.77789570059546,0.990200011287507,0.994701386553687,1.15424052136502,-0.123111490731166,-0.135962069060475,-0.0247411626405223,-0.640995384823577,-0.650575299668376,-0.915912114592555,0.290358455339444,1.29148053419773,-0.0480975708092236,-0.1555961886108,-0.0445734002443183,-0.741918245459386,-1.62956752949562,-1.12999301782559,0.12651926579534,1.08802203704667,-0.292956833346385,-0.113860786417039,-0.0382639442739243,-0.801601770904863,-1.04018443927651,-0.882919294849875,0.847765711656421,0.533627184133976,-0.650039470011399,-0.048236570436645,-0.0330109162638679,-0.0211034405390152,1.33132611434538,1.09627321067543,0.950766487281889,0.159837333226338,0.8887876654733,0,-0.0930309953194633,-0.481588184154324,0.400994512042235,1.36287885195866,0.322404541374051,-0.793084723013613,-0.569033328961901,-0.0998707974396848,-0.0692112518235939,-0.410266899197836,0.590242186363547,0.997761568833671,-1.64539458651373,-1.55967039733413,-0.767532904424768,-0.202993708003753,-0.0191459895266863,0.728815661816031,2.02941592997334,-0.903658163008738,-2.26390404116519,-1.1603681679367,-0.527680489439249,-0.177318504788345
"2027",0,-0.346763866306412,-0.0991117271652847,0.524013130597061,-0.555671293497266,-0.992685559626734,-0.416428649433891,-0.135962069060475,-0.0247411626405223,-0.314012775301545,0.633017159478461,-1.90867069477352,-0.34196587835462,-1.40155863315559,-0.540830462877054,-0.1555961886108,-0.0445734002443183,-0.741918245459386,1.09010489057606,-1.12999301782559,-0.200184221487392,-0.658411286082146,-0.574697546273115,-0.113860786417039,-0.0382639442739243,-0.759253601238671,0.59717573430355,-1.05239414298659,0.530153365688954,-0.969181688332602,-1.01206957773317,-0.048236570436645,-0.0330109162638679,-0.639535815693025,-1.06645647246535,0.613390963116015,0.446252137175011,-1.56276425682162,-0.831486854781667,0,-0.0930309953194633,-0.481588184154324,-0.368712000574986,1.05230491728436,0.164004030274312,0.754289828035795,-0.111908222728241,-0.0998707974396848,-0.0692112518235939,0.164466575842766,0.902704617098525,-0.128149579865895,-1.83290722328817,-1.05343053405793,2.27190622946675,-0.0268941748607669,-0.0191459895266863,-0.303642030474405,-0.172466266938626,0.188703242368691,0.112658392690295,1.4177762043285,0.455366426721658,-0.177318504788345
"2028",0,-0.346763866306412,0.115841786710785,-0.175267190438608,-2.54900759641992,-0.992685559626734,-0.416428649433891,-0.135962069060475,-0.0318401196839718,-0.314012775301545,0.816387510785152,0.0768464655884069,-1.81738932364077,-0.728298841317257,-0.540830462877054,-0.1555961886108,0.0761520886060514,0.698221046055578,0.41018678555814,-0.624985304008629,1.43333321492626,1.24678870278565,0.552265305433806,-0.113860786417039,-0.0382639442739243,0.849104702984884,-0.057768335128474,-1.56081868739673,-0.263877499229713,1.3921524151943,1.53709837680268,-0.048236570436645,-0.0943673911467006,1.83419368492302,0.0525087347129891,-1.47909877630812,-1.73997671328813,-0.0602378232536339,1.46221250555829,0,-0.0930309953194633,1.87263947906903,0.884916815211657,-1.12171262543579,-1.26160056962335,-0.793084723013613,1.25946709597274,-0.0998707974396848,-0.0692112518235939,0.855268849473948,1.25455753494524,-0.36330510173903,-0.145293492318181,0.971528919046879,0.650872024724607,-0.202993708003753,-0.0191459895266863,-0.303642030474405,0.027704841871553,0.93422270303842,0.904845870642121,0.984803322526498,0.524407646704451,-0.177318504788345
"2029",0,-0.346763866306412,-1.17387929654563,-1.1076409518195,0.108774140810285,1.51206153486365,2.08640921569575,-0.135962069060475,-0.0247411626405223,-0.647964561997288,0.082906105558388,-0.419532824502074,-1.39583976784473,0.281590846440236,3.40103267366559,-0.1555961886108,-0.0445734002443183,-0.453890387156393,0.683252427640965,0.89003783744226,0.616574496719437,1.24678870278565,3.36967243470111,-0.113860786417039,-0.0382639442739243,-0.43758194039396,0.105967682229532,0.472879490243842,0.37134719270522,1.36852100217096,2.0838828385062,-0.048236570436645,-0.0330109162638679,-0.639535815693025,-1.2263086449194,-1.47909877630812,-1.5718052632525,0.990111280309114,0.0286504053458163,0,-0.0930309953194633,-0.481588184154324,-0.984477210668762,-1.12171262543579,0.480805052473791,0.0665678053471691,-0.643622876851942,-0.0998707974396848,-0.0692112518235939,-0.410266899197836,-1.40606789348119,-0.75218129333123,0.604757054779594,-1.55967039733413,-0.767532904424768,-0.202993708003753,-0.0191459895266863,-0.303642030474405,-1.17332181098952,-0.214452838241053,-0.481482215773575,-1.1603681679367,-0.527680489439249,-0.177318504788345
"2030",0,-0.346763866306412,-0.529018754917424,0.990200011287507,0.773219575117836,-0.277043532629481,-0.416428649433891,-0.279394247098039,-0.0247411626405223,-0.640995384823577,0.082906105558388,0.325036110633647,-0.131191100456599,0.129929123758488,-0.0480975708092236,-0.1555961886108,-0.0445734002443183,0.986248904358571,1.09010489057606,-0.119977590191666,-1.12076825169244,0.611722039829717,1.67922815714073,-0.113860786417039,-0.0382639442739243,2.45746300720844,1.08838378637757,-1.05239414298659,-1.53432688309958,0.533627184133976,2.0838828385062,-0.048236570436645,-0.0330109162638679,2.45262606007703,1.33132611434538,-1.31813802712165,-1.73997671328813,0.649727875358349,1.64182837030311,0,-0.0930309953194633,0.863684766259023,1.47858362970634,-0.740783712328485,-0.786399036324126,1.09815083938011,0.385454080582626,-0.0998707974396848,-0.0692112518235939,-0.410266899197836,0.726778158175171,0.220009185649271,0.792269691554037,0.971528919046879,-0.767532904424768,-0.224205184737305,-0.0191459895266863,-0.303642030474405,-0.572808484558983,0.704487594782526,0.904845870642121,-0.472863001999315,-0.527680489439249,-0.25899060554736
"2031",0,-0.346763866306412,0.115841786710785,0.757106570942284,-0.0591246799875404,-0.634864546128108,-0.416428649433891,-0.135962069060475,-0.0247411626405223,1.05113440031261,0.578283362953468,-0.902125121483006,-0.34196587835462,0.281590846440236,-0.540830462877054,-0.1555961886108,-0.0445734002443183,2.42638819587353,-0.0997517932053001,-0.961657113219938,0.453222753078071,0.611722039829717,-0.244464176274722,-0.113860786417039,-0.0382639442739243,-0.115910279549249,0.59717573430355,1.1507788827907,0.530153365688954,1.20154223856357,0.443529453395639,-0.048236570436645,-0.0330109162638679,-0.639535815693025,-1.00774109080638,-1.47909877630812,-1.73997671328813,0.649727875358349,1.46221250555829,0,-0.0930309953194633,-0.481588184154324,-0.984477210668762,-1.12171262543579,-1.26160056962335,-0.105362700324987,1.7165922022064,-0.0998707974396848,-0.0692112518235939,-0.410266899197836,-0.328780595364958,-0.36330510173903,-1.0828566761904,0.29654243467861,1.46138912709568,-0.202993708003753,-0.0191459895266863,-0.303642030474405,-0.172466266938626,0.474752486526631,0.904845870642121,1.24589991284416,-0.281918760399022,-0.177318504788345
"2032",0,-0.346763866306412,-1.17387929654563,-2.17069017824703,-0.112707670625565,1.86988254836228,2.81006009629609,-0.135962069060475,-0.064995348517452,-0.640995384823577,-0.833945650975067,1.06960504576937,0.0795836774414227,0.993087512707351,1.18373465936035,-0.1555961886108,-0.0445734002443183,-0.741918245459386,0.7501458380671,0.216694219019643,-1.18029468333559,1.08802203704667,-0.292956833346385,-0.113860786417039,0.158392966225907,1.81411968551902,1.08838378637757,-0.882919294849875,-0.0702880058654118,0.903551570441694,-0.650039470011399,-0.048236570436645,-0.0330109162638679,0.822764899913929,0.532065252075134,-0.115292288751543,0.950766487281889,0.0479197091385674,-0.831486854781667,0,0.0774359772177977,-0.215597788912794,-0.984477210668762,-1.12171262543579,1.11440709687275,-0.621154217341457,-0.797595882078731,-0.0998707974396848,0.116308278114276,-0.410266899197836,-1.38433934890509,-1.91880986810783,1.16729496510292,-0.547190670781726,-0.767532904424768,-0.202993708003753,-0.0191459895266863,-0.303642030474405,-1.23451246828159,-2.28206881254411,0.904845870642121,-0.300986710514968,-0.527680489439249,-0.177318504788345
"2033",0,-0.346763866306412,-1.17387929654563,-0.874547511474277,0.551737763681986,-0.992685559626734,-0.416428649433891,-0.135962069060475,-0.0247411626405223,-0.640995384823577,-1.93416775881521,0.0768464655884069,0.290358455339444,-1.40155863315559,-0.540830462877054,-0.1555961886108,-0.0445734002443183,-0.741918245459386,-1.45958800324114,1.39504555125922,0.289871009436705,-0.499644620343163,-0.574697546273115,-0.113860786417039,-0.0382639442739243,-0.759253601238671,0.269703699587538,0.981304034653986,0.847765711656421,0.700605947741373,-0.650039470011399,-0.048236570436645,0.521481079877526,0.28811274703799,1.33132611434538,0.291469464743071,0.950766487281889,0.139152767932202,-0.258062014696678,0,1.59793460375727,3.89054890468905,1.47858362970634,1.36287885195866,1.27280760797249,1.27008134505226,1.03090454285591,-0.0998707974396848,-0.0692112518235939,2.01093737164361,0.0230723224817513,0.262004104489274,1.16729496510292,-0.378444049689659,0.136534646317663,-0.202993708003753,-0.0191459895266863,-0.303642030474405,-0.980113749127708,-0.903658163008738,0.904845870642121,-0.279596913221072,-0.527680489439249,-0.177318504788345
"2034",0,-0.346763866306412,-0.743972268793493,-0.641454071129054,0.994701386553687,0.0807774808691453,-0.416428649433891,-0.223136407789104,-0.0247411626405223,-0.314012775301545,0.816387510785152,1.06960504576937,0.0795836774414227,-0.559983893357675,-0.540830462877054,-0.1555961886108,-0.0445734002443183,-0.1658625288534,1.09010489057606,0.0483583144139882,-1.18029468333559,-1.29347794903808,-0.574697546273115,-0.113860786417039,-0.0382639442739243,0.849104702984884,1.08838378637757,-1.56081868739673,-1.05790836414838,-1.3031392155474,-0.650039470011399,-0.048236570436645,-0.0330109162638679,0.597328934614995,1.33132611434538,1.09627321067543,0.950766487281889,0.819919577833732,0.0286504053458163,0,-0.0930309953194633,0.19104829105235,1.47858362970634,-0.189990821412867,-1.10320005852361,0.238498311019326,1.48802964908957,-0.0998707974396848,-0.0692112518235939,-0.410266899197836,0.374925240328461,0.414447281445371,-0.332806129092624,0.971528919046879,1.25875985150291,-0.202993708003753,-0.0191459895266863,-0.303642030474405,-0.97315070217934,-0.214452838241053,0.904845870642121,0.902147329875462,0.455366426721658,-0.177318504788345
"2035",0,-0.305830024618906,-0.958925782669563,-0.175267190438608,0.994701386553687,1.86988254836228,0.756839985377011,-0.135962069060475,-0.0247411626405223,-0.640995384823577,-0.467204948361685,-0.419532824502074,-0.552740656252641,1.29148053419773,0.198268875224692,-0.1555961886108,-0.12016755277347,-0.741918245459386,-1.62956752949562,-1.12999301782559,-0.690239452411488,0.929255371307683,-0.574697546273115,-0.113860786417039,-0.0980157101479449,-0.759253601238671,-1.53139249135053,-1.56081868739673,-0.263877499229713,0.032690893311783,-0.650039470011399,-0.048236570436645,-0.0330109162638679,-0.639535815693025,-0.107343437741059,0.291469464743071,0.950766487281889,1.1603029827845,1.46221250555829,0,-0.0930309953194633,3.21791242948238,1.01675972213601,0.741730982610052,0.480805052473791,0.024302211054661,-0.797595882078731,-0.150161631767847,-0.0692112518235939,-0.410266899197836,-1.38433934890509,-0.36330510173903,-0.145293492318181,-1.55967039733413,-0.767532904424768,-0.202993708003753,-0.0191459895266863,-0.303642030474405,-1.17332181098952,0.474752486526631,-1.86781030218927,-1.1603681679367,-0.527680489439249,-0.177318504788345
"2036",0,1.88237474806379,1.4055628699672,0.990200011287507,0.994701386553687,0.0807774808691453,-0.416428649433891,-0.135962069060475,-0.0247411626405223,2.95581331991878,0.758199394608853,-0.915912114592555,0.922682789033507,0.618220742359401,-0.540830462877054,-0.1555961886108,-0.0445734002443183,2.13836033757054,-1.28960847698666,0.0483583144139882,1.43333321492626,0.294188708351751,-0.574697546273115,-0.113860786417039,-0.0382639442739243,-0.759253601238671,-1.53139249135053,0.472879490243842,0.847765711656421,-0.969181688332602,-0.650039470011399,-0.048236570436645,-0.0330109162638679,-0.639535815693025,-1.2263086449194,-0.996216528748704,0.950766487281889,0.309344470407584,-0.831486854781667,0,-0.0930309953194633,-0.682626023798313,-0.984477210668762,-1.12171262543579,-0.311197503024907,1.09815083938011,1.48802964908957,-0.0998707974396848,-0.0692112518235939,-0.410266899197836,-0.152854136441604,-0.94661938912733,0.0422191444562627,1.14027554013895,2.27190622946675,-0.202993708003753,-0.0191459895266863,2.7937310463969,2.02941592997334,0.93422270303842,0.904845870642121,0.558394746906768,-0.0361570313587953,-0.177318504788345
"2037",0,-0.346763866306412,0.330795300586854,0.990200011287507,0.994701386553687,1.86988254836228,1.05015714407974,0.586441565626499,-0.0247411626405223,-0.640995384823577,-1.38405670489514,-1.41229140468304,-1.03088785766508,0.786535690318983,2.90829978159776,0.716481177898197,-0.0445734002443183,-0.741918245459386,-1.62956752949562,-1.12999301782559,-1.18029468333559,0.452955374090734,1.76026815510106,-0.113860786417039,-0.0382639442739243,-0.759253601238671,-1.53139249135053,-1.31512149344404,-1.05790836414838,1.20154223856357,0.17013722254388,-0.048236570436645,-0.0330109162638679,-0.639535815693025,-0.107343437741059,1.09627321067543,0.950766487281889,1.1603029827845,1.74892492560078,0,-0.0930309953194633,-0.481588184154324,-0.676594605621874,0.431157047935746,0.95600658577301,-0.793084723013613,-0.569033328961901,-0.0998707974396848,-0.0692112518235939,-0.410266899197836,-0.833463739813338,1.19219966462977,-0.707831402641512,-1.55967039733413,-0.536655208944419,-0.202993708003753,-0.0912709356995593,-0.130285787304248,0.628218168302089,0.474752486526631,-2.26390404116519,-1.1603681679367,-0.527680489439249,-0.177318504788345
"2038",0,1.88237474806379,1.83546989771934,0.990200011287507,-0.656357020226378,-0.992685559626734,-0.416428649433891,-0.0769997068267726,0.20024648215039,1.97486549135268,0.816387510785152,-1.1641017596378,1.13345756693153,-1.40155863315559,-0.540830462877054,-0.1555961886108,-0.0445734002443183,-0.453890387156393,-1.28960847698666,-1.12999301782559,1.2699814712849,-1.13471128329909,-0.574697546273115,-0.113860786417039,-0.0382639442739243,-0.759253601238671,-1.20392045663452,0.472879490243842,0.688959538672687,-1.3031392155474,-0.650039470011399,-0.049335153206293,-0.0330109162638679,-0.639535815693025,-1.06645647246535,0.0530029187831244,0.614423587210637,0.309344470407584,-0.831486854781667,0,-0.0930309953194633,-0.481588184154324,-1.07186478176261,-1.12171262543579,-0.944799547423866,0.926220333707951,0.34521688350542,-0.0998707974396848,-0.0692112518235939,0.558214809138742,0.0230723224817513,-1.33549558071953,-1.0828566761904,0.127795813586543,0.837816780228627,-0.202993708003753,-0.0191459895266863,0.728815661816031,1.4289026035428,0.93422270303842,0.904845870642121,1.24589991284416,0.455366426721658,-0.177318504788345
"2039",0,-0.215025865458572,-1.17387929654563,-2.27310815354561,0.551737763681986,1.51206153486365,-0.123111490731166,-0.135962069060475,-0.0247411626405223,-0.640995384823577,-1.93416775881521,0.0768464655884069,1.13345756693153,1.29148053419773,-0.0293990848682543,-0.1555961886108,-0.0445734002443183,-0.453890387156393,0.0702277330491799,1.56338145586488,1.43333321492626,0.929255371307683,-0.574697546273115,-0.113860786417039,-0.0382639442739243,0.297731670012549,1.08838378637757,0.981304034653986,1.00657188464015,0.366648420526578,-0.650039470011399,-0.048236570436645,-0.0330109162638679,-0.33031962811602,-0.746752127557253,0.291469464743071,0.802456937852025,-0.371422339493946,-0.858587873934627,0,-0.0930309953194633,-0.481588184154324,-0.984477210668762,-0.0347038540757136,1.27280760797249,-0.105362700324987,-0.797595882078731,-0.0998707974396848,-0.0692112518235939,-0.410266899197836,-1.38433934890509,-0.55774319753513,0.909163169512294,0.634035676862745,-0.564903628832,-0.306553068645495,-0.0191459895266863,-0.303642030474405,-1.17332181098952,-2.05233370428821,0.706799001154165,1.4177762043285,-0.527680489439249,-0.177318504788345
"2040",0,-0.346763866306412,-0.529018754917424,0.757106570942284,0.994701386553687,1.86988254836228,2.22342577889064,-0.135962069060475,-0.0247411626405223,-0.640995384823577,-1.75079740750852,-0.667722469547314,0.711908011135486,1.29148053419773,0.691001767292522,-0.1555961886108,-0.0445734002443183,-0.741918245459386,-1.62956752949562,-0.961657113219938,0.369186198436201,0.859488187615704,0.861166988929394,-0.113860786417039,-0.0382639442739243,-0.759253601238671,-0.712712404560498,1.1507788827907,1.00657188464015,1.36852100217096,3.17745176191323,-0.048236570436645,-0.0330109162638679,-1.245425962039,-1.06645647246535,0.452430213929543,0.0388155826252746,-0.711805744444711,-0.258062014696678,0,-0.0930309953194633,-0.481588184154324,-0.830535908145318,1.20759188462151,0.00560351917457189,-1.48080674570224,-0.797595882078731,-0.0998707974396848,-0.0692112518235939,-0.410266899197836,-0.504707054288313,1.19219966462977,-1.45788194973929,-1.55967039733413,-0.767532904424768,-0.202993708003753,-0.0191459895266863,-0.303642030474405,0.227875950681732,0.704487594782526,-1.86781030218927,-1.1603681679367,-0.527680489439249,-0.246139382312046
"2041",0,-0.197345558390293,0.115841786710785,0.0578262499066152,0.351420602219812,1.86988254836228,3.69001157240427,-0.135962069060475,-0.0247411626405223,-0.314012775301545,0.266276456865079,0.0768464655884069,-0.131191100456599,0.618220742359401,3.40103267366559,-0.1555961886108,-0.111531751188364,-0.741918245459386,-1.62956752949562,-1.12999301782559,-1.01694293969422,0.452955374090734,2.16535379514766,-0.113860786417039,-0.0382639442739243,-0.759253601238671,-1.53139249135053,-0.0355450541663019,1.00657188464015,1.00105512847302,2.0838828385062,-0.048236570436645,-0.0330109162638679,-0.639535815693025,-1.2263086449194,-0.0304520336298728,0.950766487281889,-0.0628092791720249,-0.831486854781667,0,-0.0930309953194633,-0.481588184154324,-0.984477210668762,-0.0347038540757136,1.11440709687275,-1.48080674570224,-0.797595882078731,-0.0998707974396848,-0.0678954302514924,-0.410266899197836,-1.20841288998173,1.19219966462977,-0.895344039415955,-1.55967039733413,-0.767532904424768,-0.202993708003753,-0.0191459895266863,-0.303642030474405,0.42804705949191,0.245017378270736,-2.26390404116519,-1.1603681679367,-0.527680489439249,-0.177318504788345
"2042",0,-0.346763866306412,-1.17387929654563,0.0578262499066152,-0.460089932911114,-0.992685559626734,-0.416428649433891,-0.135962069060475,-0.0247411626405223,-0.640995384823577,-0.833945650975067,1.06960504576937,-0.131191100456599,-1.40155863315559,-0.540830462877054,-0.1555961886108,-0.0445734002443183,-0.741918245459386,0.7501458380671,0.721701932836606,-1.12189888738132,-1.29347794903808,-0.574697546273115,-0.113860786417039,-0.0382639442739243,-0.759253601238671,0.59717573430355,-0.374494750439731,-1.53432688309958,-1.3031392155474,-0.650039470011399,-0.048236570436645,-0.0330109162638679,-0.639535815693025,1.01162176943728,1.09627321067543,0.782595037246263,-0.0310389345431809,-0.544774434739172,0,-0.0930309953194633,-0.481588184154324,0.862818419612568,0.586444015272899,-0.216200869881774,0.238498311019326,2.17371730844006,2.20186507301253,-0.0692112518235939,-0.410266899197836,-0.680633513211668,0.803323473037571,-1.0828566761904,0.127795813586543,2.47453550505952,3.48584559505782,-0.0191459895266863,-0.303642030474405,-1.17332181098952,-0.673923054752843,0.904845870642121,1.24589991284416,1.68417507192279,-0.177318504788345
"2043",0,0.767805440878689,1.62051638384327,0.990200011287507,0.551737763681986,0.0807774808691453,-0.123111490731166,-0.135962069060475,-0.0247411626405223,-0.640995384823577,0.44964680817177,-1.1641017596378,-0.552740656252641,1.29148053419773,0.444635321258607,-0.1555961886108,-0.111531751188364,-0.741918245459386,-1.28960847698666,-0.961657113219938,0.779926240360802,1.08802203704667,-0.0112161204196545,-0.113860786417039,-0.0382639442739243,-0.759253601238671,-1.20392045663452,0.981304034653986,0.530153365688954,-0.802202924725205,-0.650039470011399,-0.048236570436645,-0.0330109162638679,-0.639535815693025,-0.746752127557253,0.774351712302486,0.782595037246263,-0.541614041969328,-0.831486854781667,0,-0.0930309953194633,-0.481588184154324,-0.984477210668762,-0.966425658098632,0.00560351917457189,1.27008134505226,-0.111908222728241,-0.0998707974396848,-0.0692112518235939,1.52669651747532,1.25455753494524,0.0255710898531705,-0.895344039415955,1.0931308879887,0.245613473539072,-0.202993708003753,-0.0191459895266863,2.7937310463969,1.22873149473262,0.704487594782526,0.904845870642121,1.07402362135981,-0.281918760399022,-0.177318504788345
"2044",0,-0.346763866306412,-0.743972268793493,-0.408360630783831,0.994701386553687,1.86988254836228,0.17020566797156,-0.135962069060475,-0.0247411626405223,-0.314012775301545,0.999757862091843,0.821415400724128,-1.1850649899467,-0.0531269719981039,-0.540830462877054,-0.1555961886108,-0.0445734002443183,1.56230462096456,0.58016631181262,-1.12999301782559,-1.18029468333559,-1.29347794903808,-0.574697546273115,-0.113860786417039,0.28308179084991,3.10080632889786,0.269703699587538,-1.56081868739673,-1.28585856074941,-1.3031392155474,-0.650039470011399,-0.048236570436645,-0.0330109162638679,0.906545122192,1.33132611434538,-0.352373532002817,-1.73997671328813,-1.56276425682162,-0.239378086422657,0,-0.189215981631544,-0.302771812343305,-0.52265330309843,0.897017949947205,0.63920556357353,-1.48080674570224,-0.797595882078731,-0.0998707974396848,-0.0692112518235939,-0.391749312889502,-1.38433934890509,-1.14105748492343,1.16729496510292,-1.55967039733413,-0.767532904424768,-0.236708880048433,-0.0191459895266863,-0.303642030474405,-1.17332181098952,0.474752486526631,0.112658392690295,-1.1603681679367,-0.527680489439249,-0.177318504788345
"2045",0,-0.173290340369351,0.545748814462924,0.290919690251838,-0.555671293497266,-0.992685559626734,-0.416428649433891,-0.135962069060475,-0.0247411626405223,0.993917662786584,0.999757862091843,0.325036110633647,0.290358455339444,-1.06492873723642,-0.540830462877054,-0.1555961886108,0.188762392482701,1.56230462096456,0.58016631181262,-0.793321208614283,-0.0368324778460259,0.294188708351751,-0.0112161204196545,-0.113860786417039,-0.0382639442739243,0.527433042140173,0.924647769019562,0.981304034653986,1.00657188464015,0.19966965691918,-0.650039470011399,-0.048236570436645,-0.0330109162638679,-0.33031962811602,1.01162176943728,1.09627321067543,0.0175840017613015,-1.56276425682162,-0.831486854781667,0,-0.0930309953194633,-0.481588184154324,1.47858362970634,1.05230491728436,-0.469598014124647,-1.48080674570224,-0.797595882078731,-0.0998707974396848,-0.0692112518235939,0.558214809138742,0.902704617098525,0.0255710898531705,0.41724441800515,-1.55967039733413,-0.767532904424768,-0.202993708003753,-0.0191459895266863,-0.303642030474405,0.628218168302089,0.93422270303842,-0.679529085261532,-1.1603681679367,-0.527680489439249,-0.177318504788345
"2046",0,0.767805440878689,0.330795300586854,-0.641454071129054,0.108774140810285,1.51206153486365,-0.123111490731166,-0.135962069060475,-0.0247411626405223,2.95581331991878,0.999757862091843,0.821415400724128,-0.131191100456599,-0.559983893357675,-0.375038282341034,-0.1555961886108,-0.0445734002443183,-0.1658625288534,1.09010489057606,0.0483583144139882,-1.18029468333559,-1.29347794903808,-0.574697546273115,-0.113860786417039,-0.0382639442739243,-0.759253601238671,-0.057768335128474,1.1507788827907,1.00657188464015,0.19966965691918,-0.120464174827113,-0.048236570436645,-0.0330109162638679,-0.639535815693025,-0.911837497573329,-1.15717727793518,-0.394605113003119,0.649727875358349,0.8887876654733,0,0.0166003033885048,-0.481588184154324,-0.984477210668762,-1.12171262543579,-1.26160056962335,-0.105362700324987,1.7165922022064,-0.0998707974396848,-0.0692112518235939,-0.410266899197836,-0.152854136441604,0.608885377241471,0.792269691554037,1.14027554013895,0.511730197121217,-0.202993708003753,-0.0191459895266863,-0.303642030474405,0.828389277112268,0.93422270303842,0.112658392690295,-0.644739293483662,-0.527680489439249,-0.177318504788345
"2047",0,-0.346763866306412,-1.17387929654563,-0.874547511474277,0.773219575117836,-0.813775052877421,-0.416428649433891,-0.135962069060475,-0.0247411626405223,-0.640995384823577,-1.75079740750852,0.897855476846162,0.386444868035635,-1.233243685196,-0.738963919761184,-0.1555961886108,-0.0445734002443183,-0.741918245459386,-0.0891888831207575,1.78000819023285,-0.363535965128757,-1.29347794903808,-0.574697546273115,-0.113860786417039,-0.0382639442739243,-0.759253601238671,0.433439716945544,0.981304034653986,-1.37552071011585,-1.3031392155474,-0.650039470011399,-0.048236570436645,-0.0330109162638679,-0.639535815693025,1.17147394189133,-0.352373532002817,-1.73997671328813,-1.56276425682162,-0.831486854781667,0,-0.0930309953194633,-0.481588184154324,1.17070102465946,1.05230491728436,0.63920556357353,-0.277293205997144,-0.797595882078731,-0.0998707974396848,-0.0692112518235939,-0.410266899197836,0.0230723224817513,0.66367674382348,0.41724441800515,1.14027554013895,0.650872024724607,-0.202993708003753,-0.0191459895266863,-0.303642030474405,-1.17332181098952,-1.13339327126463,0.706799001154165,1.58965249581285,2.6672219880837,0.716709660829257
"2048",0,-0.346763866306412,0.115841786710785,0.0578262499066152,0.551737763681986,1.86988254836228,4.27664588980972,3.57357020321637,-0.0247411626405223,0.33995244374252,0.999757862091843,0.821415400724128,0.290358455339444,1.12316558623815,3.40103267366559,2.68501736986214,-0.0445734002443183,-0.453890387156393,-0.77966989822322,-1.12999301782559,-1.01694293969422,1.14185726155215,2.52445029592092,-0.113860786417039,-0.0909846830221019,-0.759253601238671,-1.80843330529267,-1.56081868739673,0.177132552332504,1.20154223856357,0.855562713521374,-0.048236570436645,-0.0539306280597664,-0.639535815693025,-1.2263086449194,-0.835255779562232,0.950766487281889,-0.201230637018563,-0.831486854781667,0,-0.0930309953194633,-0.481588184154324,-0.984477210668762,0.741730982610052,1.27280760797249,-1.48080674570224,-0.797595882078731,-0.0998707974396848,-0.0692112518235939,-0.410266899197836,-0.810395862988953,1.09098081710032,-0.707831402641512,-1.55967039733413,-0.767532904424768,-0.202993708003753,-0.0191459895266863,-0.303642030474405,0.828389277112268,0.704487594782526,-2.26390404116519,-1.36405889102582,-0.527680489439249,-0.177318504788345
"2049",0,-0.29505791009409,-1.17387929654563,-1.57382783250995,-0.849488897886804,-0.992685559626734,-0.416428649433891,-0.135962069060475,-0.0247411626405223,-0.640995384823577,-1.75079740750852,0.573225755678888,0.290358455339444,-1.3254360098976,-0.679101859724904,-0.1555961886108,-0.0445734002443183,-0.741918245459386,-0.9496494244777,1.56338145586488,0.251743730574835,-1.29347794903808,-0.574697546273115,-0.113860786417039,-0.0382639442739243,-0.759253601238671,-0.057768335128474,0.17099685276068,-1.21671453713211,-1.3031392155474,-0.650039470011399,-0.048236570436645,-0.0330109162638679,-0.639535815693025,0.532065252075134,0.130508715556599,-1.73997671328813,-1.56276425682162,-0.831486854781667,0,-0.0930309953194633,-0.481588184154324,0.708877117089123,1.36287885195866,0.79760607467327,0.582359322363638,0.34521688350542,-0.0998707974396848,-0.0692112518235939,-0.410266899197836,-0.328780595364958,1.19219966462977,0.651659466508504,1.14027554013895,1.76439983138661,2.25623249403729,-0.0912709356995593,-0.303642030474405,-1.17332181098952,-1.43075445860492,0.112658392690295,1.4177762043285,2.17569853000325,2.44807774115328
"2050",0,-0.346763866306412,-0.314065241041354,0.524013130597061,0.994701386553687,1.86988254836228,2.03612158404223,-0.135962069060475,-0.0247411626405223,-0.640995384823577,0.266276456865079,-0.667722469547314,-0.587564435905194,-0.559983893357675,3.40103267366559,2.77970488301997,-0.0445734002443183,-0.453890387156393,0.92012536432158,-0.0851604756520736,0.453222753078071,0.7704887055687,2.80619100884765,-0.113860786417039,-0.0382639442739243,1.81411968551902,1.08838378637757,1.1507788827907,1.00657188464015,0.19966965691918,0.17013722254388,-0.048236570436645,-0.0330109162638679,-0.105934635208225,-0.586899955103205,-0.191412782816345,0.782595037246263,-1.56276425682162,-0.831486854781667,0,-0.0930309953194633,-0.481588184154324,-0.984477210668762,0.12058311326144,0.79760607467327,-1.48080674570224,-0.797595882078731,-0.0998707974396848,-0.0692112518235939,-0.410266899197836,-0.501573481114802,0.803323473037571,-0.0314262377333807,-1.55967039733413,-0.767532904424768,-0.202993708003753,-0.0191459895266863,-0.303642030474405,0.027704841871553,0.704487594782526,-1.47171656321336,-1.1603681679367,-0.527680489439249,-0.177318504788345
"2051",0,-0.346763866306412,0.545748814462924,0.290919690251838,-0.112707670625565,-0.0981330258801679,-0.416428649433891,-0.135962069060475,-0.0247411626405223,0.0262070948798956,0.999757862091843,1.0342944492699,1.13345756693153,0.281590846440236,-0.540830462877054,-0.1555961886108,-0.0445734002443183,-0.453890387156393,0.7501458380671,1.56338145586488,-0.0368324778460259,-1.29347794903808,-0.574697546273115,-0.113860786417039,-0.0382639442739243,-0.759253601238671,0.269703699587538,1.1507788827907,0.688959538672687,-0.969181688332602,-0.650039470011399,-0.048236570436645,-0.0330109162638679,0.630678092860839,1.33132611434538,-0.996216528748704,-0.394605113003119,0.990111280309114,-0.544774434739172,0,-0.0930309953194633,1.5363212414657,1.3246423271829,-0.811138690761479,-1.10320005852361,1.27008134505226,0.34521688350542,-0.0998707974396848,-0.0692112518235939,2.01093737164361,1.43048399386859,-0.16886700594293,0.229731781230706,1.14027554013895,-0.159645077646464,-0.202993708003753,-0.0191459895266863,-0.303642030474405,0.628218168302089,0.704487594782526,0.706799001154165,0.0427658724537265,-0.527680489439249,-0.177318504788345
"2052",0,-0.346763866306412,-0.0991117271652847,0.290919690251838,-0.272951339513701,-0.992685559626734,-0.416428649433891,-0.135962069060475,-0.0247411626405223,0.666935053264552,0.999757862091843,-0.171343179456834,0.290358455339444,0.449905794399818,-0.0480975708092236,0.178344096209865,0.151225624523817,1.27427676266156,-0.26973131945978,-1.12999301782559,0.779926240360802,1.24678870278565,1.11574673128727,-0.113860786417039,-0.0382639442739243,0.205761381295462,0.924647769019562,0.811829186517271,1.00657188464015,0.700605947741373,-0.376647239159639,-0.048236570436645,-0.0330109162638679,-0.639535815693025,0.212360907167038,0.774351712302486,0.614423587210637,0.139152767932202,-0.831486854781667,0,-0.0930309953194633,-0.481588184154324,0.708877117089123,-0.966425658098632,-0.565804853495767,0.754289828035795,0.34521688350542,-0.0998707974396848,-0.0692112518235939,-0.410266899197836,0.198998781405106,-0.55774319753513,-1.0828566761904,-0.209697428597592,1.66401840268845,-0.202993708003753,-0.0191459895266863,-0.303642030474405,-0.172466266938626,0.474752486526631,0.706799001154165,1.07402362135981,1.19265161384234,-0.177318504788345
"2053",0,-0.346763866306412,0.330795300586854,-0.175267190438608,-0.6432385011961,-0.992685559626734,-0.416428649433891,-0.135962069060475,-0.064995348517452,-0.640995384823577,0.816387510785152,1.06960504576937,0.922682789033507,-0.559983893357675,-0.540830462877054,-0.1555961886108,0.00107855268828527,0.122165329449593,1.09010489057606,-0.28831349479732,-0.690239452411488,0.294188708351751,-0.0112161204196545,-0.113860786417039,-0.0382639442739243,0.527433042140173,1.08838378637757,-1.2218689911233,-1.53432688309958,-0.134287870295615,0.701741120229643,-0.048236570436645,-0.0330109162638679,1.83419368492302,0.372213079621086,-1.47909877630812,-1.73997671328813,0.0575526040741987,1.18943823375429,0,-0.0930309953194633,1.20000300386236,0.400994512042235,-1.12171262543579,-1.15824711023229,0.238498311019326,0.57377943662225,-0.0998707974396848,-0.0692112518235939,-0.410266899197836,1.25455753494524,-1.14105748492343,0.0422191444562627,0.802782297954812,-0.362274353239232,-0.202993708003753,-0.0191459895266863,-0.333491831870586,0.267988954902953,0.93422270303842,-0.283435346285619,-0.816615584968009,-0.527680489439249,-0.177318504788345
"2054",0,-0.346763866306412,-1.17387929654563,-2.73929503423606,0.551737763681986,1.15424052136502,-0.416428649433891,-0.135962069060475,-0.0247411626405223,-0.640995384823577,-1.93416775881521,-2.90142927495448,1.13345756693153,1.29148053419773,-0.540830462877054,-0.1555961886108,-0.0445734002443183,-0.453890387156393,-0.60969037196874,0.89003783744226,1.43333321492626,0.86323010398519,-0.574697546273115,-0.101482473429978,-0.0382639442739243,1.17077636382959,0.433439716945544,0.133929793970413,1.00657188464015,1.03456347495617,-0.650039470011399,-0.048236570436645,-0.0330109162638679,-0.639535815693025,-1.2263086449194,-1.47909877630812,0.950766487281889,1.1603029827845,-0.831486854781667,0,-0.0930309953194633,-0.481588184154324,-0.984477210668762,-1.12171262543579,1.27280760797249,1.09815083938011,-0.797595882078731,-0.0998707974396848,-0.0692112518235939,-0.410266899197836,-1.67949673433759,-1.52993367651563,1.16729496510292,1.14027554013895,0.650872024724607,-0.202993708003753,-0.0191459895266863,-0.303642030474405,-1.17332181098952,-2.5118039208,0.310705262178251,1.58965249581285,0.455366426721658,-0.177318504788345
"2055",0,-0.346763866306412,-0.958925782669563,-0.175267190438608,-0.151355276947966,-0.634864546128108,-0.416428649433891,-0.135962069060475,-0.0247411626405223,-0.640995384823577,-0.283834597054994,0.573225755678888,0.501133233237465,-0.89661378927684,-0.540830462877054,-0.1555961886108,-0.0445734002443183,-0.453890387156393,0.92012536432158,0.89003783744226,-1.18029468333559,-1.29347794903808,-0.574697546273115,-0.113860786417039,-0.0382639442739243,0.205761381295462,0.924647769019562,-0.0355450541663019,-1.21671453713211,-1.3031392155474,-0.650039470011399,-0.048236570436645,-0.0330109162638679,-0.0211034405390152,1.33132611434538,1.09627321067543,0.950766487281889,0.309344470407584,-0.831486854781667,0,-0.0930309953194633,-0.481588184154324,1.01675972213601,-0.0347038540757136,0.225036587532746,1.25395731008617,0.80234198973908,-0.0998707974396848,-0.0692112518235939,-0.410266899197836,0.211314716570995,0.220009185649271,0.684571542651139,1.14027554013895,0.44824274913184,-0.202993708003753,-0.0191459895266863,-0.303642030474405,-0.934476679100342,0.0152822700148413,0.904845870642121,0.0427658724537265,-0.527680489439249,-0.177318504788345
"2056",0,1.88237474806379,1.62051638384327,0.990200011287507,0.994701386553687,0.662432736679474,-0.123111490731166,-0.135962069060475,-0.0247411626405223,3.93676114848487,0.816387510785152,-0.915912114592555,-0.131191100456599,1.29148053419773,0.444635321258607,-0.1555961886108,-0.0445734002443183,0.698221046055578,-0.530944186059734,-1.12999301782559,-0.200184221487392,1.24678870278565,0.552265305433806,-0.113860786417039,-0.0382639442739243,-0.759253601238671,-0.22150435248648,1.1507788827907,1.00657188464015,1.03274584688364,1.81049060765444,-0.048236570436645,-0.0330109162638679,-0.639535815693025,-0.427047782649156,0.774351712302486,0.950766487281889,-0.0310389345431809,-0.258062014696678,0,-0.0930309953194633,-0.481588184154324,-0.676594605621874,1.36287885195866,0.480805052473791,-1.48080674570224,-0.919070000863297,-0.0998707974396848,-0.0692112518235939,-0.410266899197836,-0.266108969520532,0.649094233319722,-1.27036931296484,-1.82270011236043,-0.767532904424768,-0.202993708003753,-0.0191459895266863,1.76127335410647,2.02941592997334,-0.673923054752843,-2.26390404116519,-1.1603681679367,-0.527680489439249,-0.177318504788345
"2057",0,-0.346763866306412,-0.743972268793493,-0.175267190438608,0.994701386553687,1.33315102811434,-0.123111490731166,-0.135962069060475,-0.0247411626405223,-0.314012775301545,0.999757862091843,-0.171343179456834,-1.39583976784473,0.618220742359401,1.43010110539427,-0.1555961886108,-0.0445734002443183,-0.205787729149852,0.7501458380671,0.216694219019643,-0.690239452411488,0.452955374090734,1.67922815714073,-0.142661310006545,-0.0382639442739243,-0.759253601238671,0.261854936739596,0.959726998608451,1.00657188464015,1.03456347495617,-0.376647239159639,-0.048236570436645,-0.0330109162638679,-0.639535815693025,0.372213079621086,1.09627321067543,-0.0582622129318667,0.990111280309114,0.0286504053458163,0,-0.0930309953194633,-0.481588184154324,1.17070102465946,-0.0347038540757136,-1.26160056962335,0.238498311019326,0.34521688350542,-0.0998707974396848,-0.0692112518235939,-0.410266899197836,0.550851699251816,0.414447281445371,-0.332806129092624,0.802782297954812,0.0429841979463036,-0.202993708003753,-0.0191459895266863,-0.303642030474405,-0.572808484558983,0.474752486526631,0.112658392690295,0.558394746906768,-0.281918760399022,-0.177318504788345
"2058",0,-0.346763866306412,-0.958925782669563,0.205259830967347,-1.22011672780482,0.617509001117085,1.05015714407974,-0.135962069060475,-0.0247411626405223,-0.640995384823577,0.082906105558388,0.0768464655884069,-1.60661454574275,1.29148053419773,1.18373465936035,-0.1555961886108,-0.0445734002443183,0.698221046055578,1.09010489057606,-0.793321208614283,0.779926240360802,0.452955374090734,0.270524592507076,-0.113860786417039,-0.0382639442739243,2.45746300720844,1.08838378637757,-0.205019902303017,1.00657188464015,1.36852100217096,3.17745176191323,-0.048236570436645,-0.0330109162638679,1.52497749734601,0.512070451535963,0.374205229473202,-0.0581977773479412,0.309344470407584,0.0286504053458163,0,-0.0930309953194633,-0.481588184154324,-0.52265330309843,0.897017949947205,0.00560351917457189,-1.48080674570224,-0.564119897786691,-0.0998707974396848,-0.0692112518235939,-0.410266899197836,-1.38433934890509,0.997761568833671,-0.895344039415955,-1.55967039733413,-0.767532904424768,-0.202993708003753,-0.0191459895266863,-0.303642030474405,-0.772979593369162,0.0553032247447702,-1.86781030218927,-1.1603681679367,-0.527680489439249,-0.0637998750904989
"2059",0,-0.346763866306412,-0.512836798539806,-0.874547511474277,0.994701386553687,1.33315102811434,-0.416428649433891,-0.135962069060475,-0.0247411626405223,0.33995244374252,0.999757862091843,1.06960504576937,0.392948036257552,1.29148053419773,-0.0480975708092236,-0.1555961886108,-0.0445734002443183,0.410193187752585,1.09010489057606,-0.119977590191666,-1.18029468333559,0.611722039829717,0.552265305433806,-0.0324292554074602,-0.0382639442739243,0.527433042140173,0.433439716945544,-1.56081868739673,-1.53432688309958,0.700605947741373,0.990313915099158,-0.048236570436645,-0.0330109162638679,0.906545122192,0.691917424529183,-1.47909877630812,-1.73997671328813,-0.00890100362988461,0.0286504053458163,0,-0.0930309953194633,0.863684766259023,1.47858362970634,-0.0676939436754571,-0.311197503024907,0.926220333707951,-0.797595882078731,-0.0998707974396848,-0.0692112518235939,0.18749398685146,0.726778158175171,1.19219966462977,1.16729496510292,0.470503918799313,-0.767532904424768,-0.202993708003753,-0.0191459895266863,-0.303642030474405,-0.372637375748804,0.0152822700148413,-0.679529085261532,-1.1603681679367,-0.527680489439249,-0.177318504788345
"2060",0,-0.346763866306412,-0.958925782669563,-0.408360630783831,-0.555671293497266,-0.992685559626734,-0.416428649433891,-0.135962069060475,-0.0247411626405223,-0.640995384823577,-0.650575299668376,1.06960504576937,0.711908011135486,-1.40155863315559,-0.540830462877054,-0.1555961886108,-0.0445734002443183,0.410193187752585,0.7501458380671,1.56338145586488,1.2699814712849,-1.29347794903808,-0.574697546273115,-0.113860786417039,-0.0382639442739243,3.10080632889786,0.700694350658277,1.43224679312222,1.00657188464015,-1.3031392155474,-0.650039470011399,-0.048236570436645,-0.0330109162638679,-0.639535815693025,-1.2263086449194,0.935312461488958,0.950766487281889,-1.22238085187086,-0.831486854781667,0,-0.0930309953194633,-0.481588184154324,-0.984477210668762,1.05230491728436,1.27280760797249,-1.13694573435793,-0.797595882078731,-0.0998707974396848,-0.0692112518235939,-0.816401877505416,-1.38433934890509,0.414447281445371,0.979782328328481,-1.06950150786896,-0.767532904424768,-0.202993708003753,-0.0758585761396516,-0.303642030474405,-1.17332181098952,-1.36312837952053,-0.368589592487654,-0.816615584968009,-0.527680489439249,-0.177318504788345
"2061",0,-0.346763866306412,0.330795300586854,0.990200011287507,0.551737763681986,0.438598494367772,-0.416428649433891,-0.135962069060475,-0.064995348517452,-0.640995384823577,-1.01731600228176,0.573225755678888,0.501133233237465,0.618220742359401,-0.540830462877054,-0.1555961886108,-0.0445734002443183,-0.741918245459386,-0.26973131945978,1.56338145586488,1.43333321492626,0.294188708351751,-0.574697546273115,-0.113860786417039,-0.0382639442739243,-0.759253601238671,-0.057768335128474,1.50576934756318,1.00657188464015,-0.301266633903012,-0.650039470011399,-0.048236570436645,-0.0677629935268027,-0.639535815693025,0.532065252075134,1.09627321067543,0.591107655170864,-0.711805744444711,-0.831486854781667,0,-0.0930309953194633,0.0329884735188504,1.17070102465946,1.36287885195866,1.27280760797249,-0.793084723013613,-0.797595882078731,-0.0998707974396848,-0.0692112518235939,0.0739739549704533,1.43048399386859,1.19219966462977,0.417245839319402,-1.05343053405793,-0.767532904424768,-0.202993708003753,-0.0191459895266863,-0.115265035726491,0.227875950681732,0.474752486526631,0.904845870642121,0.558394746906768,-0.281918760399022,-0.177318504788345
"2062",0,-0.346763866306412,-0.409892095429344,0.0578262499066152,0.551737763681986,-0.277043532629481,-0.416428649433891,-0.135962069060475,-0.0247411626405223,-0.640995384823577,-0.283834597054994,0.821415400724128,0.501133233237465,0.786535690318983,-0.540830462877054,-0.1555961886108,-0.0445734002443183,-0.1658625288534,0.92012536432158,-0.624985304008629,-1.01694293969422,0.929255371307683,0.552265305433806,-0.113860786417039,-0.0382639442739243,0.527433042140173,0.59717573430355,-1.56081868739673,-1.53432688309958,0.700605947741373,0.990313915099158,-0.048236570436645,-0.0330109162638679,0.906545122192,0.212360907167038,-1.47909877630812,-1.73997671328813,0.479536172882967,1.46221250555829,0,-0.0930309953194633,1.20000300386236,0.400994512042235,-1.12171262543579,-0.952266178779668,0.754289828035795,0.34521688350542,-0.0998707974396848,-0.0692112518235939,0.525611396050126,0.4065858268613,-0.16886700594293,0.604757054779594,0.802782297954812,-0.564903628832,-0.202993708003753,-0.0191459895266863,-0.303642030474405,-0.372637375748804,-0.673923054752843,0.904845870642121,-0.129110419030621,-0.527680489439249,-0.177318504788345
"2063",0,2.99694405524889,2.26537692547148,0.757106570942284,-1.88456216211237,-1.03643134989362,-0.416428649433891,-0.135962069060475,-0.0247411626405223,0.0129698342204877,-0.100464245748303,0.0768464655884069,-0.131191100456599,-1.40155863315559,-0.540830462877054,-0.1555961886108,-0.0445734002443183,-0.741918245459386,-1.62956752949562,0.0483583144139882,0.779926240360802,-1.29347794903808,-0.574697546273115,-0.170716162074102,-0.0382639442739243,-0.759253601238671,-1.53139249135053,-0.205019902303017,0.37134719270522,-1.3031392155474,-0.650039470011399,-0.048236570436645,-0.0330109162638679,-0.639535815693025,-1.06645647246535,0.935312461488958,-0.73094801307437,-1.56276425682162,-0.831486854781667,0,-0.0930309953194633,-0.481588184154324,-0.214770698051542,1.20759188462151,-1.10320005852361,-1.48080674570224,-0.797595882078731,-0.367308324548747,-0.0692112518235939,0.637509257583234,1.25455753494524,0.414447281445371,-0.520318765867068,-0.884683912965861,-0.767532904424768,-0.202993708003753,-0.0191459895266863,1.76127335410647,1.82924482116316,0.93422270303842,0.904845870642121,1.745186051986,3.40450717520438,2.44807774115328
"2064",0,-0.346763866306412,-0.743972268793493,0.757106570942284,-0.998634916368966,-0.992685559626734,-0.416428649433891,-0.135962069060475,-0.0247411626405223,-0.640995384823577,-0.93633946687541,1.06960504576937,-0.974290212048683,-1.40155863315559,-0.540830462877054,-0.332265742687846,-0.0445734002443183,-0.741918245459386,0.7501458380671,1.39504555125922,-1.01694293969422,-0.817177951821129,-0.292956833346385,-0.113860786417039,-0.0382639442739243,0.849104702984884,1.08838378637757,-0.374494750439731,-1.05790836414838,1.36852100217096,1.53709837680268,-0.048236570436645,-0.0330109162638679,3.38027462280804,1.17147394189133,-1.47909877630812,-0.0582622129318667,1.1603029827845,0.315362825388311,0,-0.0930309953194633,3.89054890468905,1.47858362970634,1.36287885195866,1.27280760797249,1.09815083938011,-0.797595882078731,-0.0998707974396848,-0.0692112518235939,0.558214809138742,-0.328780595364958,0.8420911003218,0.979782328328481,-0.715937291873794,-0.767532904424768,-0.202993708003753,-0.0191459895266863,-0.303642030474405,-0.372637375748804,0.245082237428133,-0.534739865816398,-1.1603681679367,-0.527680489439249,-0.177318504788345
"2065",0,-0.346763866306412,-1.17387929654563,-1.80692127285517,0.330255952246136,1.33315102811434,-0.416428649433891,-0.135962069060475,-0.0247411626405223,-0.801270978768319,-1.38405670489514,0.632311179612106,0.711908011135486,-0.89661378927684,-0.540830462877054,-0.1555961886108,-0.0445734002443183,-0.453890387156393,0.92012536432158,0.721701932836606,-1.01694293969422,-1.13471128329909,-0.574697546273115,-0.113860786417039,-0.0382639442739243,2.45746300720844,0.924647769019562,-1.56081868739673,-1.53432688309958,0.533627184133976,1.81049060765444,-0.048236570436645,-0.00203041714030038,1.52497749734601,1.17147394189133,-0.0304520336298728,-0.226433662967493,1.1603029827845,0.8887876654733,0,-0.284677733412514,-0.481588184154324,-0.368712000574986,0.12058311326144,1.27280760797249,1.09815083938011,-0.569033328961901,-0.0998707974396848,0.0601308496230974,-0.410266899197836,-1.38433934890509,-1.52993367651563,1.16729496510292,-0.378444049689659,-0.767532904424768,-0.202993708003753,-0.0191459895266863,-0.303642030474405,-1.17332181098952,-2.05233370428821,-0.425850903121059,-0.988491876452356,-0.527680489439249,-0.121749652572576
"2066",0,-0.346763866306412,0.115841786710785,-0.175267190438608,-1.66308035067652,-0.992685559626734,-0.416428649433891,-0.135962069060475,-0.0247411626405223,-0.0895608317173636,0.266276456865079,1.06960504576937,0.711908011135486,-1.40155863315559,-0.670388610093568,-0.1555961886108,-0.0445734002443183,-0.741918245459386,0.41018678555814,1.56338145586488,-0.200184221487392,-1.13471128329909,-0.574697546273115,-0.113860786417039,-0.0382639442739243,-0.759253601238671,-0.712712404560498,0.995914323720957,1.00657188464015,-0.46824539751041,-0.650039470011399,-0.048236570436645,-0.0330109162638679,-0.639535815693025,0.691917424529183,1.09627321067543,0.950766487281889,-0.881997446920094,-0.831486854781667,0,-0.0930309953194633,-0.481588184154324,0.862818419612568,1.36287885195866,1.27280760797249,0.0665678053471691,-0.797595882078731,-0.0998707974396848,-0.0692112518235939,-0.410266899197836,0.902704617098525,1.19219966462977,1.16729496510292,0.465289055770677,-0.767532904424768,-0.202993708003753,-0.0191459895266863,-0.303642030474405,0.42804705949191,0.0152822700148413,-0.0853884767976621,-0.129110419030621,-0.527680489439249,-0.177318504788345
"2067",0,-0.346763866306412,-1.17387929654563,-1.80692127285517,0.108774140810285,1.69097204161296,1.05015714407974,-0.135962069060475,-0.0247411626405223,-0.314012775301545,-0.100464245748303,-0.0783788590121184,0.711908011135486,1.29148053419773,1.18373465936035,-0.1555961886108,-0.0445734002443183,0.122165329449593,1.09010489057606,0.721320294650389,1.43333321492626,1.24678870278565,1.397487444214,-0.113860786417039,-0.0382639442739243,-0.759253601238671,-1.04018443927651,-0.882919294849875,-1.05790836414838,0.867584711348771,1.53709837680268,-0.048236570436645,-0.0330109162638679,-0.639535815693025,-1.2263086449194,-1.47909877630812,-1.40363381321687,1.1603029827845,0.315362825388311,0,-0.0930309953194633,-0.481588184154324,-0.984477210668762,-1.12171262543579,0.480805052473791,0.410428816691482,-0.797595882078731,-0.0998707974396848,-0.0692112518235939,-0.410266899197836,-1.38433934890509,-1.72437177231173,0.792269691554037,-0.715937291873794,-0.767532904424768,-0.202993708003753,-0.0191459895266863,-0.303642030474405,-1.17332181098952,-2.05233370428821,0.904845870642121,-0.816615584968009,-0.766781645273401,-0.177318504788345
"2068",0,-0.447173069232803,-0.958925782669563,0.524013130597061,-1.22011672780482,-0.634864546128108,1.34347430278246,-0.135962069060475,-0.0247411626405223,-0.640995384823577,-0.100464245748303,0.325036110633647,-2.02816410153879,0.281590846440236,1.9228339974621,-0.1555961886108,-0.0445734002443183,0.410193187752585,1.09010489057606,-0.624985304008629,-0.690239452411488,1.24678870278565,0.834006018360537,-0.113860786417039,-0.0382639442739243,2.45746300720844,1.08838378637757,0.0034472237123646,0.688959538672687,1.36852100217096,1.81049060765444,-0.048236570436645,-0.0330109162638679,0.28811274703799,1.33132611434538,1.09627321067543,0.950766487281889,0.139152767932202,-0.258062014696678,0,-0.0930309953194633,-0.481588184154324,-0.19123063526318,-0.34527778875002,1.11440709687275,-1.30887624003008,-0.797595882078731,-0.0998707974396848,-0.0692112518235939,-0.410266899197836,-1.38433934890509,0.220009185649271,0.0422191444562627,-1.55967039733413,-0.767532904424768,-0.202993708003753,-0.0191459895266863,-0.303642030474405,-1.17332181098952,0.245017378270736,-0.679529085261532,-1.1603681679367,-0.527680489439249,-0.177318504788345
"2069",0,-0.346763866306412,-0.958925782669563,-0.175267190438608,0.108774140810285,-0.277043532629481,-0.416428649433891,-0.135962069060475,-0.0247411626405223,-0.314012775301545,0.44964680817177,-0.171343179456834,-0.974290212048683,1.12316558623815,-0.540830462877054,-0.1555961886108,-0.0445734002443183,1.27427676266156,0.58016631181262,-1.12999301782559,-0.479437370496276,1.08802203704667,-0.401521146583376,-0.113860786417039,-0.0382639442739243,-0.43758194039396,0.433439716945544,0.642354338380556,0.847765711656421,-0.301266633903012,-0.650039470011399,-0.048236570436645,-0.0330109162638679,-0.639535815693025,-0.586899955103205,0.935312461488958,0.446252137175011,0.309344470407584,-0.831486854781667,0,-0.0930309953194633,0.19104829105235,1.3246423271829,-0.19677922576398,-1.10320005852361,0.926220333707951,0.57377943662225,-0.12071279095693,-0.0692112518235939,1.04245566330703,1.07863107602188,-1.33549558071953,-1.83290722328817,0.465289055770677,0.650872024724607,-0.202993708003753,-0.0191459895266863,-0.191010716722162,-0.372637375748804,0.245017378270736,1.04829378310506,1.4177762043285,0.15238786192847,-0.177318504788345
"2070",0,-0.346763866306412,-0.314065241041354,0.00728476651589026,0.773219575117836,0.438598494367772,-0.123111490731166,-0.135962069060475,-0.0247411626405223,-0.640995384823577,0.495118953428315,-0.0196553069296783,0.290358455339444,1.12316558623815,1.18373465936035,-0.1555961886108,0.00107855268828527,0.122165329449593,0.92012536432158,-0.961657113219938,-1.18029468333559,0.135422042612768,1.397487444214,-0.113860786417039,-0.0382639442739243,1.17077636382959,0.433439716945544,-1.56081868739673,-1.53432688309958,0.032690893311783,1.53709837680268,-0.048236570436645,-0.181774935515411,1.58563114722081,0.532065252075134,-1.47909877630812,-1.62421511816527,-0.0310389345431809,1.46221250555829,0,-0.0930309953194633,2.20895771667237,0.862818419612568,-1.12171262543579,-1.26160056962335,0.926220333707951,0.34521688350542,-0.0998707974396848,-0.0692112518235939,1.04245566330703,0.803654035920195,-0.16886700594293,-0.193308226574606,0.29654243467861,-0.767532904424768,-0.202993708003753,-0.0339023568911823,-0.0459682647157794,0.027704841871553,0.474752486526631,-0.0853884767976621,-0.434580342743263,-0.527680489439249,-0.177318504788345
"2071",0,-0.346763866306412,-1.17387929654563,-2.73929503423606,0.330255952246136,1.15424052136502,-0.416428649433891,-0.135962069060475,-0.0247411626405223,-0.640995384823577,-1.93416775881521,-2.405049984864,1.13345756693153,1.29148053419773,-0.0480975708092236,-0.1555961886108,-0.0445734002443183,-0.741918245459386,-1.00956386847535,0.0483583144139882,1.43333321492626,1.24678870278565,-0.0112161204196545,-0.113860786417039,-0.0382639442739243,0.527433042140173,0.760911751661556,1.1507788827907,1.00657188464015,1.20154223856357,-0.650039470011399,-0.048236570436645,-0.0330109162638679,2.14340987250002,1.33132611434538,0.613390963116015,0.950766487281889,0.139152767932202,-0.831486854781667,0,-0.0930309953194633,-0.481588184154324,-0.984477210668762,-0.500564756087173,1.27280760797249,0.582359322363638,-1.14975533635527,-0.0998707974396848,-0.0692112518235939,-0.410266899197836,-1.38433934890509,-1.72437177231173,1.16729496510292,0.971528919046879,-0.767532904424768,-0.202993708003753,-0.0191459895266863,-0.303642030474405,-1.17332181098952,-2.7415390290559,0.310705262178251,1.58965249581285,0.455366426721658,-0.177318504788345
"2072",0,-0.346763866306412,-0.958925782669563,-0.874547511474277,0.994701386553687,1.51206153486365,-0.123111490731166,-0.135962069060475,-0.0247411626405223,-0.640995384823577,0.082906105558388,0.325036110633647,-0.763515434150662,1.12316558623815,1.18373465936035,-0.1555961886108,-0.0445734002443183,-0.1658625288534,0.92012536432158,-0.793321208614283,-1.18029468333559,0.882929917830008,2.80619100884765,-0.113860786417039,-0.0382639442739243,1.17077636382959,0.924647769019562,0.380049720402746,0.530153365688954,1.36852100217096,1.39688757627442,-0.048236570436645,-0.0330109162638679,-0.639535815693025,-0.267195610195108,0.452430213929543,0.446252137175011,1.1603029827845,-0.258062014696678,0,-0.0930309953194633,-0.481588184154324,-0.984477210668762,-0.324600210309091,0.63920556357353,0.238498311019326,-0.797595882078731,-0.0998707974396848,0.0533337108356998,-0.410266899197836,-1.38433934890509,-0.36330510173903,0.979782328328481,-1.39092377624206,-0.767532904424768,-0.202993708003753,-0.0191459895266863,-0.303642030474405,-1.17332181098952,-0.366477519391549,-0.877575954749489,-1.1603681679367,-0.527680489439249,-0.177318504788345
"2073",0,-0.346763866306412,-0.743972268793493,-0.874547511474277,0.797843028992843,1.33315102811434,0.17020566797156,-0.135962069060475,-0.0247411626405223,0.0129698342204877,0.999757862091843,-0.406694945128879,-0.974290212048683,1.26458348369918,1.43010110539427,-0.1555961886108,-0.0445734002443183,1.27427676266156,0.24020725930366,-0.28831349479732,-0.853591196052854,1.15626836047743,1.397487444214,-0.113860786417039,-0.0177637689065176,0.78689667168233,0.924647769019562,0.642354338380556,0.847765711656421,1.20154223856357,-0.376647239159639,-0.048236570436645,-0.0330109162638679,-0.639535815693025,-0.746752127557253,-0.106670793752234,-0.226433662967493,-0.541614041969328,-0.831486854781667,0,-0.0930309953194633,-0.481588184154324,-0.984477210668762,-0.199728427775424,0.547940398314125,-1.30887624003008,-0.797595882078731,-0.0998707974396848,-0.0692112518235939,-0.410266899197836,-1.38433934890509,-0.55774319753513,0.0422191444562627,-1.55967039733413,-0.767532904424768,-0.202993708003753,-0.0912709356995593,-0.303642030474405,-1.17332181098952,0.245017378270736,-1.66976343270132,-1.1603681679367,-0.527680489439249,-0.177318504788345
"2074",0,4.11151336243399,2.05042341159541,0.990200011287507,-0.998634916368966,-1.01508642370745,-0.416428649433891,-0.135962069060475,-0.0247411626405223,1.54177626697445,0.999757862091843,-0.171343179456834,1.13345756693153,-1.06492873723642,-0.540830462877054,-0.1555961886108,-0.0445734002443183,-0.1658625288534,-0.60969037196874,-0.456649399402975,1.43333321492626,-0.817177951821129,-0.574697546273115,-0.113860786417039,-0.0382639442739243,-0.759253601238671,-1.53139249135053,-1.39134383926002,1.00657188464015,-0.635224161117807,-0.650039470011399,-0.048236570436645,-0.0330109162638679,-0.639535815693025,-1.2263086449194,-0.191412782816345,0.614423587210637,-1.39257255434624,-0.831486854781667,0,-0.0930309953194633,-0.481588184154324,-0.676594605621874,1.20759188462151,0.322404541374051,-1.48080674570224,-0.797595882078731,-0.0998707974396848,-0.0692112518235939,1.04245566330703,1.25455753494524,1.19219966462977,0.457974263102471,0.465289055770677,1.46138912709568,-0.202993708003753,-0.0191459895266863,4.85864643097778,2.02941592997334,0.93422270303842,0.706799001154165,0.902147329875462,2.42146025904347,-0.177318504788345
"2075",0,-0.346763866306412,-0.743972268793493,-0.408360630783831,0.773219575117836,1.86988254836228,4.27664588980972,4.50095327128558,-0.0247411626405223,-0.640995384823577,-0.100464245748303,0.325036110633647,0.290358455339444,0.954850638278565,3.40103267366559,5.71500595465075,-0.0445734002443183,-0.741918245459386,-1.62956752949562,-1.12999301782559,-1.18029468333559,-0.0233446231262145,3.93315386055457,2.19433177352249,-0.0382639442739243,-0.759253601238671,-1.53139249135053,-0.882919294849875,-0.899102191164647,1.03456347495617,2.63066730020971,-0.048236570436645,-0.0330109162638679,-0.639535815693025,-0.267195610195108,1.09627321067543,0.950766487281889,1.1603029827845,1.46221250555829,0,-0.0930309953194633,-0.481588184154324,-0.676594605621874,0.586444015272899,1.23396009642922,0.410428816691482,-0.569033328961901,-0.0998707974396848,-0.0692112518235939,-0.410266899197836,-1.38433934890509,0.268251748333058,0.979782328328481,-1.55967039733413,-0.767532904424768,-0.202993708003753,-0.0191459895266863,-0.303642030474405,-0.97315070217934,0.93422270303842,-0.679529085261532,-1.1603681679367,-0.527680489439249,-0.177318504788345
"2076",0,-0.346763866306412,-0.529018754917424,0.524013130597061,-0.873706085948808,-0.992685559626734,-0.416428649433891,-0.135962069060475,-0.0247411626405223,-1.04050551175591,-0.529287848882584,0.573225755678888,-2.02816410153879,-0.223353997438511,-0.540830462877054,-0.1555961886108,-0.0445734002443183,-0.741918245459386,0.92012536432158,0.385030123625297,-0.0368324778460259,1.24678870278565,-0.686094068044532,-0.113860786417039,-0.0382639442739243,0.849104702984884,1.08838378637757,-0.882919294849875,0.530153365688954,0.867584711348771,-0.650039470011399,-0.048236570436645,-0.0330109162638679,3.07105843523104,1.33132611434538,1.09627321067543,0.950766487281889,1.1603029827845,1.74892492560078,0,-0.0930309953194633,0.527366528655686,0.247053209518791,1.20759188462151,1.27280760797249,0.582359322363638,-0.340470775845071,-0.0998707974396848,-0.0692112518235939,-0.410266899197836,-1.20841288998173,1.19219966462977,0.229731781230706,-1.55967039733413,-0.767532904424768,-0.202993708003753,-0.0191459895266863,-0.303642030474405,-0.572808484558983,0.108499310150085,-1.2736696937254,-1.1603681679367,-0.481784925238469,-0.177318504788345
"2077",0,-0.346763866306412,-0.958925782669563,-0.874547511474277,0.994701386553687,-0.277043532629481,-0.611046277536841,-0.135962069060475,-0.0247411626405223,-0.640995384823577,0.44964680817177,-0.419532824502074,-1.1850649899467,-0.0550390494789284,-0.540830462877054,-0.1555961886108,-0.0445734002443183,-0.453890387156393,1.09010489057606,-0.28831349479732,0.453222753078071,1.08802203704667,-0.0112161204196545,-0.113860786417039,-0.0382639442739243,-0.43758194039396,0.269703699587538,0.642354338380556,0.212541019721487,1.03456347495617,0.443529453395639,-0.048236570436645,-0.0330109162638679,-0.639535815693025,-1.2263086449194,-1.47909877630812,-1.73997671328813,0.197813146288045,1.46221250555829,0,-0.0930309953194633,-0.481588184154324,-0.984477210668762,-1.12171262543579,-1.26160056962335,-0.105362700324987,0.34521688350542,-0.0998707974396848,-0.0692112518235939,-0.410266899197836,-0.436229332857219,-0.94661938912733,-1.83290722328817,0.634035676862745,0.0429841979463036,-0.202993708003753,-0.0912709356995593,-0.303642030474405,-0.974564873979664,-0.145305548063571,0.904845870642121,0.558394746906768,-0.527680489439249,-0.177318504788345
"2078",0,-0.346763866306412,-0.0991117271652847,0.990200011287507,-0.334189482061415,-0.992685559626734,-0.416428649433891,-0.0454705357962194,-0.0247411626405223,-0.640995384823577,-0.467204948361685,1.06960504576937,0.290358455339444,-1.40155863315559,-0.664044591964768,-0.1555961886108,-0.0445734002443183,-0.741918245459386,-0.26973131945978,1.37677138010085,0.289871009436705,-1.29347794903808,-0.574697546273115,-0.113860786417039,-0.0382639442739243,0.849104702984884,0.924647769019562,1.1507788827907,-0.263877499229713,-1.3031392155474,-0.650039470011399,-0.048236570436645,-0.0330109162638679,0.28811274703799,0.691917424529183,1.09627321067543,-0.226433662967493,-0.724732425418621,-0.831486854781667,0,-0.0930309953194633,-0.481588184154324,-0.984477210668762,0.115235909448732,1.27280760797249,-1.13694573435793,-1.43931992396244,-0.0998707974396848,-0.0692112518235939,-0.410266899197836,-1.38433934890509,-0.16886700594293,1.16729496510292,0.29654243467861,-0.362274353239232,-0.202993708003753,-0.0191459895266863,-0.303642030474405,-0.372637375748804,0.93422270303842,1.57666377278379,1.58965249581285,2.17569853000325,-0.177318504788345
"2079",0,-0.252892808423036,-1.17387929654563,-0.641454071129054,-0.555671293497266,-0.992685559626734,-0.856221444099749,-0.135962069060475,-0.0247411626405223,-0.640995384823577,-1.20068635358845,1.06960504576937,-1.81738932364077,-1.40155863315559,-0.540830462877054,-0.1555961886108,-0.0445734002443183,0.153360670011487,0.393568109563618,0.385030123625297,-1.18029468333559,-1.13471128329909,2.80619100884765,9.1189094533411,-0.0382639442739243,1.81411968551902,0.924647769019562,-1.39134383926002,-1.53432688309958,0.533627184133976,2.63066730020971,16.5692619449875,-0.0330109162638679,2.45262606007703,1.01162176943728,-0.513334281189288,0.446252137175011,1.1603029827845,0.602075245430805,0,-0.0930309953194633,2.20895771667237,1.47858362970634,0.586444015272899,1.27280760797249,0.238498311019326,-0.797595882078731,-0.0998707974396848,0.0446450411818602,-0.410266899197836,-1.38433934890509,-0.94661938912733,0.979782328328481,-1.22217715515,-0.767532904424768,-0.202993708003753,-0.0191459895266863,-0.303642030474405,-1.17332181098952,0.0152822700148413,-0.877575954749489,-1.1603681679367,-0.527680489439249,-0.177318504788345
"2080",0,-0.346763866306412,1.10848279323029,-2.04001471320039,-2.54900759641992,-0.992685559626734,-0.416428649433891,-0.135962069060475,-0.0247411626405223,1.32090027230862,0.999757862091843,-2.405049984864,-2.23893887943681,-1.40155863315559,-0.507817777648305,-0.1555961886108,-0.0445734002443183,1.56230462096456,1.09010489057606,-1.12999301782559,-1.18029468333559,-1.29347794903808,-0.574697546273115,-0.113860786417039,-0.0382639442739243,1.81411968551902,1.08838378637757,-0.882919294849875,-1.05790836414838,-1.3031392155474,-0.650039470011399,-0.048236570436645,-0.0330109162638679,1.83419368492302,1.33132611434538,1.09627321067543,0.950766487281889,0.819919577833732,-0.544774434739172,0,-0.0930309953194633,2.20895771667237,1.47858362970634,-0.34527778875002,-0.523325125079481,1.27008134505226,1.03090454285591,-0.0998707974396848,-0.0692112518235939,1.52669651747532,1.43048399386859,-1.52993367651563,-0.520318765867068,1.14027554013895,-0.362274353239232,-0.202993708003753,-0.0191459895266863,-0.303642030474405,1.22873149473262,-0.677665933764595,0.706799001154165,0.0427658724537265,-0.527680489439249,-0.177318504788345
"2081",0,-0.346763866306412,-0.314065241041354,-0.175267190438608,-2.54900759641992,-0.992685559626734,-0.416428649433891,-0.135962069060475,-0.0247411626405223,-0.640995384823577,0.082906105558388,-0.200533379697465,-2.23893887943681,-1.40155863315559,-0.540830462877054,-0.1555961886108,-0.0445734002443183,-0.741918245459386,1.09010489057606,-0.456649399402975,-1.71227473856686,-1.29347794903808,-0.574697546273115,-0.113860786417039,-0.0382639442739243,-0.43758194039396,0.924647769019562,-0.427271048855403,-0.899102191164647,-0.969181688332602,-0.650039470011399,-0.048236570436645,-0.0330109162638679,0.906545122192,1.01162176943728,0.613390963116015,0.950766487281889,0.819919577833732,-0.544774434739172,0,-0.0930309953194633,0.863684766259023,1.25936410987501,-0.189990821412867,-0.733730984025363,0.238498311019326,1.48802964908957,-0.0998707974396848,-0.0692112518235939,0.0739739549704533,1.25455753494524,-0.601696066945253,-1.64539458651373,0.634035676862745,0.853501300317375,-0.202993708003753,-0.0191459895266863,-0.303642030474405,-0.572808484558983,0.0152822700148413,0.508752131666208,0.558394746906768,-0.281918760399022,-0.177318504788345
"2082",0,-0.339858076621533,-1.17387929654563,-1.34073439216472,0.551737763681986,-0.455954039378794,-0.416428649433891,-0.135962069060475,-0.0247411626405223,-0.640995384823577,-1.56742705620183,0.573225755678888,1.13345756693153,0.618220742359401,-0.540830462877054,-0.1555961886108,-0.0152492710856271,-0.842151288008135,-0.9496494244777,1.56338145586488,1.43333321492626,1.24678870278565,-0.574697546273115,-0.113860786417039,-0.0382639442739243,-0.43758194039396,0.269703699587538,1.1507788827907,1.00657188464015,0.700605947741373,-0.650039470011399,-0.048236570436645,-0.0330109162638679,1.21576130976901,0.740198076160316,1.09627321067543,0.950766487281889,0.479536172882967,-0.831486854781667,0,-0.0930309953194633,-0.481588184154324,0.247053209518791,1.36287885195866,1.27280760797249,0.14114101788649,-0.797595882078731,-0.0998707974396848,-0.0692112518235939,-0.410266899197836,-0.680633513211668,1.19219966462977,1.16729496510292,0.127795813586543,-0.564903628832,-0.202993708003753,-0.0912709356995593,-0.303642030474405,-1.17332181098952,-0.673923054752843,0.508752131666208,0.730271038391115,-0.0361570313587953,-0.177318504788345
"2083",0,-0.346763866306412,-1.17387929654563,-2.73929503423606,-0.112707670625565,1.69097204161296,-0.416428649433891,-0.135962069060475,-0.0247411626405223,-0.640995384823577,-1.93416775881521,-2.405049984864,0.922682789033507,0.449905794399818,-0.525164907923092,-0.1555961886108,-0.0445734002443183,-0.741918245459386,-1.62956752949562,0.385030123625297,0.650505748139583,-0.0305186644982682,-0.574697546273115,-0.113860786417039,-0.0382639442739243,-0.759253601238671,-0.22150435248648,1.1507788827907,-0.263877499229713,0.596811817866996,0.17013722254388,-0.048236570436645,-0.0330109162638679,2.14340987250002,1.33132611434538,1.09627321067543,0.278080687139385,1.1603029827845,2.32234976568577,0,-0.0930309953194633,0.863684766259023,0.708877117089123,0.741730982610052,0.95600658577301,1.27008134505226,0.34521688350542,-0.0998707974396848,-0.0692112518235939,-0.410266899197836,-1.38433934890509,-1.91880986810783,-0.145293492318181,1.14027554013895,0.0429841979463036,-0.202993708003753,-0.0191459895266863,-0.346053172463505,-1.17332181098952,-2.7415390290559,0.112658392690295,1.4177762043285,-0.0361570313587953,-0.177318504788345
"2084",0,-0.346763866306412,-0.0991117271652847,0.757106570942284,0.108774140810285,-0.813775052877421,-0.416428649433891,-0.135962069060475,-0.064995348517452,-0.640995384823577,0.633017159478461,0.561936427044807,0.711908011135486,0.786535690318983,-0.540830462877054,-0.205999765174765,-0.0445734002443183,0.122165329449593,0.58016631181262,-1.12999301782559,-1.01694293969422,0.929255371307683,0.270524592507076,-0.113860786417039,0.0337041416019022,0.527433042140173,0.269703699587538,-1.56081868739673,-1.53432688309958,0.366648420526578,1.53709837680268,-0.048236570436645,-0.0330109162638679,0.906545122192,1.17147394189133,-1.47909877630812,-1.73997671328813,-0.711805744444711,1.44713534635818,0,-0.0930309953194633,0.19104829105235,1.3246423271829,-0.811138690761479,-1.26160056962335,-0.277293205997144,1.03090454285591,-0.0998707974396848,-0.0692112518235939,-0.410266899197836,0.726778158175171,0.803323473037571,0.604757054779594,1.14027554013895,0.0429841979463036,-0.202993708003753,-0.0191459895266863,-0.303642030474405,-0.372637375748804,0.956246342005081,0.904845870642121,0.214642163938074,-0.527680489439249,-0.177318504788345
"2085",0,-0.346763866306412,-1.17387929654563,-0.637234516997606,0.330255952246136,-0.992685559626734,-0.416428649433891,-0.135962069060475,-0.0247411626405223,-0.640995384823577,-1.34545956184811,0.821415400724128,0.290358455339444,-1.40155863315559,-0.694189218766965,-0.145646111745589,-0.0445734002443183,-0.741918245459386,-0.0997517932053001,1.39504555125922,-0.690239452411488,-1.29347794903808,-0.574697546273115,-0.113860786417039,-0.0382639442739243,-0.759253601238671,0.924647769019562,0.303404642107127,-1.53432688309958,-1.3031392155474,-0.650039470011399,-0.048236570436645,-0.0330109162638679,0.28811274703799,1.33132611434538,0.774351712302486,0.278080687139385,-0.501440481935944,-0.831486854781667,0,-0.0930309953194633,0.19104829105235,1.47858362970634,1.20759188462151,0.79760607467327,0.386339974233623,0.57377943662225,-0.0998707974396848,-0.0692112518235939,-0.410266899197836,0.198998781405106,0.997761568833671,-0.895344039415955,0.634035676862745,1.86664767828122,-0.202993708003753,-0.0191459895266863,-0.303642030474405,-1.17332181098952,-1.13339327126463,0.508387508830057,1.24589991284416,0.946889884802112,-0.177318504788345
"2086",0,-0.320901722001765,-0.0991117271652847,0.524013130597061,-0.334189482061415,-0.455954039378794,-0.416428649433891,-0.135962069060475,-0.0247411626405223,-0.314012775301545,0.999757862091843,0.573225755678888,1.13345756693153,0.470334247325516,-0.540830462877054,-0.1555961886108,-0.0445734002443183,0.410193187752585,1.09010489057606,-0.119977590191666,0.779926240360802,1.24678870278565,1.397487444214,-0.113860786417039,-0.0382639442739243,-0.43758194039396,0.59717573430355,0.981304034653986,0.847765711656421,1.36852100217096,1.53709837680268,-0.048236570436645,-0.0330109162638679,-0.639535815693025,-1.2263086449194,-1.15717727793518,-0.562776563038745,1.1603029827845,1.17550008551579,0,-0.163488916044636,-0.481588184154324,-0.984477210668762,-1.12171262543579,-0.627998525224387,1.27008134505226,0.116654330388589,-0.0998707974396848,-0.212923769034173,-0.410266899197836,-1.03248643105838,-1.14105748492343,-0.520318765867068,1.14027554013895,-0.159645077646464,-0.202993708003753,-0.0191459895266863,-0.303642030474405,0.027704841871553,0.93422270303842,0.706799001154165,0.214642163938074,-0.527680489439249,-0.177318504788345
"2087",0,-0.397036972650977,-0.743972268793493,0.524013130597061,-0.112707670625565,-0.813775052877421,-0.416428649433891,-0.135962069060475,0.035586318865539,-0.80494279128076,-0.467204948361685,0.325036110633647,-1.81738932364077,-1.40155863315559,-0.540830462877054,-0.1555961886108,-0.0445734002443183,-0.741918245459386,0.588419642012974,0.216694219019643,-1.18029468333559,-1.29347794903808,-0.574697546273115,-0.113860786417039,-0.0382639442739243,-0.759253601238671,1.08838378637757,-0.882919294849875,-1.53432688309958,-1.3031392155474,-0.650039470011399,-0.048236570436645,-0.0330109162638679,-0.639535815693025,1.33132611434538,0.452430213929543,0.782595037246263,-0.210126938660431,0.261898000752832,0,-0.0930309953194633,-0.274167518071227,1.47858362970634,0.741730982610052,-0.627998525224387,-0.621154217341457,2.40227986155689,-0.0998707974396848,-0.0692112518235939,-0.410266899197836,0.902704617098525,0.220009185649271,-1.0828566761904,0.465289055770677,2.27190622946675,1.02661939301677,-0.0191459895266863,-0.303642030474405,-0.572808484558983,-0.214452838241053,0.87787893317766,0.902147329875462,0.209604697681432,-0.177318504788345
"2088",0,0.767805440878689,0.760702328338993,0.757106570942284,0.558481997395333,1.33315102811434,-0.416428649433891,-0.135962069060475,0.100780795649949,0.993917662786584,0.082906105558388,-1.90867069477352,-1.81738932364077,0.786535690318983,0.267920159820454,-0.1555961886108,-0.0445734002443183,-0.453890387156393,-1.11962895073218,-1.12999301782559,-1.01694293969422,1.08802203704667,0.270524592507076,-0.113860786417039,-0.0382639442739243,-0.759253601238671,-1.53139249135053,-1.56081868739673,0.212541019721487,0.100722292330595,-0.650039470011399,-0.048236570436645,-0.0330109162638679,-0.639535815693025,-1.2263086449194,0.291469464743071,0.109909237103759,-1.56276425682162,-0.831486854781667,0,-0.285175785047007,-0.481588184154324,0.0931119069953467,1.05230491728436,-1.10320005852361,-1.48080674570224,-0.797595882078731,-0.0998707974396848,-0.487147263862949,-0.410266899197836,0.414887038274631,-0.75218129333123,-1.83290722328817,-1.55967039733413,-0.767532904424768,-0.472758106808319,-0.115134277125818,0.591993103018993,1.02856038592245,0.93422270303842,0.904845870642121,1.4177762043285,0.575520528522548,-0.177318504788345
"2089",0,-0.346763866306412,-1.17387929654563,-2.73929503423606,-1.22011672780482,1.29437513927379,0.621354314775878,-0.135962069060475,-0.0247411626405223,-0.640995384823577,-1.93416775881521,-2.90142927495448,-0.34196587835462,1.29148053419773,1.43010110539427,-0.1555961886108,-0.0445734002443183,-0.741918245459386,-1.45958800324114,-0.28831349479732,1.43333321492626,1.24678870278565,1.67922815714073,-0.113860786417039,-0.0382639442739243,1.81411968551902,0.860908976942201,1.1507788827907,1.00657188464015,1.36852100217096,0.990313915099158,-0.155808236707144,-0.0330109162638679,0.906545122192,0.691917424529183,0.452430213929543,0.278080687139385,1.1603029827845,0.326467099054259,0,-0.0930309953194633,-0.481588184154324,-0.984477210668762,-1.12171262543579,0.164004030274312,1.27008134505226,0.34521688350542,-0.0998707974396848,-0.0692112518235939,-0.410266899197836,-1.38433934890509,-1.91880986810783,-0.332806129092624,1.14027554013895,0.0429841979463036,-0.202993708003753,-0.0191459895266863,-0.303642030474405,-1.17332181098952,-2.7415390290559,-1.2736696937254,1.58965249581285,-0.0361570313587953,-0.177318504788345
"2090",0,-0.346763866306412,-1.17387929654563,-0.641454071129054,0.994701386553687,0.617509001117085,-0.416428649433891,-0.135962069060475,-0.0247411626405223,-0.640995384823577,-1.93416775881521,0.573225755678888,1.13345756693153,0.449905794399818,-0.540830462877054,-0.1555961886108,-0.111531751188364,-0.741918245459386,-0.77966989822322,1.56338145586488,1.43333321492626,-0.0233446231262145,-0.574697546273115,-0.113860786417039,-0.0382639442739243,0.205761381295462,0.924647769019562,1.1507788827907,0.646202153730836,-0.301266633903012,-0.650039470011399,-0.048236570436645,-0.0330109162638679,0.906545122192,1.17147394189133,1.09627321067543,0.950766487281889,-0.371422339493946,-0.831486854781667,0,-0.0930309953194633,-0.481588184154324,-0.0735668168379676,1.36287885195866,1.27280760797249,-0.621154217341457,-0.797595882078731,-0.0998707974396848,-0.0692112518235939,-0.410266899197836,-1.20841288998173,1.19219966462977,1.16729496510292,0.465289055770677,-0.767532904424768,-0.202993708003753,-0.0191459895266863,-0.303642030474405,-0.97315070217934,0.0152822700148413,0.310705262178251,0.902147329875462,-0.527680489439249,-0.177318504788345
"2091",0,-0.346763866306412,-0.743972268793493,-0.175267190438608,0.108774140810285,1.47680530350519,3.98332873110699,7.28310247549322,-0.0247411626405223,-0.640995384823577,-1.01731600228176,-0.0811817108111909,0.290358455339444,0.13690150144854,3.04704286105814,1.80127119247638,-0.0445734002443183,-0.741918245459386,-1.62956752949562,-1.12999301782559,-1.18029468333559,-0.182111288865197,2.24270958299419,-0.113860786417039,-0.0382639442739243,-0.759253601238671,-1.53139249135053,-0.882919294849875,0.37134719270522,1.36852100217096,1.53709837680268,-0.048236570436645,-0.0330109162638679,-0.856173640499744,-1.06645647246535,1.09627321067543,0.950766487281889,0.479536172882967,0.0286504053458163,0,-0.0930309953194633,-0.481588184154324,-1.30944849545456,-0.500564756087173,0.79760607467327,-1.30887624003008,-0.797595882078731,-0.0998707974396848,-0.025230951780332,-0.410266899197836,-1.20841288998173,0.414447281445371,-0.707831402641512,-1.55967039733413,-0.767532904424768,-0.202993708003753,-0.0191459895266863,-0.303642030474405,-0.772979593369162,0.474752486526631,-1.65720781902152,-1.1603681679367,-0.527680489439249,-0.177318504788345
"2092",0,-0.346763866306412,0.330795300586854,0.990200011287507,0.108774140810285,-0.813775052877421,-0.416428649433891,-0.135962069060475,-0.0247411626405223,-0.640995384823577,-0.283834597054994,0.0768464655884069,-0.34196587835462,0.449905794399818,-0.540830462877054,-0.1555961886108,-0.0445734002443183,-0.741918245459386,-0.77966989822322,1.05837374204791,0.453222753078071,1.24678870278565,0.270524592507076,-0.113860786417039,-0.0909846830221019,-0.759253601238671,-1.53139249135053,0.0356855316194712,1.00657188464015,1.36852100217096,1.81049060765444,-0.048236570436645,-0.0330109162638679,-0.639535815693025,-1.2263086449194,-1.2592312413884,-1.73997671328813,-0.541614041969328,2.89577460577076,0,-0.0930309953194633,-0.481588184154324,-0.984477210668762,-1.12171262543579,-1.26160056962335,-1.64099781990287,2.63084241467372,-0.0750769532648397,-0.0692112518235939,-0.410266899197836,-1.38433934890509,-0.606505070926364,-1.83290722328817,-0.715937291873794,2.47453550505952,-0.202993708003753,-0.0191459895266863,-0.303642030474405,0.189271830572234,0.93422270303842,0.904845870642121,1.58965249581285,2.42146025904347,-0.177318504788345
"2093",0,-0.346763866306412,-1.17387929654563,-0.408360630783831,0.994701386553687,0.796419507866398,-0.416428649433891,-0.135962069060475,-0.0247411626405223,-0.640995384823577,-0.283834597054994,1.06960504576937,0.290358455339444,-0.0550390494789284,-0.540830462877054,-0.1555961886108,-0.0445734002443183,-0.211743359231898,0.92012536432158,1.05837374204791,-1.01694293969422,-1.29347794903808,-0.574697546273115,-0.113860786417039,-0.0286402707100998,-0.115910279549249,1.08838378637757,0.337974423826556,-1.53432688309958,-1.3031392155474,-0.650039470011399,-0.048236570436645,-0.0330109162638679,-0.0211034405390152,1.33132611434538,-0.191412782816345,-1.73997671328813,-1.56276425682162,-0.831486854781667,0,-0.0930309953194633,0.19104829105235,1.47858362970634,1.36287885195866,0.164004030274312,-1.48080674570224,-0.722414966258046,-0.0998707974396848,-0.0692112518235939,0.0739739549704533,0.445251225345187,1.19219966462977,1.16729496510292,-1.05343053405793,-0.767532904424768,-0.186362940374958,-0.0191459895266863,-0.303642030474405,-1.09749004051047,0.0152822700148413,0.904845870642121,0.0427658724537265,-0.527680489439249,-0.177318504788345
"2094",0,-0.33733132263231,-0.958925782669563,0.0578262499066152,-0.777153104933116,-0.992685559626734,-0.416428649433891,-0.135962069060475,-0.0247411626405223,-0.640995384823577,-1.38405670489514,1.06960504576937,-0.974290212048683,-1.40155863315559,-0.540830462877054,-0.1555961886108,-0.0445734002443183,-0.741918245459386,-0.0997517932053001,0.89003783744226,-1.18029468333559,-1.29347794903808,-0.574697546273115,-0.113860786417039,-0.0382639442739243,-0.759253601238671,0.433439716945544,0.303404642107127,-0.899102191164647,-0.969181688332602,-0.650039470011399,-0.048236570436645,-0.0330109162638679,-0.639535815693025,1.33132611434538,1.09627321067543,0.950766487281889,1.1603029827845,0.315362825388311,0,-0.0930309953194633,-0.481588184154324,0.862818419612568,0.431157047935746,-1.26160056962335,-1.13694573435793,2.40227986155689,4.95470122853544,-0.0692112518235939,-0.410266899197836,-0.152854136441604,0.220009185649271,-1.45788194973929,-0.547190670781726,2.27190622946675,5.94507179709886,-0.0191459895266863,-0.303642030474405,-0.97315070217934,-0.444187946496948,0.866177476790495,1.58965249581285,1.68417507192279,-0.177318504788345
"2095",0,-0.346763866306412,-1.17387929654563,0.524013130597061,-1.22011672780482,-1.21747503553958,-0.416428649433891,-0.135962069060475,-0.0247411626405223,-0.640995384823577,-0.283834597054994,-0.171343179456834,-1.81738932364077,-1.40155863315559,-0.540830462877054,-0.1555961886108,-0.0445734002443183,-0.453890387156393,1.09010489057606,-0.119977590191666,-1.18029468333559,-1.05364754464022,-0.574697546273115,-0.113860786417039,-0.0382639442739243,0.527433042140173,0.760911751661556,-1.56081868739673,-1.53432688309958,-1.3031392155474,-0.650039470011399,-0.049335153206293,-0.0330109162638679,0.66256369212603,1.17147394189133,-0.437082489781993,-0.73094801307437,-1.22238085187086,-0.831486854781667,0,-0.0930309953194633,0.19104829105235,1.47858362970634,0.897017949947205,0.00560351917457189,1.09815083938011,0.870472285122229,-0.0998707974396848,-0.0692112518235939,-0.410266899197836,0.374925240328461,0.274524864391007,-1.67935216084217,-0.715937291873794,2.06927695387398,-0.202993708003753,-0.0191459895266863,-0.303642030474405,-0.97315070217934,-0.444187946496948,0.310705262178251,1.58965249581285,1.92993680096302,-0.177318504788345
"2096",0,-0.346763866306412,-1.17387929654563,0.990200011287507,0.551737763681986,-0.813775052877421,-0.416428649433891,-0.135962069060475,-0.0247411626405223,-0.640995384823577,-0.650575299668376,1.06960504576937,0.922682789033507,-1.06492873723642,-0.540830462877054,-0.1555961886108,10.3748227285293,1.85033247926755,1.09010489057606,1.56338145586488,0.616574496719437,-1.29347794903808,-0.574697546273115,-0.113860786417039,26.1247079530221,4.06582131143199,0.924647769019562,1.1507788827907,0.0537348467377536,-1.3031392155474,-0.650039470011399,-0.048236570436645,-0.0330109162638679,-0.0211034405390152,-0.746752127557253,1.09627321067543,-0.226433662967493,-1.56276425682162,-0.831486854781667,0,-0.0930309953194633,-0.481588184154324,-0.352802424585668,1.36287885195866,0.303370119263439,-1.48080674570224,-1.02548221198586,-0.0998707974396848,0.031718904187577,-0.410266899197836,-1.03248643105838,1.19219966462977,-0.707831402641512,-1.55967039733413,-0.767532904424768,-0.202993708003753,-0.0191459895266863,-0.303642030474405,-1.17332181098952,0.93422270303842,-0.489470912753057,-1.1603681679367,-0.527680489439249,-0.177318504788345
"2097",0,-0.346763866306412,-1.17387929654563,-0.641454071129054,-1.03170098932275,-0.992685559626734,-0.416428649433891,-0.135962069060475,-0.0247411626405223,-0.640995384823577,-1.56742705620183,1.06960504576937,-0.0470851177511135,-1.40155863315559,-0.540830462877054,-0.1555961886108,-0.0445734002443183,-0.741918245459386,-0.0997517932053001,1.56338145586488,-0.690239452411488,-1.29347794903808,-0.574697546273115,-0.0887889196360119,-0.0382639442739243,-0.759253601238671,0.760911751661556,0.472879490243842,-1.53432688309958,-1.3031392155474,-0.650039470011399,-0.048236570436645,-0.0330109162638679,-0.33031962811602,1.33132611434538,-0.67429503037576,-0.333375633694918,-1.22238085187086,-0.831486854781667,0,-0.00274775896778597,0.19104829105235,1.47858362970634,0.897017949947205,1.27280760797249,1.27008134505226,0.57377943662225,-0.0998707974396848,-0.0692112518235939,-0.410266899197836,0.0230723224817513,1.19219966462977,-0.332806129092624,0.465289055770677,2.47453550505952,3.48584559505782,-0.0191459895266863,-0.303642030474405,-1.17332181098952,-1.59286348777642,0.112658392690295,1.58965249581285,3.15874544616415,3.32320982313382
"2098",0,0.767805440878689,1.62051638384327,0.990200011287507,-2.32752578498407,-0.992685559626734,-0.416428649433891,-0.135962069060475,-0.0247411626405223,1.64788288183065,0.999757862091843,1.06960504576937,-1.60661454574275,-1.40155863315559,-0.540830462877054,-0.1555961886108,-0.0445734002443183,2.71441605417653,-0.0997517932053001,1.56338145586488,-0.526887708770123,-1.29347794903808,-0.574697546273115,-0.113860786417039,-0.0382639442739243,0.849104702984884,-1.04018443927651,0.981304034653986,-0.899102191164647,-1.3031392155474,-0.650039470011399,-0.049335153206293,-0.0330109162638679,-0.639535815693025,-0.267195610195108,0.935312461488958,-1.5718052632525,-1.56276425682162,-0.862344773765188,0,-0.0930309953194633,-0.481588184154324,1.17070102465946,0.431157047935746,-1.26160056962335,-1.48080674570224,-0.797595882078731,-0.0998707974396848,-0.0692112518235939,1.52669651747532,1.43048399386859,0.608885377241471,0.229731781230706,-0.0409508075055244,-0.159645077646464,-0.202993708003753,-0.0191459895266863,0.728815661816031,1.82924482116316,0.93422270303842,0.904845870642121,1.4177762043285,0.701128155761885,-0.177318504788345
"2099",0,2.99694405524889,0.760702328338993,0.524013130597061,0.994701386553687,1.33315102811434,-0.123111490731166,-0.135962069060475,-0.0247411626405223,1.64788288183065,0.44964680817177,-1.02917026974011,-0.131191100456599,1.29148053419773,0.444635321258607,-0.1555961886108,-0.0445734002443183,-0.741918245459386,-1.45958800324114,-0.961657113219938,0.779926240360802,0.611722039829717,-0.0699546796193285,-0.113860786417039,-0.0382639442739243,-0.759253601238671,-1.53139249135053,0.811829186517271,1.00657188464015,0.3875634404209,-0.650039470011399,-0.048236570436645,-0.0330109162638679,-0.948550844979728,-1.2263086449194,-0.191412782816345,0.614423587210637,1.1603029827845,-0.258062014696678,0,-0.0930309953194633,-0.481588184154324,-0.984477210668762,-1.12171262543579,-0.786399036324126,0.91935351190641,1.03090454285591,-0.0998707974396848,-0.0692112518235939,0.187745047490223,-0.856559972135023,-0.16886700594293,0.979782328328481,0.465289055770677,-0.564903628832,-0.202993708003753,-0.0191459895266863,2.43337432523567,2.02941592997334,0.245017378270736,-0.877575954749489,-1.1603681679367,-0.527680489439249,-0.177318504788345
"2100",0,-0.454057962963211,-1.17387929654563,-2.04001471320039,-0.334189482061415,-0.992685559626734,-0.416428649433891,-0.135962069060475,-0.0247411626405223,-0.640995384823577,-1.93416775881521,-0.419532824502074,-0.552740656252641,-1.40155863315559,-0.577525344218305,-0.1555961886108,-0.0445734002443183,-0.741918245459386,-0.0487780468105398,0.80568477722316,-1.18029468333559,-0.182111288865197,-0.574697546273115,-0.113860786417039,-0.0382639442739243,-0.43758194039396,0.760911751661556,-0.71344444671316,-1.37552071011585,1.20154223856357,-0.650039470011399,-0.048236570436645,-0.0330109162638679,1.83419368492302,0.372213079621086,-1.47909877630812,-0.73094801307437,0.139152767932202,-0.831486854781667,0,-0.0930309953194633,4.22686714229239,1.17070102465946,0.741730982610052,0.95600658577301,1.09815083938011,-0.569033328961901,-0.0998707974396848,-0.0692112518235939,2.4951782258119,0.726778158175171,-0.16886700594293,1.16729496510292,-0.547190670781726,-0.767532904424768,-0.202993708003753,-0.0191459895266863,-0.303642030474405,-1.17332181098952,-1.82259859603232,0.508752131666208,-1.1603681679367,-0.527680489439249,-0.177318504788345
"2101",0,-0.346763866306412,-1.17387929654563,-1.55778198563172,-0.149724959257187,-0.992685559626734,-0.271502144719712,-0.135962069060475,-0.0247411626405223,-0.640995384823577,-1.93416775881521,-0.419532824502074,0.711908011135486,-1.40155863315559,-0.540830462877054,-0.1555961886108,-0.0445734002443183,-0.741918245459386,-1.45958800324114,1.39504555125922,-0.363535965128757,-1.29347794903808,-0.574697546273115,-0.113860786417039,-0.0382639442739243,-0.759253601238671,0.105967682229532,0.642354338380556,-1.53432688309958,0.700605947741373,0.716921684247398,-0.048236570436645,-0.426999883297274,0.28811274703799,1.33132611434538,-1.15717727793518,-0.73094801307437,1.1603029827845,0.0286504053458163,0,-0.0930309953194633,3.21791242948238,1.58896955490145,0.431157047935746,0.79760607467327,1.27008134505226,-0.569033328961901,-0.0998707974396848,-0.0692112518235939,0.0739739549704533,-0.152854136441604,0.414447281445371,1.16729496510292,0.29654243467861,-0.767532904424768,-0.162353619015096,-0.0191459895266863,-0.303642030474405,-1.17332181098952,-1.59286348777642,0.904845870642121,-0.300986710514968,-0.527680489439249,-0.224908341248231
"2102",0,-0.346763866306412,-1.17387929654563,0.524013130597061,-0.00804988871425256,0.438598494367772,3.69001157240427,-0.135962069060475,-0.0247411626405223,-0.640995384823577,-1.75079740750852,-0.171343179456834,0.922682789033507,1.29148053419773,2.66193333556384,-0.1555961886108,-0.111531751188364,-0.741918245459386,-0.699186327748048,-1.12999301782559,-0.200184221487392,1.24678870278565,0.270524592507076,-0.113860786417039,-0.0382639442739243,0.205761381295462,0.59717573430355,1.1507788827907,1.00657188464015,1.36852100217096,0.17013722254388,-0.048236570436645,-0.0330109162638679,-0.639290006999116,0.0525087347129891,0.291469464743071,0.268898431677055,-0.0310389345431809,0.315362825388311,0,-0.151329291593826,-0.481588184154324,-0.984477210668762,0.399701209230336,-0.152796991925168,-1.48080674570224,-0.797595882078731,-0.0998707974396848,-0.0692112518235939,-0.410266899197836,-1.38433934890509,1.19219966462977,-0.895344039415955,-1.55967039733413,-0.767532904424768,-0.202993708003753,-0.0912709356995593,-0.303642030474405,-1.17332181098952,0.474752486526631,-2.06585717167723,-1.32780909136464,-0.527680489439249,-0.177318504788345
"2103",0,-0.473896593997732,-0.864038693751179,-0.408360630783831,0.994701386553687,0.438598494367772,-0.416428649433891,-0.135962069060475,-0.0247411626405223,-0.640995384823577,0.541906366877303,-0.171343179456834,-0.131191100456599,1.12316558623815,-0.0480975708092236,-0.1555961886108,-0.0445734002443183,0.698221046055578,1.09010489057606,-1.12999301782559,-0.200184221487392,1.24678870278565,0.552265305433806,-0.113860786417039,0.00253193544590119,0.205761381295462,1.08838378637757,0.0526146504787056,0.688959538672687,1.36852100217096,0.443529453395639,-0.048236570436645,-0.0330109162638679,-0.639535815693025,-0.829064323959481,-1.47909877630812,-0.868126023941072,0.649727875358349,0.785678526234765,0,-0.0930309953194633,-0.481588184154324,-0.984477210668762,-1.12171262543579,-1.26160056962335,0.582359322363638,1.03090454285591,-0.0998707974396848,-0.0692112518235939,-0.410266899197836,-0.339882347656695,0.608885377241471,-0.895344039415955,0.634035676862745,0.318924563385644,-0.202993708003753,-0.0191459895266863,-0.303642030474405,-0.97315070217934,0.474752486526631,0.310705262178251,0.386518455422421,-0.281918760399022,-0.177318504788345
"2104",0,-0.346763866306412,-0.314065241041354,0.757106570942284,-2.54900759641992,-0.992685559626734,-0.416428649433891,-0.135962069060475,-0.0247411626405223,-0.640995384823577,0.44964680817177,-1.66048104972828,-2.23893887943681,-1.40155863315559,-0.540830462877054,-0.1555961886108,-0.0445734002443183,-0.741918245459386,1.09010489057606,-1.12999301782559,-1.18029468333559,-1.29347794903808,-0.574697546273115,-0.113860786417039,-0.0382639442739243,0.218604750387173,0.59717573430355,-1.56081868739673,-1.53432688309958,-1.3031392155474,-0.650039470011399,-0.049335153206293,-0.0330109162638679,1.52497749734601,1.17147394189133,-0.191412782816345,-0.226433662967493,-1.05218914939548,-0.831486854781667,0,-0.0930309953194633,1.5363212414657,1.47858362970634,0.741730982610052,0.79760607467327,1.27008134505226,0.116654330388589,-0.0998707974396848,-0.0692112518235939,-0.410266899197836,1.25455753494524,-0.36330510173903,-1.45788194973929,0.802782297954812,0.650872024724607,-0.202993708003753,-0.0191459895266863,-0.303642030474405,-0.372637375748804,0.704487594782526,0.310705262178251,-0.129110419030621,-0.527680489439249,-0.177318504788345
"2105",0,-0.603735920250538,-0.743972268793493,0.32437255960998,-0.112707670625565,-0.992685559626734,-0.758844758145038,-0.135962069060475,-0.0247411626405223,-0.314012775301545,0.082906105558388,1.06960504576937,1.13345756693153,-0.223353997438511,-0.540830462877054,-0.1555961886108,-0.0445734002443183,2.13836033757054,1.09010489057606,1.56338145586488,1.43333321492626,0.135422042612768,-0.574697546273115,-0.113860786417039,-0.0382639442739243,-0.115910279549249,0.0204385583037453,0.981304034653986,1.00657188464015,0.533627184133976,-0.650039470011399,-0.049335153206293,-0.0330109162638679,-0.639535815693025,-1.2263086449194,0.452430213929543,0.950766487281889,-0.201230637018563,-0.831486854781667,0,-0.140314910856596,-0.481588184154324,-0.368712000574986,1.36287885195866,1.27280760797249,-0.621154217341457,-0.797595882078731,-0.0998707974396848,-0.0692112518235939,-0.410266899197836,0.374925240328461,1.19219966462977,1.16729496510292,0.971528919046879,0.0429841979463036,-0.202993708003753,-0.0912709356995593,-0.303642030474405,-0.572808484558983,0.704487594782526,0.904845870642121,0.902147329875462,-0.527680489439249,-0.177318504788345
"2106",0,-0.346763866306412,0.545748814462924,0.990200011287507,0.108774140810285,-0.992685559626734,-0.416428649433891,-0.135962069060475,0.13393602448343,1.32090027230862,0.999757862091843,0.821415400724128,-0.131191100456599,-1.40155863315559,-0.540830462877054,-0.1555961886108,-0.0445734002443183,0.410193187752585,0.964598584991005,0.810549007494957,1.10662972764353,1.24678870278565,1.11574673128727,-0.113860786417039,-0.0382639442739243,-0.759253601238671,0.433439716945544,1.1507788827907,0.847765711656421,-0.46824539751041,0.388696959456721,-0.119125850394349,-0.0330109162638679,-0.639535815693025,0.691917424529183,1.09627321067543,0.109909237103759,-1.56276425682162,-0.831486854781667,0,-0.0930309953194633,-0.481588184154324,1.47858362970634,0.431157047935746,1.27280760797249,-0.4492237116693,-0.797595882078731,-0.0998707974396848,-0.0692112518235939,-0.410266899197836,1.43048399386859,-0.94661938912733,0.604757054779594,0.465289055770677,-0.767532904424768,-0.202993708003753,-0.0191459895266863,-0.303642030474405,0.828389277112268,0.704487594782526,-0.0853884767976621,-0.988491876452356,-0.527680489439249,-0.177318504788345
"2107",0,-0.346763866306412,-0.743972268793493,0.990200011287507,0.773219575117836,-0.277043532629481,-0.416428649433891,-0.135962069060475,-0.0247411626405223,-0.565245058648581,-0.100464245748303,0.821415400724128,0.0795836774414227,0.449905794399818,-0.540830462877054,-0.1555961886108,-0.0445734002443183,-0.741918245459386,0.0702277330491799,0.89003783744226,1.2699814712849,0.294188708351751,-0.574697546273115,-0.113860786417039,-0.0382639442739243,-0.759253601238671,-0.385240369844486,1.1507788827907,0.588702026940081,-0.969181688332602,-0.650039470011399,-0.048236570436645,-0.0330109162638679,-0.639535815693025,0.691917424529183,1.09627321067543,-0.562776563038745,-1.56276425682162,-0.588739211323203,0,-0.0930309953194633,-0.481588184154324,1.17070102465946,-0.0347038540757136,1.11440709687275,-1.30887624003008,-0.797595882078731,-0.0998707974396848,-0.0692112518235939,-0.410266899197836,0.550851699251816,-0.55774319753513,0.604757054779594,-0.378444049689659,-0.767532904424768,-0.202993708003753,-0.0191459895266863,-0.303642030474405,-0.772979593369162,0.474752486526631,0.706799001154165,0.0427658724537265,-0.447711438489247,-0.177318504788345
"2108",0,-0.346763866306412,-0.743972268793493,-0.0237264797788254,0.0800858562027527,-0.634864546128108,-0.416428649433891,-0.135962069060475,-0.0247411626405223,-0.640995384823577,0.082906105558388,1.06960504576937,1.13345756693153,-0.559983893357675,-0.540830462877054,-0.1555961886108,-0.0445734002443183,-0.741918245459386,0.0702277330491799,1.56338145586488,1.43333321492626,-0.499644620343163,-0.574697546273115,-0.113860786417039,-0.0382639442739243,-0.759253601238671,-1.20392045663452,0.303404642107127,0.688959538672687,0.19966965691918,-0.326351666702232,-0.048236570436645,-0.0330109162638679,-0.639535815693025,-1.2263086449194,-1.47909877630812,-0.394605113003119,0.479536172882967,-0.831486854781667,0,-0.0930309953194633,-0.481588184154324,-0.984477210668762,-1.12171262543579,0.273193608006704,1.27008134505226,-0.797595882078731,-0.0998707974396848,-0.0159969054483394,-0.410266899197836,-1.38433934890509,-0.36330510173903,0.979782328328481,0.127795813586543,-0.767532904424768,-0.202993708003753,-0.0191459895266863,-0.303642030474405,-0.97315070217934,0.474752486526631,0.508752131666208,-0.644739293483662,-0.527680489439249,-0.177318504788345
"2109",0,-0.346763866306412,0.115841786710785,0.757106570942284,0.994701386553687,0.259687987618459,-0.416428649433891,-0.200026053165342,0.0205896880483405,0.586954066416999,0.999757862091843,-0.667722469547314,0.711908011135486,0.449905794399818,-0.540830462877054,-0.1555961886108,-0.0445734002443183,0.698221046055578,-1.11962895073218,-0.961657113219938,1.10662972764353,0.0106056486519268,-0.574697546273115,-0.113860786417039,-0.0382639442739243,-0.759253601238671,-1.49888677115996,-0.0355450541663019,1.00657188464015,-0.46824539751041,-0.650039470011399,-0.048236570436645,-0.0330109162638679,-0.77745575175425,-1.2263086449194,-0.191412782816345,0.950766487281889,1.1603029827845,0.315362825388311,0,-0.0930309953194633,-0.481588184154324,-0.830535908145318,-1.12171262543579,-1.10320005852361,0.582359322363638,1.56926233969582,-0.0998707974396848,-0.0692112518235939,0.412094066056717,0.902704617098525,-0.94661938912733,-1.11251331551629,0.634035676862745,1.46138912709568,-0.202993708003753,-0.0191459895266863,-0.272725953982612,0.42804705949191,0.93422270303842,0.904845870642121,0.902147329875462,-0.0361570313587953,-0.177318504788345
"2110",0,-0.346763866306412,-0.958925782669563,-0.874547511474277,0.108774140810285,0.259687987618459,-0.416428649433891,-0.135962069060475,-0.0247411626405223,0.0129698342204877,0.816387510785152,-0.915912114592555,-1.1850649899467,0.954850638278565,-0.540830462877054,-0.1555961886108,-0.0445734002443183,-0.741918245459386,0.24020725930366,-0.28831349479732,-0.690239452411488,1.08802203704667,-0.574697546273115,-0.113860786417039,-0.0382639442739243,-0.759253601238671,-1.36765647399252,0.811829186517271,1.00657188464015,0.700605947741373,-0.650039470011399,-0.048236570436645,-0.0330109162638679,-0.639535815693025,-0.427047782649156,0.176560289583583,0.782595037246263,-0.0310389345431809,-0.831486854781667,0,-0.0930309953194633,-0.145269946550987,0.60935198650845,0.162671956889482,-0.187801116646641,0.582359322363638,-0.569033328961901,-0.0998707974396848,-0.0692112518235939,-0.410266899197836,0.726778158175171,0.220009185649271,-1.64539458651373,0.465289055770677,0.245613473539072,-0.202993708003753,-0.0191459895266863,-0.303642030474405,-0.97315070217934,-0.903658163008738,-0.679529085261532,0.446507767440303,0.209604697681432,-0.177318504788345
"2111",0,-0.346763866306412,-0.958925782669563,-0.175267190438608,-2.54900759641992,-0.992685559626734,-0.416428649433891,-0.115527991270699,-0.0247411626405223,-0.640995384823577,-0.467204948361685,1.06960504576937,-1.81738932364077,-1.40155863315559,-0.540830462877054,-0.1555961886108,-0.0445734002443183,-0.741918245459386,0.24020725930366,0.89003783744226,-1.18029468333559,-1.29347794903808,-0.574697546273115,-0.113860786417039,-0.0382639442739243,-0.758050701157823,0.433439716945544,0.133929793970413,-1.53432688309958,-1.3031392155474,-0.650039470011399,-0.048236570436645,-0.0330109162638679,-0.639535815693025,1.17147394189133,0.774351712302486,-0.226433662967493,-0.38034108663623,-0.831486854781667,0,-0.0930309953194633,-0.481588184154324,1.3246423271829,1.36287885195866,1.27280760797249,0.202988667084794,1.25946709597274,-0.0998707974396848,0.0931612539800899,-0.410266899197836,0.550851699251816,1.19219966462977,0.229731781230706,-0.121776170993433,2.06927695387398,-0.202993708003753,-0.0191459895266863,-0.283633620976369,-0.97315070217934,0.0152822700148413,0.310705262178251,0.558394746906768,-0.0361570313587953,-0.177318504788345
"2112",0,-0.346763866306412,0.185774007952855,0.291717524165332,0.994701386553687,-0.277043532629481,-0.416428649433891,-0.135962069060475,0.100780795649949,0.993917662786584,0.816387510785152,-0.347224310490874,-0.552740656252641,0.786535690318983,-0.540830462877054,-0.1555961886108,-0.0445734002443183,1.56230462096456,0.41018678555814,-1.12999301782559,-1.18029468333559,0.611722039829717,1.11574673128727,-0.113860786417039,-0.0382639442739243,1.81411968551902,-0.22150435248648,-1.56081868739673,-1.48834599522794,-0.301266633903012,2.63066730020971,-0.048236570436645,-0.0330109162638679,3.07105843523104,0.0525087347129891,-1.47909877630812,-1.73997671328813,-0.881997446920094,2.60906218572827,0,-0.0930309953194633,2.20895771667237,0.554935814565679,-1.12171262543579,-1.65524284371702,-0.277293205997144,1.7165922022064,-0.0998707974396848,-0.0692112518235939,0.558214809138742,1.43048399386859,-0.55774319753513,-0.707831402641512,0.802782297954812,0.650872024724607,-0.0576426505793233,-0.0191459895266863,-0.303642030474405,0.027704841871553,0.704487594782526,0.706799001154165,0.100960606032061,-0.527680489439249,-0.177318504788345
"2113",0,-0.346763866306412,-1.17387929654563,-1.80692127285517,0.238000271835855,-0.0981330258801679,-0.416428649433891,-0.135962069060475,-0.0247411626405223,-0.640995384823577,-1.56742705620183,0.573225755678888,0.290358455339444,-0.559983893357675,-0.516723892410435,-0.1555961886108,-0.0445734002443183,-0.741918245459386,-0.43971084571426,0.89003783744226,-1.01694293969422,-1.29347794903808,-0.574697546273115,-0.113860786417039,-0.0382639442739243,-0.759253601238671,0.269703699587538,-0.374494750439731,-1.53432688309958,-1.3031392155474,-0.650039470011399,-0.048236570436645,-0.0330109162638679,-0.639535815693025,0.691917424529183,0.774351712302486,0.278080687139385,-0.201230637018563,-0.831486854781667,0,-0.0930309953194633,-0.0358106683784613,1.17070102465946,1.05230491728436,0.00560351917457189,0.582359322363638,1.03090454285591,-0.0998707974396848,-0.0692112518235939,-0.410266899197836,-1.03248643105838,0.803323473037571,-0.895344039415955,-0.0409508075055244,2.06927695387398,-0.202993708003753,-0.0191459895266863,-0.303642030474405,-1.17332181098952,-2.05233370428821,0.706799001154165,1.4177762043285,0.946889884802112,-0.177318504788345
"2114",0,-0.346763866306412,-0.529018754917424,0.524013130597061,0.994701386553687,-0.0981330258801679,-0.416428649433891,-0.135962069060475,-0.0247411626405223,0.0129698342204877,0.633017159478461,-0.171343179456834,0.711908011135486,0.113275898480654,-0.540830462877054,-0.1555961886108,-0.0445734002443183,0.698221046055578,1.09010489057606,0.0483583144139882,1.10662972764353,1.08802203704667,-0.574697546273115,-0.108976319372579,-0.0382639442739243,-0.115910279549249,1.08838378637757,1.1507788827907,1.00657188464015,1.36852100217096,0.161353399222705,-0.048236570436645,-0.0330109162638679,-0.639535815693025,-0.604977071814819,-0.835255779562232,-1.40363381321687,1.1603029827845,1.17550008551579,0,-0.0930309953194633,-0.481588184154324,-0.984477210668762,-1.12171262543579,-1.26160056962335,0.981746904468894,0.772279507049239,-0.0998707974396848,-0.0692112518235939,-0.410266899197836,-1.38433934890509,-0.94661938912733,-0.520318765867068,1.14027554013895,-0.362274353239232,-0.202993708003753,-0.0191459895266863,-0.303642030474405,-0.372637375748804,0.93422270303842,0.789979261110896,0.386518455422421,-0.527680489439249,-0.177318504788345
"2115",0,-0.346763866306412,1.19060935609113,-2.04001471320039,-2.54900759641992,-0.992685559626734,-0.416428649433891,-0.135962069060475,-0.0247411626405223,0.23373084944413,0.999757862091843,-1.90867069477352,-2.23893887943681,-1.40155863315559,-0.540830462877054,-0.1555961886108,-0.0445734002443183,0.80134198829848,0.92012536432158,-1.12999301782559,-1.18029468333559,-1.29347794903808,-0.574697546273115,-0.113860786417039,-0.0382639442739243,0.527433042140173,0.760911751661556,-0.543969598576446,0.37134719270522,0.533627184133976,-0.376647239159639,-0.048236570436645,-0.0330109162638679,1.52497749734601,1.33132611434538,1.09627321067543,0.782595037246263,1.18939839056504,1.46221250555829,0,-0.0930309953194633,0.863684766259023,1.47858362970634,1.20759188462151,-0.786399036324126,0.0665678053471691,1.7165922022064,-0.0998707974396848,-0.0692112518235939,0.0739739549704533,1.43048399386859,1.19219966462977,1.16729496510292,0.575591598764997,0.44824274913184,-0.202993708003753,-0.0191459895266863,-0.303642030474405,0.227875950681732,0.474752486526631,0.310705262178251,-0.300986710514968,-0.35958111172114,-0.177318504788345
"2116",0,-0.327143406312192,-1.17387929654563,-1.1076409518195,-1.88456216211237,-0.992685559626734,-0.416428649433891,-0.135962069060475,-0.0247411626405223,-0.86428474370209,-1.93416775881521,0.446595526004958,-1.1850649899467,-1.40155863315559,-0.540830462877054,-0.1555961886108,-0.0445734002443183,-0.741918245459386,-0.60969037196874,1.22670964665357,-0.853591196052854,-0.0233446231262145,-0.574697546273115,-0.113860786417039,-0.0382639442739243,-0.759253601238671,0.433439716945544,-0.189839621042431,-0.740296018180913,1.03456347495617,-0.650039470011399,-0.048236570436645,-0.0330109162638679,1.21576130976901,1.33132611434538,0.452430213929543,0.614423587210637,0.990111280309114,0.315362825388311,0,-0.0930309953194633,1.04581331671847,0.554935814565679,1.20759188462151,1.27280760797249,0.926220333707951,0.34521688350542,-0.0998707974396848,-0.0692112518235939,-0.410266899197836,-1.38433934890509,0.414447281445371,0.229731781230706,-1.55967039733413,-0.767532904424768,-0.202993708003753,-0.0191459895266863,-0.303642030474405,-1.17332181098952,-0.214452838241053,-0.481482215773575,-0.785790688867615,-0.527680489439249,-0.177318504788345
"2117",0,0.767805440878689,0.760702328338993,0.757106570942284,0.551737763681986,-0.455954039378794,-0.416428649433891,-0.135962069060475,-0.0247411626405223,1.20644715597892,0.266276456865079,-2.405049984864,-0.131191100456599,0.618220742359401,-0.540830462877054,-0.1555961886108,-0.0445734002443183,1.56230462096456,0.24020725930366,-1.12999301782559,0.453222753078071,1.24678870278565,-0.292956833346385,-0.065297799586907,-0.0382639442739243,0.205761381295462,0.228175501032651,-0.205019902303017,-0.10507132624598,1.36852100217096,0.17013722254388,-0.048236570436645,-0.0330109162638679,-0.639535815693025,-0.586899955103205,-0.749516524363515,-0.925667611481658,1.1603029827845,0.602075245430805,0,-0.0930309953194633,-0.481588184154324,-0.984477210668762,-1.12171262543579,-1.26160056962335,0.0665678053471691,1.03090454285591,-0.0998707974396848,-0.0692112518235939,-0.410266899197836,-0.328780595364958,-1.14105748492343,-1.83290722328817,0.31895102591518,0.853501300317375,-0.202993708003753,-0.0191459895266863,0.472396252640028,0.42804705949191,0.704487594782526,0.904845870642121,0.902147329875462,-0.0361570313587953,-0.177318504788345
"2118",0,-0.346763866306412,0.330795300586854,0.990200011287507,0.330255952246136,-0.634864546128108,-0.416428649433891,-0.135962069060475,0.00131510914950845,0.0129698342204877,0.999757862091843,0.0768464655884069,0.501133233237465,0.618220742359401,-0.540830462877054,-0.1555961886108,-0.0445734002443183,3.29047177078251,0.92012536432158,-0.456649399402975,1.2699814712849,-0.0233446231262145,-0.574697546273115,-0.113860786417039,-0.0382639442739243,0.849104702984884,0.924647769019562,1.1507788827907,0.847765711656421,-0.635224161117807,-0.379304093577636,-0.048236570436645,-0.0330109162638679,-0.0881525615566883,0.372213079621086,1.09627321067543,0.0760672892416965,-1.56276425682162,-0.831486854781667,0,-0.0930309953194633,-0.481588184154324,1.3246423271829,0.431157047935746,0.95600658577301,-1.13694573435793,-0.797595882078731,-0.0998707974396848,-0.0692112518235939,-0.410266899197836,0.902704617098525,-1.33549558071953,0.41724441800515,-0.547190670781726,-0.767532904424768,-0.404946728978316,-0.0191459895266863,-0.303642030474405,-0.372637375748804,0.704487594782526,0.706799001154165,-0.644739293483662,-0.527680489439249,-0.177318504788345
"2119",0,-0.38610817948476,-0.62079292020657,0.990200011287507,0.773219575117836,-0.455954039378794,-0.352786267324403,-0.135962069060475,-0.0247411626405223,-0.640995384823577,-0.833945650975067,1.06960504576937,0.922682789033507,-0.89661378927684,-0.540830462877054,-0.1555961886108,-0.0445734002443183,-0.741918245459386,0.0702277330491799,1.56338145586488,-0.200184221487392,-0.975944617560112,-0.574697546273115,-0.113860786417039,-0.0382639442739243,-0.759253601238671,-0.876448421918504,0.811829186517271,1.00657188464015,-0.802202924725205,-0.650039470011399,-0.048236570436645,-0.0330109162638679,0.597328934614995,0.851769596983231,-1.15717727793518,0.278080687139385,-0.541614041969328,-0.831486854781667,0,-0.0930309953194633,1.20000300386236,0.708877117089123,-1.12171262543579,-0.435837947441905,0.582359322363638,0.556961072104465,-0.0998707974396848,-0.0692112518235939,-0.410266899197836,0.902704617098525,-1.33549558071953,-1.83290722328817,-0.378444049689659,1.46138912709568,0.271144335302613,-0.0191459895266863,-0.303642030474405,-0.572808484558983,-0.214452838241053,-0.0853884767976621,1.24589991284416,1.92993680096302,-0.177318504788345
"2120",0,0.767805440878689,1.4055628699672,0.0578262499066152,-2.32752578498407,-0.992685559626734,-0.416428649433891,-0.135962069060475,-0.0247411626405223,0.666935053264552,0.633017159478461,0.0768464655884069,-0.131191100456599,-1.40155863315559,-0.540830462877054,-0.1555961886108,-0.0445734002443183,1.27427676266156,0.24020725930366,-0.456649399402975,0.779926240360802,-1.29347794903808,-0.574697546273115,-0.113860786417039,-0.0382639442739243,-0.115910279549249,0.433439716945544,-0.374494750439731,0.309518560597527,-1.3031392155474,-0.650039470011399,-0.049335153206293,-0.0330109162638679,-0.639535815693025,-1.2263086449194,0.125973645833162,0.278080687139385,-1.56276425682162,-0.831486854781667,0,-0.0930309953194633,-0.481588184154324,-0.830535908145318,1.05230491728436,0.164004030274312,-1.48080674570224,-0.646531448467998,-0.0998707974396848,-0.164949791127735,-0.410266899197836,0.902704617098525,1.27438262540718,1.16729496510292,0.971528919046879,0.44824274913184,-0.202993708003753,-0.0191459895266863,-0.303642030474405,0.628218168302089,0.0152822700148413,0.112658392690295,0.902147329875462,1.19265161384234,-0.177318504788345
"2121",0,-0.346763866306412,0.330795300586854,0.282159114525384,0.864000508623748,1.15424052136502,-0.123111490731166,-0.135962069060475,-0.0247411626405223,0.821622362630785,0.816387510785152,-0.419532824502074,-0.34196587835462,1.29148053419773,0.444635321258607,-0.1555961886108,-0.0445734002443183,0.986248904358571,-1.11962895073218,-0.961657113219938,0.779926240360802,0.929255371307683,-0.574697546273115,-0.31234409712129,-0.0382639442739243,-0.759253601238671,-1.53139249135053,-0.543969598576446,1.00657188464015,-0.46824539751041,-0.650039470011399,-0.048236570436645,-0.0330109162638679,-0.580979424629968,-1.2263086449194,-0.40448730388537,0.782595037246263,-0.201230637018563,-0.831486854781667,0,-0.0930309953194633,-0.325583434086495,-0.984477210668762,-1.12171262543579,0.171055780976999,1.27008134505226,-0.111908222728241,-0.0998707974396848,-0.0692112518235939,-0.410266899197836,-1.20841288998173,-0.55774319753513,0.979782328328481,0.473468896749102,-0.767532904424768,-0.202993708003753,-0.0191459895266863,-0.303642030474405,0.227875950681732,0.93422270303842,-0.469205602713004,-1.1603681679367,-0.527680489439249,-0.177318504788345
"2122",0,-0.346763866306412,0.975655842215063,0.757106570942284,-0.0706745976328023,-0.992685559626734,-0.416428649433891,-0.135962069060475,0.266556939817351,2.62883071039675,0.816387510785152,-0.419532824502074,1.13345756693153,-0.391668945398093,-0.540830462877054,-0.1555961886108,-0.0445734002443183,-0.1658625288534,-1.28960847698666,1.05837374204791,1.2699814712849,-1.13471128329909,-0.574697546273115,-0.144285606260163,-0.0382639442739243,-0.759253601238671,-0.876448421918504,1.1507788827907,1.00657188464015,-0.46824539751041,-0.650039470011399,-0.048236570436645,-0.0539306280597664,-0.639535815693025,-1.2263086449194,-0.996216528748704,-0.562776563038745,0.990111280309114,0.602075245430805,0,-0.0930309953194633,-0.481588184154324,-0.984477210668762,-1.12171262543579,-1.26160056962335,0.0665678053471691,2.17371730844006,-0.0998707974396848,-0.0692112518235939,-0.410266899197836,0.902704617098525,-0.55774319753513,-0.895344039415955,0.29654243467861,2.06927695387398,-0.202993708003753,-0.0191459895266863,-0.303642030474405,0.227875950681732,0.93422270303842,0.904845870642121,1.24589991284416,0.209604697681432,-0.177318504788345
"2123",0,-0.346763866306412,-0.529018754917424,-0.408360630783831,0.330255952246136,-0.813775052877421,-0.416428649433891,-0.135962069060475,-0.0247411626405223,0.0129698342204877,-0.0990072155084274,-0.419532824502074,1.13345756693153,-0.89661378927684,-0.540830462877054,-0.1555961886108,-0.0445734002443183,-0.349344216834325,-0.9496494244777,-0.961657113219938,1.43333321492626,-0.658411286082146,-0.574697546273115,-0.113860786417039,-0.0177637689065176,-1.0490842408905,-1.53139249135053,-0.374494750439731,1.00657188464015,-1.3031392155474,-0.650039470011399,-0.048236570436645,-0.139400590825117,-0.639535815693025,-0.107343437741059,0.747039258516275,0.950766487281889,0.479536172882967,0.0286504053458163,0,-0.0930309953194633,0.19104829105235,1.01675972213601,1.20759188462151,0.79760607467327,0.0665678053471691,-0.340470775845071,-0.0998707974396848,-0.0692112518235939,-0.410266899197836,-1.38433934890509,0.608885377241471,-0.332806129092624,-1.55967039733413,-0.767532904424768,-0.202993708003753,-0.0191459895266863,-0.381741760274679,-0.97315070217934,0.704487594782526,-1.66976343270132,-1.1603681679367,-0.527680489439249,-0.285272022713101
"2124",0,-0.346763866306412,0.728965545218315,0.0578262499066152,0.108774140810285,0.796419507866398,0.17020566797156,-0.135962069060475,-0.0318401196839718,-0.314012775301545,0.999757862091843,0.821415400724128,-0.770664135144004,1.12316558623815,1.67646755142818,-0.1555961886108,-0.0445734002443183,-0.741918245459386,1.09010489057606,0.0483583144139882,-1.18029468333559,-1.13471128329909,-0.0112161204196545,-0.516489350428273,-0.0382639442739243,-0.759253601238671,0.269703699587538,0.293813970608499,0.0537348467377536,-1.13616045194,-0.650039470011399,-0.048236570436645,-0.0330109162638679,-0.639535815693025,-1.2263086449194,-0.996216528748704,0.614423587210637,0.649727875358349,-0.544774434739172,0,-0.0930309953194633,-0.481588184154324,-0.984477210668762,-1.12171262543579,-0.786399036324126,1.27008134505226,-0.360813151854445,-0.0998707974396848,-0.167642853850845,0.0602808396195308,0.0230723224817513,-0.55774319753513,0.979782328328481,0.465289055770677,-0.767532904424768,-0.202993708003753,-0.0191459895266863,-0.303642030474405,1.02856038592245,0.0152822700148413,-1.07562282423745,-1.1603681679367,-0.527680489439249,-0.177318504788345
"2125",0,2.99694405524889,0.760702328338993,0.0578262499066152,0.108774140810285,2.07360985749407,2.51674293759336,-0.135962069060475,-0.0247411626405223,1.64788288183065,0.999757862091843,1.06960504576937,1.13345756693153,0.954850638278565,0.937368213326437,-0.1555961886108,-0.0445734002443183,1.27427676266156,1.09010489057606,0.721701932836606,-0.887789773198252,-1.29347794903808,-0.574697546273115,-0.113860786417039,-0.0382639442739243,2.45746300720844,1.08838378637757,0.133929793970413,-1.21671453713211,-1.3031392155474,-0.650039470011399,-0.049335153206293,-0.0330109162638679,-0.33031962811602,0.532065252075134,0.888920851645386,0.950766487281889,-0.881997446920094,-0.831486854781667,0,-0.0930309953194633,-0.481588184154324,-0.830535908145318,0.741730982610052,1.27280760797249,-0.621154217341457,-0.797595882078731,-0.0998707974396848,-0.0692112518235939,-0.410266899197836,0.902704617098525,1.19219966462977,-0.707831402641512,-1.55967039733413,-0.691235573277076,-0.202993708003753,-0.0191459895266863,1.76127335410647,1.82924482116316,-0.673923054752843,-2.26390404116519,-1.1603681679367,-0.527680489439249,-0.177318504788345
"2126",0,5.22608266961909,2.26537692547148,-0.691437035201201,0.994701386553687,-0.455954039378794,-0.416428649433891,-0.135962069060475,-0.0247411626405223,1.97486549135268,-0.650575299668376,-0.203964199129386,1.13345756693153,1.02339473039209,-0.540830462877054,-0.1555961886108,0.00107855268828527,0.122165329449593,-0.603875846672499,0.553366028230951,1.10662972764353,0.834706373597156,-0.574697546273115,-0.113860786417039,-0.0382639442739243,1.49244802467431,1.08838378637757,0.823720991959138,0.847765711656421,0.700605947741373,0.990313915099158,-0.048236570436645,-0.0330109162638679,-0.639535815693025,0.212360907167038,0.774351712302486,0.109909237103759,0.819919577833732,0.8887876654733,0,-0.187404196484675,-0.481588184154324,1.47858362970634,-0.189990821412867,-1.26160056962335,-1.48080674570224,-0.797595882078731,-0.0998707974396848,-0.0745655824703278,1.04245566330703,1.25455753494524,0.0500719423079137,-1.83290722328817,-1.55967039733413,-0.767532904424768,-0.202993708003753,-0.0191459895266863,6.92356181555865,1.22873149473262,-2.7415390290559,-2.26390404116519,-1.1603681679367,-0.527680489439249,-0.177318504788345
"2127",0,4.11151336243399,2.05042341159541,0.757106570942284,-0.777153104933116,-0.750548549179374,-0.416428649433891,-0.135962069060475,0.0676255668164689,0.666935053264552,0.999757862091843,-0.171343179456834,1.13345756693153,0.52451836035837,-0.540830462877054,-0.1555961886108,-0.0445734002443183,-0.453890387156393,-0.77966989822322,-1.12999301782559,0.616574496719437,1.24678870278565,0.552265305433806,-0.113860786417039,-0.0909846830221019,-0.759253601238671,-1.53139249135053,-0.543969598576446,1.08867813700274,0.867584711348771,-0.376647239159639,-0.048236570436645,-0.0179575742192926,-0.435670888989508,-1.2263086449194,0.452430213929543,0.950766487281889,-1.39257255434624,-0.831486854781667,0,-0.0930309953194633,-0.481588184154324,-0.984477210668762,-0.215259601067062,1.27280760797249,-0.621154217341457,-0.797595882078731,-0.0998707974396848,-0.0692112518235939,-0.410266899197836,-1.38433934890509,-1.14105748492343,1.16729496510292,-0.209697428597592,-0.767532904424768,-0.202993708003753,-0.0191459895266863,3.82618873868734,2.02941592997334,0.93422270303842,0.904845870642121,-0.129110419030621,-0.527680489439249,-0.177318504788345
"2128",0,-0.346763866306412,-0.784217848021357,-0.408360630783831,0.551737763681986,0.617509001117085,-0.416428649433891,-0.135962069060475,-0.0247411626405223,0.0802740887802879,0.816387510785152,-0.171343179456834,-0.374295451578187,-0.57423062278299,-0.540830462877054,-0.1555961886108,0.113688856564934,0.986248904358571,0.41018678555814,0.216694219019643,-0.0368324778460259,-1.13471128329909,-0.574697546273115,-0.113860786417039,-0.0382639442739243,0.527433042140173,1.08838378637757,0.811829186517271,1.00657188464015,1.20154223856357,-0.376647239159639,-0.048236570436645,-0.0330109162638679,-0.0211034405390152,0.0525087347129891,-0.835255779562232,-1.23546236318125,0.819919577833732,1.46221250555829,0,-0.0930309953194633,-0.481588184154324,-0.984477210668762,-1.12171262543579,-1.26160056962335,-0.105362700324987,1.25946709597274,-0.0998707974396848,-0.0692112518235939,-0.410266899197836,-0.795580064987693,-0.833743789962234,-0.332806129092624,0.634035676862745,1.05613057591014,-0.202993708003753,-0.0191459895266863,-0.303642030474405,-1.17332181098952,0.474752486526631,0.508752131666208,0.386518455422421,-0.527680489439249,-0.177318504788345
"2129",0,-0.346763866306412,-0.529018754917424,0.524013130597061,-0.112707670625565,-0.813775052877421,-0.416428649433891,-0.135962069060475,-0.0247411626405223,-0.640995384823577,0.633017159478461,0.821415400724128,0.501133233237465,0.281590846440236,-0.540830462877054,-0.1555961886108,-0.0445734002443183,-0.453890387156393,1.09010489057606,-0.28831349479732,-1.01694293969422,0.929255371307683,-0.0112161204196545,-0.113860786417039,-0.0382639442739243,0.205761381295462,1.08838378637757,-1.2218689911233,-1.53432688309958,0.348550980530733,0.892736536822025,-0.048236570436645,-0.0330109162638679,0.597328934614995,0.851769596983231,-1.31813802712165,-1.73997671328813,-0.371422339493946,1.46221250555829,0,-0.0930309953194633,0.527366528655686,1.01675972213601,-1.12171262543579,-1.26160056962335,0.410428816691482,0.80234198973908,-0.0998707974396848,-0.0692112518235939,-0.410266899197836,1.07863107602188,-0.75218129333123,-0.520318765867068,0.802782297954812,-0.564903628832,-0.202993708003753,-0.0191459895266863,-0.303642030474405,-0.372637375748804,0.93422270303842,0.508752131666208,-0.472863001999315,-0.527680489439249,-0.177318504788345
"2130",0,0.767805440878689,1.76170272968095,0.0578262499066152,-2.32752578498407,-0.992685559626734,-0.390380186071453,-0.135962069060475,-0.0247411626405223,0.744687697171545,0.44964680817177,0.0768464655884069,-0.34196587835462,-1.40155863315559,-0.540830462877054,-0.1555961886108,-0.0445734002443183,-0.453890387156393,-0.403406577369876,-0.456649399402975,1.43333321492626,-1.29347794903808,-0.574697546273115,-0.113860786417039,-0.0382639442739243,-0.759253601238671,-1.04018443927651,-1.39134383926002,1.00657188464015,-0.846958453611269,-0.650039470011399,-0.048236570436645,-0.0330109162638679,-0.477027418277945,-1.2263086449194,-0.438764251972377,0.950766487281889,-1.56276425682162,-0.831486854781667,0,-0.0930309953194633,-0.481588184154324,-0.984477210668762,-0.34527778875002,1.11440709687275,-1.30887624003008,-0.797595882078731,-0.0998707974396848,-0.0692112518235939,-0.410266899197836,-0.152854136441604,1.19219966462977,0.229731781230706,-0.884683912965861,0.245613473539072,-0.202993708003753,-0.0191459895266863,0.783478655144059,1.82924482116316,0.93422270303842,0.904845870642121,1.58965249581285,3.40450717520438,-0.177318504788345
"2131",0,-0.477765502465947,-0.314065241041354,-1.34073439216472,1.39065024243527,1.51206153486365,-0.123111490731166,-0.42681202867399,-0.0247411626405223,-0.640995384823577,0.518562378480186,1.06960504576937,1.13345756693153,1.29148053419773,0.691001767292522,-0.1555961886108,-0.0445734002443183,0.122165329449593,1.09010489057606,0.0483583144139882,-0.690239452411488,0.611722039829717,1.67922815714073,-0.113860786417039,-0.0382639442739243,0.527433042140173,1.08838378637757,-1.56081868739673,-1.53432688309958,0.19966965691918,1.53709837680268,-0.048236570436645,-0.0330109162638679,0.838277639769557,1.33132611434538,-1.47909877630812,-1.73997671328813,-0.201230637018563,1.46221250555829,0,-0.0930309953194633,-0.145269946550987,1.3246423271829,-0.966425658098632,-1.10320005852361,0.754289828035795,0.80234198973908,-0.0998707974396848,-0.0692112518235939,-0.410266899197836,1.07863107602188,0.608885377241471,0.979782328328481,0.465289055770677,-0.767532904424768,-0.202993708003753,-0.0191459895266863,-0.303642030474405,0.027704841871553,0.474752486526631,0.160679954166616,-0.472863001999315,-0.527680489439249,-0.177318504788345
"2132",0,-0.333607033770638,-0.0991117271652847,-0.408360630783831,0.108774140810285,-0.634864546128108,-0.416428649433891,-0.135962069060475,-0.0247411626405223,0.0129698342204877,0.999757862091843,0.337850178257761,0.0795836774414227,0.449905794399818,-0.540830462877054,-0.1555961886108,-0.0445734002443183,1.27427676266156,0.7501458380671,-1.12999301782559,-0.526887708770123,0.830027559638515,-0.574697546273115,-0.113860786417039,-0.0598124768661009,-0.43758194039396,-0.565839353611936,-1.56081868739673,0.0537348467377536,0.700605947741373,-0.681145820432467,-0.048236570436645,-0.0330109162638679,-0.639535815693025,-1.2263086449194,-1.15717727793518,0.950766487281889,-0.541614041969328,-0.831486854781667,0,-0.0930309953194633,-0.481588184154324,-0.984477210668762,0.275870080598593,0.941897855465624,0.142271628719464,-0.797595882078731,-0.0998707974396848,-0.0692112518235939,-0.410266899197836,-0.680633513211668,1.19219966462977,0.792162054097469,1.14027554013895,2.47453550505952,0.606522436128386,-0.0912709356995593,-0.303642030474405,0.227875950681732,0.704487594782526,-0.0853884767976621,0.214642163938074,1.43841334288257,0.697813577192196
"2133",0,-0.346763866306412,0.790469187436003,0.990200011287507,-0.112707670625565,-0.992685559626734,-0.51474330217781,-0.135962069060475,-0.0247411626405223,0.666935053264552,0.999757862091843,0.325036110633647,1.13345756693153,-0.406123794493409,-0.540830462877054,-0.1555961886108,-0.0445734002443183,-0.741918245459386,-0.0997517932053001,-0.624985304008629,0.943277984002168,0.135422042612768,-0.574697546273115,-0.113860786417039,-0.0382639442739243,-0.759253601238671,-1.53139249135053,-1.56081868739673,1.00657188464015,-0.127452783961973,-0.650039470011399,-0.048236570436645,-0.0539306280597664,-0.639535815693025,-1.2263086449194,-0.996216528748704,0.643286056162715,-0.881997446920094,-0.831486854781667,0,-0.0930309953194633,-0.481588184154324,-0.984477210668762,0.741730982610052,1.11440709687275,-1.30887624003008,-0.797595882078731,-0.0998707974396848,-0.0692112518235939,-0.410266899197836,-0.328780595364958,1.19219966462977,1.16729496510292,0.971528919046879,1.46138912709568,1.02661939301677,-0.0912709356995593,-0.303642030474405,0.828389277112268,0.93422270303842,-0.481482215773575,0.386518455422421,2.6672219880837,5.0734739870949
"2134",0,-0.346763866306412,-0.163370605222082,0.524013130597061,0.773219575117836,-0.455954039378794,-0.416428649433891,-0.135962069060475,-0.0247411626405223,-0.640995384823577,-0.467204948361685,0.821415400724128,0.290358455339444,-1.06492873723642,-0.49317828343044,-0.1555961886108,-0.0445734002443183,-0.741918245459386,-0.26973131945978,1.22670964665357,0.779926240360802,0.452955374090734,0.146658440804979,-0.113860786417039,-0.0909846830221019,-0.759253601238671,-1.53139249135053,-1.56081868739673,-1.53432688309958,0.19966965691918,0.990313915099158,0.00688491134586824,-0.0330109162638679,-0.639535815693025,-1.2263086449194,-1.47909877630812,-1.73997671328813,-1.05218914939548,1.74892492560078,0,-0.0930309953194633,-0.481588184154324,-0.52265330309843,-0.966425658098632,-1.26160056962335,-0.733944272282979,1.12627603412509,-0.219851907049448,-0.234219353806429,-0.410266899197836,0.902704617098525,-0.36330510173903,-1.0828566761904,-0.0409508075055244,1.46138912709568,-0.202993708003753,-0.0191459895266863,-0.303642030474405,-0.172466266938626,0.245017378270736,0.904845870642121,1.07402362135981,1.19265161384234,-0.177318504788345
"2135",0,-0.346763866306412,-1.17387929654563,-2.04001471320039,0.773219575117836,0.975330014615711,-0.414474670900408,-0.135962069060475,-0.0247411626405223,-0.640995384823577,-1.93416775881521,0.325036110633647,1.13345756693153,1.12316558623815,-0.540830462877054,-0.1555961886108,-0.0445734002443183,-0.741918245459386,-0.43971084571426,1.56338145586488,1.43333321492626,0.611722039829717,-0.574697546273115,-0.113860786417039,-0.0382639442739243,1.17077636382959,1.08838378637757,1.1507788827907,1.00657188464015,0.700605947741373,-0.650039470011399,-0.049335153206293,-0.0330109162638679,0.906545122192,0.372213079621086,-0.67429503037576,0.950766487281889,0.649727875358349,-0.831486854781667,0,-0.0930309953194633,-0.481588184154324,-0.984477210668762,-0.500564756087173,1.27280760797249,1.27008134505226,-0.340470775845071,-0.319414691747784,-0.0692112518235939,-0.410266899197836,-1.38433934890509,-0.786774671305474,1.16729496510292,1.14027554013895,-0.362274353239232,-0.12626195376851,-0.0191459895266863,-0.303642030474405,-1.17332181098952,-2.05233370428821,0.310705262178251,0.902147329875462,-0.281918760399022,-0.177318504788345
"2136",0,-0.346763866306412,-0.314065241041354,-0.641454071129054,0.994701386553687,0.438598494367772,-0.416428649433891,-0.135962069060475,-0.0247411626405223,0.33995244374252,0.999757862091843,1.06960504576937,1.13345756693153,0.786535690318983,-0.540830462877054,-0.1555961886108,-0.0445734002443183,0.122165329449593,1.09010489057606,0.216694219019643,1.43333321492626,-0.0233446231262145,-0.574697546273115,-0.113860786417039,-0.0382639442739243,-0.179097904287185,0.149818635567534,0.85305553225629,0.37134719270522,-0.762791122768515,-0.650039470011399,-0.048236570436645,-0.0330109162638679,-0.639535815693025,0.372213079621086,1.09627321067543,-1.06729091314562,-1.56276425682162,-0.831486854781667,0,-0.0930309953194633,-0.481588184154324,1.17070102465946,1.36287885195866,0.322404541374051,-1.48080674570224,-0.797595882078731,-0.0998707974396848,-0.0692112518235939,-0.410266899197836,1.07863107602188,0.803323473037571,0.604757054779594,-1.55967039733413,-0.92914865949524,-0.202993708003753,-0.0191459895266863,-0.303642030474405,0.027704841871553,0.93422270303842,-0.481482215773575,-1.1603681679367,-0.527680489439249,-0.177318504788345
"2137",0,-0.346763866306412,0.760702328338993,0.496452082830925,-1.66308035067652,-0.992685559626734,-0.416428649433891,-0.135962069060475,-0.0247411626405223,0.666935053264552,0.999757862091843,0.334433524470974,1.13345756693153,-0.223353997438511,-0.540830462877054,-0.1555961886108,-0.0445734002443183,0.698221046055578,1.09010489057606,0.553366028230951,0.453222753078071,0.929255371307683,-0.292956833346385,-0.0899176790245435,-0.0382639442739243,1.81411968551902,0.760911751661556,-1.56081868739673,-1.37552071011585,0.867584711348771,0.443529453395639,-0.048236570436645,-0.0330109162638679,1.83419368492302,0.691917424529183,-1.47909877630812,-1.73997671328813,0.139152767932202,1.46221250555829,0,-0.0930309953194633,2.20895771667237,1.10979643106351,-1.12171262543579,-1.26160056962335,0.410428816691482,0.80234198973908,-0.0998707974396848,-0.0692112518235939,2.01093737164361,1.25455753494524,-0.16886700594293,-0.24466413062194,0.634035676862745,0.0429841979463036,-0.202993708003753,-0.0191459895266863,0.0197011930182116,0.42804705949191,0.93422270303842,0.904845870642121,1.07402362135981,-0.281918760399022,-0.177318504788345
"2138",0,1.88237474806379,2.26537692547148,0.990200011287507,0.994701386553687,1.86988254836228,1.05015714407974,-0.135962069060475,-0.0247411626405223,-0.640995384823577,-1.20068635358845,-1.26403896268541,-0.131191100456599,1.29148053419773,0.937368213326437,-0.1555961886108,-0.0445734002443183,-0.741918245459386,-1.62956752949562,-1.12999301782559,0.453222753078071,0.135422042612768,-0.574697546273115,-0.113860786417039,-0.0382639442739243,0.205761381295462,-0.876448421918504,-0.882919294849875,0.847765711656421,-0.46824539751041,0.17013722254388,-0.048236570436645,-0.0330109162638679,2.14340987250002,1.33132611434538,1.09627321067543,0.950766487281889,1.1603029827845,1.46221250555829,0,-0.0930309953194633,-0.145269946550987,0.862818419612568,1.05230491728436,-0.469598014124647,-1.13694573435793,-0.797595882078731,-0.0998707974396848,-0.176907212652497,0.0739739549704533,1.07863107602188,-0.75218129333123,-1.83290722328817,-1.55967039733413,-0.767532904424768,-0.202993708003753,-0.0191459895266863,3.82618873868734,1.62907371235298,-2.7415390290559,-2.26390404116519,-1.1603681679367,-0.527680489439249,-0.177318504788345
"2139",0,-0.346763866306412,-0.958925782669563,-0.641454071129054,0.773219575117836,0.259687987618459,-0.123111490731166,-0.135962069060475,-0.0247411626405223,1.20738681938352,0.44964680817177,0.821415400724128,0.501133233237465,1.29148053419773,0.444635321258607,-0.1555961886108,-0.0445734002443183,2.42638819587353,0.58016631181262,-0.961657113219938,0.616574496719437,0.929255371307683,-0.574697546273115,-0.113860786417039,-0.0382639442739243,-0.759253601238671,-1.53139249135053,-0.62404778436415,1.00657188464015,0.700605947741373,-0.650039470011399,-0.048236570436645,-0.0330109162638679,-0.639535815693025,-1.2263086449194,-1.47909877630812,0.614423587210637,0.205634532006225,-0.831486854781667,0,-0.0930309953194633,-0.481588184154324,-0.984477210668762,-1.12171262543579,0.164004030274312,0.926220333707951,-0.569033328961901,-0.0998707974396848,0.0214981367611979,-0.410266899197836,-1.38433934890509,-1.33549558071953,0.604757054779594,0.971528919046879,-0.767532904424768,-0.202993708003753,-0.0191459895266863,-0.566262035398919,-1.17332181098952,0.0152822700148413,0.310705262178251,-0.644739293483662,-0.527680489439249,-0.177318504788345
"2140",0,-0.346763866306412,-1.17387929654563,-0.874547511474277,-1.66308035067652,-0.992685559626734,-0.416428649433891,-0.135962069060475,-0.0247411626405223,-0.640995384823577,-1.83151293780427,0.0768464655884069,-1.39583976784473,-1.233243685196,-0.540830462877054,-0.195341285355023,-0.0445734002443183,-0.741918245459386,-0.9496494244777,1.05837374204791,-0.853591196052854,1.24678870278565,-0.292956833346385,-0.113860786417039,-0.0382639442739243,-0.759253601238671,0.760911751661556,0.290140781708963,-0.53679286689925,1.03456347495617,0.443529453395639,-0.048236570436645,-0.0330109162638679,0.906545122192,1.33132611434538,1.09627321067543,0.464049672878386,1.1603029827845,0.8887876654733,0,-0.0930309953194633,0.527366528655686,0.554935814565679,-0.0347038540757136,1.11440709687275,-0.4492237116693,-0.797595882078731,-0.0998707974396848,-0.0692112518235939,-0.410266899197836,-1.38433934890509,-0.94661938912733,0.0422191444562627,-1.55967039733413,-0.767532904424768,-0.202993708003753,-0.0191459895266863,-0.303642030474405,-1.17332181098952,-1.13339327126463,-0.283435346285619,-1.1603681679367,-0.527680489439249,-0.177318504788345
"2141",0,-0.346763866306412,-0.518845383660666,-0.175267190438608,-1.66308035067652,-0.992685559626734,-0.416428649433891,-0.135962069060475,-0.0247411626405223,-0.640995384823577,-1.01731600228176,0.573225755678888,-2.02816410153879,-1.40155863315559,-0.540830462877054,-0.1555961886108,-0.0445734002443183,-0.741918245459386,0.41018678555814,0.0483583144139882,-1.18029468333559,-1.29347794903808,-0.574697546273115,-0.113860786417039,-0.0598124768661009,-0.43758194039396,0.924647769019562,-1.56081868739673,-0.899102191164647,-1.13616045194,-0.650039470011399,-0.048236570436645,-0.0330109162638679,0.597328934614995,1.46332843537919,0.774351712302486,0.950766487281889,0.819919577833732,-0.544774434739172,0,-0.0930309953194633,0.19104829105235,1.17070102465946,-0.34527778875002,-1.10320005852361,-0.4492237116693,1.7165922022064,-0.0998707974396848,-0.0692112518235939,0.0739739549704533,0.902704617098525,-0.55774319753513,-1.83290722328817,-1.39092377624206,2.06927695387398,-0.202993708003753,-0.0191459895266863,-0.303642030474405,-0.572808484558983,-0.403268291430148,0.706799001154165,1.58965249581285,1.92993680096302,-0.177318504788345
"2142",0,-0.346763866306412,0.545748814462924,0.524013130597061,0.108774140810285,0.617509001117085,-0.123111490731166,-0.135962069060475,-0.0247411626405223,-0.640995384823577,0.816387510785152,-1.66048104972828,-0.552740656252641,-0.0550390494789284,-0.294464016843139,-0.1555961886108,-0.0445734002443183,-0.741918245459386,0.179281973294823,-0.961657113219938,-1.18029468333559,-1.29347794903808,-0.574697546273115,-0.113860786417039,-0.0382639442739243,-0.759253601238671,0.924647769019562,-0.882919294849875,-1.53432688309958,-1.3031392155474,-0.650039470011399,-0.048236570436645,-0.0330109162638679,0.906545122192,1.33132611434538,0.320042307814369,0.950766487281889,-0.0310389345431809,-0.831486854781667,0,-0.0930309953194633,-0.145269946550987,-0.368712000574986,-1.12171262543579,-0.380895279738834,1.09815083938011,0.34521688350542,-0.0998707974396848,-0.0692112518235939,-0.410266899197836,-1.20841288998173,-1.5083527185943,-1.0828566761904,0.802782297954812,-0.159645077646464,-0.202993708003753,-0.0191459895266863,-0.303642030474405,-0.172466266938626,0.93422270303842,0.706799001154165,-0.644739293483662,-0.527680489439249,-0.177318504788345
"2143",0,-0.346763866306412,1.4055628699672,0.482216325840495,-0.998634916368966,-0.992685559626734,-0.416428649433891,-0.135962069060475,-0.0247411626405223,-0.314012775301545,0.999757862091843,-0.667722469547314,0.922682789033507,-1.06492873723642,-0.540830462877054,-0.1555961886108,-0.0445734002443183,-0.741918245459386,-1.11962895073218,-1.12999301782559,0.779926240360802,-0.658411286082146,-0.507646439214512,-0.113860786417039,-0.0382639442739243,-0.759253601238671,-1.53139249135053,-1.56081868739673,0.530153365688954,-0.635224161117807,-0.650039470011399,-0.048236570436645,-0.0330109162638679,-0.639535815693025,-1.2263086449194,-0.352373532002817,0.782595037246263,-1.39257255434624,-0.831486854781667,0,-0.0930309953194633,-0.145269946550987,0.0770551856145496,1.36287885195866,-0.152796991925168,-1.48080674570224,-0.797595882078731,-0.0998707974396848,-0.0692112518235939,0.699561618481344,1.43048399386859,1.19219966462977,0.229731781230706,-0.547190670781726,-0.362274353239232,-0.202993708003753,-0.0191459895266863,0.728815661816031,0.42804705949191,-0.214452838241053,0.112658392690295,1.07402362135981,1.19265161384234,-0.177318504788345
"2144",0,-0.346763866306412,-0.0991117271652847,-0.0721687524118057,0.994701386553687,0.796419507866398,-0.123111490731166,-0.135962069060475,-0.0247411626405223,1.97486549135268,0.890056590206284,0.573225755678888,-0.552740656252641,0.113275898480654,-0.294464016843139,-0.1555961886108,-0.0445734002443183,3.29047177078251,1.09010489057606,0.385030123625297,-1.01694293969422,-1.29347794903808,-0.574697546273115,-0.113860786417039,-0.0382639442739243,3.10080632889786,1.08838378637757,1.1507788827907,-0.103366562435032,-0.802202924725205,-0.650039470011399,-0.049335153206293,-0.0330109162638679,-0.33031962811602,0.372213079621086,0.452430213929543,0.446252137175011,0.649727875358349,-0.831486854781667,0,-0.0930309953194633,-0.481588184154324,-0.984477210668762,-1.12171262543579,-0.627998525224387,1.27008134505226,-0.797595882078731,-0.0998707974396848,-0.0692112518235939,-0.410266899197836,-1.20841288998173,-1.14105748492343,0.41724441800515,0.802782297954812,-0.767532904424768,-0.202993708003753,-0.0191459895266863,-0.617407181649397,-0.372637375748804,0.704487594782526,0.904845870642121,-0.472863001999315,-0.527680489439249,-0.177318504788345
"2145",0,-0.202406053753501,0.115841786710785,0.990200011287507,-0.432147145502606,-0.455954039378794,-0.416428649433891,-0.135962069060475,-0.0247411626405223,-0.596419374760658,0.999757862091843,0.325036110633647,-0.552740656252641,-1.233243685196,-0.540830462877054,-0.1555961886108,-0.0445734002443183,-0.741918245459386,0.41018678555814,0.0483583144139882,-0.526887708770123,-1.29347794903808,-0.574697546273115,-0.113860786417039,-0.0382639442739243,-0.0359940457719939,0.760911751661556,1.1507788827907,1.00657188464015,0.867584711348771,0.132556691809612,-0.048236570436645,-0.0539306280597664,-0.639535815693025,-0.746752127557253,-0.835255779562232,-1.06729091314562,0.649727875358349,0.454420470580427,0,-0.0930309953194633,-0.481588184154324,-0.984477210668762,-1.12171262543579,-1.26160056962335,0.0665678053471691,0.116654330388589,-0.0998707974396848,-0.129852607190694,-0.410266899197836,-1.03248643105838,-0.36330510173903,0.604757054779594,0.971528919046879,-0.159645077646464,-0.202993708003753,-0.0191459895266863,-0.303642030474405,-0.372637375748804,1.16486913815854,0.495994642651793,-0.234353688403041,-0.527680489439249,-0.150039819370273
"2146",0,-0.346763866306412,0.330795300586854,0.524013130597061,-0.334189482061415,-0.634864546128108,-0.416428649433891,-0.135962069060475,0.0498345569401277,0.429379530033108,0.999757862091843,0.0768464655884069,0.922682789033507,-0.0550390494789284,-0.540830462877054,-0.211735206694769,-0.0445734002443183,1.27427676266156,0.58016631181262,-1.12999301782559,-0.363535965128757,0.7704887055687,-0.0112161204196545,-0.113860786417039,-0.0382639442739243,1.81411968551902,0.433439716945544,-1.56081868739673,-1.53432688309958,0.366648420526578,0.990313915099158,-0.048236570436645,-0.0516324097640259,1.83419368492302,0.583914934752198,-1.47909877630812,-1.73997671328813,-0.201230637018563,1.44399619751039,0,-0.0930309953194633,1.5363212414657,1.01675972213601,-1.12171262543579,-1.26160056962335,0.238498311019326,1.03090454285591,-0.0998707974396848,-0.0692112518235939,-0.410266899197836,1.07863107602188,0.0255710898531705,-0.707831402641512,0.753819319087705,0.44824274913184,-0.221051653091846,-0.0191459895266863,-0.303642030474405,-0.172466266938626,0.93422270303842,0.904845870642121,0.386518455422421,-0.527680489439249,-0.177318504788345
"2147",0,-0.346763866306412,-1.17387929654563,0.0578262499066152,0.773219575117836,-0.992685559626734,-0.416428649433891,-0.135962069060475,-0.0247411626405223,-0.640995384823577,-1.01731600228176,1.06960504576937,-0.34196587835462,-1.40155863315559,-0.976822814732553,-0.1555961886108,-0.0445734002443183,0.122165329449593,0.7501458380671,0.553366028230951,-1.18029468333559,-1.13471128329909,-0.574697546273115,-0.113860786417039,-0.0382639442739243,1.55630420474465,0.760911751661556,-1.39134383926002,-0.899102191164647,1.20154223856357,1.81049060765444,-0.048236570436645,-0.0330109162638679,2.76184224765403,1.17147394189133,0.935312461488958,0.950766487281889,1.1603029827845,1.36068126253465,0,-0.0930309953194633,-0.145269946550987,0.247053209518791,0.431157047935746,1.27280760797249,0.194703102043523,-0.797595882078731,-0.0998707974396848,-0.0692112518235939,-0.410266899197836,-1.38433934890509,-0.36330510173903,1.16729496510292,-1.05343053405793,-0.767532904424768,-0.202993708003753,-0.0191459895266863,-0.303642030474405,-1.260045173313,-0.214452838241053,0.904845870642121,-1.1603681679367,-0.527680489439249,-0.177318504788345
"2148",0,-0.346763866306412,-1.17387929654563,-2.73929503423606,-0.112707670625565,1.15424052136502,-0.416428649433891,-0.135962069060475,-0.0247411626405223,-0.640995384823577,-1.93416775881521,-2.90142927495448,0.629123328086966,1.29148053419773,-0.0480975708092236,-0.1555961886108,-0.0445734002443183,-0.741918245459386,-1.62956752949562,-1.12999301782559,1.2699814712849,0.7704887055687,-0.574697546273115,-0.113860786417039,-0.0382639442739243,-0.759253601238671,-0.548976387202492,1.1507788827907,1.00657188464015,0.700605947741373,-0.650039470011399,-0.048236570436645,-0.0330109162638679,1.52497749734601,1.33132611434538,1.09627321067543,0.950766487281889,-0.201230637018563,-0.831486854781667,0,-0.0602574163505981,-0.145269946550987,-0.368712000574986,-0.0347038540757136,1.27280760797249,0.410428816691482,-1.24614298353942,-0.0998707974396848,-0.0692112518235939,-0.410266899197836,-1.38433934890509,-1.52993367651563,0.979782328328481,0.474060433042737,-0.767532904424768,-0.202993708003753,-0.0191459895266863,-0.320898396043498,-1.17332181098952,-2.7415390290559,-0.679529085261532,1.58965249581285,0.455366426721658,-0.177318504788345
"2149",0,-0.346763866306412,0.545748814462924,0.757106570942284,-0.998634916368966,-0.992685559626734,-0.416428649433891,-0.135962069060475,0.00131510914950845,0.0129698342204877,0.619963650780211,-1.41229140468304,-0.34196587835462,-0.89661378927684,-0.540830462877054,-0.1555961886108,-0.0445734002443183,0.0557987525825008,0.7501458380671,-0.657854039064696,0.779926240360802,0.294188708351751,-0.400601723574204,-0.113860786417039,-0.0382639442739243,-0.759253601238671,-0.22150435248648,0.597566071163825,1.00657188464015,1.20154223856357,-0.650039470011399,-0.048236570436645,-0.0330109162638679,-0.639535815693025,-1.2263086449194,-1.47909877630812,-1.73997671328813,0.819919577833732,-0.831486854781667,0,-0.0930309953194633,-0.481588184154324,-0.984477210668762,-1.12171262543579,-1.26160056962335,-0.105362700324987,0.80234198973908,-0.0998707974396848,-0.0692112518235939,0.0739739549704533,0.0230723224817513,-1.14105748492343,-1.8334724412049,-0.884683912965861,1.86664767828122,-0.202993708003753,-0.0191459895266863,-0.303642030474405,-0.172466266938626,0.245017378270736,0.904845870642121,1.58965249581285,2.6672219880837,-0.177318504788345
"2150",0,7.45522128398929,2.26537692547148,1.17741167334576,-1.66308035067652,-0.992685559626734,-0.433128801658866,-0.135962069060475,-0.0247411626405223,2.95581331991878,-0.100464245748303,-1.1641017596378,0.501133233237465,-1.40155863315559,-0.540830462877054,-0.1555961886108,-0.0445734002443183,-0.1658625288534,-1.11962895073218,-0.456649399402975,0.779926240360802,-1.29347794903808,-0.574697546273115,-0.113860786417039,-0.0382639442739243,-0.759253601238671,-1.53139249135053,0.472879490243842,0.37134719270522,-1.3031392155474,-0.650039470011399,-0.048236570436645,-0.0330109162638679,-0.639535815693025,-0.586899955103205,1.09627321067543,-0.73094801307437,-1.56276425682162,-0.831486854781667,0,-0.0930309953194633,0.00362034524555462,1.01675972213601,0.897017949947205,-1.26160056962335,-1.48080674570224,-0.797595882078731,-0.0998707974396848,-0.0692112518235939,2.4951782258119,1.43048399386859,1.19219966462977,1.16729496510292,1.14027554013895,0.853501300317375,-0.202993708003753,-0.0191459895266863,3.82618873868734,1.82924482116316,0.93422270303842,0.904845870642121,1.07402362135981,0.209604697681432,-0.177318504788345
"2151",0,-0.346763866306412,2.05042341159541,0.757106570942284,0.832475256193612,1.51206153486365,-0.123111490731166,-0.135962069060475,-0.0247411626405223,0.33995244374252,0.999757862091843,0.821415400724128,-0.552740656252641,-0.223353997438511,-0.540830462877054,-0.1555961886108,-0.0445734002443183,1.56230462096456,1.09010489057606,0.385030123625297,-0.31632686925876,-1.29347794903808,-0.574697546273115,-0.113860786417039,-0.0382639442739243,2.13579134636373,1.08838378637757,1.1507788827907,0.37134719270522,-1.3031392155474,-0.650039470011399,-0.048236570436645,-0.0330109162638679,-0.33031962811602,-0.749565147745498,-1.47909877630812,0.950766487281889,-0.881997446920094,-0.831486854781667,0,-0.0930309953194633,-0.481588184154324,-0.984477210668762,-0.745003450272046,0.79760607467327,-0.489161877634256,-0.797595882078731,-0.0998707974396848,-0.0692112518235939,0.558214809138742,-0.152854136441604,-0.55774319753513,1.16729496510292,-0.884683912965861,-0.767532904424768,-0.202993708003753,-0.0191459895266863,-0.303642030474405,1.58238509093082,0.93422270303842,0.112658392690295,-1.1603681679367,-0.527680489439249,-0.177318504788345
"2152",0,-0.346763866306412,-0.314065241041354,0.990200011287507,0.330255952246136,-0.992685559626734,-0.416428649433891,-0.135962069060475,-0.0247411626405223,-0.640995384823577,0.633017159478461,-0.667722469547314,0.922682789033507,-1.40155863315559,-0.540830462877054,-0.1555961886108,-0.0445734002443183,0.650096400050264,0.7501458380671,-0.793321208614283,0.717811926672877,-0.34087795460418,-0.574697546273115,-0.0970332334593936,-0.0382639442739243,2.13579134636373,1.28660681764087,-0.374494750439731,0.847765711656421,0.366648420526578,-0.650039470011399,-0.048236570436645,-0.0330109162638679,0.28811274703799,1.33132611434538,0.935312461488958,-0.226433662967493,1.1603029827845,-0.544774434739172,0,-0.0930309953194633,-0.692362247745989,-0.368712000574986,-1.12171262543579,-1.10320005852361,0.926220333707951,0.792146560589359,-0.0998707974396848,-0.0692112518235939,-0.410266899197836,-1.38433934890509,-0.75218129333123,-0.707831402641512,0.465289055770677,0.650872024724607,-0.202993708003753,-0.0912709356995593,-0.303642030474405,-0.772979593369162,0.827743861517542,0.904845870642121,1.07402362135981,-0.281918760399022,-0.177318504788345
"2153",0,-0.346763866306412,-1.21250928676744,-1.80692127285517,0.994701386553687,-0.0981330258801679,-0.46658119789628,-0.135962069060475,-0.0247411626405223,-0.640995384823577,-1.93416775881521,-0.171343179456834,1.13345756693153,-0.0550390494789284,-0.540830462877054,-0.1555961886108,-0.0445734002443183,-0.1658625288534,-0.0997517932053001,1.38839559601256,1.43333321492626,-0.658411286082146,-0.536902673206147,-0.113860786417039,-0.0382639442739243,2.77913466805315,1.08838378637757,1.1507788827907,1.00657188464015,-0.635224161117807,-0.650039470011399,-0.048236570436645,-0.0330109162638679,0.28811274703799,0.14164956650814,-0.513334281189288,0.950766487281889,-0.881997446920094,-0.831486854781667,0,-0.0930309953194633,-0.481588184154324,-0.984477210668762,-0.500564756087173,1.27280760797249,-0.96501522868577,-0.797595882078731,-0.0998707974396848,-0.0692112518235939,-0.410266899197836,-1.47361860408368,-0.75218129333123,1.16729496510292,-0.547190670781726,-0.853472900871816,-0.202993708003753,-0.0191459895266863,-0.303642030474405,-1.17332181098952,-1.36312837952053,0.904845870642121,-0.816615584968009,-0.527680489439249,-0.177318504788345
"2154",0,1.88237474806379,0.760702328338993,0.290919690251838,0.994701386553687,1.15424052136502,0.17020566797156,-0.135962069060475,-0.0247411626405223,0.993917662786584,0.999757862091843,-0.419532824502074,-0.763515434150662,1.29148053419773,0.691001767292522,-0.0465728167925481,-0.0445734002443183,-0.741918245459386,-1.62956752949562,-1.12999301782559,0.616574496719437,1.03052932005212,0.0520873225388262,-0.113860786417039,-0.0382639442739243,-0.759253601238671,-1.53139249135053,-0.0355450541663019,1.00657188464015,0.533627184133976,-0.376647239159639,-0.048236570436645,-0.0330109162638679,-0.639535815693025,-1.2263086449194,-1.31813802712165,-0.0582622129318667,0.990111280309114,1.46221250555829,0,-0.0561721890629207,-0.481588184154324,-0.984477210668762,-1.12171262543579,-0.786399036324126,1.09815083938011,1.03090454285591,-0.0998707974396848,-0.0692112518235939,-0.410266899197836,-1.03248643105838,0.0251776156529493,1.16729496510292,0.29654243467861,-0.564903628832,-0.202993708003753,-0.0191459895266863,0.728815661816031,1.22873149473262,-0.214452838241053,-1.66976343270132,-1.1603681679367,-1.03012990461528,0.0828517126265421
"2155",0,-0.346763866306412,0.898649004952643,0.757106570942284,0.551737763681986,-0.634864546128108,-0.416428649433891,-0.135962069060475,-0.0247411626405223,0.33995244374252,0.999757862091843,0.325036110633647,0.922682789033507,0.449905794399818,-0.540830462877054,-0.1555961886108,-0.0445734002443183,-0.1658625288534,-0.0997517932053001,-1.12999301782559,1.10662972764353,0.135422042612768,-0.574697546273115,-0.113860786417039,-0.0382639442739243,-0.759253601238671,-1.53139249135053,-0.71344444671316,1.00657188464015,-0.46824539751041,-0.650039470011399,-0.048236570436645,-0.0330109162638679,-0.639535815693025,-1.2263086449194,0.452430213929543,0.614423587210637,-1.56276425682162,-0.831486854781667,0,-0.0930309953194633,-0.481588184154324,-0.214770698051542,1.36287885195866,-0.627998525224387,-1.48080674570224,-0.797595882078731,-0.0998707974396848,-0.0692112518235939,0.0739739549704533,1.07863107602188,0.997761568833671,-0.332806129092624,-0.209697428597592,1.05613057591014,1.02661939301677,-0.0191459895266863,-0.303642030474405,1.02856038592245,0.93422270303842,0.904845870642121,1.75978978788164,3.40450717520438,5.94860606907544
"2156",0,-0.346763866306412,-1.17387929654563,-2.50620159389084,-0.112707670625565,1.51206153486365,2.51674293759336,-0.135962069060475,-0.0247411626405223,-0.640995384823577,-0.833945650975067,0.573225755678888,-0.763515434150662,0.281590846440236,2.66193333556384,-0.1555961886108,-0.0445734002443183,-0.741918245459386,0.92012536432158,-0.624985304008629,-1.01694293969422,0.929255371307683,1.72769149768297,-0.113860786417039,-0.0382639442739243,-0.759253601238671,0.924647769019562,0.303404642107127,-0.10507132624598,1.36852100217096,0.716921684247398,-0.048236570436645,-0.0330109162638679,-0.639535815693025,-0.746752127557253,-0.191412782816345,-0.562776563038745,1.1603029827845,0.315362825388311,0,-0.0930309953194633,-0.479941661807676,-0.984477210668762,-1.12171262543579,-0.0888092888934106,0.636560381427144,-0.797595882078731,-0.0998707974396848,-0.0692112518235939,-0.410266899197836,-1.38433934890509,-1.91880986810783,0.366198246837737,0.127795813586543,-0.767532904424768,-0.202993708003753,-0.0191459895266863,-0.303642030474405,-1.17332181098952,-2.7415390290559,0.508752131666208,0.0427658724537265,-0.527680489439249,-0.177318504788345
"2157",0,-0.346763866306412,1.19060935609113,0.0578262499066152,-1.66308035067652,-0.992685559626734,-0.416428649433891,-0.135962069060475,-0.0247411626405223,0.426164478529827,0.999757862091843,-0.915912114592555,0.711908011135486,-0.223353997438511,-0.540830462877054,-0.1555961886108,-0.0445734002443183,0.698221046055578,1.09010489057606,0.0483583144139882,-0.200184221487392,1.08802203704667,-0.388716388537714,-0.113860786417039,-0.0382639442739243,-0.759253601238671,0.433439716945544,1.1507788827907,1.00657188464015,1.36852100217096,-0.10325500830788,-0.048236570436645,-0.0330109162638679,-0.639535815693025,-1.2263086449194,-1.31813802712165,-1.73997671328813,-0.371422339493946,1.74892492560078,0,-0.0930309953194633,-0.481588184154324,-0.984477210668762,-1.12171262543579,-1.26160056962335,-0.793084723013613,1.94515475532323,-0.0998707974396848,-0.0692112518235939,-0.410266899197836,-0.680633513211668,-0.36330510173903,0.0422191444562627,0.802782297954812,1.66401840268845,-0.202993708003753,-0.0191459895266863,-0.303642030474405,0.828389277112268,0.0152822700148413,-0.481482215773575,0.0427658724537265,-0.527680489439249,-0.177318504788345
"2158",0,-0.346763866306412,-0.743972268793493,0.108101212493659,0.773219575117836,0.0807774808691453,-0.416428649433891,-0.357007996688457,-0.0247411626405223,-0.640995384823577,-0.467204948361685,0.573225755678888,-0.131191100456599,1.29148053419773,0.198268875224692,-0.1555961886108,-0.0445734002443183,-0.741918245459386,0.92012536432158,-0.119977590191666,-1.18029468333559,0.294188708351751,1.67922815714073,-0.113860786417039,-0.0382639442739243,1.17077636382959,0.924647769019562,-1.39134383926002,-1.53432688309958,0.533627184133976,1.26370614595092,-0.048236570436645,-0.0330109162638679,1.83419368492302,0.851769596983231,-1.47909877630812,-1.73997671328813,0.139152767932202,1.46221250555829,0,-0.0930309953194633,1.87263947906903,1.17070102465946,-0.966425658098632,-1.26160056962335,1.27008134505226,-0.340470775845071,-0.0998707974396848,-0.0692112518235939,0.0739739549704533,1.25455753494524,0.803323473037571,0.229731781230706,0.802782297954812,-0.767532904424768,-0.202993708003753,-0.0191459895266863,-0.303642030474405,-0.572808484558983,0.704487594782526,0.112658392690295,-0.988491876452356,-0.527680489439249,-0.177318504788345
"2159",0,-0.346763866306412,0.115841786710785,0.827568860867675,0.994701386553687,0.666990800711979,-0.416428649433891,-0.135962069060475,-0.0247411626405223,-0.640995384823577,-0.233828759623794,0.0768464655884069,0.711908011135486,0.786535690318983,-0.540830462877054,-0.1555961886108,-0.0445734002443183,-0.741918245459386,-1.62956752949562,-1.12999301782559,0.943277984002168,-0.182111288865197,-0.574697546273115,-0.113860786417039,-0.0382639442739243,-0.759253601238671,-1.53139249135053,-1.05239414298659,1.00657188464015,0.366648420526578,0.443529453395639,-0.048236570436645,-0.0330109162638679,-0.639535815693025,0.851769596983231,1.09627321067543,0.950766487281889,1.1603029827845,1.46221250555829,0,-0.0930309953194633,-0.481588184154324,0.554935814565679,1.20759188462151,0.95600658577301,0.582359322363638,0.116654330388589,-0.0998707974396848,-0.0692112518235939,-0.410266899197836,-0.186666607494524,1.19219966462977,-0.895344039415955,-1.55967039733413,-0.767532904424768,-0.247728324554778,-0.0191459895266863,-0.303642030474405,0.027704841871553,0.474752486526631,-2.26390404116519,-1.1603681679367,-0.527680489439249,-0.177318504788345
"2160",0,4.11151336243399,2.26537692547148,0.990200011287507,0.108774140810285,-0.813775052877421,-0.416428649433891,-0.135962069060475,-0.0247411626405223,1.97486549135268,0.633017159478461,-1.66048104972828,0.922682789033507,-0.391668945398093,-0.540830462877054,-0.1555961886108,-0.0445734002443183,0.122165329449593,-1.24768850807292,-1.55740601025237,0.943277984002168,0.0200524302215168,-0.574697546273115,-0.113860786417039,-0.0382639442739243,-0.759253601238671,-1.53139249135053,-1.05239414298659,0.847765711656421,-0.134287870295615,-0.650039470011399,-0.048236570436645,-0.0330109162638679,-0.639535815693025,-1.06645647246535,0.613390963116015,0.446252137175011,-1.56276425682162,-0.831486854781667,0,-0.0930309953194633,-0.481588184154324,0.0321185497410742,1.20759188462151,-0.0749082501083345,-1.48080674570224,-0.797595882078731,-0.0998707974396848,-0.0692112518235939,2.4951782258119,1.43048399386859,-0.16886700594293,-0.822920001699969,-0.884683912965861,-0.564903628832,-0.202993708003753,-0.0191459895266863,3.82618873868734,1.82924482116316,0.93422270303842,0.904845870642121,1.58965249581285,3.15874544616415,0.697813577192196
"2161",0,0.767805440878689,0.975655842215063,0.208274034934179,0.994701386553687,1.86988254836228,0.79384146166393,-0.135962069060475,-0.0247411626405223,-0.314012775301545,0.633017159478461,-0.667722469547314,-0.552740656252641,1.18120578596603,0.444635321258607,-0.1555961886108,-0.0445734002443183,-0.741918245459386,-1.62956752949562,-1.12999301782559,-0.200184221487392,0.701066213136949,0.625587816068173,-0.113860786417039,-0.0382639442739243,-0.115910279549249,0.269703699587538,0.472879490243842,0.791946154469141,1.20154223856357,1.81049060765444,0.048441193948713,-0.0330109162638679,-0.639535815693025,0.851769596983231,1.09627321067543,0.950766487281889,0.649727875358349,0.586800933461024,0,-0.0930309953194633,-0.481588184154324,-0.984477210668762,0.0827487940542036,0.00560351917457189,-0.628594679803328,-0.797595882078731,-0.0998707974396848,-0.0692112518235939,-0.410266899197836,0.198998781405106,0.116299610231575,-1.64539458651373,-1.55967039733413,-0.767532904424768,-0.202993708003753,-0.0191459895266863,-0.303642030474405,1.4289026035428,-0.673923054752843,-2.26390404116519,-1.1603681679367,-0.527680489439249,-0.177318504788345
"2162",0,-0.346763866306412,-0.958925782669563,0.0578262499066152,-0.998634916368966,-0.992685559626734,-0.416428649433891,-0.148708449196932,-0.0247411626405223,-0.490779508199156,-0.100464245748303,0.325036110633647,-2.23893887943681,-1.40155863315559,-0.540830462877054,-0.1555961886108,-0.0445734002443183,-0.1658625288534,0.92012536432158,-0.624985304008629,-1.18029468333559,-1.29347794903808,-0.574697546273115,-0.113860786417039,-0.0382639442739243,0.527433042140173,0.924647769019562,-1.56081868739673,-1.05790836414838,-1.3031392155474,-0.777284112460945,-0.048236570436645,0.0754234252361302,0.597328934614995,1.01162176943728,0.935312461488958,0.950766487281889,0.990111280309114,-0.258062014696678,0,-0.0930309953194633,-0.481588184154324,1.47858362970634,0.586444015272899,-0.944799547423866,-0.4492237116693,1.94515475532323,-0.0998707974396848,-0.0692112518235939,-0.410266899197836,0.902704617098525,0.0255710898531705,-1.64539458651373,-0.715937291873794,1.86664767828122,-0.202993708003753,-0.0191459895266863,-0.303642030474405,-0.772979593369162,-0.444187946496948,0.904845870642121,1.58965249581285,0.946889884802112,-0.370608946475522
"2163",0,-0.346763866306412,-0.529018754917424,0.0578262499066152,0.330255952246136,0.796419507866398,-0.123111490731166,-0.135962069060475,-0.0247411626405223,0.0129698342204877,0.253264646892574,-0.667722469547314,-0.763515434150662,0.954850638278565,1.43010110539427,-0.1555961886108,-0.0445734002443183,1.56230462096456,0.41018678555814,-1.12999301782559,-1.18029468333559,0.7704887055687,1.67922815714073,-0.113860786417039,-0.0382639442739243,0.527433042140173,0.924647769019562,0.642354338380556,0.688959538672687,1.36852100217096,-0.376647239159639,-0.048236570436645,-0.0330109162638679,-0.639535815693025,-0.285865453691989,0.0782426975928975,0.614423587210637,0.0702731893305313,-0.831486854781667,0,-0.0930309953194633,-0.481588184154324,-0.984477210668762,-0.189990821412867,0.95600658577301,-1.30887624003008,-0.797595882078731,-0.0998707974396848,-0.063155720706198,-0.410266899197836,-0.931394435787701,1.19219966462977,-0.895344039415955,-1.55967039733413,-0.767532904424768,-0.202993708003753,-0.0191459895266863,-0.303642030474405,-0.173965865147884,0.93422270303842,-2.06585717167723,-1.1603681679367,-0.527680489439249,-0.177318504788345
"2164",0,0.767805440878689,0.115841786710785,-0.175267190438608,0.994701386553687,0.0807774808691453,-0.416428649433891,-0.135962069060475,-0.0247411626405223,0.118638550403848,-1.01731600228176,0.325036110633647,0.0795836774414227,1.29148053419773,0.937368213326437,-0.1555961886108,-0.0445734002443183,-0.741918245459386,-0.9496494244777,1.56338145586488,0.12651926579534,-1.29347794903808,-0.574697546273115,-0.113860786417039,-0.0382639442739243,-0.881584994395279,-0.712712404560498,0.981304034653986,-1.53432688309958,-1.3031392155474,-0.650039470011399,-0.048236570436645,-0.0330109162638679,-0.33031962811602,0.851769596983231,0.130508715556599,-1.06729091314562,-1.56276425682162,-0.831486854781667,0,-0.0930309953194633,1.5363212414657,0.554935814565679,-0.500564756087173,0.00560351917457189,-1.48080674570224,-0.797595882078731,-0.0998707974396848,-0.0692112518235939,3.46365993414848,-0.152854136441604,0.414447281445371,-0.520318765867068,-1.55967039733413,-0.767532904424768,-0.202993708003753,-0.0191459895266863,1.76127335410647,1.4289026035428,0.474752486526631,-2.26390404116519,-1.1603681679367,-0.527680489439249,-0.213427931013681
"2165",0,-0.346763866306412,-0.314065241041354,0.524013130597061,0.773219575117836,0.350068268144673,-0.416428649433891,-0.135962069060475,-0.0247411626405223,0.149429145815006,0.816387510785152,-0.667722469547314,-0.552740656252641,1.12316558623815,-0.540830462877054,-0.1555961886108,-0.0445734002443183,0.698221046055578,0.41018678555814,-1.12999301782559,0.779926240360802,1.08802203704667,0.270524592507076,-0.113860786417039,0.00253193544590119,0.205761381295462,1.08838378637757,1.1507788827907,0.37134719270522,1.04280443868575,0.990313915099158,-0.048236570436645,-0.0539306280597664,-0.639535815693025,-1.06645647246535,-0.996216528748704,-1.73997671328813,0.649727875358349,1.46221250555829,0,-0.0930309953194633,-0.481588184154324,-0.984477210668762,-1.12171262543579,-0.944799547423866,1.27008134505226,0.34521688350542,-0.0998707974396848,-0.0692112518235939,-0.410266899197836,-1.38433934890509,-1.14105748492343,0.792269691554037,0.29654243467861,-0.767532904424768,-0.202993708003753,-0.0191459895266863,-0.303642030474405,0.828389277112268,0.93422270303842,-0.481482215773575,-1.1603681679367,-0.527680489439249,-0.177318504788345
"2166",0,-0.346763866306412,0.115841786710785,0.524013130597061,0.551737763681986,-0.277043532629481,-0.416428649433891,-0.135962069060475,-0.0247411626405223,-0.640995384823577,0.633017159478461,0.821415400724128,-0.974290212048683,0.786535690318983,-0.0480975708092236,-0.1555961886108,-0.0445734002443183,-0.741918245459386,-0.43971084571426,0.770080410590307,1.43333321492626,1.08802203704667,-0.292956833346385,-0.113860786417039,-0.0382639442739243,-0.759253601238671,-1.53139249135053,0.133929793970413,0.0537348467377536,-1.3031392155474,-0.650039470011399,-0.048236570436645,-0.0330109162638679,-0.639535815693025,-1.2263086449194,-1.47909877630812,0.614423587210637,-1.39257255434624,-0.831486854781667,0,-0.0930309953194633,-0.481588184154324,-0.984477210668762,-1.12171262543579,-0.627998525224387,0.410428816691482,-0.797595882078731,-0.0998707974396848,-0.0692112518235939,1.04245566330703,0.374925240328461,-1.14105748492343,-1.83290722328817,0.634035676862745,-0.767532904424768,-0.202993708003753,-0.0191459895266863,-0.303642030474405,0.628218168302089,0.0152822700148413,0.904845870642121,0.902147329875462,0.0857630280476567,-0.177318504788345
"2167",0,-0.346763866306412,0.330795300586854,0.0578262499066152,-0.221734413133341,0.796419507866398,3.98332873110699,1.71880406707795,-0.0247411626405223,-0.640995384823577,-1.20068635358845,-0.915912114592555,-0.131191100456599,1.29148053419773,1.43010110539427,-0.1555961886108,-0.0445734002443183,-0.741918245459386,-1.62956752949562,-1.12999301782559,-0.130366816270298,0.294188708351751,-0.574697546273115,-0.113860786417039,-0.0382639442739243,-0.602580036469037,-1.53139249135053,-0.71344444671316,0.688959538672687,-0.969181688332602,-0.650039470011399,-0.049335153206293,-0.0330109162638679,1.21576130976901,1.33132611434538,1.09627321067543,0.950766487281889,0.649727875358349,-0.544774434739172,0,-0.0930309953194633,0.0603395232326943,-0.0608293955280974,1.36287885195866,-1.26160056962335,-1.48080674570224,-0.797595882078731,-0.0998707974396848,-0.0692112518235939,-0.410266899197836,-0.195106260712246,0.608885377241471,-1.83290722328817,-1.55967039733413,-0.767532904424768,-0.0842017307310958,-0.0191459895266863,-0.303642030474405,0.828389277112268,-0.444187946496948,-2.26390404116519,-1.1603681679367,-0.527680489439249,-0.177318504788345
"2168",0,-0.346763866306412,0.760702328338993,1.05052868272491,-0.112707670625565,-0.813775052877421,-0.0705094586753986,-0.135962069060475,-0.0247411626405223,-0.314012775301545,0.999757862091843,-0.667722469547314,0.290358455339444,0.786535690318983,1.18373465936035,-0.1555961886108,-0.0364582152705978,-0.1658625288534,1.09010489057606,-0.28831349479732,0.943277984002168,0.452955374090734,1.11574673128727,-0.113860786417039,-0.0382639442739243,-0.759253601238671,-0.057768335128474,1.1507788827907,0.37134719270522,-0.687460731500693,-0.650039470011399,-0.048236570436645,-0.0330109162638679,-0.639535815693025,-0.427047782649156,1.09627321067543,-0.73094801307437,-1.56276425682162,-0.831486854781667,0,-0.0930309953194633,-0.481588184154324,1.01675972213601,1.20759188462151,-0.00386545866643193,-1.48080674570224,-0.797595882078731,-0.0998707974396848,-0.0692112518235939,-0.410266899197836,1.43048399386859,1.19219966462977,-0.332806129092624,-1.55967039733413,-0.767532904424768,-0.202993708003753,-0.0191459895266863,-0.303642030474405,1.02856038592245,0.704487594782526,-2.06585717167723,-1.1603681679367,-0.527680489439249,-0.177318504788345
"2169",0,-0.346763866306412,-1.17387929654563,-2.73929503423606,-0.334189482061415,0.617509001117085,0.148091230801002,-0.135962069060475,-0.0247411626405223,-0.640995384823577,-1.93416775881521,-1.66048104972828,0.922682789033507,-0.89661378927684,-0.540830462877054,-0.1555961886108,-0.0445734002443183,-0.741918245459386,-1.11962895073218,1.56338145586488,-0.200184221487392,-0.975944617560112,-0.292956833346385,-0.113860786417039,-0.0382639442739243,-0.759253601238671,0.59717573430355,-0.0355450541663019,-1.53432688309958,0.533627184133976,0.990313915099158,-0.048236570436645,-0.0330109162638679,1.21576130976901,1.33132611434538,-1.31813802712165,-1.5718052632525,1.1603029827845,0.315362825388311,0,-0.0930309953194633,2.20895771667237,1.47858362970634,0.369152291529066,0.95600658577301,1.27008134505226,0.116654330388589,-0.0998707974396848,-0.0692112518235939,0.0739739549704533,-0.328780595364958,-0.55774319753513,0.979782328328481,0.634035676862745,-0.265530932180935,-0.202993708003753,-0.0721480760967669,-0.303642030474405,-1.17332181098952,-2.7415390290559,-0.283435346285619,0.386518455422421,-0.527680489439249,-0.177318504788345
"2170",0,-0.346763866306412,0.115841786710785,0.0578262499066152,0.994701386553687,1.69097204161296,-0.123111490731166,-0.135962069060475,-0.0247411626405223,-0.640995384823577,-1.93416775881521,-1.90867069477352,-0.974290212048683,1.29148053419773,0.448037912604366,-0.1555961886108,-0.0445734002443183,-0.741918245459386,-1.62956752949562,-1.12999301782559,0.25889828659596,1.24678870278565,-0.0112161204196545,-0.113860786417039,-0.0382639442739243,-0.759253601238671,-1.20392045663452,-0.71344444671316,0.614865341140958,1.20154223856357,0.443529453395639,-0.048236570436645,-0.0330109162638679,-0.33031962811602,0.532065252075134,0.170517580860195,0.319208773498381,0.479536172882967,0.315362825388311,0,-0.0930309953194633,-0.481588184154324,-0.984477210668762,0.12058311326144,0.63920556357353,-1.48080674570224,-0.797595882078731,-0.0998707974396848,-0.0692112518235939,-0.410266899197836,-1.38433934890509,1.19219966462977,-0.707831402641512,-1.55967039733413,-0.767532904424768,-0.202993708003753,-0.0191459895266863,-0.303642030474405,-0.172466266938626,0.245017378270736,-2.26390404116519,-1.12148713431401,-0.527680489439249,-0.177318504788345
"2171",0,-0.346763866306412,-1.17387929654563,-2.04001471320039,0.108774140810285,-0.0981330258801679,-0.416428649433891,-0.135962069060475,-0.0247411626405223,-0.640995384823577,-0.467204948361685,1.06960504576937,0.290358455339444,-0.728298841317257,-0.550817060662579,-0.1555961886108,-0.0445734002443183,-0.1658625288534,1.09010489057606,0.216694219019643,-1.18029468333559,-1.29347794903808,-0.574697546273115,-0.113860786417039,-0.0382639442739243,1.17077636382959,1.08838378637757,0.811829186517271,-0.10507132624598,-0.969181688332602,-0.650039470011399,-0.048236570436645,-0.0330109162638679,0.597328934614995,1.33132611434538,0.291469464743071,-0.0582622129318667,0.990111280309114,0.0286504053458163,0,-0.144773517088811,-0.481588184154324,0.153745204412166,-0.655851723424326,-0.917986153406024,-0.4492237116693,1.48802964908957,-0.0998707974396848,-0.0692112518235939,-0.410266899197836,-0.504707054288313,0.997761568833671,-0.895344039415955,0.465289055770677,1.05613057591014,-0.202993708003753,-0.0191459895266863,-0.350716809563446,-1.17332181098952,-1.59286348777642,0.706799001154165,0.730271038391115,-0.0361570313587953,-0.177318504788345
"2172",0,0.0368522575388326,1.19060935609113,0.611049011562383,-1.04036479359132,-0.992685559626734,-0.416428649433891,-0.135962069060475,-0.0247411626405223,0.33995244374252,0.999757862091843,0.0768464655884069,-0.763515434150662,-1.40155863315559,-0.502511322647834,-0.1555961886108,-0.0445734002443183,-0.1658625288534,0.7501458380671,-0.624985304008629,0.453222753078071,-1.29347794903808,-0.574697546273115,-0.158031172589247,-0.0382639442739243,-0.759253601238671,-1.53139249135053,-0.71344444671316,-0.263877499229713,-1.3031392155474,-0.640044406974396,-0.048236570436645,-0.0330109162638679,-0.639535815693025,-1.2263086449194,0.291469464743071,-0.899119463109996,-1.56276425682162,-0.831486854781667,0,-0.0930309953194633,-0.481588184154324,-0.52265330309843,0.314674521005686,-1.10320005852361,-1.48080674570224,-0.797595882078731,-0.0998707974396848,-0.0692112518235939,-0.410266899197836,0.550851699251816,0.803323473037571,-0.145293492318181,0.971528919046879,2.27190622946675,-0.202993708003753,-0.0191459895266863,-0.303642030474405,0.42804705949191,0.245017378270736,0.112658392690295,0.214642163938074,1.92993680096302,1.57294565917274
"2173",0,-0.346763866306412,-0.958925782669563,0.0578262499066152,0.551737763681986,-0.455954039378794,-0.416428649433891,-0.135962069060475,-0.0247411626405223,-0.640995384823577,-0.100464245748303,0.821415400724128,-0.763515434150662,-1.40155863315559,-0.540830462877054,-0.1555961886108,-0.0445734002443183,-0.741918245459386,0.58016631181262,0.216694219019643,-1.18029468333559,-1.29347794903808,-0.599299442551813,-0.113860786417039,-0.0382639442739243,-0.470523956832627,0.924647769019562,1.1507788827907,0.212541019721487,-0.46824539751041,-0.650039470011399,-0.048236570436645,-0.0330109162638679,-0.639535815693025,1.01162176943728,0.613390963116015,-0.345597248485121,0.819919577833732,1.17550008551579,0,-0.0930309953194633,-0.481588184154324,1.17070102465946,0.497907312637893,-1.26160056962335,-0.96501522868577,2.40227986155689,-0.0998707974396848,-0.0692112518235939,-0.410266899197836,0.374925240328461,0.220009185649271,-1.0828566761904,-0.378444049689659,2.47453550505952,1.02661939301677,-0.0191459895266863,-0.303642030474405,-0.97315070217934,-0.214452838241053,0.706799001154165,1.24589991284416,1.19265161384234,0.697813577192196
"2174",0,-0.346763866306412,0.760702328338993,0.524013130597061,-0.112707670625565,0.617509001117085,-0.416428649433891,-0.393850915007423,-0.0247411626405223,-0.314012775301545,0.999757862091843,-0.171343179456834,-0.34196587835462,1.12316558623815,-0.540830462877054,-0.1555961886108,-0.0445734002443183,0.410193187752585,1.09010489057606,-0.624985304008629,-0.200184221487392,0.929255371307683,1.397487444214,-0.113860786417039,-0.0598124768661009,-0.43758194039396,0.760911751661556,1.1507788827907,1.00657188464015,0.366648420526578,-0.376647239159639,-0.048236570436645,-0.0330109162638679,-0.639535815693025,0.372213079621086,1.09627321067543,0.278080687139385,-1.56276425682162,-0.831486854781667,0,-0.0930309953194633,-0.145269946550987,1.17070102465946,0.431157047935746,1.27280760797249,-0.277293205997144,-0.866695168432753,-0.0998707974396848,-0.0692112518235939,0.558214809138742,1.43048399386859,-1.14105748492343,0.229731781230706,0.971528919046879,-0.767532904424768,-0.202993708003753,-0.0191459895266863,-0.303642030474405,0.598361449896364,0.474752486526631,1.06474246021567,0.730271038391115,-0.527680489439249,-0.177318504788345
"2175",0,-0.346763866306412,0.545748814462924,-2.04001471320039,-0.112707670625565,0.975330014615711,0.17020566797156,-0.135962069060475,-0.0247411626405223,0.0129698342204877,0.999757862091843,-1.41229140468304,-0.763515434150662,0.618220742359401,1.43010110539427,-0.1555961886108,-0.0445734002443183,-0.453890387156393,1.09010489057606,-0.961657113219938,-0.0368324778460259,0.929255371307683,-0.292956833346385,-0.113860786417039,-0.0382639442739243,-0.759253601238671,0.269703699587538,0.811829186517271,-0.213532953969343,-1.13616045194,-0.650039470011399,-0.048236570436645,-0.0330109162638679,-0.639535815693025,0.532065252075134,1.09627321067543,-1.5718052632525,-1.56276425682162,-0.831486854781667,0,0.24334195078939,0.527366528655686,0.862818419612568,0.586444015272899,0.00560351917457189,-1.48080674570224,-0.797595882078731,-0.0998707974396848,-0.0692112518235939,2.01093737164361,0.374925240328461,-0.94661938912733,0.41724441800515,-1.55967039733413,-0.767532904424768,-0.202993708003753,-0.0191459895266863,0.728815661816031,0.828389277112268,0.93422270303842,-0.481482215773575,-1.1603681679367,-0.527680489439249,-0.177318504788345
"2176",0,-0.346763866306412,-1.17387929654563,-1.80692127285517,-0.334189482061415,1.33315102811434,3.10337725499881,0.169380681740619,-0.0247411626405223,-0.640995384823577,-0.283834597054994,1.06960504576937,0.501133233237465,0.281590846440236,3.40103267366559,-0.1555961886108,-0.0445734002443183,-0.1658625288534,0.92012536432158,1.56338145586488,1.43333321492626,1.24678870278565,2.24270958299419,-0.113860786417039,-0.0382639442739243,-0.759253601238671,-1.53139249135053,-1.56081868739673,-1.53432688309958,1.03456347495617,0.990313915099158,-0.048236570436645,-0.0330109162638679,-0.639535815693025,-1.2263086449194,-1.47909877630812,-0.899119463109996,0.990111280309114,-0.544774434739172,0,-0.0930309953194633,-0.481588184154324,-0.984477210668762,-1.12171262543579,0.480805052473791,0.0665678053471691,-0.797595882078731,-0.0998707974396848,0.02709465242927,-0.410266899197836,-1.38433934890509,-1.91880986810783,0.979782328328481,-1.05343053405793,-0.767532904424768,-0.138017687955343,-0.0191459895266863,-0.303642030474405,-1.17332181098952,-2.28206881254411,-0.0853884767976621,-1.1603681679367,-0.527680489439249,-0.177318504788345
"2177",0,-0.346763866306412,-1.17387929654563,-1.1076409518195,0.108774140810285,-0.992685559626734,3.10337725499881,4.50095327128558,-0.0247411626405223,-0.640995384823577,-0.467204948361685,0.573225755678888,-2.02816410153879,-0.223353997438511,2.90829978159776,-0.1555961886108,-0.0445734002443183,-0.453890387156393,1.09010489057606,-0.28831349479732,-1.18029468333559,0.929255371307683,1.5859620225326,-2.07050179827317,-0.0382639442739243,0.849104702984884,1.08838378637757,0.472879490243842,0.530153365688954,1.36852100217096,2.0838828385062,-0.048236570436645,-0.0330109162638679,0.28811274703799,1.17147394189133,0.935312461488958,0.950766487281889,0.649727875358349,0.669041551862198,0,-0.0930309953194633,-0.481588184154324,-0.984477210668762,-0.500564756087173,1.11440709687275,-1.30887624003008,-0.797595882078731,-0.338949194756931,-0.0692112518235939,-0.410266899197836,-1.38433934890509,-0.16886700594293,0.0422191444562627,-1.55967039733413,-0.767532904424768,-0.202993708003753,-0.0191459895266863,-0.303642030474405,-1.17332181098952,-0.214452838241053,-1.47171656321336,-1.1603681679367,-0.527680489439249,-0.177318504788345
"2178",0,1.88237474806379,1.19060935609113,0.990200011287507,-1.44159853924067,-1.25860849102178,-0.416428649433891,-0.135962069060475,-0.0247411626405223,2.95581331991878,0.999757862091843,1.06960504576937,-0.34196587835462,-1.40155863315559,-0.540830462877054,-0.1555961886108,-0.0445734002443183,-0.1658625288534,-0.60969037196874,0.862455263513376,0.289871009436705,-1.29347794903808,-0.574697546273115,-0.113860786417039,-0.0909846830221019,-0.759253601238671,-0.22150435248648,1.1507788827907,-0.740296018180913,-1.3031392155474,-0.650039470011399,-0.048236570436645,-0.0330109162638679,-0.639535815693025,1.01162176943728,0.291469464743071,-1.73997671328813,-1.56276425682162,-0.831486854781667,0,-0.0930309953194633,1.5363212414657,1.47858362970634,-0.34527778875002,-1.26160056962335,-1.48080674570224,-0.340470775845071,-0.0998707974396848,-0.0692112518235939,2.4951782258119,1.43048399386859,0.803323473037571,0.604757054779594,0.971528919046879,1.66401840268845,-0.202993708003753,-0.0191459895266863,-0.303642030474405,1.82924482116316,0.93422270303842,0.310705262178251,0.730271038391115,0.209604697681432,-0.177318504788345
"2179",0,-0.346763866306412,-1.17387929654563,-2.73929503423606,-0.334189482061415,1.33315102811434,0.147257121912554,-0.135962069060475,-0.0247411626405223,-0.640995384823577,-1.93416775881521,-1.90867069477352,1.13345756693153,1.29148053419773,-0.0480975708092236,-0.1555961886108,-0.0445734002443183,-0.741918245459386,-1.62956752949562,0.553366028230951,1.43333321492626,0.99391086053587,-0.0112161204196545,-0.113860786417039,-0.0382639442739243,-0.43758194039396,0.59717573430355,1.1507788827907,1.00657188464015,1.36852100217096,0.443529453395639,-0.048236570436645,-0.0330109162638679,0.906545122192,0.691917424529183,0.130508715556599,0.950766487281889,1.1603029827845,-0.831486854781667,0,0.219458431940328,-0.122467246796794,-0.984477210668762,-1.12171262543579,0.746420499866238,1.27008134505226,-0.569033328961901,-0.0998707974396848,0.110150225274564,-0.410266899197836,-1.38433934890509,-1.91880986810783,-0.137233935413591,1.14027554013895,-0.00568509465736965,-0.202993708003753,-0.0191459895266863,-0.303642030474405,-1.17332181098952,-2.7415390290559,-0.0853884767976621,1.58965249581285,0.946889884802112,-0.177318504788345
"2180",0,-0.346763866306412,-0.0991117271652847,0.0578262499066152,-0.555671293497266,-0.813775052877421,-0.416428649433891,-0.135962069060475,-0.0247411626405223,0.666935053264552,0.999757862091843,-0.667722469547314,0.0795836774414227,-0.0259332732321675,-0.294464016843139,-0.1555961886108,-0.0445734002443183,-0.453890387156393,0.24594897804025,-0.456649399402975,-1.01694293969422,0.611722039829717,0.552265305433806,-0.113860786417039,-0.0382639442739243,-0.759253601238671,-0.548976387202492,-0.543969598576446,0.530153365688954,1.03456347495617,-0.650039470011399,-0.048236570436645,-0.0330109162638679,-0.639535815693025,-0.746752127557253,1.09627321067543,0.950766487281889,-0.881997446920094,-0.831486854781667,0,-0.0930309953194633,-0.481588184154324,0.0931119069953467,1.36287885195866,1.27280760797249,-1.30887624003008,-0.797595882078731,-0.0998707974396848,-0.0692112518235939,-0.410266899197836,0.374925240328461,1.19219966462977,1.16729496510292,-0.378444049689659,-0.767532904424768,-0.202993708003753,-0.0191459895266863,-0.36072357417793,0.42804705949191,0.0152822700148413,0.112658392690295,-0.472863001999315,-0.527680489439249,-0.177318504788345
"2181",0,-0.346763866306412,0.760702328338993,0.0578262499066152,0.108774140810285,1.15424052136502,1.63679146148519,-0.135962069060475,-0.0247411626405223,-0.640995384823577,0.406500116985037,0.0768464655884069,-1.39583976784473,-0.728298841317257,-0.0480975708092236,-0.1555961886108,-0.111531751188364,-0.741918245459386,0.7501458380671,0.385030123625297,-0.363535965128757,-1.29347794903808,-0.574697546273115,-0.113860786417039,-0.0382639442739243,0.205761381295462,1.08838378637757,0.981304034653986,0.688959538672687,0.700605947741373,-0.650039470011399,-0.048236570436645,-0.0330109162638679,0.28811274703799,0.212360907167038,-1.47909877630812,-1.73997671328813,0.990111280309114,0.602075245430805,0,-0.0930309953194633,-0.481588184154324,-0.984477210668762,-1.12171262543579,-1.26160056962335,0.238498311019326,0.80234198973908,-0.0998707974396848,-0.0692112518235939,-0.410266899197836,-0.00162625239532408,-0.75218129333123,-1.64539458651373,0.971528919046879,-0.362274353239232,-0.202993708003753,-0.0191459895266863,-0.303642030474405,0.42804705949191,0.93422270303842,0.361530241985905,0.558394746906768,-0.527680489439249,-0.177318504788345
"2182",0,-0.346763866306412,0.115841786710785,0.757106570942284,-0.112707670625565,-0.634864546128108,-0.416428649433891,-0.135962069060475,-0.0247411626405223,-0.314012775301545,0.999757862091843,-0.419532824502074,0.640254925245023,1.29148053419773,0.198268875224692,-0.1555961886108,-0.0445734002443183,0.410193187752585,0.24020725930366,0.211145782527598,1.10662972764353,1.24678870278565,0.270524592507076,-0.113860786417039,-0.0382639442739243,0.205761381295462,0.924647769019562,1.1507788827907,0.37134719270522,1.20154223856357,0.716921684247398,-0.048236570436645,-0.0330109162638679,-0.639535815693025,-1.06645647246535,-1.15717727793518,-1.73997671328813,0.479536172882967,1.17550008551579,0,-0.0930309953194633,-0.481588184154324,-0.984477210668762,-1.12171262543579,-1.10320005852361,0.754289828035795,0.57377943662225,0.0782210476799436,-0.0692112518235939,-0.410266899197836,-1.20841288998173,-0.94661938912733,0.604757054779594,0.465289055770677,-0.767532904424768,-0.202993708003753,-0.0191459895266863,-0.303642030474405,0.42804705949191,0.0152822700148413,-1.07562282423745,-0.824031105538525,-0.527680489439249,-0.177318504788345
"2183",0,-0.346763866306412,-1.17387929654563,-1.34073439216472,0.551737763681986,0.617509001117085,-0.416428649433891,-0.135962069060475,-0.0247411626405223,-0.640995384823577,-0.467204948361685,0.821415400724128,-0.12429426096251,-1.06492873723642,-0.540830462877054,-0.1555961886108,-0.0445734002443183,0.122165329449593,0.92012536432158,0.385030123625297,-0.879682593187257,-1.29347794903808,-0.574697546273115,-0.113860786417039,-0.0382639442739243,1.49244802467431,0.924647769019562,-1.56081868739673,-1.53432688309958,-1.3031392155474,-0.650039470011399,-0.048236570436645,-0.0330109162638679,1.52497749734601,1.33132611434538,-0.835255779562232,-0.73094801307437,-1.05218914939548,-0.831486854781667,0,-0.0930309953194633,-0.145269946550987,1.47858362970634,1.20759188462151,0.63920556357353,1.09815083938011,0.34521688350542,-0.0998707974396848,-0.0692112518235939,-0.410266899197836,-0.152854136441604,0.803323473037571,-0.707831402641512,0.29654243467861,2.06927695387398,0.36469603534769,-0.0191459895266863,-0.303642030474405,-1.17332181098952,-1.59286348777642,0.310705262178251,1.4177762043285,1.32393402782257,-0.177318504788345
"2184",0,-0.346763866306412,-1.17387929654563,-0.874547511474277,0.994701386553687,1.33315102811434,-0.123111490731166,-0.135962069060475,-0.0247411626405223,-0.640995384823577,-1.20068635358845,1.06960504576937,0.0795836774414227,0.786535690318983,1.67646755142818,-0.1555961886108,-0.0445734002443183,0.986248904358571,0.92012536432158,0.553366028230951,-1.18029468333559,0.576447774334512,2.52445029592092,-0.113860786417039,-0.0382639442739243,1.04983991725143,1.08838378637757,0.642354338380556,0.688959538672687,1.36852100217096,1.81049060765444,-0.048236570436645,-0.0330109162638679,-0.33031962811602,0.212360907167038,-0.191412782816345,0.109909237103759,1.1603029827845,0.315362825388311,0,-0.0930309953194633,-0.393034983038289,-0.984477210668762,-1.12171262543579,0.63920556357353,0.582359322363638,-0.797595882078731,-0.0998707974396848,-0.0692112518235939,-0.410266899197836,-1.38433934890509,-0.75218129333123,1.16729496510292,-1.22217715515,-0.767532904424768,-0.202993708003753,-0.0912709356995593,-0.303642030474405,-1.17332181098952,-0.214452838241053,-0.283435346285619,-1.1603681679367,-0.527680489439249,-0.177318504788345
"2185",0,-0.346763866306412,-0.958925782669563,0.524013130597061,0.773219575117836,-0.455954039378794,-0.416428649433891,-0.135962069060475,-0.0247411626405223,-0.640995384823577,-1.93416775881521,0.821415400724128,1.13345756693153,0.113275898480654,-0.540830462877054,-0.1555961886108,-0.0445734002443183,-0.741918245459386,-1.62956752949562,1.39504555125922,1.43333321492626,-0.182111288865197,-0.574697546273115,-0.113860786417039,-0.0382639442739243,-0.759253601238671,-1.20392045663452,0.981304034653986,1.00657188464015,-0.46824539751041,-0.650039470011399,-0.048236570436645,-0.0330109162638679,-0.639535815693025,-0.586899955103205,1.09627321067543,0.782595037246263,-1.08414842726696,-0.831486854781667,0,-0.0930309953194633,-0.481588184154324,0.0931119069953467,1.38087465938812,0.322404541374051,-1.48080674570224,-0.797595882078731,-0.0998707974396848,-0.0692112518235939,-0.410266899197836,0.0230723224817513,1.19219966462977,-0.332806129092624,-1.55967039733413,-0.767532904424768,-0.202993708003753,-0.0191459895266863,-0.303642030474405,-0.772979593369162,0.0152822700148413,0.904845870642121,-0.300986710514968,-0.527680489439249,-0.177318504788345
"2186",0,-0.346763866306412,-0.529018754917424,0.524013130597061,-0.555671293497266,-0.992685559626734,-0.416428649433891,-0.135962069060475,-0.0247411626405223,-0.314012775301545,0.572958528486603,0.821415400724128,0.501133233237465,0.281590846440236,-0.540830462877054,-0.1555961886108,-0.0152492710856271,0.643320320889074,1.09010489057606,-0.793321208614283,-1.01694293969422,1.08802203704667,-0.0112161204196545,-0.113860786417039,-0.0382639442739243,1.49244802467431,1.08838378637757,-1.2218689911233,-1.53432688309958,0.19966965691918,1.26370614595092,0.113740541628106,-0.0330109162638679,0.906545122192,1.33132611434538,-1.47909877630812,-1.73997671328813,-0.0310389345431809,1.46221250555829,0,-0.469550293019607,-0.481588184154324,1.47858362970634,-0.500564756087173,-1.26160056962335,0.0665678053471691,1.7165922022064,-0.0998707974396848,-0.0692112518235939,-0.505971358110985,0.902704617098525,0.220009185649271,-0.145293492318181,1.14027554013895,0.245613473539072,-0.202993708003753,-0.0191459895266863,-0.303642030474405,-0.572808484558983,0.474752486526631,0.904845870642121,0.386518455422421,-0.281918760399022,-0.177318504788345
"2187",0,-0.346763866306412,-0.958925782669563,-0.297223698243736,-1.44159853924067,-1.08482399400626,-0.416428649433891,-0.135962069060475,-0.0247411626405223,-0.640995384823577,-0.467204948361685,1.06960504576937,-2.02816410153879,-1.31981837639798,-0.540830462877054,-0.1555961886108,-0.0445734002443183,-0.1658625288534,0.92012536432158,0.553366028230951,-1.18029468333559,-1.29347794903808,-0.574697546273115,-0.113860786417039,-0.0382639442739243,1.17077636382959,1.08838378637757,-0.71344444671316,-1.05790836414838,-1.3031392155474,-0.650039470011399,-0.048236570436645,-0.0330109162638679,1.83419368492302,1.33132611434538,1.09627321067543,0.631038555385659,0.819919577833732,-0.831486854781667,0,-0.0930309953194633,0.527366528655686,1.47858362970634,0.275870080598593,-1.10320005852361,1.27008134505226,1.48802964908957,-0.0998707974396848,-0.0692112518235939,-0.410266899197836,0.550851699251816,1.19219966462977,0.41724441800515,1.14027554013895,0.873435739577628,0.140207808432522,-0.0191459895266863,-0.303642030474405,-1.17332181098952,-0.444187946496948,0.508752131666208,0.730271038391115,-0.281918760399022,-0.177318504788345
"2188",0,-0.346763866306412,1.62051638384327,0.290919690251838,-2.10604397354822,-0.992685559626734,-0.416428649433891,-0.135962069060475,0.00131510914950845,0.0129698342204877,0.999757862091843,0.570284251900674,0.0795836774414227,-1.11190518560359,-0.540830462877054,-0.247168767416032,-0.0445734002443183,-0.1658625288534,1.09010489057606,0.385030123625297,1.43333321492626,-0.740430602246846,-0.574697546273115,-0.113860786417039,-0.0286402707100998,-0.115910279549249,1.08838378637757,-0.205019902303017,1.00657188464015,-1.3031392155474,-0.650039470011399,-0.049335153206293,-0.0330109162638679,-0.639535815693025,0.0525087347129891,-0.0304520336298728,0.782595037246263,-1.56276425682162,-0.831486854781667,0,-0.0930309953194633,-0.481588184154324,-0.676594605621874,1.20759188462151,0.79760607467327,-0.793084723013613,-0.797595882078731,-0.0998707974396848,-0.0692112518235939,-0.410266899197836,0.726778158175171,1.19219966462977,1.16729496510292,1.14027554013895,0.800802451814871,3.48584559505782,-0.0191459895266863,-0.303642030474405,1.4289026035428,-0.214452838241053,-2.26390404116519,-0.129110419030621,1.68417507192279,2.44807774115328
"2189",0,1.88237474806379,1.4055628699672,-0.175267190438608,-2.32752578498407,-0.992685559626734,-0.416428649433891,-0.135962069060475,-0.0247411626405223,1.32090027230862,0.398202505992253,1.06960504576937,-0.552740656252641,-1.40155863315559,-0.442187171225668,-0.1555961886108,-0.0445734002443183,0.698221046055578,-0.77966989822322,0.553366028230951,0.616574496719437,-1.29347794903808,-0.574697546273115,-0.113860786417039,-0.0382639442739243,-0.759253601238671,-1.53139249135053,0.303404642107127,-0.372859433575084,-1.3031392155474,-0.650039470011399,-0.048236570436645,-0.0330109162638679,-0.639535815693025,-0.746752127557253,1.09627321067543,-1.5718052632525,-1.56276425682162,-0.831486854781667,0,-0.0930309953194633,-0.145269946550987,1.3246423271829,-0.0347038540757136,-0.944799547423866,-1.30887624003008,-0.797595882078731,-0.0998707974396848,-0.0692112518235939,2.01093737164361,1.43048399386859,1.19219966462977,1.16729496510292,1.14027554013895,0.650872024724607,-0.202993708003753,0.00434336231440252,2.7937310463969,1.22873149473262,0.0152822700148413,-0.679529085261532,-0.129110419030621,0.209604697681432,-0.177318504788345
"2190",0,-0.346763866306412,0.330795300586854,-0.175267190438608,-2.54900759641992,-0.992685559626734,-0.49824364163071,-0.135962069060475,-0.0247411626405223,-0.640995384823577,0.633017159478461,0.325036110633647,-2.23893887943681,-1.40155863315559,-0.540830462877054,-0.1555961886108,-0.0445734002443183,0.122165329449593,1.09010489057606,0.553366028230951,-0.690239452411488,-1.29347794903808,-0.574697546273115,-0.113860786417039,-0.0382639442739243,0.205761381295462,1.15307277642908,1.1507788827907,1.00657188464015,0.533627184133976,-0.650039470011399,-0.048236570436645,-0.0330109162638679,1.21576130976901,1.1228518286576,1.09627321067543,0.950766487281889,1.1603029827845,-0.544774434739172,0,-0.0930309953194633,0.863684766259023,1.47858362970634,-0.189990821412867,-1.10320005852361,1.27008134505226,1.25946709597274,-0.0998707974396848,-0.0692112518235939,0.558214809138742,1.25455753494524,0.803323473037571,0.792269691554037,1.14027554013895,-0.159645077646464,-0.202993708003753,-0.0530252164939746,-0.303642030474405,-0.172466266938626,0.93422270303842,0.508752131666208,-0.129110419030621,-0.527680489439249,-0.177318504788345
"2191",0,-0.324758379979393,-1.17387929654563,-0.641454071129054,-0.112707670625565,-0.992685559626734,-0.416428649433891,-0.093024709057594,-0.0247411626405223,-0.640995384823577,-1.56742705620183,1.06960504576937,-0.34196587835462,-1.26736069799775,-0.540830462877054,-0.1555961886108,-0.0445734002443183,-0.741918245459386,-0.60969037196874,1.22670964665357,-1.01694293969422,-1.29347794903808,-0.574697546273115,-0.113860786417039,-0.0382639442739243,-0.759253601238671,-0.057768335128474,0.303404642107127,-1.53432688309958,-1.04334059085733,-0.650039470011399,-0.048236570436645,-0.0330109162638679,-0.314915805984959,0.532065252075134,1.09627321067543,0.950766487281889,-0.0310389345431809,-0.442804474450792,0,-0.0930309953194633,-0.481588184154324,0.469270165192663,1.20759188462151,-0.627998525224387,0.238498311019326,1.03090454285591,-0.0998707974396848,-0.0692112518235939,-0.410266899197836,-0.680633513211668,0.803323473037571,-1.27036931296484,0.29654243467861,1.66401840268845,-0.202993708003753,-0.0191459895266863,-0.303642030474405,-1.15079564659275,-0.903658163008738,0.904845870642121,0.902147329875462,0.455366426721658,-0.177318504788345
"2192",0,-0.346763866306412,-1.17387929654563,-0.408360630783831,-0.112707670625565,-0.992685559626734,-0.463585492139998,-0.135962069060475,-0.0247411626405223,-0.640995384823577,-1.56742705620183,1.06960504576937,-0.763515434150662,-1.40155863315559,-0.540830462877054,-0.1555961886108,-0.0445734002443183,-0.741918245459386,-0.43971084571426,0.777821493717449,-1.18029468333559,-1.16835900112324,-0.574697546273115,-0.113860786417039,-0.0382639442739243,-0.759253601238671,0.0848492096919865,0.133929793970413,-0.653914949503636,-0.683375731499938,-0.650039470011399,-0.048236570436645,-0.0330109162638679,-0.639535815693025,0.372213079621086,1.09627321067543,0.950766487281889,-0.0310389345431809,-0.831486854781667,0,-0.0930309953194633,-0.481588184154324,0.554935814565679,1.05230491728436,-0.944799547423866,0.926220333707951,-0.111908222728241,-0.0998707974396848,-0.0692112518235939,-0.410266899197836,-0.328780595364958,0.803323473037571,-1.64539458651373,0.802782297954812,0.245613473539072,-0.140858201475187,-0.0191459895266863,-0.303642030474405,-1.17332181098952,-0.727995382426514,0.904845870642121,1.4177762043285,-0.281918760399022,-0.177318504788345
"2193",0,-0.346763866306412,-1.47790558530845,-2.27310815354561,0.773219575117836,0.438598494367772,-0.416428649433891,-0.135962069060475,-0.0247411626405223,-0.640995384823577,-1.93416775881521,-0.419532824502074,1.13345756693153,-0.89661378927684,-0.540830462877054,-0.407085291961906,-0.0445734002443183,-0.741918245459386,-0.60969037196874,1.39504555125922,-0.526887708770123,-1.29347794903808,-0.574697546273115,-0.275955479601686,-0.0382639442739243,0.205761381295462,0.924647769019562,0.133929793970413,-0.899102191164647,0.366648420526578,1.53709837680268,-0.048236570436645,-0.0330109162638679,3.07105843523104,1.33132611434538,1.09627321067543,0.950766487281889,1.1603029827845,2.03563734564328,0,-0.0930309953194633,3.89054890468905,1.40720978398899,0.741730982610052,1.11440709687275,1.27008134505226,0.57377943662225,-0.0998707974396848,-0.0692112518235939,-0.410266899197836,-0.923939869918273,-1.91880986810783,0.792269691554037,0.971528919046879,-0.564903628832,-0.166276061858851,-0.0191459895266863,-0.303642030474405,-1.45242863489597,-2.28206881254411,0.904845870642121,0.386518455422421,-0.527680489439249,-0.177318504788345
"2194",0,-0.346763866306412,-0.958925782669563,0.0578262499066152,0.994701386553687,2.20389088539529,3.10337725499881,-0.135962069060475,-0.0247411626405223,-0.640995384823577,-1.93416775881521,-1.1641017596378,-1.39583976784473,0.449905794399818,2.66193333556384,0.284492159616326,-0.0445734002443183,-0.900238630846757,-1.62956752949562,-1.12999301782559,-1.18029468333559,-0.0233446231262145,2.52445029592092,-0.113860786417039,-0.0382639442739243,-0.759253601238671,-1.53139249135053,-1.39134383926002,-0.273207092276306,0.700605947741373,1.53709837680268,-0.048236570436645,-0.0330109162638679,-0.639535815693025,-1.2263086449194,0.452430213929543,0.950766487281889,1.1603029827845,1.46221250555829,0,-0.0930309953194633,-0.481588184154324,-0.984477210668762,-0.655851723424326,0.63920556357353,-0.4492237116693,-0.797595882078731,-0.0998707974396848,-0.0692112518235939,-0.410266899197836,-1.38433934890509,-0.75218129333123,0.792269691554037,-1.55967039733413,-0.767532904424768,-0.202993708003753,-0.0191459895266863,-0.303642030474405,-1.17332181098952,0.704487594782526,-1.2736696937254,-1.1603681679367,-0.527680489439249,-0.177318504788345
"2195",0,-0.346763866306412,0.534560055304096,0.990200011287507,0.0879840347697564,1.15424052136502,2.60109566028333,-0.135962069060475,-0.0247411626405223,-0.640995384823577,-1.20068635358845,-0.915912114592555,0.0795836774414227,1.03419983980321,2.66193333556384,-0.1555961886108,-0.0445734002443183,-0.741918245459386,-1.62956752949562,-1.12999301782559,-0.690239452411488,1.08802203704667,-0.0112161204196545,-0.113860786417039,-0.0382639442739243,-0.759253601238671,-1.53139249135053,-0.543969598576446,0.530153365688954,1.20154223856357,1.53709837680268,-0.048236570436645,-0.0330109162638679,-0.639535815693025,-0.267195610195108,1.09627321067543,0.782595037246263,-0.201230637018563,-0.258062014696678,0,-0.0930309953194633,-0.481588184154324,-0.830535908145318,1.05230491728436,0.164004030274312,-1.48080674570224,-0.797595882078731,-0.0998707974396848,-0.0692112518235939,-0.410266899197836,-0.680633513211668,1.19219966462977,-1.64539458651373,-1.55967039733413,-0.767532904424768,-0.202993708003753,-0.0191459895266863,-0.303642030474405,1.22873149473262,-0.0300549736033372,-2.26390404116519,-1.1603681679367,-0.527680489439249,-0.177318504788345
"2196",0,-0.346763866306412,-1.17387929654563,-2.50620159389084,0.551737763681986,0.259687987618459,-0.416428649433891,-0.135962069060475,-0.0247411626405223,-0.640995384823577,-1.93416775881521,-1.66048104972828,1.13345756693153,-1.233243685196,-0.540830462877054,-0.1555961886108,-0.0445734002443183,-0.741918245459386,-1.28960847698666,1.22670964665357,0.624782478251496,-1.29347794903808,-0.574697546273115,-0.113860786417039,-0.0177637689065176,-0.562371472114652,0.105967682229532,0.981304034653986,-1.37552071011585,-0.301266633903012,2.63066730020971,-0.048236570436645,-0.0330109162638679,0.28811274703799,1.17147394189133,-0.996216528748704,-1.5718052632525,0.819919577833732,0.8887876654733,0,2.99828810216341,4.56318537989573,0.554935814565679,-0.500564756087173,4.02372719221241,1.09815083938011,-0.797595882078731,-0.0998707974396848,38.1215575044354,7.33758676749479,1.18031859741721,1.19219966462977,1.16729496510292,0.465289055770677,-0.899363581051742,-0.212525730674765,-0.0191459895266863,1.76127335410647,-3.07175414800992,-2.7415390290559,0.904845870642121,-0.384758102713764,-0.527680489439249,-0.167191036014875
"2197",0,0.831653943006468,2.05042341159541,-1.1076409518195,-2.54900759641992,-0.634864546128108,2.81006009629609,0.791420999008737,-0.0247411626405223,0.33995244374252,0.707762914523279,-1.41229140468304,-2.02816410153879,0.618220742359401,2.66193333556384,1.80127119247638,-0.0445734002443183,0.410193187752585,1.09010489057606,-0.28831349479732,0.12651926579534,1.08802203704667,1.3089509182924,-0.113860786417039,-0.0382639442739243,-0.115910279549249,1.08838378637757,1.1507788827907,1.00657188464015,0.867584711348771,0.122806800888928,-0.048236570436645,-0.0330109162638679,-0.639535815693025,-0.586899955103205,0.774351712302486,0.782595037246263,-1.05218914939548,-0.831486854781667,0,-0.0930309953194633,-0.481588184154324,0.0931119069953467,1.36287885195866,-0.786399036324126,-1.48080674570224,-0.797595882078731,-0.0998707974396848,-0.0692112518235939,0.0739739549704533,0.902704617098525,0.0255710898531705,-1.83290722328817,-1.55967039733413,-0.767532904424768,-0.202993708003753,-0.0191459895266863,0.728815661816031,2.02941592997334,-2.05233370428821,-2.26390404116519,-1.1603681679367,-0.527680489439249,-0.177318504788345
"2198",0,-0.346763866306412,-0.0991117271652847,-0.408360630783831,0.330255952246136,0.617509001117085,-0.416428649433891,-0.135962069060475,-0.0247411626405223,1.64788288183065,0.999757862091843,1.06960504576937,1.52109956031541,0.954850638278565,-0.540830462877054,-0.1555961886108,-0.0445734002443183,0.410193187752585,-0.60969037196874,-0.28831349479732,1.43333321492626,-0.182111288865197,-0.574697546273115,-0.0954363805547361,-0.0382639442739243,-0.759253601238671,-1.53139249135053,-1.39134383926002,0.468356854331699,0.032690893311783,-0.650039470011399,-0.048236570436645,-0.0330109162638679,-0.639535815693025,-1.30291476082792,-1.47909877630812,0.950766487281889,1.1603029827845,-0.831486854781667,0,-0.0990019485667439,-0.481588184154324,-0.984477210668762,-1.12171262543579,0.63920556357353,1.27008134505226,-0.111908222728241,-0.0998707974396848,-0.0692112518235939,-0.410266899197836,-1.20841288998173,0.220009185649271,1.16729496510292,-0.209697428597592,-0.767532904424768,-0.202993708003753,-0.0191459895266863,-0.303642030474405,0.027704841871553,0.245017378270736,-0.877575954749489,-1.1603681679367,-0.641896156696224,-0.177318504788345
"2199",0,-0.346763866306412,0.536709229559786,0.524013130597061,-1.44159853924067,-0.992685559626734,-0.416428649433891,-0.135962069060475,-0.0247411626405223,0.33995244374252,0.999757862091843,1.06960504576937,1.13345756693153,0.094023908523134,-0.540830462877054,-0.28525158996264,-0.0445734002443183,0.711134175277038,1.09010489057606,-1.12999301782559,-0.363535965128757,0.929255371307683,-0.574697546273115,-0.113860786417039,-0.0382639442739243,0.527433042140173,0.433439716945544,-1.56081868739673,-1.53432688309958,0.867584711348771,0.680179314280218,-0.048236570436645,-0.0943673911467006,1.83419368492302,0.0525087347129891,-1.47909877630812,-1.50247996732261,0.479536172882967,1.46221250555829,0,-0.0930309953194633,1.87263947906903,0.400994512042235,-1.12171262543579,-1.26160056962335,0.582359322363638,0.80234198973908,-0.0998707974396848,-0.0692112518235939,0.0739739549704533,1.25455753494524,0.255798750425742,0.792269691554037,1.14027554013895,-0.173473346197293,-0.202993708003753,-0.0191459895266863,-0.303642030474405,0.42804705949191,0.474752486526631,0.112658392690295,-0.472863001999315,-0.527680489439249,-0.177318504788345
"2200",0,-0.493955931715261,-0.0991117271652847,0.28678105715894,-1.66308035067652,-1.26484398665172,-0.416428649433891,-0.135962069060475,-0.0247411626405223,-0.640995384823577,0.816387510785152,0.683708726605339,0.922682789033507,-1.47666069173555,-0.540830462877054,-0.1555961886108,-0.0445734002443183,0.107290104956275,0.92012536432158,-0.624985304008629,1.10662972764353,-0.975944617560112,-0.704237477805028,-0.113860786417039,-0.0382639442739243,-0.207085389183438,-1.04018443927651,-1.56081868739673,0.688959538672687,-0.635224161117807,-0.650039470011399,-0.0762276538598208,-0.0330109162638679,-0.417613236173403,-1.2263086449194,-1.15717727793518,0.782595037246263,-1.56276425682162,-0.831486854781667,0,-0.0930309953194633,-0.481588184154324,-0.984477210668762,0.431157047935746,0.322404541374051,-1.48080674570224,-0.797595882078731,-0.642869166005219,-0.0692112518235939,-0.410266899197836,-0.328780595364958,1.19219966462977,-0.332806129092624,-0.379666167327721,2.06927695387398,-0.202993708003753,-0.0191459895266863,-0.303642030474405,0.227875950681732,0.0152822700148413,0.112658392690295,0.902147329875462,2.42146025904347,0.697813577192196
"2201",0,-0.346763866306412,-0.743972268793493,-0.175267190438608,0.994701386553687,0.259687987618459,-0.416428649433891,-0.177500922744051,-0.0247411626405223,-0.640995384823577,-0.467204948361685,1.06960504576937,1.13345756693153,-1.06492873723642,-0.540830462877054,-0.1555961886108,-0.0445734002443183,-0.1658625288534,1.09010489057606,1.56338145586488,1.43333321492626,-1.29347794903808,-0.574697546273115,-0.113860786417039,-0.0382639442739243,-0.759253601238671,-0.712712404560498,1.29948407226368,1.00657188464015,-1.3031392155474,-0.650039470011399,-0.049335153206293,-0.0330109162638679,-0.639535815693025,-0.343178452538385,1.09627321067543,0.950766487281889,-1.39257255434624,-0.831486854781667,0,-0.0930309953194633,-0.481588184154324,0.247053209518791,1.36287885195866,1.21279930184011,-0.96501522868577,-0.797595882078731,-0.0998707974396848,-0.0692112518235939,-0.410266899197836,0.198998781405106,1.19219966462977,1.16729496510292,0.634035676862745,-0.767532904424768,-0.202993708003753,-0.0191459895266863,-0.303642030474405,-0.772979593369162,0.0152822700148413,0.310705262178251,0.386518455422421,-0.527680489439249,-0.177318504788345
"2202",0,-0.346763866306412,1.83546989771934,0.524013130597061,0.330255952246136,1.69097204161296,1.05015714407974,-0.135962069060475,-0.064995348517452,-0.640995384823577,0.999757862091843,0.573225755678888,0.290358455339444,-0.391668945398093,-0.540830462877054,-0.1555961886108,-0.0152492710856271,0.00687440377433157,1.09010489057606,0.721701932836606,0.507967014231631,-1.13471128329909,-0.574697546273115,-0.113860786417039,-0.0382639442739243,0.75926585371214,1.08838378637757,1.1507788827907,1.00657188464015,0.19966965691918,-0.650039470011399,-0.048236570436645,-0.0330109162638679,-0.639535815693025,-0.891793935606452,-1.47909877630812,-0.899119463109996,1.1603029827845,-0.258062014696678,0,-0.124659493348617,-0.481588184154324,-1.49972406114545,-1.31717267428058,-0.786399036324126,1.27008134505226,0.116654330388589,-0.0998707974396848,-0.0692112518235939,-0.410266899197836,-0.328780595364958,-0.16886700594293,0.979782328328481,0.802782297954812,-0.767532904424768,-0.202993708003753,-0.0191459895266863,-0.303642030474405,1.22873149473262,0.93422270303842,-0.283435346285619,-0.51425804929795,-0.527680489439249,-0.0955485959392473
"2203",0,0.767805440878689,1.62051638384327,0.990200011287507,0.773219575117836,-0.813775052877421,-0.416428649433891,-0.135962069060475,-0.0247411626405223,2.62883071039675,0.816387510785152,-1.1641017596378,1.13345756693153,-0.331031641985428,-0.540830462877054,-0.1555961886108,-0.0445734002443183,2.42638819587353,0.92012536432158,0.0483583144139882,1.43333321492626,-0.658411286082146,-0.574697546273115,-0.125565166183883,-0.0382639442739243,-0.43758194039396,0.269703699587538,0.472879490243842,0.847765711656421,-1.3031392155474,-0.650039470011399,-0.048236570436645,-0.0539306280597664,-0.639535815693025,-1.06645647246535,1.09627321067543,0.109909237103759,-1.56276425682162,-0.831486854781667,0,-0.0930309953194633,-0.481588184154324,0.0931119069953467,1.36287885195866,-0.627998525224387,-1.48080674570224,-0.797595882078731,-0.0998707974396848,-0.0692112518235939,-0.410266899197836,0.903471345564423,1.19219966462977,-0.895344039415955,-1.05343053405793,-0.767532904424768,-0.202993708003753,-0.0191459895266863,-0.303642030474405,1.4289026035428,0.93422270303842,0.904845870642121,1.58965249581285,1.92993680096302,-0.177318504788345
"2204",0,-0.346763866306412,-1.17387929654563,0.290919690251838,-1.22011672780482,-0.634864546128108,-0.416428649433891,-0.0385195026646612,-0.0247411626405223,-0.640995384823577,-0.613724257490412,1.06960504576937,-0.552740656252641,1.29148053419773,0.198268875224692,-0.1555961886108,-0.0445734002443183,-0.453890387156393,0.7501458380671,1.05837374204791,0.779926240360802,1.24678870278565,-0.574697546273115,-0.113860786417039,-0.0382639442739243,2.13579134636373,1.08838378637757,1.1507788827907,1.00657188464015,1.36852100217096,2.0838828385062,-0.048236570436645,-0.0330109162638679,0.28811274703799,0.691917424529183,0.774351712302486,0.950766487281889,0.649727875358349,0.8887876654733,0,-0.0930309953194633,-0.481588184154324,-0.984477210668762,0.12058311326144,1.27280760797249,-1.30887624003008,-0.797595882078731,-0.0998707974396848,-0.0692112518235939,-0.410266899197836,-1.38433934890509,0.230272673545891,0.0422191444562627,-1.55967039733413,-0.767532904424768,-0.202993708003753,-0.0191459895266863,-0.303642030474405,-1.17332181098952,0.245017378270736,-0.877575954749489,-1.1603681679367,-0.527680489439249,-0.177318504788345
"2205",0,5.22608266961909,1.83546989771934,0.757106570942284,0.108774140810285,0.796419507866398,-0.123111490731166,-0.135962069060475,-0.0247411626405223,3.60977853896284,0.999757862091843,1.06960504576937,1.13345756693153,1.29148053419773,1.18373465936035,-0.1555961886108,0.338909464318233,2.71441605417653,1.09010489057606,-0.624985304008629,-0.438201975368977,-1.13471128329909,-0.292956833346385,-0.113860786417039,-0.0382639442739243,1.81411968551902,1.08838378637757,-0.228664706446673,-1.53432688309958,-1.3031392155474,-0.650039470011399,-0.048236570436645,-0.0330109162638679,-0.639535815693025,1.17147394189133,0.613390963116015,-1.73997671328813,-1.56276425682162,-0.53007649872719,0,-0.0930309953194633,-0.481588184154324,-0.214770698051542,1.36287885195866,-0.403695117020747,-1.48080674570224,-0.797595882078731,-0.0998707974396848,-0.0692112518235939,-0.410266899197836,0.0230723224817513,1.19219966462977,-0.895344039415955,-1.55967039733413,-0.767532904424768,-0.202993708003753,-0.0191459895266863,5.89110412326821,2.02941592997334,0.245017378270736,-2.26390404116519,-1.1603681679367,-0.527680489439249,-0.177318504788345
"2206",0,-0.346763866306412,-1.17387929654563,-0.81340600426969,-0.112707670625565,-0.455954039378794,1.63679146148519,-0.135962069060475,-0.0247411626405223,-0.640995384823577,-0.833945650975067,0.821415400724128,-1.39583976784473,0.281590846440236,1.67646755142818,-0.1555961886108,-0.0445734002443183,0.244364346476359,0.92012536432158,-0.119977590191666,-1.01694293969422,1.24678870278565,0.834006018360537,-0.113860786417039,-0.0382639442739243,1.49244802467431,1.08838378637757,0.472879490243842,0.688959538672687,1.36852100217096,3.17745176191323,-0.048236570436645,-0.0330109162638679,0.906545122192,0.845300246241626,1.09627321067543,0.950766487281889,0.819919577833732,1.17550008551579,0,-0.0930309953194633,-0.481588184154324,-0.368712000574986,-0.0347038540757136,0.667404637804697,-0.621154217341457,-0.797595882078731,-0.324715556422891,-0.0692112518235939,-0.410266899197836,-1.38433934890509,-0.16886700594293,0.979782328328481,-1.55967039733413,-0.767532904424768,-0.202993708003753,-0.0191459895266863,-0.303642030474405,-1.17332181098952,-1.13339327126463,0.904845870642121,-1.1603681679367,-0.527680489439249,-0.177318504788345
"2207",0,-0.346763866306412,-1.17387929654563,0.0578262499066152,0.108774140810285,-0.992685559626734,-0.416428649433891,-0.135962069060475,-0.0247411626405223,-0.640995384823577,-1.56742705620183,1.06960504576937,-0.131191100456599,-1.40155863315559,-0.540830462877054,-0.1555961886108,-0.0445734002443183,-0.741918245459386,-0.0997517932053001,1.56338145586488,-0.200184221487392,-1.29347794903808,-0.452617144819611,-0.0396539546045929,-0.0382639442739243,0.205761381295462,1.08838378637757,0.303404642107127,-1.05790836414838,0.700605947741373,-0.10325500830788,-0.048236570436645,-0.0330109162638679,3.07105843523104,1.33132611434538,1.09627321067543,0.950766487281889,1.1603029827845,1.17550008551579,0,-0.0930309953194633,0.527366528655686,0.247053209518791,0.549031489839904,1.27280760797249,0.754289828035795,-0.569033328961901,-0.116146171942899,-0.0692112518235939,-0.410266899197836,-1.38433934890509,-0.16886700594293,1.16729496510292,-0.0409508075055244,-0.767532904424768,-0.202993708003753,-0.0191459895266863,-0.303642030474405,-1.17332181098952,-0.214452838241053,0.904845870642121,-0.300986710514968,-0.527680489439249,-0.177318504788345
"2208",0,-0.346763866306412,-0.314065241041354,0.04640173562674,0.551737763681986,0.0807774808691453,-0.416428649433891,-0.25993752482052,-0.0247411626405223,0.993917662786584,0.625038148664167,-0.171343179456834,-0.34196587835462,1.29148053419773,-0.0480975708092236,-0.1555961886108,-0.0445734002443183,2.71441605417653,1.09010489057606,-0.793321208614283,-0.526887708770123,1.24678870278565,0.270524592507076,-0.113860786417039,-0.0382639442739243,1.17077636382959,1.08838378637757,0.133402736741052,0.688959538672687,1.03456347495617,-0.650039470011399,-0.048236570436645,-0.0330109162638679,-0.639535815693025,-0.656100713845516,0.219602223993981,0.950766487281889,-1.39257255434624,-0.831486854781667,0,-0.0930309953194633,-0.481588184154324,-0.830535908145318,1.05230491728436,1.27280760797249,0.0665678053471691,-0.797595882078731,-0.0998707974396848,0.103100004539314,-0.410266899197836,-0.504707054288313,1.19219966462977,-0.145293492318181,0.971528919046879,-0.564903628832,-0.202993708003753,-0.115134277125818,-0.303642030474405,-0.772979593369162,0.0152822700148413,0.310705262178251,0.214642163938074,-0.527680489439249,-0.177318504788345
"2209",0,-0.346763866306412,-0.529018754917424,-0.408360630783831,0.330255952246136,-0.277043532629481,-0.416428649433891,-0.135962069060475,-0.0247411626405223,-0.640995384823577,-0.283834597054994,0.325036110633647,0.711908011135486,0.281590846440236,-0.540830462877054,-0.1555961886108,-0.111531751188364,-0.741918245459386,-0.0997517932053001,0.721701932836606,1.43333321492626,1.08802203704667,-0.574697546273115,-0.113860786417039,-0.0382639442739243,-0.759253601238671,-1.36765647399252,0.303404642107127,0.37134719270522,1.36852100217096,-0.650039470011399,-0.048236570436645,-0.0330109162638679,-0.630603329788227,-1.2263086449194,-1.47909877630812,-1.73997671328813,0.990111280309114,0.0286504053458163,0,-0.0930309953194633,-0.481588184154324,-0.984477210668762,-1.12171262543579,-1.10320005852361,1.27008134505226,-0.111908222728241,-0.0998707974396848,-0.0692112518235939,-0.410266899197836,-0.891544304079321,-1.91880986810783,-0.707831402641512,1.14027554013895,-0.564903628832,-0.202993708003753,-0.0191459895266863,-0.303642030474405,-0.372637375748804,0.93422270303842,0.904845870642121,0.558394746906768,-0.527680489439249,-0.177318504788345
"2210",0,-0.346763866306412,1.19060935609113,0.990200011287507,0.994701386553687,1.51206153486365,0.756839985377011,-0.135962069060475,-0.0247411626405223,0.33995244374252,0.999757862091843,-0.419532824502074,0.0795836774414227,0.292170363758759,0.691001767292522,-0.1555961886108,-0.0152492710856271,0.531880769854748,0.92012536432158,-0.624985304008629,-1.18029468333559,-1.29347794903808,-0.574697546273115,-0.113860786417039,-0.0382639442739243,0.527433042140173,1.08838378637757,1.1507788827907,0.0292536272781875,-0.802202924725205,-0.650039470011399,-0.048236570436645,-0.0330109162638679,0.28811274703799,0.851769596983231,0.452430213929543,0.63813677317676,0.819919577833732,-0.831486854781667,0,-0.0930309953194633,-0.481588184154324,-0.984477210668762,-1.12171262543579,-0.311197503024907,1.27008134505226,-0.797595882078731,-0.0998707974396848,-0.0692112518235939,-0.410266899197836,-0.680633513211668,-0.364442874876204,1.16729496510292,0.525580716353172,-0.767532904424768,-0.202993708003753,-0.0912709356995593,-0.303642030474405,0.628218168302089,-0.214452838241053,-1.07562282423745,-1.1603681679367,-0.527680489439249,-0.177318504788345
"2211",0,1.88237474806379,1.19060935609113,0.757106570942284,0.994701386553687,0.796419507866398,-0.416428649433891,-0.135962069060475,-0.0247411626405223,0.993917662786584,0.266276456865079,-0.667722469547314,1.13345756693153,1.12316558623815,-0.540830462877054,-0.1555961886108,-0.0445734002443183,-0.741918245459386,-0.794322041362833,0.721701932836606,1.2699814712849,-0.346115146372214,-0.574697546273115,-0.124611225551787,-0.0382639442739243,-0.759253601238671,0.269703699587538,0.763473370341943,-1.05790836414838,-1.3031392155474,-0.650039470011399,-0.048236570436645,-0.0330109162638679,-0.639535815693025,0.105438647701534,0.935312461488958,0.302160185333648,-0.201230637018563,-0.831486854781667,0,-0.0930309953194633,-0.481588184154324,-0.984477210668762,-0.811138690761479,0.164004030274312,1.27008134505226,0.34521688350542,0.056857621743651,-0.0692112518235939,-0.410266899197836,-0.152854136441604,0.220009185649271,0.979782328328481,0.552639539899836,-0.159645077646464,-0.202993708003753,-0.0191459895266863,-0.303642030474405,1.82924482116316,0.245017378270736,-0.877575954749489,-0.639784183231495,-0.527680489439249,-0.177318504788345
"2212",0,-0.346763866306412,-0.0991117271652847,0.757106570942284,-0.555671293497266,-0.992685559626734,-0.347325488023677,-0.135962069060475,-0.0247411626405223,-0.314012775301545,0.44964680817177,0.325036110633647,0.922682789033507,-0.391668945398093,-0.540830462877054,-0.1555961886108,-0.0445734002443183,-0.1658625288534,1.09010489057606,-0.456649399402975,-0.416049297817666,1.08802203704667,-0.0112161204196545,-0.113860786417039,-0.0382639442739243,0.849104702984884,1.08838378637757,-1.56081868739673,-1.53432688309958,0.366648420526578,0.990313915099158,-0.048236570436645,-0.0330109162638679,0.906545122192,1.13441169575365,-1.28247965411227,-1.73997671328813,-0.0310389345431809,1.74892492560078,0,-0.0930309953194633,0.863684766259023,1.47858362970634,-1.12171262543579,-1.10320005852361,0.410428816691482,0.57377943662225,-0.0998707974396848,-0.0692112518235939,0.0739739549704533,1.07863107602188,0.220009185649271,0.41724441800515,1.14027554013895,-0.362274353239232,-0.202993708003753,-0.0191459895266863,-0.303642030474405,-0.172466266938626,0.623087969022952,0.508752131666208,-0.472863001999315,-0.527680489439249,-0.177318504788345
"2213",0,-0.346763866306412,-1.17387929654563,0.290919690251838,-0.555671293497266,-0.813775052877421,-0.416428649433891,-0.135962069060475,-0.0247411626405223,-0.640995384823577,-0.283834597054994,1.06960504576937,1.13345756693153,0.449905794399818,-0.540830462877054,-0.1555961886108,-0.0445734002443183,-0.553693656036346,-0.26973131945978,1.22670964665357,-0.363535965128757,1.24678870278565,0.204355095840109,-0.113860786417039,-0.0382639442739243,-0.43758194039396,-0.385240369844486,0.133929793970413,-1.53432688309958,0.70558794804329,0.990313915099158,-0.048236570436645,-0.0330109162638679,1.21576130976901,1.01162176943728,0.774351712302486,-1.40363381321687,0.139152767932202,1.74892492560078,0,-0.0930309953194633,0.698675113978134,1.47858362970634,1.36287885195866,0.63920556357353,0.465039840948053,0.379306716872554,-0.0998707974396848,-0.0692112518235939,-0.410266899197836,0.550851699251816,1.19219966462977,1.16729496510292,0.971528919046879,-0.321245360846558,-0.202993708003753,-0.0191459895266863,-0.303642030474405,-0.772979593369162,0.230698486346728,0.904845870642121,0.0427658724537265,-0.527680489439249,-0.177318504788345
"2214",0,-0.346763866306412,-1.17387929654563,-0.408360630783831,-0.466498523414965,-0.992685559626734,-0.416428649433891,-0.135962069060475,-0.0247411626405223,-0.640995384823577,-1.20068635358845,1.06960504576937,-0.763515434150662,-1.40155863315559,-0.540830462877054,-0.1555961886108,-0.0445734002443183,-0.741918245459386,0.0861148821507096,1.56338145586488,-0.200184221487392,-0.0233446231262145,-0.574697546273115,-0.113860786417039,-0.0382639442739243,-0.759253601238671,0.0195395043393961,-0.0355450541663019,-0.263877499229713,1.20154223856357,-0.650039470011399,-0.048236570436645,-0.0330109162638679,0.597328934614995,0.529131609276992,-0.996216528748704,0.109909237103759,0.990111280309114,0.8887876654733,0,-0.0930309953194633,2.88159419187904,1.47858362970634,0.791912846613697,1.27280760797249,1.27008134505226,1.25946709597274,-0.0998707974396848,-0.0692112518235939,2.4951782258119,0.726778158175171,0.608885377241471,1.16729496510292,-0.378444049689659,-0.767532904424768,-0.202993708003753,-0.0191459895266863,-0.303642030474405,-1.17332181098952,0.0152822700148413,0.904845870642121,-0.816615584968009,-1.15594401307671,-0.177318504788345
"2215",0,-0.346763866306412,-0.46538183126817,-0.641454071129054,-1.88456216211237,-0.992685559626734,-0.416428649433891,-0.135962069060475,-0.0247411626405223,0.993917662786584,0.633017159478461,-0.667722469547314,0.501133233237465,0.113275898480654,-0.540830462877054,-0.1555961886108,-0.0445734002443183,1.27427676266156,0.7501458380671,-1.12999301782559,0.453222753078071,0.294188708351751,-0.574697546273115,-0.113860786417039,-0.0382639442739243,0.126877489456042,-0.057768335128474,0.811829186517271,0.847765711656421,-0.301266633903012,-0.650039470011399,-0.048236570436645,-0.0539306280597664,-0.639535815693025,0.102025525762134,1.09627321067543,0.950766487281889,-1.56276425682162,-0.831486854781667,0,-0.0930309953194633,-0.481588184154324,0.862818419612568,-0.189990821412867,-0.743747987664054,0.582359322363638,-0.569033328961901,-0.0998707974396848,-0.0692112518235939,-0.410266899197836,1.25455753494524,-0.94661938912733,-1.83290722328817,0.802782297954812,0.44824274913184,-0.202993708003753,-0.0191459895266863,-0.303642030474405,-0.772979593369162,-0.903658163008738,0.112658392690295,0.730271038391115,0.436716276228846,-0.177318504788345
"2216",0,-0.346763866306412,-1.17387929654563,-0.175267190438608,-0.112707670625565,-0.992685559626734,-0.392060591864631,-0.135962069060475,-0.0247411626405223,-0.640995384823577,-1.38405670489514,1.06960504576937,-0.763515434150662,-1.40155863315559,-0.540830462877054,-0.1555961886108,-0.0445734002443183,-0.741918245459386,-0.473195439555091,0.907833931593713,-1.01694293969422,-1.29347794903808,-0.574697546273115,-0.113860786417039,-0.0382639442739243,-0.759253601238671,-0.385240369844486,0.472879490243842,-0.972868775045037,-1.3031392155474,-0.650039470011399,-0.048236570436645,-0.0330109162638679,-0.639535815693025,0.691917424529183,0.613390963116015,-0.394605113003119,-0.371422339493946,-0.831486854781667,0,-0.0930309953194633,-0.145269946550987,0.964051937446643,0.741730982610052,0.00560351917457189,0.410428816691482,1.94515475532323,-0.0998707974396848,-0.0692112518235939,-0.410266899197836,0.0230723224817513,0.608885377241471,-0.970732861974604,-0.378444049689659,2.47453550505952,1.02661939301677,-0.0191459895266863,-0.303642030474405,-0.772979593369162,-0.214452838241053,0.310705262178251,0.902147329875462,1.19265161384234,-0.177318504788345
"2217",0,-0.346763866306412,0.330795300586854,-0.175267190438608,0.108774140810285,0.975330014615711,0.463522826674285,-0.135962069060475,-0.0247411626405223,-0.640995384823577,0.816387510785152,1.06960504576937,-0.864632964955734,0.281590846440236,2.16920044349601,-0.1555961886108,-0.111531751188364,-0.741918245459386,0.0702277330491799,0.89003783744226,-0.363535965128757,0.7704887055687,1.96096887006746,-0.208746969745729,-0.0382639442739243,-0.759253601238671,-1.04018443927651,1.1507788827907,1.00657188464015,-0.0157788085481958,-0.376647239159639,-0.048236570436645,-0.0677629935268027,-0.639535815693025,0.0525087347129891,0.613390963116015,0.446252137175011,-1.05218914939548,-0.831486854781667,0,-0.0930309953194633,0.151597277990731,1.3246423271829,-1.12171262543579,0.480805052473791,-0.621154217341457,-0.797595882078731,-0.0998707974396848,-0.0692112518235939,0.0739739549704533,0.902704617098525,-1.91880986810783,0.0422191444562627,-0.0409508075055244,-0.767532904424768,-0.202993708003753,-0.0191459895266863,-0.303642030474405,0.828389277112268,0.93422270303842,0.112658392690295,-0.988491876452356,-0.527680489439249,-0.296956924091401
"2218",0,0.767805440878689,1.19060935609113,0.524013130597061,0.108774140810285,-0.125738609779723,-0.416428649433891,-0.135962069060475,-0.0247411626405223,1.19207318595021,0.999757862091843,0.325036110633647,0.71631256338317,1.12316558623815,-0.540830462877054,-0.1555961886108,-0.0445734002443183,1.56230462096456,1.09010489057606,-0.28831349479732,1.10662972764353,1.24678870278565,0.0874774392996083,-0.113860786417039,0.0960485539139038,1.17077636382959,1.08838378637757,0.133929793970413,0.847765711656421,1.25790160606813,0.990313915099158,-0.048236570436645,-0.0330109162638679,-0.639535815693025,-0.427047782649156,-0.191412782816345,0.278080687139385,1.1603029827845,0.8887876654733,0,-0.0930309953194633,-0.481588184154324,-0.984477210668762,-1.12171262543579,-0.944799547423866,1.27008134505226,1.7165922022064,-0.0998707974396848,-0.0692112518235939,-0.410266899197836,-0.504707054288313,-0.36330510173903,-0.520318765867068,1.14027554013895,0.76196031095447,-0.202993708003753,-0.0191459895266863,-0.303642030474405,0.42804705949191,0.93422270303842,0.706799001154165,0.558394746906768,-0.281918760399022,-0.252687366525513
"2219",0,-0.346763866306412,-0.958925782669563,-0.874547511474277,0.930810391707577,1.86988254836228,2.22342577889064,-0.135962069060475,-0.0247411626405223,-0.314012775301545,0.266276456865079,0.821415400724128,-0.391456411829934,0.786535690318983,2.90829978159776,-0.1555961886108,-0.0445734002443183,0.698221046055578,0.58016631181262,-0.364547510041906,-1.18029468333559,0.7704887055687,2.52445029592092,-0.113860786417039,-0.0382639442739243,0.205761381295462,-0.712712404560498,-1.56081868739673,-1.37552071011585,1.20154223856357,1.26370614595092,-0.048236570436645,-0.0330109162638679,-0.639535815693025,-1.2263086449194,-1.15717727793518,-0.0582622129318667,1.1603029827845,1.74892492560078,0,-0.0930309953194633,-0.481588184154324,-0.984477210668762,-0.0573072323238148,1.27280760797249,0.410428816691482,-0.569033328961901,-0.0998707974396848,0.11012263630799,-0.410266899197836,-1.38433934890509,0.608885377241471,0.792269691554037,-1.55967039733413,-0.767532904424768,-0.182575380803111,-0.0191459895266863,-0.43902573047778,-1.17332181098952,0.0152822700148413,-1.2736696937254,-1.1603681679367,-0.386765993134607,0.150401087625891
"2220",0,-0.346763866306412,-1.17387929654563,-2.50620159389084,0.773219575117836,-0.455954039378794,-0.416428649433891,-0.135962069060475,-0.0247411626405223,-0.885834974520937,-1.83858858933949,0.0768464655884069,0.922682789033507,-1.40155863315559,-0.540830462877054,-0.1555961886108,-0.0445734002443183,-0.741918245459386,-0.26973131945978,1.35126184960675,-1.01694293969422,-0.499644620343163,2.80619100884765,-0.113860786417039,0.0337041416019022,0.527433042140173,0.924647769019562,0.303404642107127,-1.05790836414838,0.700605947741373,2.48421434313301,-0.048236570436645,-0.0330109162638679,2.76184224765403,1.33132611434538,1.09627321067543,0.950766487281889,1.1603029827845,0.538668892639716,0,-0.0930309953194633,0.527366528655686,0.247053209518791,0.122568577127024,1.11440709687275,1.27008134505226,-0.569033328961901,-0.0998707974396848,0.034815097383149,-0.410266899197836,-1.38433934890509,-1.91880986810783,0.979782328328481,0.127795813586543,-0.767532904424768,-0.202993708003753,-0.0191459895266863,-0.303642030474405,-1.42180474559723,-2.5118039208,0.904845870642121,-0.300986710514968,-0.527680489439249,-0.177318504788345
"2221",0,-0.346763866306412,0.115841786710785,0.990200011287507,0.994701386553687,1.51206153486365,0.756839985377011,-0.135962069060475,-0.0247411626405223,-0.640995384823577,-1.20068635358845,-1.1641017596378,-0.552740656252641,1.26492547436109,1.18373465936035,-0.1555961886108,-0.0445734002443183,-0.994174624424433,-1.62956752949562,-1.06690623105298,-0.526887708770123,1.24678870278565,0.834006018360537,-0.113860786417039,-0.0382639442739243,-0.759253601238671,-0.057768335128474,0.573021911303236,1.00657188464015,0.869259661721474,0.17013722254388,-0.141748189354726,-0.0330109162638679,-0.639535815693025,1.01162176943728,0.935312461488958,0.796848787706707,0.139152767932202,0.315362825388311,0,-0.0930309953194633,-0.481588184154324,-0.830535908145318,1.05230491728436,0.322404541374051,-1.48080674570224,-0.797595882078731,-0.0998707974396848,-0.0692112518235939,-0.410266899197836,-0.723876342653155,1.19219966462977,-0.707831402641512,-1.55967039733413,-0.767532904424768,-0.202993708003753,-0.0191459895266863,-0.303642030474405,0.227875950681732,0.704487594782526,-1.86781030218927,-1.1603681679367,-0.527680489439249,-0.177318504788345
"2222",0,-0.346763866306412,1.4055628699672,1.11777745389911,-0.777153104933116,-0.992685559626734,-0.416428649433891,-0.135962069060475,-0.0247411626405223,1.64788288183065,0.999757862091843,-0.419532824502074,1.13345756693153,-1.06492873723642,-0.540830462877054,-0.1555961886108,-0.0445734002443183,2.13836033757054,0.41018678555814,-1.12999301782559,1.2699814712849,-0.182111288865197,-0.574697546273115,-0.113860786417039,-0.0382639442739243,0.849104702984884,-0.22150435248648,-1.56081868739673,0.847765711656421,-0.301266633903012,-0.650039470011399,-0.048236570436645,-0.0330109162638679,-0.124996466889928,-1.2263086449194,-0.253677809963381,0.950766487281889,-1.22238085187086,-0.831486854781667,0,-0.0930309953194633,-0.481588184154324,-0.984477210668762,0.12058311326144,0.63920556357353,-1.48080674570224,-0.797595882078731,-0.0998707974396848,-0.0692112518235939,-0.410266899197836,-0.328780595364958,1.19219966462977,-0.145293492318181,-0.884683912965861,-0.362274353239232,-0.202993708003753,-0.0191459895266863,-0.303642030474405,1.22873149473262,0.93422270303842,0.904845870642121,1.58965249581285,1.68417507192279,-0.177318504788345
"2223",0,-0.346763866306412,-0.0991117271652847,-0.641454071129054,0.551737763681986,1.86988254836228,2.81006009629609,-0.135962069060475,-0.0247411626405223,0.33995244374252,0.999757862091843,1.06960504576937,0.290358455339444,-0.0550390494789284,0.198268875224692,-0.1555961886108,-0.0445734002443183,1.27427676266156,0.92012536432158,-0.961657113219938,-1.18029468333559,-1.29347794903808,-0.574697546273115,-0.113860786417039,-0.0382639442739243,3.10080632889786,0.59717573430355,-0.374494750439731,-0.899102191164647,-1.3031392155474,-0.650039470011399,-0.049335153206293,-0.0330109162638679,0.977058063908174,1.33132611434538,0.453714735702203,0.950766487281889,-0.541614041969328,-0.831486854781667,0,-0.106956318970248,-0.481588184154324,-0.984477210668762,-0.500564756087173,1.27280760797249,-0.277293205997144,-0.797595882078731,-0.0998707974396848,-0.0692112518235939,-0.410266899197836,-1.38433934890509,0.0255710898531705,1.16729496510292,-0.677294794341662,-0.767532904424768,-0.202993708003753,-0.0191459895266863,-0.303642030474405,0.628218168302089,0.704487594782526,-1.07562282423745,-1.1603681679367,-0.527680489439249,-0.177318504788345
"2224",0,-0.346763866306412,-0.529018754917424,0.0578262499066152,0.551737763681986,-0.455954039378794,-0.416428649433891,-0.135962069060475,-0.064995348517452,-0.640995384823577,0.082906105558388,-0.171343179456834,-0.552740656252641,0.786535690318983,-0.540830462877054,-0.1555961886108,-0.0445734002443183,0.698221046055578,0.92012536432158,-0.961657113219938,-1.17247555537635,-0.182111288865197,0.0525771606870592,-0.0149773436387733,-0.0382639442739243,0.205761381295462,0.924647769019562,-1.05239414298659,-1.53432688309958,-0.802202924725205,0.990313915099158,-0.048236570436645,-0.0330109162638679,0.548824459676925,0.532065252075134,-1.15717727793518,-1.73997671328813,-0.881997446920094,1.17550008551579,0,-0.0930309953194633,-0.145269946550987,0.400994512042235,-1.12171262543579,-1.26160056962335,-0.621154217341457,0.80234198973908,0.253823945730683,-0.0692112518235939,-0.410266899197836,0.550851699251816,-1.14105748492343,-0.680618336705521,0.802782297954812,-0.362274353239232,-0.202993708003753,-0.0191459895266863,-0.303642030474405,-0.772979593369162,0.245017378270736,0.706799001154165,0.386518455422421,-0.527680489439249,-0.177318504788345
"2225",0,-0.346763866306412,-1.06230662254181,-0.348933685370027,-0.112707670625565,-0.992685559626734,-0.416428649433891,-0.135962069060475,-0.0247411626405223,-0.640995384823577,-0.283834597054994,0.309257149303617,-1.60661454574275,-1.40155863315559,-0.540830462877054,-0.1555961886108,-0.0445734002443183,-0.1658625288534,0.887196868549853,0.385030123625297,-1.28954183289243,-1.29347794903808,0.552265305433806,-0.113860786417039,-0.0382639442739243,1.49244802467431,1.08838378637757,0.133929793970413,-0.899102191164647,0.674098799324493,3.45084399276499,0.311306048409705,-0.0330109162638679,0.597328934614995,1.33132611434538,1.09627321067543,0.180937569254654,1.1603029827845,1.08510352489958,0,-0.329382068445775,-0.481588184154324,-0.214770698051542,0.275870080598593,1.11440709687275,0.754289828035795,-0.797595882078731,-0.0998707974396848,-0.0692112518235939,-0.410266899197836,-1.38433934890509,-0.36330510173903,1.16729496510292,-1.05343053405793,-0.767532904424768,-0.300504944064732,-0.0191459895266863,-0.303642030474405,-1.17332181098952,-0.214452838241053,0.310705262178251,-1.1603681679367,-0.527680489439249,-0.177318504788345
"2226",0,-0.346763866306412,-0.314065241041354,0.524013130597061,-0.777153104933116,-0.992685559626734,-0.495091361703566,-0.135962069060475,-0.0247411626405223,-0.640995384823577,0.816387510785152,0.325036110633647,0.922682789033507,-0.0550390494789284,-0.540830462877054,-0.1555961886108,-0.0445734002443183,0.122165329449593,0.7501458380671,-1.12999301782559,-1.01694293969422,0.929255371307683,0.834006018360537,-0.113860786417039,-0.0382639442739243,0.527433042140173,0.433439716945544,-1.56081868739673,-1.53432688309958,0.19966965691918,1.53709837680268,-0.048236570436645,-0.0330109162638679,0.597328934614995,0.691917424529183,-1.47909877630812,-1.73997671328813,-0.201230637018563,1.46221250555829,0,-0.0930309953194633,0.863684766259023,1.01675972213601,-1.12171262543579,-1.26160056962335,0.926220333707951,0.57377943662225,-0.0998707974396848,-0.0692112518235939,-0.410266899197836,1.25455753494524,0.0255710898531705,-0.0944744525919565,0.634035676862745,-0.564903628832,-0.202993708003753,-0.0191459895266863,-0.303642030474405,-0.172466266938626,0.704487594782526,0.339687670970923,-0.280071364432989,-0.527680489439249,-0.177318504788345
"2227",0,-0.346763866306412,-1.17387929654563,-1.57382783250995,0.994701386553687,-0.0452409546134435,-0.416428649433891,-0.135962069060475,-0.0247411626405223,-0.640995384823577,-1.48895707535228,0.325036110633647,0.129989226930251,-1.233243685196,-0.540830462877054,-0.1555961886108,-0.0445734002443183,-0.741918245459386,-0.43971084571426,1.20860686948025,-0.363535965128757,-0.975944617560112,0.270524592507076,-0.113860786417039,-0.0382639442739243,0.205761381295462,1.08838378637757,0.981304034653986,0.0537348467377536,1.20154223856357,2.90405953106147,-0.048236570436645,-0.0384347443813074,0.929856943354226,1.33132611434538,1.09627321067543,0.950766487281889,1.1603029827845,1.20882543790358,0,-0.0930309953194633,-0.145269946550987,-0.368712000574986,-0.34527778875002,1.27280760797249,1.09815083938011,-0.111908222728241,-0.0998707974396848,-0.0692112518235939,-0.331391318844372,-1.3554066548945,-1.14105748492343,1.16729496510292,0.29654243467861,-0.343594911610625,-0.202993708003753,-0.0191459895266863,-0.303642030474405,-1.17332181098952,-1.13339327126463,0.904845870642121,-0.644739293483662,-0.527680489439249,-0.177318504788345
"2228",0,-0.346763866306412,-0.0991117271652847,0.524013130597061,0.551737763681986,0.0807774808691453,-0.416428649433891,-0.135962069060475,-0.0247411626405223,-0.640995384823577,0.082906105558388,-1.66048104972828,-1.81738932364077,0.476616381938148,-0.255515845345754,-0.1555961886108,-0.0445734002443183,-0.167504175827777,0.24020725930366,-0.961657113219938,0.12651926579534,0.452955374090734,-0.574697546273115,-0.113860786417039,-0.0382639442739243,-0.759253601238671,-0.385240369844486,0.642354338380556,1.00657188464015,-0.301266633903012,-0.650039470011399,-0.048236570436645,-0.0330109162638679,-0.639535815693025,-0.746752127557253,1.09627321067543,-0.394605113003119,-1.56276425682162,-0.831486854781667,0,-0.246939886610341,-0.481588184154324,0.708877117089123,0.431157047935746,0.63920556357353,-1.30887624003008,-0.797595882078731,-0.0998707974396848,-0.0692112518235939,-0.410266899197836,1.07863107602188,-1.52993367651563,-1.0828566761904,0.465289055770677,-0.767532904424768,-0.202993708003753,-0.0191459895266863,-0.303642030474405,-0.172466266938626,0.704487594782526,0.904845870642121,0.902147329875462,-0.527680489439249,-0.177318504788345
"2229",0,-0.346763866306412,-0.13358040334959,0.524013130597061,-1.66308035067652,-0.992685559626734,-0.506806306125993,-0.135962069060475,-0.0247411626405223,-0.262860251147412,0.44964680817177,-0.0309160395998283,-1.81738932364077,-1.40155863315559,-0.540830462877054,-0.1555961886108,-0.0445734002443183,-0.051742143181147,1.09010489057606,0.113520104219515,-0.15247711020767,-1.29347794903808,-0.574697546273115,-0.113860786417039,-0.0382639442739243,-0.43758194039396,1.08838378637757,1.1507788827907,1.00657188464015,0.19966965691918,-0.650039470011399,-0.048236570436645,0.0107463985881819,-0.0211034405390152,0.569167436169578,-0.67429503037576,-1.73997671328813,-0.201230637018563,1.74892492560078,0,-0.0930309953194633,-0.481588184154324,1.17070102465946,-0.500564756087173,-1.26160056962335,-1.30887624003008,2.40227986155689,-0.0998707974396848,-0.0692112518235939,-0.410266899197836,0.374925240328461,-0.284972965454376,-1.0828566761904,0.465289055770677,1.86664767828122,-0.202993708003753,-0.0191459895266863,-0.303642030474405,-0.372637375748804,0.704487594782526,0.706799001154165,0.386518455422421,-0.0361570313587953,-0.177318504788345
"2230",0,-0.346763866306412,0.115841786710785,0.0578262499066152,0.994701386553687,1.86988254836228,3.98332873110699,2.64618713514716,-0.0247411626405223,-0.640995384823577,0.633017159478461,1.06960504576937,0.290358455339444,0.954850638278565,3.40103267366559,7.67187333573793,-0.0445734002443183,-0.741918245459386,-1.62956752949562,-1.12999301782559,-1.18029468333559,0.929255371307683,3.93315386055457,6.81071689340156,-0.0382639442739243,-0.759253601238671,-1.53139249135053,-1.56081868739673,-1.05790836414838,1.36852100217096,1.61289098426534,-0.048236570436645,-0.0330109162638679,-0.639535815693025,-1.2263086449194,-1.47909877630812,0.278080687139385,1.1603029827845,-0.258062014696678,0,-0.0930309953194633,-0.481588184154324,-0.984477210668762,-0.189990821412867,0.916123463641897,0.410428816691482,-0.797595882078731,-0.0998707974396848,-0.0692112518235939,-0.410266899197836,-1.03248643105838,0.997761568833671,0.792269691554037,-1.39092377624206,-1.04239668744661,-0.202993708003753,-0.0912709356995593,-0.303642030474405,0.027704841871553,0.93422270303842,-0.481482215773575,-1.1603681679367,-0.527680489439249,0.0303640516488094
"2231",0,-0.346763866306412,1.4055628699672,-0.175267190438608,-2.54900759641992,-0.992685559626734,-0.416428649433891,-0.135962069060475,0.20024648215039,1.97486549135268,0.999757862091843,-1.90867069477352,-2.23893887943681,-0.559983893357675,0.198268875224692,0.588903422549433,-0.0445734002443183,2.54290288111632,1.09010489057606,-1.12999301782559,-0.719243599865952,1.24678870278565,1.96096887006746,0.869934050696208,-0.0382639442739243,2.77913466805315,1.34023258926006,-0.205019902303017,0.530153365688954,1.03456347495617,-0.376647239159639,-0.048236570436645,-0.0330109162638679,-0.0211034405390152,-0.0381643368859507,1.09627321067543,0.950766487281889,-0.201230637018563,-0.831486854781667,0,-0.0930309953194633,-0.481588184154324,-0.830535908145318,1.20759188462151,0.322404541374051,-1.48080674570224,-0.797595882078731,-0.0998707974396848,-0.0692112518235939,-0.410266899197836,0.297905518773134,1.19219966462977,-1.27036931296484,-1.55967039733413,-0.711587808428276,-0.202993708003753,-0.0191459895266863,-0.303642030474405,1.17762414047887,0.0152822700148413,-2.01851235903832,-1.1603681679367,-0.527680489439249,-0.177318504788345
"2232",0,-0.0733827329856643,-0.314065241041354,-0.408360630783831,-2.54900759641992,-0.992685559626734,-0.416428649433891,-0.135962069060475,-0.0247411626405223,-0.640995384823577,-0.283834597054994,0.821415400724128,-0.918846950778616,-1.40155863315559,-0.540830462877054,-0.1555961886108,-0.0445734002443183,-0.741918245459386,0.41018678555814,0.553366028230951,-1.18029468333559,-1.29347794903808,-0.574697546273115,-0.113860786417039,-0.0909846830221019,-0.759253601238671,0.924647769019562,-0.0501970093526367,-1.05790836414838,-0.706472895581889,-0.420479939998236,-0.048236570436645,-0.0330109162638679,-0.33031962811602,1.33132611434538,1.09627321067543,0.950766487281889,0.819919577833732,-0.258062014696678,0,-0.0930309953194633,-0.481588184154324,1.47858362970634,0.431157047935746,-0.469598014124647,1.09815083938011,1.03090454285591,-0.0998707974396848,-0.0692112518235939,-0.364580704027225,0.550851699251816,0.608885377241471,0.229731781230706,0.550376967077514,0.0429841979463036,-0.202993708003753,-0.0191459895266863,-0.120790673047957,-0.572808484558983,-0.214452838241053,0.310705262178251,-0.300986710514968,-0.527680489439249,-0.177318504788345
"2233",0,-0.346763866306412,0.545748814462924,0.524013130597061,-0.112707670625565,-0.455954039378794,-0.416428649433891,-0.135962069060475,-0.0247411626405223,0.276969649865151,0.999757862091843,-0.667722469547314,0.501133233237465,0.281590846440236,-0.540830462877054,-0.1555961886108,-0.0445734002443183,-0.1658625288534,-0.309722596327906,-1.20915080716627,0.12651926579534,0.452955374090734,-0.574697546273115,-0.113860786417039,-0.0382639442739243,-0.759253601238671,-1.53139249135053,-1.56081868739673,0.37134719270522,0.032690893311783,-0.650039470011399,-0.048236570436645,-0.0330109162638679,-0.639535815693025,-1.2263086449194,-0.67429503037576,0.782595037246263,-1.56276425682162,-0.831486854781667,0,-0.0930309953194633,-0.481588184154324,0.247053209518791,1.36287885195866,-0.311197503024907,-1.48080674570224,-0.797595882078731,-0.0998707974396848,-0.0692112518235939,1.52669651747532,1.35904034687451,0.997761568833671,-0.332806129092624,-0.884683912965861,-0.564903628832,-0.202993708003753,-0.0147794972883899,-0.0402744687087077,0.628218168302089,0.0152822700148413,0.508752131666208,0.312248120616159,0.701128155761885,-0.177318504788345
"2234",0,-0.346763866306412,-0.618334794497312,-0.641454071129054,0.551737763681986,1.86988254836228,3.10337725499881,-0.135962069060475,-0.0247411626405223,-0.640995384823577,-0.100464245748303,0.573225755678888,-0.974290212048683,0.449905794399818,3.15466622763167,0.822837501932791,-0.0445734002443183,-0.741918245459386,0.24020725930366,1.39504555125922,1.43333321492626,1.24678870278565,1.67922815714073,-0.113860786417039,-0.0382639442739243,-0.759253601238671,-1.53139249135053,-1.56081868739673,-1.37552071011585,1.52245174057866,1.81049060765444,-0.0523388008655379,-0.0330109162638679,-0.639535815693025,-1.2263086449194,-1.47909877630812,-0.899119463109996,0.990111280309114,-0.831486854781667,0,-0.0930309953194633,-0.481588184154324,-0.984477210668762,-0.966425658098632,0.95600658577301,-0.621154217341457,-0.797595882078731,-0.0998707974396848,-0.0692112518235939,-0.410266899197836,-1.38433934890509,-0.75218129333123,0.41724441800515,-1.55967039733413,-0.945143069723787,-0.237752452360511,-0.0191459895266863,-0.303642030474405,-0.440733345831684,0.0152822700148413,-1.2736696937254,-1.1603681679367,-0.527680489439249,-0.177318504788345
"2235",0,-0.346763866306412,0.115841786710785,0.757106570942284,0.896451404030059,1.69097204161296,0.17020566797156,-0.135962069060475,-0.0247411626405223,-0.640995384823577,-1.20068635358845,-1.41229140468304,-0.974290212048683,1.12316558623815,1.18373465936035,-0.1555961886108,-0.111531751188364,-0.741918245459386,-1.62956752949562,-1.12999301782559,-1.18029468333559,1.24678870278565,0.270524592507076,-0.113860786417039,-0.0382639442739243,-0.759253601238671,-1.20392045663452,-0.717103393658857,0.0537348467377536,1.36852100217096,0.443529453395639,-0.048236570436645,-0.0330109162638679,-0.639535815693025,-0.107343437741059,0.452430213929543,0.950766487281889,0.649727875358349,0.602075245430805,0,-0.0930309953194633,-0.481588184154324,-0.984477210668762,-0.34527778875002,0.95600658577301,-1.48080674570224,-0.797595882078731,-0.0998707974396848,-0.0692112518235939,-0.410266899197836,-1.20841288998173,0.997761568833671,-0.895344039415955,-1.55967039733413,-0.767532904424768,-0.161012033556202,-0.0191459895266863,-0.303642030474405,0.42804705949191,0.0152822700148413,-2.26390404116519,-1.27114584926852,-0.527680489439249,-0.177318504788345
"2236",0,-0.346763866306412,-1.17387929654563,-0.641454071129054,0.773219575117836,-0.0981330258801679,-0.416428649433891,-0.135962069060475,-0.0247411626405223,-0.640995384823577,-0.467204948361685,1.06960504576937,1.13345756693153,-0.391668945398093,-0.440380295120173,-0.1555961886108,-0.0445734002443183,-0.1658625288534,1.09010489057606,1.56338145586488,1.43333321492626,-0.658411286082146,-0.574697546273115,-0.11054509355896,-0.0382639442739243,-0.43758194039396,0.760911751661556,1.1507788827907,1.00657188464015,-0.304895695245304,-0.650039470011399,-0.048236570436645,-0.0887427223330369,-0.639535815693025,-1.2263086449194,0.452430213929543,0.950766487281889,-0.881997446920094,-0.831486854781667,0,-0.0275293613058708,-0.481588184154324,-0.984477210668762,1.36287885195866,1.27280760797249,-1.30887624003008,-0.797595882078731,-0.0998707974396848,-0.0692112518235939,-0.410266899197836,-1.38433934890509,0.608885377241471,1.16729496510292,-0.378444049689659,-0.767532904424768,-0.202993708003753,-0.0191459895266863,-0.303642030474405,-1.17332181098952,-1.13339327126463,0.112658392690295,0.902147329875462,-0.527680489439249,-0.177318504788345
"2237",0,-0.346763866306412,-0.529018754917424,-0.175267190438608,-2.54900759641992,-0.992685559626734,-0.416428649433891,-0.135962069060475,-0.0247411626405223,-0.640995384823577,0.082906105558388,-0.419532824502074,-2.23893887943681,-1.40155863315559,-0.540830462877054,-0.1555961886108,-0.0445734002443183,-0.741918245459386,1.09010489057606,-0.28831349479732,-1.18029468333559,-1.29347794903808,-0.574697546273115,-0.113860786417039,-0.0382639442739243,-0.115910279549249,1.08838378637757,-0.71344444671316,-0.899102191164647,-0.969181688332602,-0.650039470011399,-0.049335153206293,-0.0330109162638679,0.28811274703799,1.33132611434538,1.09627321067543,-0.0600855352310628,1.1603029827845,0.8887876654733,0,-0.0930309953194633,0.19104829105235,1.47858362970634,-0.189990821412867,-1.26160056962335,-0.4492237116693,2.17371730844006,-0.0998707974396848,-0.0692112518235939,-0.410266899197836,1.25455753494524,-0.55774319753513,-1.27036931296484,0.465289055770677,1.46138912709568,-0.202993708003753,-0.0191459895266863,-0.303642030474405,-0.372637375748804,0.474752486526631,0.904845870642121,0.730271038391115,0.209604697681432,-0.177318504788345
"2238",0,-0.346763866306412,0.330795300586854,0.757106570942284,-1.22011672780482,-0.992685559626734,-0.416428649433891,-0.135962069060475,-0.064995348517452,-0.640995384823577,0.633017159478461,0.573225755678888,0.501133233237465,-1.3461133554549,-0.540830462877054,-0.1555961886108,-0.0445734002443183,-0.741918245459386,-1.11962895073218,-0.456649399402975,0.943277984002168,-1.29347794903808,-0.574697546273115,-0.113860786417039,-0.0382639442739243,-1.34203475656894,-1.53139249135053,-0.205019902303017,-0.10507132624598,-1.3031392155474,-0.650039470011399,-0.048236570436645,-0.0330109162638679,-0.639535815693025,-1.2263086449194,0.00545401754412866,-0.899119463109996,-1.56276425682162,-0.831486854781667,0,-0.0930309953194633,-0.481588184154324,-0.52265330309843,1.36287885195866,-1.10320005852361,-1.48080674570224,-0.797595882078731,-0.0998707974396848,-0.0692112518235939,-0.410266899197836,0.550851699251816,0.803323473037571,0.0422191444562627,0.465289055770677,1.46138912709568,1.39694555745639,-0.0191459895266863,-0.303642030474405,0.227875950681732,0.704487594782526,-0.0853884767976621,0.214642163938074,1.68417507192279,2.44807774115328
"2239",0,0.767805440878689,0.545748814462924,0.757106570942284,0.330255952246136,-0.813775052877421,-0.416428649433891,-0.135962069060475,-0.0247411626405223,1.32090027230862,0.633017159478461,-0.667722469547314,1.13345756693153,-0.728298841317257,-0.540830462877054,-0.1555961886108,-0.0445734002443183,0.122165329449593,-0.60969037196874,-0.961657113219938,1.10662972764353,-0.658411286082146,-0.574697546273115,-0.113860786417039,-0.0382639442739243,-0.759253601238671,-0.876448421918504,0.811829186517271,1.00657188464015,-0.802202924725205,-0.650039470011399,-0.048236570436645,-0.0330109162638679,-0.639535815693025,0.212360907167038,0.452430213929543,0.614423587210637,1.1603029827845,0.085984392028904,0,-0.0930309953194633,-0.481588184154324,-0.984477210668762,-1.12171262543579,-1.26160056962335,1.27008134505226,1.03090454285591,-0.0998707974396848,-0.0692112518235939,1.04245566330703,0.726778158175171,0.220009185649271,0.0422191444562627,1.14027554013895,0.650872024724607,-0.202993708003753,-0.0191459895266863,0.728815661816031,0.828389277112268,0.474752486526631,0.706799001154165,0.558394746906768,-0.527680489439249,-0.177318504788345
"2240",0,-0.346763866306412,-0.233821480269951,0.290919690251838,0.773219575117836,-0.455954039378794,-0.416428649433891,-0.135962069060475,-0.0247411626405223,0.33995244374252,0.999757862091843,-1.90867069477352,-0.552740656252641,-0.728298841317257,-0.540830462877054,-0.1555961886108,-0.0445734002443183,0.261320112919867,1.09010489057606,-0.624985304008629,0.453222753078071,-1.29347794903808,-0.574697546273115,-0.113860786417039,-0.0909846830221019,-0.759253601238671,-0.22150435248648,1.1507788827907,-0.58148984519718,-1.3031392155474,-0.650039470011399,-0.048236570436645,-0.0330109162638679,-0.639535815693025,-0.267195610195108,0.291469464743071,0.109909237103759,-0.563664348221497,-0.544774434739172,0,-0.0930309953194633,-0.145269946550987,1.01675972213601,-0.655851723424326,-1.26160056962335,0.0665678053471691,0.57377943662225,-0.0998707974396848,-0.0692112518235939,0.558214809138742,1.07863107602188,-1.72437177231173,-1.83290722328817,-0.0409508075055244,-0.159645077646464,-0.202993708003753,-0.0191459895266863,-0.303642030474405,-0.372637375748804,0.245017378270736,0.508752131666208,0.386518455422421,-0.527680489439249,-0.177318504788345
"2241",0,-0.346763866306412,0.545748814462924,0.524013130597061,0.00452964083745534,-0.634864546128108,-0.416428649433891,-0.135962069060475,-0.0247411626405223,0.0129698342204877,0.633017159478461,-1.66048104972828,0.0795836774414227,0.786535690318983,-0.540830462877054,-0.1555961886108,-0.0445734002443183,-0.741918245459386,0.92012536432158,-1.12999301782559,-0.200184221487392,1.24678870278565,0.552265305433806,0.0982026057844129,-0.0382639442739243,-0.759253601238671,0.59717573430355,-0.0355450541663019,0.847765711656421,1.20154223856357,0.990313915099158,-0.048236570436645,-0.0330109162638679,-0.764817940283709,-1.2263086449194,-0.67429503037576,-1.5718052632525,-0.371422339493946,1.74892492560078,0,-0.0930309953194633,-0.481588184154324,-0.984477210668762,-1.12171262543579,-1.26160056962335,-0.621154217341457,1.94515475532323,-0.0998707974396848,-0.0692112518235939,-0.410266899197836,0.726778158175171,-1.33549558071953,-1.83290722328817,-0.0409508075055244,0.853501300317375,-0.202993708003753,-0.0191459895266863,-0.303642030474405,0.227875950681732,0.474752486526631,0.706799001154165,1.07402362135981,0.165729497032569,-0.177318504788345
"2242",0,-0.346763866306412,1.4055628699672,0.524013130597061,0.108774140810285,1.15424052136502,0.463522826674285,-0.135962069060475,-0.0247411626405223,-0.640995384823577,0.816387510785152,0.0768464655884069,-0.131191100456599,0.113275898480654,-0.294464016843139,-0.1555961886108,-0.0445734002443183,-0.1658625288534,1.09010489057606,-0.119977590191666,0.0812430949709335,-0.975944617560112,-0.574697546273115,-0.113860786417039,-0.0382639442739243,0.527433042140173,1.08838378637757,1.1507788827907,1.00657188464015,1.20154223856357,-0.376647239159639,-0.048236570436645,-0.0330109162638679,-0.639535815693025,-0.586899955103205,-0.835255779562232,-1.06729091314562,1.1603029827845,1.46221250555829,0,-0.0930309953194633,-0.481588184154324,-0.830535908145318,-1.12171262543579,-1.26160056962335,0.238498311019326,0.80234198973908,-0.0998707974396848,-0.0692112518235939,1.52669651747532,0.726778158175171,-1.91880986810783,-0.130538861462835,0.802782297954812,0.0429841979463036,-0.202993708003753,-0.0191459895266863,0.728815661816031,1.4289026035428,0.93422270303842,0.904845870642121,-0.129110419030621,-0.527680489439249,-0.177318504788345
"2243",0,-0.346763866306412,-0.0991117271652847,0.0414136814301079,-2.54900759641992,-0.992685559626734,-0.370090480159207,-0.135962069060475,-0.0247411626405223,-0.640995384823577,0.082906105558388,0.0768464655884069,-2.23893887943681,-1.40155863315559,-0.45046735626997,-0.1555961886108,-0.0445734002443183,-0.741918245459386,0.612286072799012,0.553366028230951,-1.18029468333559,-1.29347794903808,-0.574697546273115,-0.113860786417039,-0.0382639442739243,-0.759253601238671,0.760911751661556,0.811829186517271,-0.422683672213447,-1.13616045194,-0.650039470011399,-0.048236570436645,-0.0330109162638679,0.28811274703799,1.33132611434538,1.09627321067543,0.950766487281889,0.819919577833732,-0.462258759989841,0,-0.0930309953194633,1.20000300386236,1.58801504004114,1.36287885195866,0.322404541374051,1.09815083938011,1.21342821451561,-0.0244206084108354,-0.0692112518235939,0.719289885335201,0.902704617098525,1.19219966462977,0.229731781230706,0.971528919046879,1.46138912709568,-0.202993708003753,-0.0191459895266863,-0.303642030474405,-0.372637375748804,0.0152822700148413,0.508752131666208,1.24589991284416,0.209604697681432,-0.177318504788345
"2244",0,-0.346763866306412,-1.17387929654563,-0.641454071129054,0.994701386553687,-0.0981330258801679,-0.416428649433891,-0.135962069060475,-0.0247411626405223,-0.314012775301545,0.266276456865079,0.821415400724128,0.922682789033507,-0.0550390494789284,-0.540830462877054,-0.1555961886108,-0.0445734002443183,1.27427676266156,0.58016631181262,-0.28831349479732,1.2699814712849,-0.450400492292433,-0.574697546273115,-0.113860786417039,-0.0382639442739243,-0.759253601238671,-1.36765647399252,-0.543969598576446,0.957946420069947,-1.3031392155474,-0.650039470011399,-0.049335153206293,-0.0539306280597664,-0.639535815693025,-1.2263086449194,-0.191412782816345,0.950766487281889,-1.56276425682162,-0.831486854781667,0,-0.0930309953194633,-0.481588184154324,-0.984477210668762,0.275870080598593,0.79760607467327,-1.48080674570224,-0.797595882078731,-0.0998707974396848,-0.0692112518235939,-0.410266899197836,-0.972659175983284,0.414447281445371,-0.332806129092624,-0.884683912965861,-0.159645077646464,-0.290626240292357,-0.0191459895266863,-0.303642030474405,-1.17332181098952,-0.214452838241053,0.904845870642121,1.4177762043285,0.701128155761885,-0.177318504788345
"2245",0,-0.346763866306412,-0.529018754917424,-0.729993678753592,0.330255952246136,-0.263866104452236,-0.416428649433891,-0.135962069060475,-0.0247411626405223,-0.640995384823577,0.266276456865079,0.821415400724128,0.0795836774414227,0.113275898480654,-0.540830462877054,-0.1555961886108,-0.0445734002443183,-0.453890387156393,1.09010489057606,-0.456649399402975,-1.18029468333559,1.08802203704667,-0.574697546273115,-0.113860786417039,-0.0382639442739243,0.849104702984884,0.59717573430355,-1.26729630992952,-1.53432688309958,0.867584711348771,0.990313915099158,-0.048236570436645,-0.0330109162638679,1.52497749734601,0.212360907167038,-1.47909877630812,-1.73997671328813,0.649727875358349,1.46221250555829,0,-0.0930309953194633,0.863684766259023,0.862818419612568,-1.06735112342444,-1.26160056962335,0.754289828035795,1.25946709597274,-0.0998707974396848,-0.0692112518235939,1.04245566330703,0.5619404769699,-1.14105748492343,0.0422191444562627,1.14027554013895,0.245613473539072,-0.202993708003753,-0.0191459895266863,-0.303642030474405,-0.572808484558983,-0.903658163008738,0.310705262178251,1.4177762043285,-0.0361570313587953,-0.177318504788345
"2246",0,-0.346763866306412,0.330795300586854,0.524013130597061,0.994701386553687,0.438598494367772,0.00998600010551303,-0.135962069060475,-0.0247411626405223,-0.640995384823577,-1.01731600228176,-0.419532824502074,0.501133233237465,-0.223353997438511,-0.540830462877054,-0.1555961886108,-0.0445734002443183,-0.741918245459386,-1.8580932822431,-1.12999301782559,0.943277984002168,-0.817177951821129,-0.574697546273115,-0.0830704612005909,-0.0382639442739243,-0.759253601238671,-0.876448421918504,-0.205019902303017,1.00657188464015,0.032690893311783,0.443529453395639,-0.048236570436645,-0.0330109162638679,-0.0211034405390152,1.33132611434538,1.09627321067543,0.446252137175011,0.479536172882967,0.315362825388311,0,-0.0930309953194633,-0.145269946550987,-0.52265330309843,1.05230491728436,-0.944799547423866,-1.48080674570224,-0.797595882078731,-0.0998707974396848,-0.0692112518235939,-0.410266899197836,-1.03248643105838,0.803323473037571,-1.00231115386775,-1.55967039733413,-0.767532904424768,-0.198484425773747,-0.0191459895266863,-0.303642030474405,0.42804705949191,0.245017378270736,-2.26390404116519,-1.1603681679367,-0.527680489439249,-0.177318504788345
"2247",0,-0.346763866306412,-0.131522258996923,0.290919690251838,0.994701386553687,-0.036955825598577,-0.416428649433891,-0.135962069060475,-0.0247411626405223,0.993917662786584,0.999757862091843,1.06960504576937,0.290358455339444,0.954850638278565,-0.294464016843139,-0.1555961886108,-0.0445734002443183,1.85033247926755,1.09010489057606,-0.312364573691212,-1.18029468333559,1.24678870278565,0.552265305433806,-0.113860786417039,-0.0382639442739243,1.17077636382959,1.08838378637757,-0.882919294849875,-1.53432688309958,0.867584711348771,1.00453724612064,-0.048236570436645,-0.0330109162638679,1.83419368492302,0.851769596983231,-1.47909877630812,-1.73997671328813,-0.0271481594894445,1.17550008551579,0,-0.0930309953194633,0.863684766259023,1.47858362970634,-1.12171262543579,-1.26160056962335,0.410428816691482,1.03090454285591,-0.0998707974396848,-0.0692112518235939,0.558214809138742,1.25455753494524,-0.75218129333123,-0.145293492318181,1.14027554013895,0.245613473539072,-0.202993708003753,-0.0191459895266863,-0.303642030474405,-0.173129538088783,0.93422270303842,0.904845870642121,0.730271038391115,-0.527680489439249,-0.177318504788345
"2248",0,-0.346763866306412,-1.17387929654563,-1.57382783250995,0.108774140810285,1.29308338251599,1.93010862018791,-0.135962069060475,-0.0247411626405223,-0.314012775301545,-0.347151014334507,1.06960504576937,0.922682789033507,1.29148053419773,0.691001767292522,-0.1555961886108,-0.0445734002443183,2.13836033757054,1.09010489057606,1.05837374204791,0.605343420574071,1.24678870278565,-0.0112161204196545,-0.113860786417039,-0.0382639442739243,0.205761381295462,0.433439716945544,0.642354338380556,0.688959538672687,1.36852100217096,-0.0025313636338172,-0.048236570436645,-0.0330109162638679,-0.639535815693025,-1.2263086449194,-1.47909877630812,-0.394605113003119,0.990111280309114,-0.831486854781667,0,-0.0930309953194633,-0.481588184154324,-0.984477210668762,-1.12171262543579,0.63920556357353,0.679900023057472,-0.797595882078731,-0.0998707974396848,-0.0692112518235939,-0.410266899197836,-1.38433934890509,-1.0597716199224,0.894765671589209,-0.209697428597592,-0.767532904424768,-0.202993708003753,-0.0191459895266863,-0.303642030474405,-1.17332181098952,-1.36312837952053,0.904845870642121,0.0239283511072006,-0.527680489439249,-0.177318504788345
"2249",0,-0.346763866306412,-0.529018754917424,0.524013130597061,0.994701386553687,1.33315102811434,1.34347430278246,-0.135962069060475,-0.0247411626405223,-0.62174656837163,0.44964680817177,-1.1641017596378,-2.02816410153879,0.786535690318983,3.40103267366559,0.822837501932791,-0.0445734002443183,-0.741918245459386,0.41018678555814,-0.28831349479732,-1.18029468333559,0.294188708351751,2.80619100884765,-0.113860786417039,-0.0382639442739243,-0.759253601238671,-0.22150435248648,0.811829186517271,0.37134719270522,1.03456347495617,-0.10325500830788,-0.048236570436645,-0.0330109162638679,-0.639535815693025,-1.2263086449194,-0.835255779562232,0.614423587210637,-0.541614041969328,-0.831486854781667,0,-0.0930309953194633,-0.481588184154324,-0.984477210668762,-0.34527778875002,0.79760607467327,-1.48080674570224,-1.27588532230774,-0.0998707974396848,-0.0692112518235939,-0.410266899197836,-1.38433934890509,0.608885377241471,-0.707831402641512,-1.55967039733413,-0.767532904424768,-0.202993708003753,-0.0191459895266863,-0.303642030474405,-0.772979593369162,-0.214452838241053,-1.62959639796658,-1.1603681679367,-0.382302691381316,-0.177318504788345
"2250",0,1.88237474806379,-0.314065241041354,-1.1076409518195,0.330255952246136,1.69097204161296,0.17020566797156,-0.135962069060475,-0.0247411626405223,3.93676114848487,0.999757862091843,1.06960504576937,0.922682789033507,1.29148053419773,0.691001767292522,-0.1555961886108,-0.0445734002443183,-0.453890387156393,-0.9496494244777,-1.12999301782559,1.10662972764353,1.05804968688316,-0.574697546273115,-0.113860786417039,-0.0382639442739243,-0.759253601238671,-1.53139249135053,-1.56081868739673,1.00657188464015,0.700605947741373,-0.855670205162487,-0.048236570436645,-0.0330109162638679,-0.53638219009868,-1.2263086449194,-0.238682990784226,0.950766487281889,-0.371422339493946,-0.611528442765281,0,-0.0930309953194633,-0.481588184154324,-0.984477210668762,-0.34527778875002,1.27280760797249,-0.277293205997144,-0.797595882078731,-0.0998707974396848,-0.0692112518235939,-0.410266899197836,-1.38433934890509,-0.94661938912733,1.16729496510292,-0.547190670781726,-0.767532904424768,-0.202993708003753,-0.0912709356995593,-0.303642030474405,-1.17332181098952,-1.13339327126463,0.904845870642121,0.386518455422421,-0.527680489439249,-0.177318504788345
"2251",0,-0.346763866306412,-1.17387929654563,-1.80692127285517,0.994701386553687,0.796419507866398,-0.416428649433891,-0.284923655177389,-0.064995348517452,-0.640995384823577,-2.04143807746777,-1.1641017596378,1.13345756693153,-0.184462811759753,-0.540830462877054,-0.217347027402102,-0.0445734002443183,-0.741918245459386,-1.62956752949562,1.39504555125922,0.539672190511634,-1.06578227905761,-0.574697546273115,-0.162062978082149,-0.0382639442739243,-0.759253601238671,-0.057768335128474,0.981304034653986,-1.21671453713211,-1.13616045194,0.290938683378081,-0.048236570436645,-0.0330109162638679,2.76184224765403,1.33132611434538,-0.0304520336298728,-0.899119463109996,0.39491568175498,1.17550008551579,0,-0.0930309953194633,2.20895771667237,1.1688363910195,1.36287885195866,1.27280760797249,1.27008134505226,-0.569033328961901,-0.0846641266173783,-0.0692112518235939,-0.410266899197836,-1.03248643105838,-0.36330510173903,1.16729496510292,0.29654243467861,-0.767532904424768,-0.202993708003753,-0.0191459895266863,-0.303642030474405,-1.17332181098952,-1.36312837952053,0.904845870642121,-0.129110419030621,-0.527680489439249,-0.177318504788345
"2252",0,-0.346763866306412,-0.529018754917424,0.0578262499066152,0.773219575117836,-0.750970428209848,-0.416428649433891,-0.404034063234352,-0.0247411626405223,0.0129698342204877,0.816387510785152,-1.41229140468304,-2.23893887943681,-1.40155863315559,-0.540830462877054,-0.1555961886108,-0.0445734002443183,0.410193187752585,0.7501458380671,-0.793321208614283,0.289871009436705,0.929255371307683,1.67922815714073,-0.113860786417039,-0.0382639442739243,-0.43758194039396,0.59717573430355,1.1507788827907,0.688959538672687,-0.635224161117807,-0.650039470011399,-0.048236570436645,-0.0330109162638679,-0.639535815693025,0.0525087347129891,1.09627321067543,-0.73094801307437,-1.56276425682162,-0.831486854781667,0,-0.0930309953194633,-0.481588184154324,0.708877117089123,0.586444015272899,1.11440709687275,-1.48080674570224,-0.797595882078731,-0.0998707974396848,-0.0692112518235939,-0.569615268125704,0.135066822092569,-0.94661938912733,0.41724441800515,-1.22217715515,-0.767532904424768,-0.202993708003753,-0.0191459895266863,-0.303642030474405,-0.486904974135024,0.0152822700148413,0.306370828601301,-0.644739293483662,-0.527680489439249,-0.386505638279678
"2253",0,-0.346763866306412,-0.314065241041354,0.524013130597061,0.994701386553687,0.438598494367772,-0.416428649433891,-0.135962069060475,-0.0247411626405223,0.33995244374252,0.999757862091843,1.06960504576937,1.13345756693153,1.29148053419773,-0.540830462877054,-0.1555961886108,-0.0445734002443183,0.122165329449593,-0.0997517932053001,-0.456649399402975,1.43333321492626,1.24678870278565,0.552265305433806,-0.113860786417039,-0.0382639442739243,-0.395665999797389,-1.20392045663452,1.1507788827907,1.00657188464015,1.36852100217096,3.17745176191323,-0.048236570436645,-0.0330109162638679,-0.639535815693025,-0.906604300011301,0.613390963116015,0.950766487281889,0.479536172882967,-0.258062014696678,0,-0.0930309953194633,-0.481588184154324,-0.984477210668762,0.277714552299184,1.27280760797249,-0.703484517115468,-0.797595882078731,-0.0998707974396848,-0.0692112518235939,-0.410266899197836,-1.38433934890509,0.608885377241471,0.286606309021641,-1.55967039733413,-0.767532904424768,-0.202993708003753,-0.0191459895266863,-0.303642030474405,-0.172466266938626,0.525818485162761,-1.66976343270132,-1.1603681679367,-0.527680489439249,-0.177318504788345
"2254",0,2.99694405524889,1.4055628699672,0.990200011287507,0.994701386553687,1.86988254836228,0.756839985377011,-0.135962069060475,-0.0247411626405223,1.97486549135268,0.082906105558388,-1.41229140468304,-1.39583976784473,0.618220742359401,3.15466622763167,-0.1555961886108,-0.0445734002443183,-0.453890387156393,-1.62956752949562,-1.12999301782559,-0.200184221487392,1.08802203704667,2.24270958299419,-0.113860786417039,-0.0382639442739243,-0.759253601238671,-1.53139249135053,-0.0235473394457962,1.00657188464015,-0.134287870295615,-0.650039470011399,-0.048236570436645,-0.0330109162638679,-0.639535815693025,-1.2263086449194,0.19931126092432,0.614423587210637,-1.39257255434624,-0.831486854781667,0,-0.0930309953194633,-0.481588184154324,-0.984477210668762,-0.966425658098632,1.11440709687275,0.0665678053471691,-0.797595882078731,-0.0998707974396848,-0.0692112518235939,-0.410266899197836,-0.328780595364958,-1.52993367651563,0.604757054779594,0.465289055770677,-0.767532904424768,-0.202993708003753,-0.0191459895266863,1.76127335410647,2.02941592997334,0.93422270303842,0.508752131666208,-0.644739293483662,-0.527680489439249,-0.177318504788345
"2255",0,-0.346763866306412,0.545748814462924,0.0578262499066152,0.773219575117836,1.86988254836228,1.34347430278246,-0.135962069060475,-0.0247411626405223,1.32090027230862,0.999757862091843,1.06960504576937,0.711908011135486,-0.0550390494789284,-0.540830462877054,-0.1555961886108,-0.0445734002443183,2.71441605417653,0.784472876025661,-0.456649399402975,-1.01694293969422,-1.29347794903808,-0.574697546273115,-0.113860786417039,0.158392966225907,1.81411968551902,0.924647769019562,-0.0355450541663019,-1.37552071011585,-1.3031392155474,-0.650039470011399,-0.048236570436645,-0.0330109162638679,-0.639535815693025,0.851769596983231,1.09627321067543,-0.0582622129318667,-1.56276425682162,-0.764910114259243,0,-0.0930309953194633,-0.481588184154324,-0.830535908145318,0.275870080598593,1.11440709687275,-1.48080674570224,-0.797595882078731,-0.0998707974396848,-0.0692112518235939,-0.410266899197836,-0.856559972135023,0.220009185649271,0.792269691554037,-1.55967039733413,-0.767532904424768,-0.202993708003753,-0.0191459895266863,-0.266064690539356,1.02856038592245,0.704487594782526,-1.66976343270132,-1.1603681679367,-0.527680489439249,-0.177318504788345
"2256",0,-0.346763866306412,-0.958925782669563,0.757106570942284,0.994701386553687,1.69097204161296,1.05015714407974,-0.135962069060475,-0.0247411626405223,-0.640995384823577,-0.467204948361685,-0.409830359952125,-1.39583976784473,-0.89661378927684,-0.294464016843139,-0.1555961886108,-0.0445734002443183,-0.1658625288534,0.7501458380671,0.385030123625297,-0.0368324778460259,-1.13471128329909,-0.979146624090052,-0.122856713620143,-0.0382639442739243,0.849104702984884,1.08838378637757,1.1507788827907,0.246001810332055,-0.24197570929362,-0.650039470011399,-0.048236570436645,-0.0330109162638679,-0.639535815693025,-1.2263086449194,-1.47909877630812,-1.5718052632525,0.819919577833732,-0.241433695258111,0,-0.0930309953194633,-0.481588184154324,-0.984477210668762,-1.12171262543579,-1.10320005852361,0.926220333707951,-0.340470775845071,-0.0609604222564869,-0.190394937262596,-0.46650543747036,-1.20841288998173,-1.14105748492343,-0.410567083661053,0.127795813586543,-0.767532904424768,-0.202993708003753,-0.0191459895266863,-0.303642030474405,-0.721094535930259,0.474752486526631,-0.481482215773575,-0.988491876452356,-0.527680489439249,-0.177318504788345
"2257",0,-0.346763866306412,0.975655842215063,0.990200011287507,-0.777153104933116,-0.992685559626734,-0.416428649433891,-0.135962069060475,-0.0247411626405223,0.33995244374252,0.999757862091843,0.573225755678888,0.711908011135486,-1.06492873723642,-0.540830462877054,-0.1555961886108,-0.0445734002443183,0.986248904358571,0.58016631181262,-0.119977590191666,1.43333321492626,-0.975944617560112,-0.764952696902715,-0.149965095698727,-0.0382639442739243,-0.115910279549249,-0.385240369844486,-0.205019902303017,1.00657188464015,-1.13616045194,-0.650039470011399,-0.048236570436645,-0.0330109162638679,-0.639535815693025,-0.906604300011301,1.09627321067543,-0.0582622129318667,-1.56276425682162,-0.744138115911701,0,-0.0930309953194633,-0.145269946550987,0.121206681013508,1.36287885195866,0.475928840859014,-1.13694573435793,-0.340470775845071,-0.0998707974396848,-0.0692112518235939,1.52669651747532,1.14208458814731,1.19219966462977,1.16729496510292,0.971528919046879,2.06927695387398,1.02661939301677,-0.0191459895266863,-0.303642030474405,0.628218168302089,0.0152822700148413,-0.0853884767976621,1.46067396110412,2.6672219880837,0.697813577192196
"2258",0,-0.346763866306412,-1.17387929654563,-2.73929503423606,-0.998634916368966,1.33315102811434,-0.123111490731166,-0.135962069060475,-0.0247411626405223,-0.640995384823577,-1.93416775881521,-2.90142927495448,-0.34196587835462,1.07259436974829,-0.0480975708092236,-0.1555961886108,-0.0445734002443183,-0.741918245459386,-1.45958800324114,0.385030123625297,1.43333321492626,1.24678870278565,-0.365802137607048,-0.113860786417039,-0.0382639442739243,0.527433042140173,0.433439716945544,1.1507788827907,1.00657188464015,1.36852100217096,-0.650039470011399,-0.048236570436645,-0.0330109162638679,0.906545122192,0.372213079621086,-0.996216528748704,0.278080687139385,0.990111280309114,-0.831486854781667,0,-0.0930309953194633,-0.481588184154324,-0.984477210668762,-1.12171262543579,0.322404541374051,1.09815083938011,-0.797595882078731,-0.0998707974396848,-0.0692112518235939,-0.410266899197836,-1.38433934890509,-2.01044299944703,0.41724441800515,0.971528919046879,-0.767532904424768,-0.202993708003753,-0.0191459895266863,-0.303642030474405,-1.17332181098952,-2.7415390290559,-0.481482215773575,0.902147329875462,-0.527680489439249,-0.119292287339853
"2259",0,-0.346763866306412,-0.0991117271652847,0.757106570942284,-0.555671293497266,-0.992685559626734,-0.416428649433891,-0.135962069060475,-0.0247411626405223,0.0129698342204877,0.44964680817177,-0.189481794783507,0.922682789033507,-0.559983893357675,-0.540830462877054,-0.1555961886108,-0.0445734002443183,-0.1658625288534,-1.28960847698666,-1.12999301782559,0.12651926579534,-0.580632726175268,-0.635684014750667,-0.113860786417039,-0.0382639442739243,-0.759253601238671,-0.712712404560498,-0.0355450541663019,0.847765711656421,-0.969181688332602,-0.650039470011399,-0.048236570436645,-0.0330109162638679,-0.639535815693025,0.532065252075134,0.935312461488958,0.782595037246263,0.309344470407584,-0.831486854781667,0,-0.0930309953194633,-0.481588184154324,-0.984477210668762,-1.12171262543579,-1.10320005852361,0.926220333707951,-0.569033328961901,-0.0998707974396848,-0.0692112518235939,-0.410266899197836,-0.680633513211668,-0.16886700594293,-1.0828566761904,0.652319951167424,-0.179358255852711,-0.202993708003753,-0.0191459895266863,-0.303642030474405,-0.172466266938626,0.706042517615743,0.310705262178251,0.386518455422421,-0.527680489439249,-0.177318504788345
"2260",0,-0.346763866306412,-1.17387929654563,-2.73929503423606,0.108774140810285,0.975330014615711,-0.143643567864553,-0.135962069060475,-0.0247411626405223,-0.640995384823577,-0.928350242857655,-2.65323962990924,1.13345756693153,0.56283201426937,-0.540830462877054,-0.246973756707366,-0.0445734002443183,0.698221046055578,0.41018678555814,1.05837374204791,1.43333321492626,-0.182111288865197,-0.574697546273115,-0.113860786417039,-0.0286402707100998,-0.115910279549249,-0.22150435248648,0.133929793970413,1.00657188464015,0.032690893311783,-0.650039470011399,-0.048236570436645,-0.0539306280597664,-0.639535815693025,-1.2263086449194,-1.47909877630812,0.950766487281889,-0.0310389345431809,-0.831486854781667,0,-0.0930309953194633,-0.481588184154324,-0.984477210668762,-1.12171262543579,0.63920556357353,0.410428816691482,-0.797595882078731,-0.0998707974396848,-0.0692112518235939,-0.410266899197836,-1.38433934890509,-1.91880986810783,0.229731781230706,1.14027554013895,-0.159645077646464,-0.202993708003753,-0.0191459895266863,-0.303642030474405,-1.17332181098952,-2.7415390290559,0.310705262178251,1.58965249581285,0.455366426721658,-0.177318504788345
"2261",0,-0.346763866306412,0.545748814462924,0.990200011287507,0.994701386553687,1.15424052136502,-0.416428649433891,-0.135962069060475,-0.0247411626405223,0.993917662786584,0.999757862091843,0.785780731471388,-0.131191100456599,-0.89661378927684,-0.540830462877054,-0.1555961886108,-0.0445734002443183,0.122165329449593,1.09010489057606,0.0483583144139882,-1.18029468333559,-1.29347794903808,-0.574697546273115,-0.113860786417039,-0.0382639442739243,-0.759253601238671,0.261681293851594,1.1507788827907,-1.21671453713211,-1.3031392155474,-0.650039470011399,-0.048236570436645,-0.0330109162638679,-0.639535815693025,-1.2263086449194,0.935312461488958,-0.394605113003119,-1.56276425682162,-0.831486854781667,0,-0.0759501778813117,-0.481588184154324,-0.984477210668762,0.827978803690003,0.168122435226363,-1.48080674570224,-0.797595882078731,-0.0998707974396848,-0.047952779519353,0.558214809138742,0.726778158175171,0.997761568833671,0.0422191444562627,-1.55967039733413,-0.767532904424768,-0.202993708003753,-0.0191459895266863,-0.214403232857512,1.02856038592245,0.704487594782526,-1.66976343270132,-1.1603681679367,-0.527680489439249,-0.177318504788345
"2262",0,-0.346763866306412,0.545748814462924,-0.175267190438608,0.994701386553687,1.15424052136502,-0.123111490731166,-0.135962069060475,-0.0247411626405223,0.0129698342204877,0.999757862091843,-0.0442032679816275,-0.34196587835462,1.29148053419773,0.198268875224692,-0.1555961886108,-0.0445734002443183,-0.741918245459386,0.58016631181262,0.721701932836606,0.12651926579534,1.08802203704667,-0.0112161204196545,-0.113860786417039,-0.0382639442739243,-0.759253601238671,-0.712712404560498,1.1507788827907,1.00657188464015,-0.218515559901191,-0.650039470011399,-0.048236570436645,-0.0330109162638679,-0.639535815693025,0.212360907167038,1.09627321067543,0.278080687139385,-1.56276425682162,-0.831486854781667,0,-0.0104782201712832,0.19104829105235,1.47858362970634,0.741730982610052,1.27280760797249,-1.48080674570224,-0.797595882078731,-0.0998707974396848,0.117190662721215,0.116656604065119,0.864661843152647,-1.14105748492343,1.16729496510292,-1.22217715515,-0.767532904424768,-0.202993708003753,-0.0191459895266863,-0.303642030474405,1.22873149473262,0.93422270303842,0.112658392690295,-1.1603681679367,-0.527680489439249,-0.177318504788345
"2263",0,-0.346763866306412,0.115841786710785,-0.175267190438608,-2.10604397354822,-0.992685559626734,-0.416428649433891,-0.135962069060475,-0.0247411626405223,-0.314012775301545,0.999757862091843,0.0768464655884069,-0.345008252176817,-0.89661378927684,-0.540830462877054,-0.1555961886108,-0.0445734002443183,-0.741918245459386,0.58016631181262,-0.624985304008629,0.616574496719437,1.08802203704667,-0.574697546273115,-0.113860786417039,-0.0382639442739243,-0.759253601238671,-0.548976387202492,1.1507788827907,0.847765711656421,1.36852100217096,0.716921684247398,-0.048236570436645,-0.0330109162638679,-0.639535815693025,-1.2263086449194,-0.835255779562232,-0.394605113003119,0.139152767932202,2.03563734564328,0,-0.0930309953194633,-0.481588184154324,-0.984477210668762,-1.12171262543579,-1.48065326651346,-1.30887624003008,2.63084241467372,-0.0998707974396848,-0.0692112518235939,-0.410266899197836,-1.20841288998173,-1.72437177231173,-1.45788194973929,-0.0122497504991843,2.27190622946675,5.94507179709886,-0.0191459895266863,-0.303642030474405,-0.372637375748804,0.0152822700148413,0.904845870642121,1.58965249581285,2.6672219880837,1.57294565917274
"2264",0,-0.346763866306412,-0.650900347207255,0.290919690251838,0.330255952246136,-0.634864546128108,-0.416428649433891,-0.135962069060475,-0.0247411626405223,-0.640995384823577,-0.283834597054994,1.06960504576937,-0.974290212048683,0.786535690318983,-0.540830462877054,-0.1555961886108,-0.0445734002443183,-0.453890387156393,0.7501458380671,0.0526900084641818,-1.18029468333559,0.135422042612768,0.552265305433806,-0.113860786417039,-0.0382639442739243,0.527433042140173,-0.057768335128474,-1.56081868739673,-1.53432688309958,-0.301266633903012,1.26370614595092,-0.048236570436645,-0.0448763867425462,0.664969659464288,0.0525087347129891,-1.47909877630812,-1.60011448524103,-0.881997446920094,1.46221250555829,0,-0.0930309953194633,-0.0229233741784106,0.400994512042235,-1.12171262543579,-1.26160056962335,-0.793084723013613,1.03090454285591,-0.0998707974396848,-0.0692112518235939,-0.410266899197836,1.25455753494524,-0.36330510173903,-1.18360004715927,0.319666618802607,0.650872024724607,-0.202993708003753,-0.0191459895266863,-0.303642030474405,-0.772979593369162,-0.444187946496948,0.904845870642121,1.4177762043285,-0.0361570313587953,-0.177318504788345
"2265",0,-0.346763866306412,-0.0991117271652847,0.290919690251838,-0.929976557240995,-0.992685559626734,-0.416428649433891,-0.135962069060475,-0.064995348517452,-0.640995384823577,0.266276456865079,1.06960504576937,0.0795836774414227,-1.40155863315559,-0.540830462877054,-0.1555961886108,-0.0445734002443183,-0.741918245459386,-0.77966989822322,0.260876445440294,1.43333321492626,-1.13471128329909,-0.574697546273115,-0.113860786417039,-0.0382639442739243,-0.759253601238671,-1.53139249135053,-1.05239414298659,1.00657188464015,-0.802202924725205,-0.650039470011399,-0.048236570436645,-0.0330109162638679,-0.639535815693025,-1.2263086449194,-0.0304520336298728,0.950766487281889,-1.39257255434624,-0.831486854781667,0,-0.0930309953194633,-0.481588184154324,-0.535455885392925,1.36287885195866,0.164004030274312,-1.48080674570224,-0.797595882078731,-0.0998707974396848,-0.0692112518235939,-0.410266899197836,-0.152854136441604,1.19219966462977,0.604757054779594,-0.209697428597592,1.16978307354021,-0.202993708003753,-0.0191459895266863,-0.303642030474405,-0.0969962716408587,0.93422270303842,0.904845870642121,1.58965249581285,3.40450717520438,4.19834190511436
"2266",0,0.439142550672357,-0.0991117271652847,-1.1076409518195,0.330255952246136,0.259687987618459,-0.416428649433891,-0.135962069060475,-0.0247411626405223,1.64788288183065,0.942266820858414,1.06960504576937,0.367456813762184,1.12316558623815,-0.540830462877054,-0.1555961886108,-0.0445734002443183,0.698221046055578,0.92012536432158,-0.28831349479732,-0.200184221487392,0.452955374090734,-0.574697546273115,-0.113860786417039,-0.0382639442739243,-0.43758194039396,-0.057768335128474,0.981304034653986,0.847765711656421,-0.635224161117807,-0.650039470011399,-0.048236570436645,-0.0330109162638679,-0.639535815693025,-0.427047782649156,1.09627321067543,0.950766487281889,-1.05218914939548,-0.831486854781667,0,-0.205039102470134,-0.481588184154324,1.17070102465946,-0.0347038540757136,0.79760607467327,-0.105362700324987,-0.797595882078731,-0.0998707974396848,-0.0692112518235939,-0.410266899197836,1.25455753494524,0.220009185649271,0.604757054779594,0.29654243467861,-0.767532904424768,-0.202993708003753,-0.0191459895266863,-0.173570934277622,-0.172466266938626,0.0152822700148413,0.112658392690295,-0.472863001999315,-0.635682748461177,-0.209002697107138
"2267",0,-0.346763866306412,-1.17387929654563,-0.874547511474277,0.330255952246136,1.86988254836228,2.22342577889064,-0.135962069060475,-0.0247411626405223,-0.640995384823577,-0.283834597054994,-0.781863106324813,-1.39583976784473,1.15772773475184,1.43010110539427,-0.1555961886108,-0.073994983229481,-0.453890387156393,0.7501458380671,0.886801944802897,0.453222753078071,1.24678870278565,0.270524592507076,-0.113860786417039,-0.0382639442739243,0.0776795257895927,0.924647769019562,1.1507788827907,0.0537348467377536,1.03456347495617,1.81049060765444,-0.048236570436645,-0.0539306280597664,-0.639535815693025,-1.2263086449194,-1.47909877630812,-1.65369461451738,0.309344470407584,1.17550008551579,0,-0.0930309953194633,-0.481588184154324,-0.984477210668762,-1.12171262543579,-0.786399036324126,0.926220333707951,-0.569033328961901,-0.0998707974396848,-0.0692112518235939,-0.410266899197836,-1.38433934890509,-1.72437177231173,0.792269691554037,-0.547190670781726,-1.1849185869566,-0.202993708003753,-0.0191459895266863,-0.303642030474405,-1.17332181098952,-0.214452838241053,-0.679529085261532,-1.03331443239447,-0.527680489439249,-0.177318504788345
"2268",0,-0.346763866306412,0.330795300586854,0.524013130597061,0.773219575117836,-0.634864546128108,-0.416428649433891,-0.135962069060475,-0.0247411626405223,-0.640995384823577,-0.467204948361685,-1.90867069477352,-1.39583976784473,1.12316558623815,-0.540830462877054,-0.1555961886108,-0.0445734002443183,-0.741918245459386,-1.62956752949562,-1.12999301782559,0.12651926579534,0.452955374090734,-0.574697546273115,-0.113860786417039,-0.0382639442739243,-0.759253601238671,-1.20392045663452,1.1507788827907,1.00657188464015,-0.635224161117807,-0.650039470011399,-0.048236570436645,-0.0330109162638679,-0.639535815693025,-1.06645647246535,-0.191412782816345,0.446252137175011,0.649727875358349,0.351456967255933,0,-0.0930309953194633,-0.481588184154324,-0.984477210668762,-1.12171262543579,-1.26160056962335,-0.277293205997144,1.48802964908957,-0.0998707974396848,-0.0692112518235939,0.558214809138742,1.07863107602188,-1.52993367651563,-1.27036931296484,0.465289055770677,1.05613057591014,-0.202993708003753,-0.0191459895266863,0.728815661816031,1.22873149473262,0.540357652651634,0.904845870642121,0.558394746906768,-0.281918760399022,-0.177318504788345
"2269",0,-0.346763866306412,-1.17387929654563,-0.641454071129054,0.994701386553687,0.259687987618459,-0.416428649433891,-0.135962069060475,-0.0247411626405223,-0.640995384823577,-0.869549825300793,1.06960504576937,1.13345756693153,-0.223353997438511,-0.540830462877054,-0.1555961886108,-0.0445734002443183,-0.741918245459386,0.24020725930366,1.56338145586488,1.43333321492626,-1.29347794903808,-0.574697546273115,-0.113860786417039,-0.0382639442739243,-0.43758194039396,0.760911751661556,1.1507788827907,1.00657188464015,-1.13616045194,-0.576805813934233,-0.048236570436645,-0.0330109162638679,-0.639535815693025,1.01162176943728,1.09627321067543,0.614423587210637,-1.56276425682162,-0.831486854781667,0,-0.0930309953194633,-0.481588184154324,0.554935814565679,1.36287885195866,0.79760607467327,-1.30887624003008,-1.06345333328933,-0.0998707974396848,-0.0692112518235939,-0.410266899197836,-0.328780595364958,1.19219966462977,1.16729496510292,-0.547190670781726,-0.767532904424768,-0.202993708003753,-0.0191459895266863,-0.303642030474405,-0.572808484558983,-0.903658163008738,0.706799001154165,-0.065742181838428,-0.281918760399022,-0.177318504788345
"2270",0,-0.346763866306412,-0.92674401873346,-0.175267190438608,-1.66308035067652,-0.992685559626734,-0.312906792286366,-0.135962069060475,-0.0247411626405223,-0.640995384823577,-0.833945650975067,1.06960504576937,-0.34196587835462,-1.40155863315559,-0.540830462877054,-0.1555961886108,-0.0445734002443183,-0.741918245459386,0.41018678555814,1.39504555125922,-0.748897311061462,-1.29347794903808,-0.574697546273115,-0.113860786417039,-0.0382639442739243,-0.207778156488586,1.08838378637757,0.133929793970413,-1.05790836414838,-1.3031392155474,-0.650039470011399,-0.048236570436645,-0.0330109162638679,-0.0211034405390152,1.33132611434538,1.09627321067543,0.950766487281889,0.139152767932202,-0.544774434739172,0,-0.0930309953194633,-0.481588184154324,1.3246423271829,1.05230491728436,-0.627998525224387,0.410428816691482,1.7165922022064,-0.0998707974396848,-0.0692112518235939,-0.410266899197836,0.198998781405106,0.504876220135387,-1.09483249771478,-0.547190670781726,2.47453550505952,-0.202993708003753,-0.0191459895266863,-0.303642030474405,-1.17332181098952,-0.673923054752843,0.904845870642121,1.58965249581285,2.42146025904347,0.340699586275059
"2271",0,-0.346763866306412,-0.314065241041354,0.990200011287507,-0.998634916368966,-0.634864546128108,-0.416428649433891,-0.135962069060475,-0.0247411626405223,-0.640995384823577,-0.467204948361685,1.06960504576937,1.13345756693153,-0.728298841317257,-0.540830462877054,-0.1555961886108,-0.0445734002443183,-0.741918245459386,0.24020725930366,1.56338145586488,1.43333321492626,-0.944776529234997,-0.574697546273115,-0.113860786417039,-0.0382639442739243,-0.759253601238671,-0.057768335128474,1.1507788827907,1.00657188464015,-1.3031392155474,-0.650039470011399,-0.048236570436645,-0.0330109162638679,-0.639535815693025,0.532065252075134,1.09627321067543,0.950766487281889,-1.22238085187086,-1.02426049529595,0,-0.0930309953194633,-0.481588184154324,0.449529505127416,1.36287885195866,1.11440709687275,-1.48080674570224,-0.797595882078731,-0.262096602521127,-0.0692112518235939,-0.410266899197836,0.198998781405106,1.19219966462977,0.979782328328481,-1.55967039733413,-0.767532904424768,-0.202993708003753,-0.0191459895266863,-0.303642030474405,0.027704841871553,0.0152822700148413,-1.66976343270132,-1.1603681679367,-0.527680489439249,-0.177318504788345
"2272",0,-0.346763866306412,0.115841786710785,0.757106570942284,0.773219575117836,-0.277043532629481,-0.416428649433891,-0.135962069060475,-0.0247411626405223,-0.522743757449798,0.082906105558388,-0.419532824502074,-1.39583976784473,-1.06492873723642,-0.540830462877054,-0.1555961886108,-0.0445734002443183,-0.741918245459386,0.58016631181262,0.721701932836606,-0.00120229750135011,-1.29347794903808,-0.574697546273115,-0.113860786417039,-0.0382639442739243,-0.759253601238671,0.433439716945544,0.811829186517271,0.37134719270522,-0.46824539751041,-0.650039470011399,-0.048236570436645,-0.0330109162638679,-0.639535815693025,-1.2263086449194,-1.47909877630812,-1.23546236318125,0.990111280309114,0.635752869467298,0,-0.0930309953194633,-0.481588184154324,-0.984477210668762,-1.12171262543579,-1.26160056962335,-0.793084723013613,1.7165922022064,-0.103632910196287,-0.184142899197202,-0.410266899197836,-0.416974369391345,-0.36330510173903,-1.27036931296484,-1.22217715515,2.27190622946675,-0.202993708003753,-0.0191459895266863,-0.4176576324534,-0.172466266938626,0.0152822700148413,0.904845870642121,1.58965249581285,2.42146025904347,0.461121112738815
"2273",0,-0.346763866306412,-1.15740355886592,-0.874547511474277,0.773219575117836,0.796419507866398,-0.416428649433891,-0.135962069060475,-0.0247411626405223,-0.640995384823577,-1.75079740750852,1.06960504576937,1.13345756693153,1.29148053419773,-0.540830462877054,-0.1555961886108,-0.0445734002443183,-0.741918245459386,-0.60969037196874,1.56338145586488,1.43333321492626,1.08802203704667,-0.292956833346385,-0.113860786417039,-0.0382639442739243,0.205761381295462,0.760911751661556,1.1507788827907,1.00657188464015,0.700605947741373,-0.650039470011399,-0.0885116476043009,-0.0330109162638679,1.83419368492302,1.33132611434538,1.09627321067543,0.950766487281889,0.479536172882967,-0.831486854781667,0,-0.0930309953194633,1.20000300386236,0.0931119069953467,0.897017949947205,1.27280760797249,0.754289828035795,-0.797595882078731,-0.0998707974396848,-0.0692112518235939,-0.0974235702109346,-1.38433934890509,-0.36330510173903,1.16729496510292,1.14027554013895,0.0429841979463036,-0.202993708003753,-0.0758585761396516,-0.303642030474405,-1.17332181098952,-1.36312837952053,0.706799001154165,1.4177762043285,1.68417507192279,-0.177318504788345
"2274",0,-0.346763866306412,1.83546989771934,-0.641454071129054,-2.54900759641992,-0.992685559626734,-0.416428649433891,-0.135962069060475,-0.0247411626405223,-0.640995384823577,-0.467204948361685,1.06960504576937,-2.23893887943681,-1.40155863315559,-0.540830462877054,-0.1555961886108,-0.0445734002443183,-0.741918245459386,-0.26973131945978,0.89003783744226,-1.18029468333559,-0.975944617560112,-0.292956833346385,-0.113860786417039,-0.0382639442739243,-0.759253601238671,0.433439716945544,-0.205019902303017,-1.34779045374531,0.867584711348771,1.81049060765444,-0.048236570436645,-0.0330109162638679,-0.33031962811602,1.33132611434538,-0.835255779562232,-1.66456293502296,1.1603029827845,1.46221250555829,0,-0.0930309953194633,1.20000300386236,1.47858362970634,-1.12171262543579,-1.26160056962335,1.09815083938011,1.65339878462756,-0.197365350912442,-0.0692112518235939,3.46365993414848,1.43048399386859,1.19219966462977,1.16729496510292,1.38570052036928,1.66401840268845,-0.202993708003753,-0.0191459895266863,0.728815661816031,0.42804705949191,-0.903658163008738,-0.679529085261532,1.07402362135981,1.19265161384234,-0.177318504788345
"2275",0,-0.433605790785697,0.115841786710785,0.524013130597061,0.994701386553687,0.796419507866398,-0.416428649433891,-0.135962069060475,-0.0247411626405223,-0.640995384823577,0.44964680817177,0.325036110633647,-0.131191100456599,1.12316558623815,-0.540830462877054,-0.1555961886108,-0.0445734002443183,-0.741918245459386,-0.77966989822322,1.39504555125922,0.616574496719437,0.929255371307683,-0.421244640689314,-0.113860786417039,-0.0382639442739243,-0.759253601238671,-1.53139249135053,0.133929793970413,1.00657188464015,-0.134287870295615,-0.650039470011399,-0.048236570436645,-0.0330109162638679,-0.639535815693025,-1.2263086449194,0.774351712302486,0.950766487281889,-1.39257255434624,-0.831486854781667,0,-0.0930309953194633,-0.481588184154324,-0.220116410631509,0.909790089766075,1.11440709687275,-1.13694573435793,-0.797595882078731,-0.0998707974396848,-0.0692112518235939,-0.410266899197836,-0.057118426358594,0.803323473037571,0.700277695953596,-1.39092377624206,-0.767532904424768,-0.202993708003753,-0.0191459895266863,-0.303642030474405,0.828389277112268,0.714285812655746,-0.0853884767976621,-1.1603681679367,-0.527680489439249,-0.177318504788345
"2276",0,-0.346763866306412,-1.17387929654563,-1.80692127285517,-0.555671293497266,0.405689992690921,0.17020566797156,-0.133427268456048,-0.0247411626405223,-0.640995384823577,-0.833945650975067,0.821415400724128,0.0795836774414227,0.786535690318983,0.444635321258607,-0.1555961886108,-0.0445734002443183,0.122165329449593,1.09010489057606,-0.456649399402975,-0.526887708770123,1.08802203704667,-0.574697546273115,-0.113860786417039,-0.0382639442739243,-0.759253601238671,0.924647769019562,1.1507788827907,1.00657188464015,1.36852100217096,-0.376647239159639,-0.048236570436645,-0.0330109162638679,-0.639535815693025,-0.179897358590795,-0.862529852014664,-1.23546236318125,0.990111280309114,0.8887876654733,0,-0.0930309953194633,-0.481588184154324,-0.984477210668762,-1.12171262543579,-1.10320005852361,1.27008134505226,-0.569033328961901,-0.0998707974396848,-0.0692112518235939,-0.410266899197836,-1.38433934890509,-1.33549558071953,0.41724441800515,-0.715937291873794,-0.767532904424768,-0.202993708003753,-0.0191459895266863,-0.303642030474405,-1.17332181098952,-1.13339327126463,-0.283435346285619,-1.1603681679367,-0.527680489439249,-0.177318504788345
"2277",0,-0.346763866306412,-0.314065241041354,-1.34073439216472,0.467651858501461,0.796419507866398,0.17020566797156,-0.135962069060475,-0.064995348517452,-0.640995384823577,0.816387510785152,0.176448007512256,0.290358455339444,0.618220742359401,2.41556688952993,-0.1555961886108,-0.0445734002443183,0.410193187752585,0.7501458380671,-0.961657113219938,-1.18029468333559,-1.29347794903808,-0.574697546273115,-0.113860786417039,-0.0382639442739243,0.849104702984884,0.861506593139789,1.1507788827907,0.37134719270522,-0.870038227805302,-0.650039470011399,-0.048236570436645,-0.0330109162638679,-0.639535815693025,-0.586899955103205,-0.191412782816345,0.782595037246263,0.139152767932202,-0.953631189627152,0,-0.0930309953194633,-0.481588184154324,-0.984477210668762,-1.12171262543579,-0.469598014124647,0.0665678053471691,-0.797595882078731,-0.0998707974396848,-0.0692112518235939,-0.410266899197836,-1.38433934890509,-0.94661938912733,0.792269691554037,-1.05343053405793,-0.767532904424768,-0.202993708003753,-0.0191459895266863,-0.325600068847687,-0.172466266938626,0.474752486526631,-1.2736696937254,-1.1603681679367,-0.527680489439249,-0.177318504788345
"2278",0,-0.346763866306412,-0.958925782669563,-0.323451189279895,-0.334189482061415,-0.992685559626734,-0.416428649433891,-0.135962069060475,-0.0525224841811277,-0.73277135924104,-0.283834597054994,1.06960504576937,-0.974290212048683,-1.40155863315559,-0.540830462877054,-0.1555961886108,-0.0445734002443183,-0.741918245459386,0.58016631181262,1.56338145586488,-1.01694293969422,-1.29347794903808,-0.574697546273115,-0.113860786417039,-0.0382639442739243,-0.759253601238671,1.08838378637757,0.303404642107127,-1.53432688309958,-1.28675677502967,-0.650039470011399,-0.048236570436645,-0.0330109162638679,-0.0211034405390152,1.06680788823339,0.935312461488958,0.106200977177258,0.101531380913058,-0.544774434739172,0,-0.0930309953194633,0.0897451476787618,1.47858362970634,1.36287885195866,0.563788805050655,1.27008134505226,0.918596409064174,-0.0998707974396848,-0.0692112518235939,-0.410266899197836,0.726778158175171,1.19219966462977,0.792269691554037,1.14027554013895,1.46138912709568,-0.202993708003753,-0.0191459895266863,-0.303642030474405,-0.97315070217934,-0.173629097442136,0.706799001154165,0.730271038391115,-0.0361570313587953,-0.177318504788345
"2279",0,-0.346763866306412,1.83546989771934,0.990200011287507,0.994701386553687,1.69097204161296,1.05015714407974,-0.0225120831663713,-0.0525224841811277,-0.772709381370541,0.44964680817177,-0.915912114592555,-1.39583976784473,-0.559983893357675,0.270264176374894,-0.1555961886108,-0.0445734002443183,-0.741918245459386,0.391495503375333,-0.119977590191666,-0.853591196052854,-1.29347794903808,-0.574697546273115,-0.113860786417039,-0.0382639442739243,-0.759253601238671,1.08838378637757,0.642354338380556,0.688959538672687,-0.969181688332602,-0.650039470011399,-0.048236570436645,-0.0539306280597664,-0.639535815693025,-1.2263086449194,-1.47909877630812,-0.899119463109996,0.309344470407584,-0.831486854781667,0,-0.0930309953194633,-0.481588184154324,-0.984477210668762,-1.12171262543579,-1.26160056962335,1.27008134505226,-0.797595882078731,-0.0998707974396848,-0.0692112518235939,1.52669651747532,0.550851699251816,-1.72437177231173,-0.895344039415955,0.465289055770677,-0.767532904424768,-0.202993708003753,-0.0191459895266863,0.728815661816031,1.02856038592245,0.93422270303842,0.706799001154165,-0.644739293483662,-0.527680489439249,-0.30731739419314
"2280",0,-0.395110719413648,-0.958925782669563,0.990200011287507,0.551737763681986,-0.634864546128108,-0.416428649433891,-0.135962069060475,-0.0247411626405223,-0.640995384823577,-1.20068635358845,0.805690716632286,1.13345756693153,-0.0550390494789284,-0.540830462877054,-0.1555961886108,-0.0445734002443183,-0.741918245459386,-0.43971084571426,1.56338145586488,1.43333321492626,-0.109091185562796,-0.574697546273115,-0.10579128962807,-0.0382639442739243,-0.759253601238671,0.105967682229532,1.1507788827907,1.00657188464015,-0.802202924725205,-0.627007336579144,-0.061179689716372,-0.0330109162638679,-0.639535815693025,0.851769596983231,1.09627321067543,0.278080687139385,-1.56276425682162,-0.831486854781667,0,-0.0930309953194633,-0.481588184154324,1.3246423271829,1.36287885195866,0.63920556357353,-1.48080674570224,-0.797595882078731,-0.209624856496302,-0.0692112518235939,-0.410266899197836,0.550851699251816,1.19219966462977,0.229731781230706,-1.55967039733413,-0.767532904424768,-0.202993708003753,-0.0191459895266863,-0.303642030474405,-0.572808484558983,0.704487594782526,0.904845870642121,0.386518455422421,-0.527680489439249,-0.177318504788345
"2281",0,-0.346763866306412,-1.17387929654563,-2.04001471320039,0.551737763681986,-0.992685559626734,-0.416428649433891,-0.135962069060475,-0.0247411626405223,-0.640995384823577,-1.75079740750852,0.573225755678888,0.290358455339444,-0.0550390494789284,-0.0480975708092236,-0.1555961886108,-0.0445734002443183,-0.741918245459386,-0.0997517932053001,1.39504555125922,-0.200184221487392,1.24678870278565,0.552265305433806,-0.113860786417039,-0.0382639442739243,0.205761381295462,1.08838378637757,0.811829186517271,0.37134719270522,1.36852100217096,0.716921684247398,-0.048236570436645,-0.0330109162638679,0.28811274703799,0.851769596983231,1.09627321067543,0.950766487281889,1.1603029827845,1.46221250555829,0,-0.0930309953194633,-0.481588184154324,-0.984477210668762,-1.12171262543579,1.27280760797249,0.410428816691482,-0.569033328961901,-0.0998707974396848,-0.0692112518235939,-0.410266899197836,-1.38433934890509,-1.52993367651563,1.16729496510292,-0.884683912965861,-0.767532904424768,-0.202993708003753,-0.0191459895266863,-0.303642030474405,-1.17332181098952,-2.05233370428821,0.112658392690295,-0.472863001999315,-0.527680489439249,-0.177318504788345
"2282",0,-0.346763866306412,0.115841786710785,0.990200011287507,0.551737763681986,-0.992685559626734,-0.416428649433891,-0.135962069060475,-0.0247411626405223,-0.314012775301545,-0.268260563875006,1.06960504576937,1.13345756693153,-0.728298841317257,-0.540830462877054,-0.1555961886108,-0.0445734002443183,-0.741918245459386,0.41018678555814,1.56338145586488,1.43333321492626,-0.658411286082146,-0.574697546273115,-0.113860786417039,-0.0382639442739243,-0.759253601238671,0.924647769019562,1.1507788827907,1.00657188464015,-1.13616045194,-0.650039470011399,-0.048236570436645,-0.224870553590468,-0.639535815693025,1.33132611434538,1.09627321067543,0.455741533051884,-1.56276425682162,-0.831486854781667,0,-0.0930309953194633,0.863684766259023,1.47858362970634,1.36287885195866,1.11440709687275,-0.96501522868577,-0.797595882078731,-0.0998707974396848,-0.0692112518235939,-0.410266899197836,0.198998781405106,1.19219966462977,1.16729496510292,0.634035676862745,-0.460042115208873,-0.202993708003753,-0.0191459895266863,-0.303642030474405,-0.0905498413786685,0.474752486526631,0.904845870642121,-0.129110419030621,-0.527680489439249,-0.177318504788345
"2283",0,-0.346763866306412,-0.314065241041354,0.0578262499066152,-2.32752578498407,-0.992685559626734,-0.416428649433891,-0.135962069060475,-0.0247411626405223,-0.640995384823577,0.082906105558388,1.06960504576937,1.13345756693153,-0.223353997438511,-0.540830462877054,-0.1555961886108,-0.0445734002443183,-0.741918245459386,0.92012536432158,1.39504555125922,0.453222753078071,1.24678870278565,0.552265305433806,-0.113860786417039,-0.0382639442739243,0.166109151320165,0.785353991169249,-0.736472517285686,-1.53432688309958,0.366648420526578,0.990313915099158,-0.048236570436645,-0.0330109162638679,0.28811274703799,1.33132611434538,-1.31813802712165,-1.73997671328813,-0.371422339493946,1.74892492560078,0,-0.141187646472526,0.19104829105235,1.47858362970634,-0.811138690761479,-0.944799547423866,0.560519896472687,1.94515475532323,-0.0998707974396848,-0.0692112518235939,-0.410266899197836,0.925027782857958,0.220009185649271,0.792269691554037,0.91667846884003,0.650872024724607,-0.202993708003753,-0.0191459895266863,-0.303642030474405,-0.572808484558983,-0.0559297835434266,0.310705262178251,-0.300986710514968,-0.527680489439249,-0.177318504788345
"2284",0,-0.346763866306412,-1.17387929654563,0.290919690251838,-0.998634916368966,-0.992685559626734,-0.388136599757588,-0.135962069060475,-0.0247411626405223,-0.273062816538658,-0.283834597054994,1.06960504576937,0.922682789033507,-1.40155863315559,-0.540830462877054,-0.1555961886108,-0.0445734002443183,0.36800502606069,1.09010489057606,1.56338145586488,1.10662972764353,-1.29347794903808,-0.712748653384974,-0.113860786417039,-0.0382639442739243,1.49244802467431,-0.22150435248648,0.222809148353688,0.409469468870483,-0.635224161117807,-0.650039470011399,-0.048236570436645,-0.0330109162638679,-0.639535815693025,-1.2263086449194,-1.15717727793518,0.950766487281889,0.139152767932202,-1.02372751480924,0,-0.0930309953194633,-0.481588184154324,-0.984477210668762,-1.12171262543579,0.322404541374051,0.915681708496796,0.116654330388589,-0.0998707974396848,-0.0692112518235939,-0.410266899197836,-0.890092480531863,-0.55774319753513,0.661494334158559,1.14027554013895,1.66401840268845,-0.202993708003753,-0.0191459895266863,-0.303642030474405,-1.17332181098952,-0.214452838241053,1.29776520316551,1.24589991284416,1.43841334288257,-0.177318504788345
"2285",0,-0.346763866306412,0.760702328338993,-0.408360630783831,0.773219575117836,1.51206153486365,-0.416428649433891,-0.135962069060475,0.00131510914950845,0.0129698342204877,0.999757862091843,1.06960504576937,1.13345756693153,1.12316558623815,-0.540830462877054,-0.1555961886108,-0.0445734002443183,-0.1658625288534,0.646944284441405,-0.456649399402975,1.2699814712849,-0.124552841372706,-0.574697546273115,-0.113860786417039,-0.0382639442739243,-0.759253601238671,0.433439716945544,1.1507788827907,0.37134719270522,-0.947630323510159,-0.650039470011399,-0.048236570436645,-0.0330109162638679,-0.639535815693025,0.736123423276256,1.09627321067543,-1.06729091314562,-1.56276425682162,-0.831486854781667,0,-0.0930309953194633,0.19104829105235,1.47858362970634,1.05230491728436,0.63920556357353,-1.48080674570224,-0.797595882078731,-0.0998707974396848,-0.0692112518235939,0.0739739549704533,1.43048399386859,0.220009185649271,1.16729496510292,-0.884683912965861,-0.982734070106833,-0.37597640612606,-0.0191459895266863,-0.211380295157641,0.628218168302089,0.93422270303842,0.706799001154165,-0.354350323550527,-0.527680489439249,-0.177318504788345
"2286",0,-0.346763866306412,-0.743972268793493,0.990200011287507,-0.334189482061415,-0.992685559626734,-0.416428649433891,-0.135962069060475,-0.0247411626405223,-0.640995384823577,-0.650575299668376,1.06960504576937,0.711908011135486,-1.233243685196,-0.586698938700256,-0.1555961886108,-0.0445734002443183,-0.741918245459386,-0.0997517932053001,1.56338145586488,0.943277984002168,-1.29347794903808,-0.574697546273115,-0.113860786417039,-0.0382639442739243,-0.759253601238671,0.433439716945544,1.1507788827907,-0.263877499229713,-1.3031392155474,-0.650039470011399,-0.049335153206293,-0.0330109162638679,-0.639535815693025,1.01162176943728,1.09627321067543,-0.226433662967493,-1.56276425682162,-0.831486854781667,0,-0.0930309953194633,-0.481588184154324,1.17070102465946,1.36287885195866,-0.311197503024907,-1.48080674570224,-0.72233884127824,-0.0998707974396848,-0.0692112518235939,-0.410266899197836,-0.152854136441604,1.19219966462977,0.0422191444562627,-1.55967039733413,-0.767532904424768,-0.202993708003753,-0.0191459895266863,-0.303642030474405,-0.97315070217934,-0.214452838241053,0.904845870642121,-0.472863001999315,-0.527680489439249,-0.177318504788345
"2287",0,-0.346763866306412,-0.288678819007292,0.0578262499066152,-0.998634916368966,-0.992685559626734,-0.194552150939633,-0.135962069060475,-0.0247411626405223,-0.091656383542797,0.633017159478461,-0.356072470153453,0.0795836774414227,-0.391668945398093,-0.540830462877054,-0.1555961886108,-0.0445734002443183,0.410193187752585,0.41018678555814,-1.12999301782559,-0.853591196052854,1.24678870278565,-0.574697546273115,-0.113860786417039,-0.0382639442739243,0.849104702984884,-0.057768335128474,-1.8443292075139,-1.53432688309958,0.366648420526578,0.505174757502409,-0.048236570436645,-0.0330109162638679,1.21576130976901,0.0525087347129891,-1.47909877630812,-1.73997671328813,-0.201230637018563,1.46221250555829,0,-0.0930309953194633,0.527366528655686,0.873215243359183,-0.863289532555637,-1.26160056962335,-0.96501522868577,1.48802964908957,-0.0998707974396848,-0.0692112518235939,0.0739739549704533,0.902704617098525,-0.94661938912733,-1.27036931296484,0.634035676862745,0.245613473539072,-0.202993708003753,-0.0191459895266863,-0.303642030474405,-0.572808484558983,0.245017378270736,0.904845870642121,0.386518455422421,-0.281918760399022,-0.177318504788345
"2288",0,-0.531947548746414,0.330795300586854,0.524013130597061,0.994701386553687,0.438598494367772,-0.416428649433891,-0.135962069060475,-0.0247411626405223,-0.314012775301545,0.999757862091843,1.06960504576937,-0.552740656252641,-0.319941994045985,-0.472565665924068,-0.1555961886108,-0.0445734002443183,1.56230462096456,1.09010489057606,0.553366028230951,-1.18029468333559,-1.29347794903808,-0.574697546273115,-0.113860786417039,-0.0382639442739243,3.74414965058728,1.08838378637757,1.1507788827907,0.0537348467377536,-0.971256054276335,-0.650039470011399,-0.048236570436645,-0.0330109162638679,1.52497749734601,0.691917424529183,-0.191412782816345,0.782595037246263,-0.480230824857134,-0.831486854781667,0,-0.0930309953194633,-0.481588184154324,-0.984477210668762,-1.12171262543579,0.95600658577301,0.0665678053471691,-0.797595882078731,-0.0998707974396848,-0.0692112518235939,-0.410266899197836,-0.856559972135023,-0.16886700594293,1.16729496510292,-0.547190670781726,-0.767532904424768,-0.275928442190369,-0.0912709356995593,-0.303642030474405,1.22873149473262,0.93422270303842,-0.283435346285619,-0.988491876452356,-0.527680489439249,-0.177318504788345
"2289",0,1.88237474806379,1.19060935609113,0.990200011287507,-1.44159853924067,-0.992685559626734,-0.416428649433891,-0.135962069060475,-0.0247411626405223,2.62883071039675,0.633017159478461,0.0768464655884069,0.290358455339444,-1.40155863315559,-0.540830462877054,-0.143229824692376,-0.0445734002443183,0.122165329449593,-1.28960847698666,0.216694219019643,0.616574496719437,-1.27164308514941,-0.574697546273115,-0.113860786417039,-0.0382639442739243,-0.759253601238671,-1.53139249135053,0.303404642107127,0.37134719270522,-1.3031392155474,-0.650039470011399,-0.049335153206293,-0.0330109162638679,-0.639535815693025,-1.06645647246535,0.613390963116015,0.950766487281889,0.139152767932202,-0.831486854781667,0,-0.0930309953194633,-0.481588184154324,-0.984477210668762,-1.12171262543579,-0.627998525224387,1.27008134505226,0.34521688350542,-0.0998707974396848,-0.0692112518235939,-0.410266899197836,0.0230723224817513,-0.75218129333123,-0.707831402641512,1.14027554013895,1.25875985150291,-0.202993708003753,-0.0912709356995593,1.76127335410647,1.22873149473262,0.245017378270736,0.379690015108701,0.558394746906768,-0.281918760399022,-0.177318504788345
"2290",0,-0.346763866306412,0.545748814462924,0.524013130597061,0.994701386553687,1.15424052136502,-0.123111490731166,-0.135962069060475,-0.0247411626405223,0.0129698342204877,0.082906105558388,-1.41229140468304,-1.1850649899467,1.12316558623815,0.444635321258607,-0.1555961886108,-0.0445734002443183,-0.741918245459386,-1.62956752949562,-0.433430847676522,0.289871009436705,0.929255371307683,-0.574697546273115,-0.113860786417039,-0.0382639442739243,-1.067009594121,-1.53139249135053,0.303404642107127,0.212541019721487,-1.3031392155474,-0.650039470011399,-0.048236570436645,-0.0330109162638679,-0.639535815693025,-1.2263086449194,-1.15717727793518,0.782595037246263,-0.371422339493946,-0.831486854781667,0,-0.0930309953194633,-0.378995102666255,-0.984477210668762,-1.4082464139241,-0.627998525224387,1.27008134505226,-0.111908222728241,-0.0998707974396848,-0.0692112518235939,-0.410266899197836,0.198998781405106,-0.94661938912733,-1.0828566761904,0.971528919046879,-0.159645077646464,-0.202993708003753,-0.0191459895266863,-0.303642030474405,0.628218168302089,0.704487594782526,0.310705262178251,-0.300986710514968,-0.527680489439249,-0.177318504788345
"2291",0,-0.409496730137869,-0.958925782669563,0.290919690251838,-0.334189482061415,-0.992685559626734,-0.416428649433891,-0.0929791461472746,-0.064995348517452,-0.640995384823577,-0.100464245748303,1.06960504576937,-0.763515434150662,-1.40155863315559,-0.540830462877054,-0.1555961886108,-0.0445734002443183,0.122165329449593,1.09010489057606,0.72045356297642,-1.18029468333559,-1.29347794903808,-0.369475102844105,-0.113860786417039,0.00253193544590119,0.205761381295462,1.08838378637757,-1.05239414298659,-1.53432688309958,-1.3031392155474,-0.424070460260913,-0.048236570436645,-0.0330109162638679,1.83419368492302,1.06938131426215,-0.513334281189288,-0.394605113003119,-0.371422339493946,-0.831486854781667,0,-0.0930309953194633,0.527366528655686,1.3246423271829,1.36287885195866,1.27280760797249,1.27008134505226,1.03090454285591,-0.0998707974396848,-0.0692112518235939,-0.410266899197836,0.198998781405106,1.19219966462977,1.16729496510292,1.14027554013895,0.245613473539072,0.0326960373389494,-0.0191459895266863,-0.303642030474405,-1.17332181098952,-0.903658163008738,0.706799001154165,0.0648230127647233,-0.215384245820411,0.248685139288802
"2292",0,-0.346763866306412,-0.958925782669563,0.0578262499066152,0.108774140810285,1.33315102811434,1.93010862018791,-0.135962069060475,-0.0247411626405223,-0.640995384823577,0.266276456865079,-0.419532824502074,-1.39583976784473,-0.223353997438511,2.66193333556384,-0.1555961886108,-0.0445734002443183,-0.741918245459386,0.173545189650678,0.553366028230951,-0.526887708770123,0.401841648062479,3.36967243470111,-0.113860786417039,-0.0382639442739243,-0.426600378999428,-0.712712404560498,0.472879490243842,0.37134719270522,1.36852100217096,1.81049060765444,-0.048236570436645,-0.0330109162638679,-0.700168888142608,-1.2263086449194,-1.47909877630812,-1.40363381321687,0.990111280309114,-0.831486854781667,0,-0.0930309953194633,-0.481588184154324,-0.984477210668762,-1.12171262543579,0.480805052473791,-0.277293205997144,-0.797595882078731,-0.0998707974396848,-0.0692112518235939,-0.410266899197836,-1.38433934890509,-1.14105748492343,0.792269691554037,-1.55967039733413,-0.767532904424768,-0.202993708003753,-0.0191459895266863,-0.303642030474405,-1.17332181098952,0.704487594782526,-1.86781030218927,-1.1603681679367,-0.527680489439249,-0.177318504788345
"2293",0,-0.346763866306412,-0.314065241041354,0.524013130597061,0.551737763681986,-0.277043532629481,-0.377224974252214,-0.135962069060475,-0.0247411626405223,0.0501297936506107,0.633017159478461,-0.887624907083413,-2.02816410153879,-0.728298841317257,-0.540830462877054,-0.400360551115385,-0.0445734002443183,0.71700533954081,0.41018678555814,-1.12999301782559,-0.853591196052854,-0.975944617560112,-0.574697546273115,-0.113860786417039,-0.0382639442739243,0.527433042140173,0.924647769019562,1.30674784564129,1.00657188464015,1.36852100217096,1.53709837680268,-0.048236570436645,-0.0330109162638679,-0.639535815693025,-0.019998558379539,1.09627321067543,-0.226433662967493,-1.56276425682162,-0.831486854781667,0,-0.0930309953194633,0.863684766259023,0.307128362996575,0.586444015272899,1.11440709687275,-1.13694573435793,-0.797595882078731,-0.0998707974396848,-0.0692112518235939,0.558214809138742,0.254500033264707,-0.36330510173903,0.41724441800515,0.465289055770677,-0.767532904424768,-0.712240747630923,-0.0191459895266863,-0.303642030474405,-0.372637375748804,0.0152822700148413,0.915966267921543,0.558394746906768,-0.527680489439249,-0.177318504788345
"2294",0,1.88237474806379,1.4055628699672,0.990200011287507,0.994701386553687,0.438598494367772,-0.416428649433891,-0.135962069060475,-0.0247411626405223,1.97486549135268,-0.100464245748303,-0.667722469547314,1.13345756693153,-0.391668945398093,-0.540830462877054,-0.1555961886108,-0.0445734002443183,-0.741918245459386,-1.45958800324114,1.05837374204791,0.943277984002168,-1.29347794903808,-0.721610286222324,-0.113860786417039,-0.0382639442739243,-0.759253601238671,-0.22150435248648,1.1507788827907,-0.740296018180913,-1.3031392155474,-0.650039470011399,-0.048236570436645,-0.0330109162638679,-0.639535815693025,-0.906604300011301,0.774351712302486,0.782595037246263,-1.05218914939548,-0.831486854781667,0,-0.0930309953194633,-0.481588184154324,-0.984477210668762,-1.12171262543579,0.164004030274312,1.09815083938011,-0.111908222728241,-0.0998707974396848,-0.0692112518235939,-0.410266899197836,-1.38433934890509,-1.33549558071953,-1.0828566761904,0.802782297954812,1.10944580973525,-0.202993708003753,-0.0191459895266863,2.7937310463969,1.82924482116316,0.93422270303842,0.904845870642121,1.58965249581285,1.68417507192279,-0.177318504788345
"2295",0,-0.346763866306412,1.4055628699672,0.990200011287507,-1.13961488617342,-0.992685559626734,-0.416428649433891,-0.0888370610747542,-0.0247411626405223,0.33995244374252,0.816387510785152,0.0768464655884069,0.290358455339444,-1.40155863315559,-0.540830462877054,-0.1555961886108,-0.0445734002443183,0.986248904358571,0.41018678555814,0.216694219019643,0.779926240360802,-1.29347794903808,-0.574697546273115,-0.113860786417039,-0.0382639442739243,0.205761381295462,-0.207373445766497,0.303404642107127,0.0537348467377536,-1.3031392155474,-0.650039470011399,-0.048236570436645,-0.0330109162638679,-0.639535815693025,-0.427047782649156,1.09627321067543,-1.23546236318125,-1.56276425682162,-0.831486854781667,0,-0.207078533847193,-0.481588184154324,1.01675972213601,0.741730982610052,-1.26160056962335,-1.48080674570224,-0.797595882078731,-0.0998707974396848,-0.0692112518235939,3.46365993414848,1.43048399386859,0.797818504090901,-0.520318765867068,-0.715937291873794,-0.362274353239232,-0.202993708003753,-0.0191459895266863,-0.303642030474405,1.22873149473262,0.494753717667091,-0.283435346285619,0.558394746906768,0.455366426721658,-0.177318504788345
"2296",0,1.18989489016201,1.83546989771934,0.757106570942284,-2.10604397354822,-0.992685559626734,-0.416428649433891,-0.135962069060475,-0.0247411626405223,2.30184810087471,0.816387510785152,0.821415400724128,0.290358455339444,-1.56516077032594,-0.540830462877054,-0.1555961886108,-0.0445734002443183,1.85033247926755,0.41018678555814,0.216694219019643,1.2699814712849,-1.29347794903808,-0.574697546273115,-0.105365504464407,0.00253193544590119,0.205761381295462,-0.712712404560498,-0.0355450541663019,0.0537348467377536,-1.3031392155474,-0.650039470011399,-0.048236570436645,-0.0330109162638679,-0.639535815693025,-1.2263086449194,0.291469464743071,0.109909237103759,-1.56276425682162,-0.831486854781667,0,-0.0930309953194633,-0.481588184154324,-0.830535908145318,1.20759188462151,-0.152796991925168,-1.48080674570224,-0.797595882078731,-0.0998707974396848,-0.0692112518235939,-0.410266899197836,-0.152854136441604,1.19219966462977,0.522445423131084,-0.378444049689659,1.10195214572885,-0.202993708003753,-0.0191459895266863,0.728815661816031,1.82924482116316,0.93422270303842,0.904845870642121,1.58965249581285,3.40450717520438,4.19834190511436
"2297",0,-0.346763866306412,2.05042341159541,0.0578262499066152,-0.998634916368966,1.69097204161296,1.34347430278246,0.0450474788628691,-0.0247411626405223,1.97486549135268,0.999757862091843,0.485553069838363,1.13345756693153,0.954850638278565,0.691001767292522,-0.1555961886108,-0.0445734002443183,2.13836033757054,1.09010489057606,-0.28831349479732,-1.01694293969422,-1.29347794903808,-0.574697546273115,-0.113860786417039,-0.0382639442739243,1.81411968551902,1.08838378637757,-0.0355450541663019,-1.37552071011585,-1.3031392155474,-0.650039470011399,-0.048236570436645,-0.0330109162638679,-0.639535815693025,0.248040933892177,0.935312461488958,0.446252137175011,-1.56276425682162,-0.831486854781667,0,-0.0930309953194633,-0.481588184154324,-0.984477210668762,-0.34527778875002,1.27280760797249,-1.1952355806705,-0.797595882078731,-0.0998707974396848,-0.0692112518235939,-0.410266899197836,-1.38433934890509,0.0255710898531705,0.810210101972204,-1.55967039733413,-0.767532904424768,-0.202993708003753,-0.0191459895266863,-0.303642030474405,1.82924482116316,0.213945841632783,-1.07562282423745,-1.1603681679367,-0.527680489439249,-0.177318504788345
"2298",0,-0.346763866306412,1.62051638384327,1.13067334979712,-1.44159853924067,-0.992685559626734,-0.416428649433891,-0.0688217142591056,-0.0247411626405223,1.32090027230862,0.999757862091843,1.06960504576937,0.711908011135486,-1.40155863315559,-0.540830462877054,-0.1555961886108,-0.0445734002443183,2.13836033757054,0.41018678555814,-0.456649399402975,0.784799797530092,-1.29347794903808,-0.574697546273115,-0.113860786417039,-0.0382639442739243,1.81411968551902,-0.329853355050274,-0.374494750439731,0.688959538672687,-1.3031392155474,-0.650039470011399,-0.048236570436645,-0.0330109162638679,-0.639535815693025,-1.06645647246535,0.774351712302486,-0.394605113003119,-1.56276425682162,-0.831486854781667,0,-0.0930309953194633,-0.481588184154324,0.0931119069953467,1.20759188462151,-0.944799547423866,-1.48080674570224,-0.797595882078731,-0.0998707974396848,-0.0692112518235939,-0.410266899197836,1.20976586508393,1.39722144537745,0.41724441800515,0.29654243467861,-0.159645077646464,-0.202993708003753,-0.0191459895266863,0.728815661816031,2.02941592997334,0.93422270303842,0.706799001154165,1.58965249581285,1.43841334288257,-0.177318504788345
"2299",0,-0.346763866306412,0.760702328338993,0.990200011287507,-0.317105644469837,-0.634864546128108,-0.535715452807233,-0.135962069060475,-0.0247411626405223,-0.640995384823577,0.364063127393619,1.06960504576937,1.13345756693153,-0.728298841317257,-0.540830462877054,-0.1555961886108,-0.0445734002443183,0.410193187752585,1.09010489057606,1.56338145586488,1.43333321492626,-1.29347794903808,-0.574697546273115,-0.113860786417039,-0.0382639442739243,-0.759253601238671,0.760911751661556,1.1507788827907,1.00657188464015,-0.969181688332602,-0.650039470011399,-0.048236570436645,-0.0643270961184678,-0.33031962811602,1.33132611434538,1.09627321067543,0.950766487281889,-1.05218914939548,-0.922688584953904,0,-0.0930309953194633,-0.145269946550987,1.47858362970634,1.36287885195866,1.27280760797249,-1.48080674570224,-0.797595882078731,-0.0998707974396848,-0.0692112518235939,1.04245566330703,1.43048399386859,1.19219966462977,1.17929670204483,-0.378444049689659,-0.767532904424768,-0.202993708003753,-0.0339023568911823,0.728815661816031,0.449943790323457,0.704487594782526,0.904845870642121,0.214642163938074,-0.527680489439249,-0.177318504788345
"2300",0,0.767805440878689,1.4055628699672,0.993247238733992,-1.88456216211237,-0.992685559626734,-0.416428649433891,-0.135962069060475,-0.0247411626405223,0.626914445590095,0.816387510785152,0.573225755678888,0.501133233237465,-1.40155863315559,-0.540830462877054,-0.1555961886108,0.00107855268828527,0.122165329449593,-0.77966989822322,0.385030123625297,1.10662972764353,-1.22443924226246,-0.574697546273115,-0.113860786417039,-0.0382639442739243,-0.759253601238671,-1.20392045663452,1.1507788827907,0.688959538672687,-0.969181688332602,-0.650039470011399,-0.049335153206293,-0.0330109162638679,-0.639535815693025,-0.746752127557253,1.09627321067543,0.677338383037305,0.990111280309114,-0.258062014696678,0,-0.0930309953194633,-0.481588184154324,-0.830535908145318,-1.12171262543579,-0.905955617555076,0.926220333707951,0.34521688350542,-0.0998707974396848,-0.0692112518235939,-0.410266899197836,1.07863107602188,0.220009185649271,0.332070237830697,1.14027554013895,0.44824274913184,-0.202993708003753,-0.0191459895266863,2.7937310463969,2.02941592997334,0.93422270303842,0.508752131666208,0.0427658724537265,0.107435454129546,-0.177318504788345
"2301",0,-0.43553003774349,-0.958925782669563,-0.408360630783831,0.551737763681986,1.33315102811434,0.566475186342753,-0.177595397966235,-0.064995348517452,-0.640995384823577,-0.283834597054994,0.821415400724128,0.501133233237465,1.29148053419773,0.691001767292522,-0.1555961886108,-0.0445734002443183,-0.741918245459386,-1.62956752949562,-1.12999301782559,-1.18029468333559,0.452955374090734,0.834006018360537,-0.113860786417039,-0.0382639442739243,-0.759253601238671,-1.29817621766195,-1.56081868739673,-0.899102191164647,0.867584711348771,-0.650039470011399,-0.245217625196333,-0.0330109162638679,-0.639535815693025,0.0525087347129891,1.09627321067543,0.950766487281889,0.649727875358349,-0.212702526895295,0,-0.0930309953194633,-0.481588184154324,-0.233117357818815,1.05230491728436,1.27280760797249,-0.454095179920828,-0.569033328961901,-0.0998707974396848,-0.0692112518235939,-0.410266899197836,-1.38433934890509,0.414447281445371,-0.257190299313901,-1.55967039733413,-0.635091753638775,-0.202993708003753,-0.0191459895266863,-0.303642030474405,-1.17332181098952,-0.609788752087056,-1.86781030218927,-1.1603681679367,-0.527680489439249,-0.177318504788345
"2302",0,-0.338123583552944,-0.743972268793493,0.290919690251838,-0.112707670625565,-0.992685559626734,-0.416428649433891,-0.153303922320017,-0.0247411626405223,-0.640995384823577,-0.100464245748303,0.573225755678888,-0.600422813924211,-1.40155863315559,-0.540830462877054,-0.1555961886108,-0.0445734002443183,-0.741918245459386,0.41018678555814,-0.28831349479732,-1.18029468333559,-1.29347794903808,-0.574697546273115,-0.113860786417039,-0.0382639442739243,-0.759253601238671,0.760911751661556,-0.882919294849875,-1.53432688309958,-1.3031392155474,-0.650039470011399,-0.048236570436645,-0.0330109162638679,-0.639535815693025,0.607858047323037,-0.191412782816345,-0.394605113003119,-0.201230637018563,-0.258062014696678,0,-0.0930309953194633,0.131856948116675,1.17070102465946,1.36287885195866,0.63920556357353,0.582359322363638,2.17371730844006,-0.0998707974396848,-0.0692112518235939,-0.410266899197836,0.374925240328461,0.0255710898531705,-1.0828566761904,-0.547190670781726,2.47453550505952,-0.202993708003753,-0.0912709356995593,-0.303642030474405,-0.572808484558983,-0.214452838241053,0.706799001154165,0.902147329875462,1.19265161384234,-0.177318504788345
"2303",0,-0.346763866306412,-0.314065241041354,0.0578262499066152,0.108774140810285,-0.170464722789921,-0.416428649433891,-0.135962069060475,-0.0247411626405223,0.562262787930538,0.999757862091843,-0.915912114592555,0.290358455339444,0.281590846440236,-0.540830462877054,-0.1555961886108,0.151225624523817,1.27427676266156,0.0702277330491799,-0.456649399402975,1.10662972764353,0.929255371307683,-0.574697546273115,-0.109783283342742,-0.0382639442739243,-0.115910279549249,0.59717573430355,0.811829186517271,0.212541019721487,1.03456347495617,-0.650039470011399,-0.048236570436645,-0.0330109162638679,-0.639535815693025,-1.2263086449194,-1.47909877630812,-1.73997671328813,0.649727875358349,-0.258062014696678,0,-0.0930309953194633,-0.481588184154324,-0.984477210668762,-1.12171262543579,-1.26160056962335,-0.4492237116693,0.80234198973908,-0.0998707974396848,-0.0692112518235939,-0.254221568916783,-0.680633513211668,-1.52993367651563,-1.83290722328817,-0.378444049689659,0.369921313624313,-0.202993708003753,-0.0191459895266863,-0.303642030474405,-0.172466266938626,0.474752486526631,0.904845870642121,0.730271038391115,-0.0361570313587953,-0.177318504788345
"2304",0,-0.346763866306412,0.115841786710785,-0.175267190438608,0.28749282961007,1.51206153486365,0.17020566797156,-0.135962069060475,-0.0247411626405223,-0.314012775301545,0.999757862091843,0.821415400724128,-0.763515434150662,-0.728298841317257,-0.294464016843139,-0.1555961886108,0.0386153206471683,0.410193187752585,1.09010489057606,1.05837374204791,-0.853591196052854,-1.26823065390824,-0.574697546273115,-0.113860786417039,-0.0382639442739243,1.17077636382959,1.08838378637757,1.1507788827907,1.00657188464015,0.032690893311783,-0.650039470011399,-0.048236570436645,-0.0330109162638679,0.0340261693612432,-0.267195610195108,-0.67429503037576,0.109909237103759,1.1603029827845,0.0286504053458163,0,-0.0930309953194633,-0.481588184154324,-0.984477210668762,-1.48778087040118,-1.26160056962335,1.27008134505226,0.34521688350542,-0.0998707974396848,-0.0692112518235939,-0.410266899197836,-1.20841288998173,-0.94661938912733,0.229731781230706,1.14027554013895,-0.362274353239232,-0.202993708003753,-0.0191459895266863,-0.303642030474405,0.227875950681732,0.704487594782526,-0.283435346285619,-0.300986710514968,-0.527680489439249,-0.177318504788345
"2305",0,-0.346763866306412,-1.17387929654563,0.180416572923214,-0.777153104933116,-0.992685559626734,-0.370624828969445,-0.135962069060475,-0.0247411626405223,-0.640995384823577,0.082906105558388,0.325036110633647,-1.11519620423823,-1.40155863315559,-0.540830462877054,-0.1555961886108,-0.0445734002443183,-0.1658625288534,1.09010489057606,-0.28831349479732,-1.18029468333559,-0.658411286082146,-0.0112161204196545,-0.113860786417039,-0.0382639442739243,0.849527272010174,0.760911751661556,-1.39134383926002,-0.50927636442729,1.36852100217096,0.716921684247398,-0.048236570436645,-0.0330109162638679,1.01503162589201,1.17147394189133,0.452430213929543,0.950766487281889,0.309344470407584,-0.831486854781667,0,-0.0930309953194633,-0.481588184154324,-0.0608293955280974,0.586444015272899,1.27280760797249,-1.30887624003008,-0.797595882078731,-0.0998707974396848,-0.0692112518235939,-0.410266899197836,-1.38433934890509,-0.36330510173903,0.138611507400489,-1.55967039733413,-0.767532904424768,-0.202993708003753,-0.0191459895266863,-0.303642030474405,-1.17332181098952,0.704487594782526,-0.877575954749489,-1.1603681679367,-0.527680489439249,-0.0998354875417441
"2306",0,-0.259358160579077,-1.17387929654563,-0.441611799372362,0.330255952246136,-0.813775052877421,-0.416428649433891,-0.135962069060475,-0.0247411626405223,-0.640995384823577,-1.38405670489514,0.256583791253786,-0.763515434150662,-1.233243685196,-0.511040692342852,-0.1555961886108,-0.0445734002443183,-0.741918245459386,-0.26973131945978,0.553366028230951,-1.18029468333559,-1.29347794903808,-0.574697546273115,-0.113860786417039,-0.0382639442739243,-0.338099271252447,0.59717573430355,-0.71344444671316,-1.53432688309958,-1.3031392155474,-0.650039470011399,-0.048236570436645,-0.0330109162638679,-0.639535815693025,1.01162176943728,1.09627321067543,0.278080687139385,-1.05218914939548,-0.831486854781667,0,-0.0930309953194633,-0.481588184154324,1.01675972213601,0.431157047935746,-0.152796991925168,-0.124116314001975,-0.569033328961901,-0.0998707974396848,-0.0692112518235939,-0.579226839563568,-0.504707054288313,0.414447281445371,-1.45788194973929,0.29654243467861,0.650872024724607,-0.202993708003753,-0.0191459895266863,-0.303642030474405,-1.17332181098952,-0.903658163008738,0.904845870642121,1.02780552738528,0.455366426721658,-0.177318504788345
"2307",0,-0.346763866306412,-1.17387929654563,-0.408360630783831,-0.777153104933116,-0.992685559626734,-0.416428649433891,-0.135962069060475,-0.0247411626405223,-0.640995384823577,-1.38405670489514,1.06960504576937,-0.763515434150662,-1.40155863315559,-0.540830462877054,-0.1555961886108,-0.0445734002443183,-0.867514863241186,0.0702277330491799,0.385030123625297,-1.18029468333559,-1.29347794903808,-0.574697546273115,-0.113860786417039,-0.0382639442739243,-0.759253601238671,0.760911751661556,-0.0355450541663019,-0.422683672213447,-0.802202924725205,-0.650039470011399,-0.048236570436645,-0.0643270961184678,-0.33031962811602,1.33132611434538,1.09627321067543,0.614423587210637,1.1603029827845,0.602075245430805,0,-0.0930309953194633,-0.145269946550987,1.3246423271829,0.431157047935746,-1.26160056962335,-0.96501522868577,2.40227986155689,4.95470122853544,-0.0692112518235939,-0.410266899197836,0.0230723224817513,0.414447281445371,-0.895344039415955,-0.715937291873794,2.27190622946675,4.71545869607834,-0.0191459895266863,-0.303642030474405,-1.20683049158462,-0.673923054752843,0.706799001154165,1.58965249581285,2.17569853000325,-0.177318504788345
"2308",0,-0.346763866306412,-0.314065241041354,0.0578262499066152,0.108774140810285,-0.813775052877421,-0.416428649433891,-0.135962069060475,-0.0247411626405223,-0.314012775301545,0.816387510785152,1.06960504576937,1.13345756693153,-0.0550390494789284,-0.540830462877054,-0.1555961886108,-0.0445734002443183,0.986248904358571,0.25726902669224,1.56338145586488,1.43333321492626,1.24678870278565,-0.292956833346385,-0.113860786417039,-0.0382639442739243,0.119444659886442,-0.876448421918504,-0.71344444671316,-0.422683672213447,1.36852100217096,0.443529453395639,-0.048236570436645,-0.0330109162638679,-0.639535815693025,-1.2263086449194,-1.47909877630812,-1.5718052632525,1.1603029827845,1.46221250555829,0,-0.0930309953194633,-0.481588184154324,-0.253721900756384,-1.12171262543579,-0.944799547423866,1.27008134505226,0.80234198973908,-0.0998707974396848,-0.0692112518235939,-0.410266899197836,0.374925240328461,-0.36330510173903,0.604757054779594,0.813198051001146,-0.564903628832,-0.192070107978105,-0.0191459895266863,-0.303642030474405,0.227875950681732,0.93422270303842,-0.481482215773575,-0.988491876452356,-0.527680489439249,-0.177318504788345
"2309",0,-0.346763866306412,-0.743972268793493,-0.874547511474277,0.773219575117836,0.975330014615711,-0.416428649433891,-0.135962069060475,0.00131510914950845,0.0129698342204877,0.816387510785152,0.573225755678888,0.290358455339444,1.29148053419773,0.444635321258607,-0.1555961886108,-0.0445734002443183,-0.1658625288534,-0.43971084571426,-1.12999301782559,0.453222753078071,1.08802203704667,-0.574697546273115,-0.113860786417039,-0.0382639442739243,-0.759253601238671,-1.53139249135053,-1.05239414298659,0.847765711656421,-0.802202924725205,-0.650039470011399,-0.048236570436645,-0.0330109162638679,-0.639535815693025,-1.2263086449194,0.613390963116015,-0.226433662967493,-1.56276425682162,-0.831486854781667,0,-0.0930309953194633,-0.481588184154324,-0.984477210668762,0.0141782639969327,0.95600658577301,-0.621154217341457,-0.797595882078731,-0.0998707974396848,-0.0692112518235939,0.558214809138742,0.374925240328461,-0.36330510173903,-0.520318765867068,1.14027554013895,0.44824274913184,-0.202993708003753,-0.0191459895266863,-0.303642030474405,-0.372637375748804,-0.673923054752843,0.310705262178251,1.4177762043285,1.19265161384234,-0.177318504788345
"2310",0,-0.346763866306412,0.545748814462924,0.524013130597061,-0.334189482061415,-0.634864546128108,-0.416428649433891,-0.135962069060475,-0.0247411626405223,-0.640995384823577,0.816387510785152,0.573225755678888,0.0795836774414227,0.786535690318983,-0.540830462877054,-0.1555961886108,-0.0445734002443183,-0.741918245459386,-1.62956752949562,-1.12999301782559,-0.363535965128757,1.24678870278565,-0.292956833346385,-0.113860786417039,-0.0382639442739243,-0.759253601238671,-1.53139249135053,-0.783861406297017,0.212541019721487,1.03456347495617,-0.650039470011399,-0.048236570436645,-0.0330109162638679,-0.639535815693025,-1.2263086449194,-1.47909877630812,-1.23546236318125,0.990111280309114,0.0286504053458163,0,-0.0930309953194633,-0.481588184154324,-0.984477210668762,-1.12171262543579,-1.50584414183928,0.78679882216219,2.17371730844006,-0.0998707974396848,-0.0692112518235939,-0.410266899197836,-0.856559972135023,-0.16886700594293,-0.379353198832255,0.971528919046879,1.46138912709568,-0.202993708003753,-0.0191459895266863,-0.303642030474405,0.027704841871553,0.93422270303842,0.508752131666208,0.0427658724537265,-0.281918760399022,-0.177318504788345
"2311",0,1.88237474806379,0.760702328338993,0.757106570942284,0.108774140810285,-0.813775052877421,-0.416428649433891,-0.0836485442710778,-0.0247411626405223,1.32090027230862,0.999757862091843,-0.419532824502074,0.711908011135486,-0.391668945398093,-0.696525553887703,-0.1555961886108,-0.0445734002443183,-0.453890387156393,-1.45958800324114,-0.119977590191666,1.43333321492626,-0.658411286082146,-0.574697546273115,-0.113860786417039,-0.0382639442739243,0.205761381295462,0.59717573430355,1.01639248605427,1.00657188464015,0.032690893311783,-0.650039470011399,-0.048236570436645,-0.0330109162638679,0.28811274703799,0.691917424529183,-0.352373532002817,-0.562776563038745,1.10842890431995,0.315362825388311,0,-0.0930309953194633,-0.360327794417754,-0.984477210668762,-1.12171262543579,-1.26160056962335,0.754289828035795,1.25946709597274,-0.0998707974396848,-0.0692112518235939,1.04245566330703,1.25455753494524,-0.75218129333123,0.41724441800515,1.14027554013895,0.0429841979463036,-0.202993708003753,-0.0191459895266863,-0.303642030474405,0.828389277112268,0.93422270303842,0.508752131666208,0.0700966562400173,-0.570495540367604,-0.177318504788345
"2312",0,-0.346763866306412,1.62051638384327,0.990200011287507,0.994701386553687,1.15424052136502,-0.416428649433891,-0.135962069060475,-0.0247411626405223,-0.640995384823577,-0.283834597054994,0.0768464655884069,-0.444035571794523,-0.223353997438511,-0.540830462877054,-0.1555961886108,-0.0445734002443183,-0.741918245459386,0.24020725930366,1.56338145586488,-0.0368324778460259,-1.29347794903808,-0.574697546273115,-0.113860786417039,-0.0909846830221019,-0.759253601238671,0.269703699587538,0.981304034653986,0.688959538672687,-0.802202924725205,-0.650039470011399,-0.048236570436645,-0.0330109162638679,-0.639535815693025,-1.06645647246535,-1.15717727793518,-0.73094801307437,0.309344470407584,-0.831486854781667,0,-0.0930309953194633,-0.429814722190293,-0.984477210668762,-1.12171262543579,-0.786399036324126,0.926220333707951,-0.797595882078731,-0.0998707974396848,-0.0692112518235939,-0.410266899197836,-1.38433934890509,-1.91880986810783,-0.145293492318181,0.465289055770677,-0.767532904424768,-0.202993708003753,-0.0191459895266863,-0.303642030474405,1.22873149473262,0.93422270303842,0.904845870642121,-0.129110419030621,-0.527680489439249,-0.177318504788345
"2313",0,1.88237474806379,2.26537692547148,0.524013130597061,0.108774140810285,0.617509001117085,0.17020566797156,-0.135962069060475,-0.0247411626405223,0.333013157545796,-0.833945650975067,0.0768464655884069,1.13345756693153,1.29148053419773,2.41556688952993,-0.0316400957248735,-0.0445734002443183,-0.453890387156393,-0.826308179771087,-0.961657113219938,1.2699814712849,0.821475854417994,-0.0112161204196545,-0.113860786417039,-0.0382639442739243,2.45746300720844,0.59717573430355,0.472879490243842,1.00657188464015,-0.134287870295615,-0.650039470011399,-0.048236570436645,-0.0330109162638679,0.28811274703799,1.01162176943728,1.42665829395103,0.950766487281889,1.1603029827845,0.602075245430805,0,-0.0930309953194633,0.420789180981638,0.554935814565679,1.05230491728436,-0.311197503024907,-0.4492237116693,-0.569033328961901,-0.0998707974396848,-0.0692112518235939,0.558214809138742,1.43048399386859,-0.36330510173903,-1.83290722328817,-1.55967039733413,-0.545324028711127,-0.202993708003753,-0.0191459895266863,1.76127335410647,2.02941592997334,-1.82259859603232,-2.26390404116519,-1.1603681679367,-0.527680489439249,-0.177318504788345
"2314",0,-0.346763866306412,-0.314065241041354,-0.175267190438608,0.551737763681986,1.15424052136502,-0.416428649433891,-0.135962069060475,-0.0247411626405223,0.666935053264552,0.999757862091843,-0.667722469547314,-1.1850649899467,1.29148053419773,-0.192011735549107,-0.1555961886108,-0.0445734002443183,2.42638819587353,0.582328762246095,-1.12999301782559,-0.200184221487392,0.7704887055687,-0.574697546273115,-0.113860786417039,-0.0382639442739243,0.402683213898274,-0.548976387202492,-1.39134383926002,0.530153365688954,-0.46824539751041,-0.650039470011399,-0.048236570436645,-0.0539306280597664,-0.639535815693025,-1.2263086449194,0.291469464743071,-0.226433662967493,-1.56276425682162,-0.831486854781667,0,-0.0930309953194633,-0.481588184154324,-0.368712000574986,1.36287885195866,-0.244881454175304,-1.48080674570224,-0.258425218336503,-0.0998707974396848,-0.0692112518235939,-0.410266899197836,0.374925240328461,-0.16886700594293,-1.83290722328817,-1.55967039733413,0.362058691158362,-0.202993708003753,-0.0191459895266863,-0.303642030474405,-0.572808484558983,0.93422270303842,0.904845870642121,1.24589991284416,0.946889884802112,-0.177318504788345
"2315",0,-0.346763866306412,-0.743972268793493,-0.175267190438608,0.994701386553687,1.86988254836228,4.27664588980972,10.9926347477701,-0.0247411626405223,-0.640995384823577,-0.650575299668376,-0.633737792185222,-0.34196587835462,-0.0550390494789284,2.41556688952993,12.5640417884559,-0.0445734002443183,-0.741918245459386,-1.62956752949562,-1.12999301782559,-1.18029468333559,-1.13471128329909,3.36967243470111,11.4271020132806,-0.0382639442739243,-0.759253601238671,-1.53139249135053,-1.56081868739673,-1.53432688309958,0.533627184133976,1.81049060765444,-0.048236570436645,-0.0330109162638679,-0.799304775036802,-1.2263086449194,-1.47909877630812,-0.73094801307437,0.649727875358349,-0.831486854781667,0,-0.0930309953194633,-0.481588184154324,-0.984477210668762,-0.966425658098632,0.95600658577301,-0.96501522868577,-0.797595882078731,-0.0998707974396848,-0.0692112518235939,-0.410266899197836,-1.38433934890509,0.0255710898531705,-0.145293492318181,-1.55967039733413,-0.767532904424768,-0.202993708003753,-0.0191459895266863,-0.303642030474405,-0.97315070217934,0.93422270303842,-1.2736696937254,-1.29694027728882,-0.527680489439249,-0.194206543896079
"2316",0,-0.552577493449676,-1.17387929654563,-0.641454071129054,0.139087961636207,-0.0981330258801679,-0.416428649433891,-0.135962069060475,-0.0247411626405223,-0.640995384823577,0.816387510785152,1.06960504576937,1.13345756693153,0.113275898480654,-0.540830462877054,-0.1555961886108,-0.0445734002443183,-0.741918245459386,0.58016631181262,1.56338145586488,1.06024198241933,1.08802203704667,-0.292932977297606,-0.113860786417039,-0.0382639442739243,-0.759253601238671,0.59717573430355,1.1507788827907,1.00657188464015,0.886021855236294,-0.650039470011399,-0.048236570436645,-0.0330109162638679,-0.639535815693025,0.532065252075134,1.09627321067543,0.950766487281889,0.649727875358349,-0.831486854781667,0,-0.0930309953194633,-0.481588184154324,0.0931119069953467,1.36287885195866,1.27280760797249,0.410428816691482,-0.569033328961901,-0.0998707974396848,-0.0692112518235939,-0.410266899197836,-0.152854136441604,1.19219966462977,1.16729496510292,0.139644044963721,-0.573309111675637,-0.202993708003753,-0.0912709356995593,-0.303642030474405,-1.17332181098952,-0.444187946496948,0.112658392690295,-0.242547236073057,-0.527680489439249,-0.177318504788345
"2317",0,-0.346763866306412,0.330795300586854,0.0578262499066152,-1.22011672780482,-0.634864546128108,-0.416428649433891,-0.135962069060475,-0.064995348517452,-0.640995384823577,0.999757862091843,1.06960504576937,0.0607944254428968,0.954850638278565,-0.294464016843139,-0.1555961886108,-0.0445734002443183,1.85033247926755,1.09010489057606,0.721701932836606,0.607032122486213,-1.29347794903808,-0.574697546273115,-0.113860786417039,-0.0382639442739243,1.81411968551902,1.08838378637757,1.1507788827907,1.00657188464015,-0.635224161117807,-0.650039470011399,-0.048236570436645,-0.0330109162638679,-0.33031962811602,-0.906604300011301,-1.47909877630812,-0.73094801307437,0.479536172882967,-0.831486854781667,0,-0.0930309953194633,-0.397049016376141,-0.984477210668762,-1.12171262543579,-0.152796991925168,0.582359322363638,-0.797595882078731,-0.0998707974396848,-0.0692112518235939,-0.346448494905173,-0.328780595364958,-0.16886700594293,1.16729496510292,-0.547190670781726,-0.767532904424768,-0.202993708003753,-0.0191459895266863,-0.303642030474405,-0.172466266938626,0.93422270303842,-0.481482215773575,-0.920064986075852,-0.527680489439249,-0.177318504788345
"2318",0,0.767805440878689,1.05069193887432,0.990200011287507,0.330255952246136,0.259687987618459,-0.46741500637177,-0.135962069060475,-0.0247411626405223,1.64788288183065,0.44964680817177,-1.90867069477352,-1.1850649899467,1.29148053419773,0.198268875224692,-0.1555961886108,-0.0445734002443183,1.27427676266156,0.58016631181262,-0.621411565126088,-0.0368324778460259,1.24678870278565,1.397487444214,-0.113860786417039,-0.0382639442739243,-0.43758194039396,0.760911751661556,0.811829186517271,0.37134719270522,0.533627184133976,0.990313915099158,-0.048236570436645,-0.0330109162638679,-0.639535815693025,-1.2263086449194,-1.33131451766915,-1.73997671328813,0.479536172882967,0.0286504053458163,0,-0.0930309953194633,-0.481588184154324,-0.984477210668762,-1.12171262543579,-0.469598014124647,0.754289828035795,-0.797595882078731,-0.206052571814024,-0.0692112518235939,-0.410266899197836,-0.152854136441604,-0.55774319753513,0.979782328328481,-0.884683912965861,-0.767532904424768,-0.202993708003753,-0.0191459895266863,-0.303642030474405,1.02856038592245,0.245017378270736,-1.2736696937254,-1.1603681679367,-0.527680489439249,-0.177318504788345
"2319",0,-0.346763866306412,-0.529018754917424,0.990200011287507,-1.88456216211237,-0.992685559626734,-0.416428649433891,-0.135962069060475,-0.0247411626405223,-0.640995384823577,-0.467204948361685,0.156116929685247,-1.81738932364077,-1.40155863315559,-0.463910730689932,-0.1555961886108,-0.0152492710856271,-0.685005313147261,0.7501458380671,0.0483583144139882,-1.18029468333559,-1.29347794903808,-0.574697546273115,-0.113860786417039,-0.0382639442739243,-0.43758194039396,0.570763104159218,-0.882919294849875,-1.05790836414838,-1.3031392155474,-0.650039470011399,-0.048236570436645,-0.0330109162638679,0.597328934614995,1.33132611434538,1.09627321067543,0.950766487281889,0.990111280309114,-0.258062014696678,0,-0.0930309953194633,0.527366528655686,1.60221201480147,0.275870080598593,-0.179300617331706,0.684874874736251,1.27348204835314,-0.0998707974396848,-0.0692112518235939,-0.410266899197836,1.25455753494524,0.0255710898531705,-1.0828566761904,-0.0409508075055244,1.86664767828122,-0.202993708003753,-0.0191459895266863,-0.303642030474405,-0.572808484558983,0.0152822700148413,0.508752131666208,1.24589991284416,1.19265161384234,-0.177318504788345
"2320",0,-0.346763866306412,0.159414042551791,-0.175267190438608,0.551737763681986,0.259687987618459,-0.416428649433891,-0.135962069060475,-0.0247411626405223,0.666935053264552,0.999757862091843,-1.09651664610728,-0.34196587835462,1.12316558623815,-0.294464016843139,-0.112891236218811,-0.0445734002443183,1.27427676266156,0.41018678555814,-1.12999301782559,-0.222093113442088,1.24678870278565,0.552265305433806,-0.113860786417039,-0.0382639442739243,-0.115910279549249,1.08838378637757,-0.0355450541663019,0.212541019721487,1.03460476309766,0.990313915099158,-0.048236570436645,-0.0330109162638679,-0.639535815693025,-0.906604300011301,-0.67429503037576,-1.06729091314562,0.479536172882967,1.46221250555829,0,-0.0930309953194633,-0.481588184154324,-0.984477210668762,-1.12171262543579,-1.26160056962335,0.238498311019326,1.03090454285591,-0.0998707974396848,-0.0692112518235939,1.04245566330703,1.25455753494524,-0.55774319753513,-1.27036931296484,0.802782297954812,0.853501300317375,-0.170258625533944,-0.0339023568911823,-0.355730540865852,-0.172466266938626,0.0600872719519863,0.371629480795628,0.730271038391115,-0.0361570313587953,-0.177318504788345
"2321",0,0.767805440878689,1.62051638384327,0.990200011287507,0.773219575117836,-0.813775052877421,-0.416428649433891,-0.135962069060475,-0.0247411626405223,0.993917662786584,0.44964680817177,-0.419532824502074,0.956105725937315,-0.559983893357675,-0.715173856349131,-0.1555961886108,-0.0445734002443183,-0.741918245459386,-1.62956752949562,0.553366028230951,1.10662972764353,-1.13471128329909,-0.574697546273115,-0.113860786417039,-0.0382639442739243,-0.759253601238671,-0.385240369844486,1.1507788827907,-1.05790836414838,-1.3031392155474,-0.650039470011399,-0.048236570436645,-0.0330109162638679,-0.639535815693025,-0.586899955103205,1.09627321067543,0.446252137175011,-1.39257255434624,-0.831486854781667,0,-0.0930309953194633,-0.481588184154324,-0.984477210668762,-0.34527778875002,1.27280760797249,0.582359322363638,-0.797595882078731,-0.0998707974396848,-0.195015392609631,-0.410266899197836,-0.328780595364958,-0.75218129333123,-0.332806129092624,1.14027554013895,0.44824274913184,-0.202993708003753,-0.0191459895266863,-0.303642030474405,1.82924482116316,0.93422270303842,0.904845870642121,0.793628818318208,-0.281918760399022,-0.177318504788345
"2322",0,2.99694405524889,1.19060935609113,0.757106570942284,0.551737763681986,-0.634864546128108,-0.416428649433891,-0.135962069060475,-0.0247411626405223,2.62883071039675,0.44964680817177,-0.915912114592555,0.711908011135486,0.281590846440236,-0.540830462877054,-0.1555961886108,-0.0445734002443183,0.698221046055578,-0.584058758083661,-1.12999301782559,0.943277984002168,-0.0233446231262145,-0.574697546273115,-0.113860786417039,-0.0382639442739243,-0.759253601238671,-0.921815515447138,-0.0355450541663019,1.00657188464015,0.032690893311783,-0.650039470011399,-0.048236570436645,-0.0330109162638679,-0.639535815693025,-1.2263086449194,-0.67429503037576,0.127828869912108,1.1603029827845,0.0286504053458163,0,-0.0930309953194633,-0.481588184154324,-0.984477210668762,-1.12171262543579,-1.26160056962335,1.27008134505226,1.25946709597274,-0.0998707974396848,-0.0692112518235939,1.52669651747532,0.726778158175171,-0.36330510173903,0.229731781230706,0.971528919046879,-0.159645077646464,-0.202993708003753,-0.0191459895266863,0.728815661816031,0.42804705949191,0.0152822700148413,-0.0853884767976621,-0.472863001999315,-0.527680489439249,-0.177318504788345
"2323",0,-0.346763866306412,0.330795300586854,0.990200011287507,-1.22011672780482,-0.992685559626734,-0.416428649433891,-0.135962069060475,-0.0247411626405223,-0.640995384823577,0.999757862091843,0.325036110633647,-1.10288941821809,-1.40155863315559,-0.540830462877054,-0.163123953332033,-0.0445734002443183,-0.1658625288534,1.09010489057606,-0.624985304008629,-1.18029468333559,-1.29347794903808,-0.574697546273115,-0.113860786417039,-0.0382639442739243,0.205761381295462,1.08838378637757,-0.882919294849875,-0.899102191164647,-0.969181688332602,-0.650039470011399,-0.048236570436645,-0.0330109162638679,0.906545122192,1.33132611434538,1.09627321067543,0.950766487281889,0.990111280309114,0.315362825388311,0,-0.0930309953194633,0.863684766259023,1.47858362970634,-0.189990821412867,-0.627998525224387,-0.277293205997144,2.85940496779055,4.95470122853544,-0.0692112518235939,-0.410266899197836,1.43048399386859,-0.36330510173903,-1.0828566761904,0.495503964355897,2.27190622946675,2.25623249403729,-0.0191459895266863,-0.303642030474405,0.027704841871553,0.93422270303842,0.904845870642121,1.24589991284416,0.946889884802112,-0.177318504788345
"2324",0,-0.226599811836684,0.115841786710785,0.290919690251838,0.773219575117836,0.617509001117085,-0.416428649433891,-0.135962069060475,-0.0247411626405223,0.666935053264552,0.809793779579446,-0.915912114592555,-1.39583976784473,1.29148053419773,0.444635321258607,0.224220768403718,-0.0445734002443183,1.56230462096456,-0.0997517932053001,-1.12999301782559,-1.18029468333559,1.08802203704667,1.67922815714073,0.450339924465323,-0.0382639442739243,1.49244802467431,0.36968137443722,-0.0355450541663019,0.0537348467377536,1.36852100217096,1.53709837680268,-0.048236570436645,-0.0330109162638679,-0.639535815693025,-0.427047782649156,-0.191412782816345,-0.899119463109996,0.479536172882967,1.46221250555829,0,-0.0930309953194633,-0.481588184154324,-0.252146095694783,-1.12171262543579,-1.26160056962335,0.582359322363638,1.03090454285591,-0.0998707974396848,-0.0692112518235939,-0.410266899197836,0.550851699251816,-0.16886700594293,-1.27036931296484,0.802782297954812,-0.159645077646464,-0.202993708003753,-0.0191459895266863,-0.303642030474405,0.208760993398228,0.704487594782526,-0.113611339827804,0.0427658724537265,-0.527680489439249,-0.177318504788345
"2325",0,-0.0426481535165798,0.74495408415461,-0.535831733130574,-1.44159853924067,-0.692935682103335,-0.416428649433891,-0.135962069060475,-0.0247411626405223,0.33995244374252,0.999757862091843,0.325466511396651,0.290358455339444,-1.40155863315559,-0.540830462877054,-0.1555961886108,-0.0445734002443183,-0.741918245459386,0.41018678555814,-1.12999301782559,0.779926240360802,-1.29347794903808,-0.574697546273115,-0.113860786417039,-0.0382639442739243,-0.759253601238671,-1.36765647399252,-1.56081868739673,0.37134719270522,-0.969181688332602,-0.537372283328438,-0.048236570436645,-0.0330109162638679,-0.639535815693025,-1.2263086449194,-1.31813802712165,0.950766487281889,-1.22238085187086,-0.831486854781667,0,-0.0930309953194633,-0.481588184154324,-0.830535908145318,0.608418582814518,1.11440709687275,-0.96501522868577,-0.797595882078731,-0.0998707974396848,-0.0692112518235939,-0.410266899197836,0.902704617098525,1.19219966462977,1.16729496510292,0.971528919046879,0.650872024724607,0.599257306049685,-0.0191459895266863,-0.303642030474405,0.628218168302089,-1.36312837952053,-1.66976343270132,-0.472863001999315,2.6672219880837,0.697813577192196
"2326",0,2.99694405524889,1.4055628699672,0.990200011287507,-0.334189482061415,-0.992685559626734,-0.416428649433891,-0.135962069060475,-0.0247411626405223,1.97486549135268,0.999757862091843,0.153901264966773,1.13345756693153,-0.391668945398093,-0.540830462877054,-0.178294795303358,-0.0445734002443183,-0.1658625288534,-0.0997517932053001,-1.12999301782559,0.779926240360802,-0.0233446231262145,-0.574697546273115,-0.113860786417039,-0.0382639442739243,-0.759253601238671,-1.53139249135053,-1.56081868739673,0.847765711656421,0.19966965691918,-0.650039470011399,-0.048236570436645,-0.0539306280597664,-0.639535815693025,-1.2263086449194,-0.0304520336298728,0.614423587210637,-1.39257255434624,-0.831486854781667,0,-0.0930309953194633,-0.481588184154324,-0.368712000574986,1.36287885195866,0.164004030274312,-1.48080674570224,-0.797595882078731,-0.0998707974396848,-0.0692112518235939,0.0739739549704533,1.07863107602188,1.19219966462977,0.604757054779594,0.465289055770677,1.05613057591014,1.02661939301677,-0.0191459895266863,3.82618873868734,2.02941592997334,0.93422270303842,0.310705262178251,1.64656481195721,3.40450717520438,2.44807774115328
"2327",0,-0.346763866306412,1.62051638384327,0.524013130597061,-1.66308035067652,-0.992685559626734,-0.416428649433891,-0.135962069060475,-0.0247411626405223,0.666935053264552,0.999757862091843,0.325036110633647,0.711908011135486,-1.06492873723642,-0.540830462877054,-0.1555961886108,-0.0445734002443183,-0.741918245459386,1.09010489057606,-0.456649399402975,1.43333321492626,0.929255371307683,-0.0112161204196545,-0.113860786417039,-0.0382639442739243,-0.105034123246538,0.269703699587538,0.811829186517271,1.00657188464015,1.03456347495617,-0.650039470011399,-0.127688142002309,-0.0330109162638679,-0.639535815693025,-1.2263086449194,-0.191412782816345,0.109909237103759,0.990111280309114,-0.831486854781667,0,-0.0930309953194633,-0.481588184154324,-0.984477210668762,-1.12171262543579,-0.627998525224387,1.27008134505226,0.0821173031516821,-0.0998707974396848,-0.0692112518235939,-0.410266899197836,-0.328780595364958,-0.75218129333123,-0.520318765867068,1.00904398520528,-0.362274353239232,-0.202993708003753,-0.0191459895266863,-0.303642030474405,1.22873149473262,0.93422270303842,0.904845870642121,0.406597462818541,-0.527680489439249,-0.177318504788345
"2328",0,2.99694405524889,1.87681142615854,0.524013130597061,-1.66308035067652,-0.992685559626734,-0.416428649433891,-0.135962069060475,-0.0247411626405223,1.36954394186835,0.816387510785152,-0.171343179456834,1.13345756693153,-0.391668945398093,-0.540830462877054,-0.1555961886108,-0.0445734002443183,-0.453890387156393,-0.9496494244777,-0.456649399402975,1.43333321492626,-0.182111288865197,-0.574697546273115,-0.113860786417039,-0.0382639442739243,-0.759253601238671,-0.712712404560498,1.1507788827907,1.00657188464015,-0.635224161117807,-0.650039470011399,-0.048236570436645,-0.0330109162638679,-0.618009549472824,-0.906604300011301,-0.0304520336298728,0.782595037246263,1.1603029827845,0.0286504053458163,0,-0.0930309953194633,-0.481588184154324,-0.984477210668762,-1.12171262543579,-0.627998525224387,1.27008134505226,1.03090454285591,-0.0998707974396848,-0.0692112518235939,-0.410266899197836,-0.152854136441604,-1.14105748492343,0.229731781230706,1.14027554013895,0.245613473539072,-0.202993708003753,-0.0191459895266863,1.76127335410647,1.62907371235298,0.673767659826624,0.298473569306693,0.0427658724537265,-0.527680489439249,-0.128532580470905
"2329",0,-0.346763866306412,-0.529018754917424,0.524013130597061,0.551737763681986,-0.634864546128108,-0.396970906554891,-0.0836372930749113,0.0676255668164689,0.666935053264552,0.999757862091843,1.06960504576937,0.356438931219725,-0.223353997438511,-0.540830462877054,-0.1555961886108,-0.0445734002443183,0.410193187752585,1.09010489057606,0.216694219019643,-0.690239452411488,1.08802203704667,-0.292956833346385,-0.113860786417039,-0.0382639442739243,0.205761381295462,1.08838378637757,-0.543969598576446,-1.53432688309958,1.03456347495617,0.716921684247398,-0.048236570436645,-0.0330109162638679,-0.33031962811602,1.33132611434538,-0.67429503037576,-1.73997671328813,0.649727875358349,1.17550008551579,0,-0.0930309953194633,-0.481588184154324,1.3246423271829,-0.500564756087173,-1.10320005852361,1.27008134505226,1.25946709597274,-0.0998707974396848,-0.0839228138505329,-0.410266899197836,0.657800705986418,0.356952109216118,0.604757054779594,1.14027554013895,0.0429841979463036,-0.202993708003753,-0.0191459895266863,-0.303642030474405,-0.772979593369162,0.704487594782526,0.706799001154165,0.214642163938074,-0.527680489439249,-0.177318504788345
"2330",0,-0.346763866306412,0.545748814462924,0.0578262499066152,0.330255952246136,1.51206153486365,0.756839985377011,-0.135962069060475,-0.0247411626405223,-0.640995384823577,0.815167269454508,-0.915912114592555,-1.81738932364077,-0.728298841317257,-0.294464016843139,-0.231509621735557,-0.073994983229481,-0.453890387156393,1.09010489057606,-0.616911190444768,-0.853591196052854,-1.29347794903808,-0.574697546273115,-0.113860786417039,-0.0382639442739243,0.527433042140173,0.433439716945544,0.642354338380556,0.688959538672687,0.032690893311783,-0.650039470011399,-0.048236570436645,-0.0539306280597664,-0.639535815693025,-1.2263086449194,-1.47909877630812,-1.5718052632525,0.479536172882967,0.315362825388311,0,-0.0930309953194633,-0.481588184154324,-0.984477210668762,-1.12171262543579,-1.26160056962335,-0.105362700324987,0.34521688350542,0.0375792093805102,-0.0692112518235939,-0.410266899197836,-0.328780595364958,-1.33549558071953,-1.45788194973929,0.802782297954812,-0.362274353239232,-0.202993708003753,-0.0191459895266863,-0.303642030474405,0.628218168302089,0.93422270303842,0.508752131666208,-0.300986710514968,-0.527680489439249,-0.177318504788345
"2331",0,-0.346763866306412,-1.1028292998547,-2.50620159389084,0.330255952246136,0.438598494367772,-0.312857144439975,-0.135962069060475,-0.0247411626405223,-0.640995384823577,-1.36655825059928,-1.41229140468304,1.13345756693153,0.113275898480654,-0.540830462877054,-0.1555961886108,-0.0445734002443183,-0.741918245459386,-0.108725695675312,1.39504555125922,1.41895702615927,-0.0233446231262145,-0.574697546273115,-0.113860786417039,-0.0382639442739243,0.205761381295462,1.08838378637757,1.32474574760619,1.00657188464015,0.366648420526578,-0.650039470011399,-0.048236570436645,-0.0330109162638679,-0.639535815693025,-0.746752127557253,-0.996216528748704,0.950766487281889,0.341929533617477,-0.831486854781667,0,-0.0930309953194633,-0.481588184154324,-1.25118280743137,-1.12171262543579,1.27280760797249,0.582359322363638,-0.409585840529163,-0.0998707974396848,-0.0692112518235939,-0.410266899197836,-1.33788994570482,-1.52993367651563,1.16729496510292,1.14027554013895,0.0429841979463036,-0.202993708003753,-0.0191459895266863,-0.303642030474405,-1.17332181098952,-2.5118039208,0.904845870642121,1.24589991284416,0.209604697681432,-0.177318504788345
"2332",0,-0.346763866306412,-0.541410123260552,0.0578262499066152,0.994701386553687,1.86988254836228,0.756839985377011,-0.135962069060475,-0.0247411626405223,-0.640995384823577,-0.100464245748303,1.06960504576937,0.501133233237465,-0.0550390494789284,-0.294464016843139,-0.1555961886108,-0.0445734002443183,-0.741918245459386,0.0702277330491799,1.05837374204791,-0.58181284806522,-1.29347794903808,-0.574697546273115,-0.0305102681796586,-0.0382639442739243,-0.759253601238671,0.59717573430355,0.472879490243842,-0.899102191164647,-1.3031392155474,-0.650039470011399,-0.048236570436645,-0.0330109162638679,0.0783604588197475,1.01162176943728,1.33912481494514,0.950766487281889,-0.541614041969328,-0.831486854781667,0,-0.0930309953194633,-0.481588184154324,-0.0608293955280974,0.275870080598593,1.11440709687275,0.926220333707951,-0.797595882078731,-0.0998707974396848,0.00587436651469496,-0.659941065384093,-1.38433934890509,-1.91880986810783,-0.145293492318181,0.802782297954812,-0.767532904424768,-0.202993708003753,-0.0191459895266863,-0.303642030474405,-0.372637375748804,0.0152822700148413,0.706799001154165,-0.129110419030621,-0.527680489439249,-0.177318504788345
"2333",0,-0.346763866306412,1.83546989771934,-0.175267190438608,-2.32752578498407,-0.992685559626734,-0.416428649433891,-0.135962069060475,-0.0247411626405223,1.06492527450829,0.816387510785152,0.573225755678888,-0.552740656252641,-1.40155863315559,-0.643753112251732,-0.1555961886108,-0.0445734002443183,1.27427676266156,-0.26973131945978,-0.456649399402975,0.12651926579534,-1.08577450954602,-0.574697546273115,-0.113860786417039,-0.0382639442739243,-0.759253601238671,-0.876448421918504,-1.56081868739673,-0.359946313598172,-1.3031392155474,-0.650039470011399,-0.048236570436645,-0.0539306280597664,-0.639535815693025,-1.2263086449194,-0.835255779562232,-0.178180575312129,-1.56276425682162,-0.831486854781667,0,-0.0930309953194633,-0.481588184154324,-0.984477210668762,0.12058311326144,-0.311197503024907,-1.48080674570224,-0.797595882078731,-0.0998707974396848,-0.0692112518235939,0.0739739549704533,0.902704617098525,1.19219966462977,0.604757054779594,-0.209697428597592,0.0429841979463036,-0.202993708003753,-0.0191459895266863,0.728815661816031,1.62907371235298,0.0152822700148413,0.904845870642121,1.58965249581285,1.92993680096302,-0.177318504788345
"2334",0,-0.346763866306412,1.19060935609113,0.757106570942284,-0.263363589529776,-0.992685559626734,-0.416428649433891,-0.135962069060475,-0.0247411626405223,0.0129698342204877,0.999757862091843,-0.419532824502074,1.13345756693153,0.487784297852189,0.444635321258607,-0.1555961886108,-0.0445734002443183,0.698221046055578,0.85683174782074,-1.12999301782559,-0.200184221487392,1.24678870278565,1.11574673128727,-0.113860786417039,-0.0382639442739243,0.527433042140173,1.08838378637757,-0.0355450541663019,0.0537348467377536,1.36852100217096,1.53709837680268,-0.048236570436645,-0.0330109162638679,-0.639535815693025,-0.411885098138837,-0.306398746930184,0.109909237103759,0.819919577833732,1.46221250555829,0,-0.0930309953194633,-0.481588184154324,-0.984477210668762,-1.12171262543579,-1.26160056962335,0.582359322363638,1.03090454285591,-0.00666869252077202,-0.0692112518235939,0.0739739549704533,0.513358928254598,0.0255710898531705,0.0422191444562627,0.916592805452189,0.44824274913184,-0.202993708003753,-0.0191459895266863,0.728815661816031,0.828389277112268,0.0152822700148413,0.508752131666208,0.558394746906768,-0.281918760399022,-0.177318504788345
"2335",0,-0.346763866306412,1.62051638384327,0.990200011287507,0.994701386553687,0.462115525605473,-0.416428649433891,-0.135962069060475,-0.0247411626405223,-0.640995384823577,-0.650575299668376,-1.66048104972828,0.462485842789924,-0.0550390494789284,-0.540830462877054,-0.1555961886108,-0.0445734002443183,-0.741918245459386,-1.62956752949562,-1.12999301782559,1.10662972764353,-0.658411286082146,-0.574697546273115,-0.113860786417039,-0.0382639442739243,-0.759253601238671,-0.804620071958861,0.133929793970413,1.00657188464015,0.560466372994162,1.26370614595092,-0.048236570436645,-0.0330109162638679,-0.639535815693025,0.0589560111382608,1.09627321067543,0.446252137175011,0.990111280309114,2.03563734564328,0,-0.0930309953194633,-0.481588184154324,-0.984477210668762,0.620798203318499,-1.10320005852361,-1.48080674570224,-0.797595882078731,-0.0998707974396848,-0.0692112518235939,-0.00423778526696565,0.0230723224817513,0.414447281445371,-1.83290722328817,-1.55967039733413,-0.767532904424768,-0.202993708003753,-0.0191459895266863,-0.303642030474405,2.02941592997334,-2.05233370428821,-2.26390404116519,-1.16062333740495,-0.319341865707062,-0.177318504788345
"2336",0,4.11151336243399,2.05146987589481,0.990200011287507,-1.22011672780482,-0.992685559626734,-0.416428649433891,-0.135962069060475,-0.0247411626405223,1.64788288183065,0.44964680817177,-0.915912114592555,0.922682789033507,-1.233243685196,-0.540830462877054,-0.1555961886108,-0.0445734002443183,-0.741918245459386,-1.62956752949562,-0.119977590191666,1.43333321492626,-0.975944617560112,-0.574697546273115,-0.124022611034609,-0.0382639442739243,-0.759253601238671,-1.04018443927651,1.1507788827907,0.688959538672687,-1.13616045194,-0.650039470011399,-0.048236570436645,-0.0330109162638679,-0.639535815693025,-1.06645647246535,0.291469464743071,0.782595037246263,0.649727875358349,-0.544774434739172,0,-0.100186163276577,-0.481588184154324,-1.16522686253329,-1.12171262543579,-0.786399036324126,0.926220333707951,1.03090454285591,-0.0998707974396848,-0.0692112518235939,2.01093737164361,-0.328780595364958,-1.91880986810783,-1.83290722328817,-0.378444049689659,2.47453550505952,-0.202993708003753,-0.0191459895266863,2.7937310463969,1.62907371235298,0.93422270303842,0.596633506083477,1.58965249581285,1.92993680096302,-0.177318504788345
"2337",0,-0.346763866306412,0.975655842215063,0.524013130597061,0.551737763681986,0.0807774808691453,-0.300064685948162,-0.135962069060475,-0.0247411626405223,-0.640995384823577,-0.467204948361685,1.06960504576937,1.13345756693153,0.449905794399818,-0.294464016843139,-0.1555961886108,-0.0445734002443183,-0.741918245459386,-0.9496494244777,1.56338145586488,1.43333321492626,0.929255371307683,-0.0112161204196545,-0.113860786417039,-0.0382639442739243,-0.759253601238671,-1.36765647399252,1.1507788827907,1.59509579211063,1.36852100217096,-0.196224509461074,-0.048236570436645,-0.0330109162638679,-0.639535815693025,-1.2263086449194,1.09627321067543,1.38375444835906,1.1603029827845,-0.258062014696678,0,-0.0930309953194633,-0.481588184154324,-0.676594605621874,0.350667610364843,1.27280760797249,1.09815083938011,-0.111908222728241,-0.0998707974396848,-0.0692112518235939,-0.410266899197836,-0.504707054288313,0.0881414431425003,1.10229237359258,0.29654243467861,-0.291433183381367,-0.202993708003753,-0.0191459895266863,-0.303642030474405,0.42804705949191,0.0152822700148413,0.508752131666208,-0.0857123415359733,-0.527680489439249,-0.177318504788345
"2338",0,-0.346763866306412,0.545748814462924,0.290919690251838,0.994701386553687,1.15424052136502,-0.123111490731166,-0.135962069060475,-0.0247411626405223,1.32090027230862,0.999757862091843,0.325036110633647,0.711908011135486,1.29148053419773,0.691001767292522,-0.180071314712022,-0.0445734002443183,0.698221046055578,0.7501458380671,1.22670964665357,1.43333321492626,0.929255371307683,-0.574697546273115,-0.113860786417039,-0.0382639442739243,-0.759253601238671,-1.53139249135053,-0.882919294849875,1.00657188464015,-0.301266633903012,-0.650039470011399,-0.048236570436645,-0.0330109162638679,-0.639535815693025,-1.29307529510193,0.291469464743071,0.278080687139385,-1.56276425682162,-0.831486854781667,0,-0.0930309953194633,-0.481588184154324,-0.52265330309843,1.36287885195866,0.480805052473791,-1.48080674570224,-0.797595882078731,-0.0998707974396848,-0.0692112518235939,-0.410266899197836,-0.152854136441604,1.19219966462977,-1.0828566761904,-1.55967039733413,-0.767532904424768,-0.215425075406133,-0.0191459895266863,-0.303642030474405,0.773528554994067,0.704487594782526,-2.06585717167723,-1.1603681679367,-0.339883261454032,-0.177318504788345
"2339",0,1.88237474806379,1.62051638384327,-0.175267190438608,-1.44159853924067,-0.992685559626734,-0.416428649433891,-0.135962069060475,-0.0318401196839718,-0.314012775301545,0.186706883278026,0.325036110633647,1.13345756693153,-0.0550390494789284,-0.540830462877054,-0.1555961886108,-0.0445734002443183,-0.741918245459386,-1.62956752949562,-1.12999301782559,1.02605086375188,1.24678870278565,-0.574697546273115,-0.113860786417039,-0.0382639442739243,-0.853881458865499,-1.48532723424076,-0.374494750439731,1.00657188464015,0.533627184133976,-0.650039470011399,-0.048236570436645,-0.0330109162638679,-0.639535815693025,-1.2263086449194,-0.0304520336298728,0.950766487281889,-0.371422339493946,-0.36304150896695,0,-0.0930309953194633,-0.481588184154324,-1.08032575692532,-0.966425658098632,0.164004030274312,1.27008134505226,0.34521688350542,-0.0998707974396848,-0.0692112518235939,0.558214809138742,0.0230723224817513,-0.94661938912733,-0.520318765867068,1.14027554013895,0.44824274913184,-0.202993708003753,-0.0191459895266863,2.7937310463969,1.62907371235298,0.93422270303842,0.310705262178251,0.214642163938074,-0.527680489439249,-0.177318504788345
"2340",0,1.88237474806379,1.19060935609113,0.757106570942284,0.110127388319231,0.0807774808691453,-0.416428649433891,-0.135962069060475,-0.0247411626405223,2.62883071039675,0.633017159478461,-0.915912114592555,0.922682789033507,1.29148053419773,-0.090603799311315,-0.1555961886108,0.226299160441584,1.85033247926755,0.7501458380671,-1.12999301782559,0.453222753078071,1.24678870278565,0.0803916310757398,-0.113860786417039,-0.0382639442739243,-0.115910279549249,1.08838378637757,0.133929793970413,1.00657188464015,1.36852100217096,0.17013722254388,-0.048236570436645,-0.0330109162638679,-0.639535815693025,-0.586899955103205,-0.191412782816345,-0.394605113003119,1.1603029827845,0.315362825388311,0,-0.0930309953194633,-0.481588184154324,-0.984477210668762,-1.12171262543579,-0.689557438243054,1.09815083938011,0.80234198973908,0.0189798316479315,-0.0692112518235939,0.558214809138742,0.550851699251816,0.414447281445371,0.979782328328481,1.14027554013895,0.0235019634232055,-0.202993708003753,-0.0191459895266863,1.76127335410647,1.22873149473262,-0.673923054752843,-0.679529085261532,-0.472863001999315,-0.527680489439249,-0.000316482602873273
"2341",0,-0.346763866306412,-0.0991117271652847,0.524013130597061,0.994701386553687,1.86988254836228,3.69001157240427,-0.135962069060475,-0.064995348517452,-0.640995384823577,0.633017159478461,0.573225755678888,0.290358455339444,1.12316558623815,2.66193333556384,-0.1555961886108,-0.0445734002443183,-0.741918245459386,-0.0997517932053001,-0.793321208614283,-0.363535965128757,0.879359264776995,0.834006018360537,-0.101159395971303,-0.0382639442739243,-0.759253601238671,-1.36765647399252,-0.101809805579961,0.847765711656421,1.36852100217096,1.26370614595092,-0.048236570436645,-0.0330109162638679,-0.639535815693025,-0.746752127557253,1.09627321067543,0.950766487281889,1.1603029827845,1.74892492560078,0,-0.0930309953194633,-0.481588184154324,-0.984477210668762,0.431157047935746,0.95600658577301,-0.793084723013613,-0.797595882078731,-0.191643745444606,-0.0692112518235939,-0.410266899197836,-1.38433934890509,0.997761568833671,-0.520318765867068,-1.55967039733413,-0.767532904424768,-0.202993708003753,-0.0191459895266863,-0.303642030474405,-0.172466266938626,0.40831843535964,-1.75548093711673,-1.1603681679367,-0.527680489439249,-0.177318504788345
"2342",0,-0.346763866306412,-1.17387929654563,0.0578262499066152,0.551737763681986,-0.813775052877421,-0.416428649433891,-0.160953010773439,-0.037900049735234,-0.772907104324664,-0.650575299668376,1.06960504576937,-0.974290212048683,-1.29042203874156,-0.540830462877054,-0.1555961886108,-0.073994983229481,-0.453890387156393,0.7501458380671,0.216694219019643,-1.18029468333559,-1.29347794903808,-0.574697546273115,-0.113860786417039,-0.0382639442739243,-0.116456530655479,1.08838378637757,0.133929793970413,-0.263877499229713,-0.585909118723492,-0.650039470011399,-0.048236570436645,-0.0330109162638679,-0.0211034405390152,1.33132611434538,1.09627321067543,0.950766487281889,0.990111280309114,0.315362825388311,0,-0.0930309953194633,-0.145269946550987,1.17070102465946,1.36287885195866,-0.311197503024907,-0.105362700324987,2.63084241467372,-0.0998707974396848,-0.0692112518235939,-0.410266899197836,-0.504707054288313,1.19219966462977,-0.538404081150901,0.634035676862745,2.47453550505952,1.02661939301677,-0.0191459895266863,-0.303642030474405,-1.25718271371461,-0.673923054752843,0.904845870642121,1.4177762043285,1.19265161384234,-0.177318504788345
"2343",0,-0.346763866306412,-0.298928321965483,0.757106570942284,0.773219575117836,-0.634864546128108,-0.416428649433891,-0.135962069060475,-0.0247411626405223,0.666935053264552,0.816387510785152,-0.171343179456834,1.13345756693153,-0.728298841317257,-0.540830462877054,-0.1555961886108,-0.0445734002443183,-0.1658625288534,-0.9496494244777,-0.119977590191666,1.43333321492626,-0.975944617560112,-0.574697546273115,-0.113860786417039,-0.0382639442739243,-0.759253601238671,-1.53139249135053,0.811829186517271,0.220271469192376,-1.3031392155474,-0.650039470011399,-0.048236570436645,-0.0539306280597664,-0.639535815693025,-0.267195610195108,1.09627321067543,-1.40363381321687,-1.56276425682162,-0.831486854781667,0,-0.0930309953194633,-0.481588184154324,0.400994512042235,0.897017949947205,-1.26160056962335,-1.48080674570224,-0.797595882078731,-0.253826612814027,-0.0692112518235939,-0.410266899197836,0.374925240328461,0.997761568833671,-0.332806129092624,-0.884683912965861,-0.159645077646464,-0.202993708003753,-0.0191459895266863,-0.303642030474405,-0.572808484558983,0.687605765286437,0.904845870642121,1.24589991284416,0.455366426721658,-0.177318504788345
"2344",0,-0.346763866306412,-0.847876578257526,0.757106570942284,-0.112707670625565,-0.992685559626734,-0.416428649433891,-0.135962069060475,-0.0247411626405223,-0.640995384823577,-0.180018510019463,1.25960538716234,1.13345756693153,-1.233243685196,-0.540830462877054,-0.1555961886108,-0.0445734002443183,1.56230462096456,1.03849654045419,1.14117929256875,1.2699814712849,-1.29347794903808,-0.574697546273115,-0.113860786417039,26.1247079530221,4.3874929722767,1.08838378637757,1.1507788827907,0.812427549128234,-1.3031392155474,-0.650039470011399,-0.048236570436645,-0.0330109162638679,0.597328934614995,-0.267195610195108,0.935312461488958,0.782595037246263,-1.56276425682162,-0.831486854781667,0,-0.0930309953194633,-0.481588184154324,-0.676594605621874,1.36287885195866,0.63920556357353,-0.868583445115497,-0.797595882078731,-0.0998707974396848,-0.0692112518235939,-0.410266899197836,-1.20841288998173,1.19219966462977,0.604757054779594,-0.786361103382588,-0.767532904424768,-0.202993708003753,-0.0912709356995593,-0.303642030474405,-1.17332181098952,0.474752486526631,0.112658392690295,-1.1603681679367,-0.527680489439249,-0.177318504788345
"2345",0,2.99694405524889,2.05042341159541,0.990200011287507,0.108774140810285,-0.813775052877421,-0.416428649433891,-0.135962069060475,0.332867397484311,3.28279592944081,0.633017159478461,0.0768464655884069,1.13345756693153,-0.223353997438511,-0.540830462877054,-0.1555961886108,-0.0445734002443183,2.71441605417653,-0.60969037196874,-1.12999301782559,1.10662972764353,0.294188708351751,-0.45186307706475,-0.113860786417039,-0.0382639442739243,-0.43758194039396,-1.36765647399252,-0.741401270699774,1.00657188464015,0.032690893311783,-0.650039470011399,-0.048236570436645,-0.0330109162638679,-0.712164534987604,-1.37088059262657,0.130508715556599,0.782595037246263,-1.39257255434624,-0.831486854781667,0,-0.0930309953194633,-0.481588184154324,-0.214770698051542,1.36287885195866,-0.152796991925168,-1.48080674570224,-0.797595882078731,-0.0998707974396848,-0.0692112518235939,1.04245566330703,1.07863107602188,1.19219966462977,-0.145293492318181,-0.547190670781726,0.0429841979463036,-0.202993708003753,-0.0191459895266863,2.40620777239673,1.82924482116316,0.93422270303842,0.466685034057054,1.58965249581285,2.42146025904347,-0.177318504788345
"2346",0,-0.346763866306412,-1.17387929654563,-2.50620159389084,-0.0649393339696295,-0.634864546128108,-0.416428649433891,-0.135962069060475,-0.0247411626405223,-0.520606632006699,-1.93416775881521,-0.915912114592555,1.13345756693153,-0.728298841317257,-0.546574485999265,-0.1555961886108,-0.0445734002443183,-1.10960487982819,-1.62956752949562,1.56338145586488,0.12651926579534,-1.04140909659592,-0.574697546273115,-0.113860786417039,-0.0382639442739243,-0.759253601238671,-1.04018443927651,1.1507788827907,-1.21671453713211,-0.728670292859916,-0.650039470011399,-0.049335153206293,-0.0330109162638679,-0.375280568358,0.851769596983231,1.09627321067543,0.109909237103759,0.201656461068308,-0.831486854781667,0,-0.0930309953194633,-0.145269946550987,1.3246423271829,0.741730982610052,-0.311197503024907,0.582359322363638,0.116654330388589,-0.0998707974396848,-0.0692112518235939,-0.410266899197836,-1.20841288998173,0.608885377241471,-0.332806129092624,0.465289055770677,1.25875985150291,0.344803943553719,-0.0191459895266863,-0.303642030474405,-1.17332181098952,-2.28206881254411,0.112658392690295,1.07402362135981,1.43841334288257,-0.177318504788345
"2347",0,-0.346763866306412,-0.529018754917424,0.524013130597061,-2.54900759641992,-1.65096938595258,-0.416428649433891,-0.0855100710181964,-0.0247411626405223,-0.640995384823577,-1.38405670489514,1.06960504576937,-2.02816410153879,-1.40155863315559,-0.540830462877054,-0.1555961886108,-0.0445734002443183,-0.741918245459386,-0.26973131945978,1.05837374204791,-1.18029468333559,-1.29347794903808,-0.574697546273115,-0.113860786417039,-0.0382639442739243,-0.759253601238671,-0.385240369844486,0.642354338380556,-1.53432688309958,-1.3031392155474,-0.650039470011399,-0.048236570436645,-0.0330109162638679,-0.639535815693025,0.532065252075134,0.291469464743071,-0.394605113003119,-0.881997446920094,-0.831486854781667,0,-0.0930309953194633,-0.481588184154324,1.17070102465946,1.36287885195866,1.27280760797249,1.27008134505226,1.03090454285591,-0.171337083134062,-0.0692112518235939,-0.410266899197836,0.726778158175171,0.764478501904948,-0.520318765867068,0.127795813586543,2.27190622946675,-0.202993708003753,-0.0191459895266863,-0.256825901244843,-0.772979593369162,0.474752486526631,0.904845870642121,1.4177762043285,1.43841334288257,-0.177318504788345
"2348",0,-0.346763866306412,-1.17387929654563,-2.73929503423606,-1.22011672780482,1.69097204161296,3.10337725499881,-0.135962069060475,-0.0247411626405223,-0.875574644439516,-1.75079740750852,-0.171343179456834,0.711908011135486,0.786535690318983,3.15466622763167,-0.1555961886108,-0.0445734002443183,-0.453890387156393,0.41018678555814,0.553366028230951,-1.18029468333559,0.452955374090734,1.47059246541542,-0.113860786417039,-0.0382639442739243,0.849104702984884,0.924647769019562,-1.39134383926002,-1.05790836414838,1.36852100217096,0.17013722254388,-0.048236570436645,-0.0268053614810822,0.906545122192,1.33132611434538,0.113860071166337,0.782595037246263,0.819919577833732,-0.831486854781667,0,-0.17972884311158,-0.481588184154324,-0.368712000574986,-0.500564756087173,0.480805052473791,0.754289828035795,-0.923855043782356,-0.0998707974396848,-0.0692112518235939,-0.410266899197836,-1.38433934890509,-1.91880986810783,0.469564072961335,0.634035676862745,-0.767532904424768,-0.202993708003753,-0.0191459895266863,-0.308835219461059,-1.17331294588935,-2.7415390290559,-0.679529085261532,-0.34684771296465,-0.515473698682531,-0.251870655508872
"2349",0,-0.346763866306412,0.545748814462924,0.253884452320592,0.108774140810285,0.0998888154997236,-0.416428649433891,-0.135962069060475,-0.0247411626405223,0.666935053264552,0.999757862091843,-2.15686033981876,-1.81738932364077,0.786535690318983,-0.540830462877054,-0.1555961886108,-0.0445734002443183,0.816763011924853,0.58016631181262,-0.28831349479732,0.779926240360802,0.611722039829717,-0.574697546273115,-0.113860786417039,-0.0177637689065176,0.112087553135957,0.760911751661556,1.1507788827907,1.00657188464015,-0.802202924725205,-0.650039470011399,-0.048236570436645,-0.0330109162638679,-0.639535815693025,0.0525087347129891,0.935312461488958,-0.226433662967493,-0.0310389345431809,-0.831486854781667,0,-0.0930309953194633,-0.500631977036696,0.862818419612568,-0.262617490604852,-1.26160056962335,0.135582636899588,0.34521688350542,-0.0951847356475771,-0.0692112518235939,-0.410266899197836,0.550851699251816,-1.03427238356488,-1.0828566761904,0.465289055770677,0.44824274913184,-0.202993708003753,-0.0191459895266863,-0.303642030474405,-0.172466266938626,0.0152822700148413,0.310705262178251,0.558394746906768,-0.527680489439249,-0.177318504788345
"2350",0,-0.346763866306412,1.19060935609113,0.524013130597061,-0.334189482061415,-0.634864546128108,-0.416428649433891,-0.135962069060475,-0.0247411626405223,-0.640995384823577,0.266276456865079,0.325036110633647,0.501133233237465,1.12316558623815,-0.540830462877054,-0.1555961886108,-0.12016755277347,-0.741918245459386,-1.11962895073218,0.721701932836606,0.779926240360802,0.611722039829717,-0.292956833346385,-0.113860786417039,-0.0980157101479449,-0.759253601238671,-1.53139249135053,0.981304034653986,0.37134719270522,-0.727796755946365,-0.256808984447682,-0.048236570436645,-0.0330109162638679,-0.639535815693025,-0.427047782649156,0.935312461488958,0.128937408477603,-1.56276425682162,-0.831486854781667,0,-0.0930309953194633,-0.481588184154324,0.862818419612568,-0.500564756087173,0.480805052473791,-1.48080674570224,-0.797595882078731,-0.0998707974396848,-0.180791315021569,-0.410266899197836,1.07863107602188,-1.72437177231173,0.41724441800515,-0.723448314142681,-0.767532904424768,-0.202993708003753,-0.0191459895266863,-0.303642030474405,0.828389277112268,0.93422270303842,-0.283435346285619,-1.1603681679367,-0.527680489439249,-0.177318504788345
"2351",0,-0.346763866306412,-0.743972268793493,0.757106570942284,-0.777153104933116,-0.992685559626734,-0.416428649433891,-0.135962069060475,-0.0247411626405223,-0.640995384823577,-0.283834597054994,0.573225755678888,1.13345756693153,-0.391668945398093,-0.540830462877054,-0.1555961886108,-0.0445734002443183,-0.741918245459386,0.92012536432158,0.385030123625297,-0.690239452411488,0.929255371307683,0.270524592507076,-0.113860786417039,-0.0382639442739243,0.527433042140173,1.08838378637757,-1.2218689911233,-1.53432688309958,0.19966965691918,1.26370614595092,-0.048236570436645,0.076572534384001,1.83419368492302,0.691917424529183,-1.47909877630812,-1.65187612452393,-0.371422339493946,1.46221250555829,0,-0.0930309953194633,0.527366528655686,1.02489729121941,-0.966425658098632,-1.26160056962335,-0.105362700324987,1.25946709597274,-0.0998707974396848,-0.0692112518235939,-0.410266899197836,1.25455753494524,0.997761568833671,0.604757054779594,0.971528919046879,0.650872024724607,-0.202993708003753,-0.0912709356995593,-0.303642030474405,-0.572808484558983,0.474752486526631,0.706799001154165,0.386518455422421,-0.527680489439249,-0.177318504788345
"2352",0,-0.346763866306412,0.975655842215063,0.990200011287507,0.994701386553687,0.617509001117085,-0.416428649433891,-0.135962069060475,-0.0247411626405223,0.0129698342204877,0.816387510785152,0.0768464655884069,0.711908011135486,1.29148053419773,-0.294464016843139,-0.1555961886108,-0.0445734002443183,-0.453890387156393,-0.9496494244777,-0.456649399402975,0.943277984002168,1.24678870278565,0.834006018360537,-0.113860786417039,-0.0382639442739243,-0.759253601238671,0.105967682229532,1.1507788827907,1.00657188464015,1.36852100217096,2.90405953106147,-0.048236570436645,-0.0330109162638679,-0.639535815693025,-0.519956073629717,0.935312461488958,0.950766487281889,-0.541614041969328,-0.544774434739172,0,-0.0930309953194633,-0.481588184154324,-0.984477210668762,1.36287885195866,0.480805052473791,-1.48080674570224,-0.797595882078731,-0.0998707974396848,-0.0692112518235939,-0.410266899197836,-0.105713825710659,1.19219966462977,-1.27036931296484,-1.55967039733413,-0.767532904424768,-0.202993708003753,-0.0191459895266863,-0.303642030474405,1.02856038592245,0.0152822700148413,-1.94878434918332,-1.1603681679367,-0.527680489439249,-0.177318504788345
"2353",0,0.767805440878689,1.4055628699672,0.290919690251838,-0.998634916368966,-0.992685559626734,-0.52341778728293,-0.135962069060475,-0.0247411626405223,0.202392757190565,0.816387510785152,0.325036110633647,1.13345756693153,-0.223353997438511,-0.540830462877054,-0.1555961886108,-0.0445734002443183,-0.741918245459386,-1.62956752949562,-0.119977590191666,1.43333321492626,-0.0233446231262145,-0.574697546273115,-0.113860786417039,-0.0382639442739243,-0.452289553203752,-0.385240369844486,1.1507788827907,1.00657188464015,-0.802202924725205,-0.650039470011399,-0.048236570436645,-0.0539306280597664,-0.639535815693025,-0.586899955103205,0.452430213929543,0.950766487281889,0.479536172882967,-0.831486854781667,0,-0.0930309953194633,-0.481588184154324,-0.984477210668762,-1.12171262543579,-0.627998525224387,1.27008134505226,1.03090454285591,-0.0998707974396848,-0.0692112518235939,0.0739739549704533,0.178959325503954,0.0255710898531705,0.41724441800515,1.14027554013895,1.25875985150291,-0.202993708003753,-0.0191459895266863,1.76127335410647,1.22873149473262,0.600506226306818,0.112658392690295,0.386518455422421,-0.281918760399022,-0.177318504788345
"2354",0,-0.123174060989937,0.760702328338993,0.757106570942284,0.551737763681986,-0.813775052877421,-0.416428649433891,-0.135962069060475,0.00131510914950845,0.0129698342204877,0.999757862091843,-0.915912114592555,-0.222410941205609,0.281590846440236,-0.679897526024279,-0.1555961886108,-0.0445734002443183,-0.1658625288534,0.7501458380671,-0.456649399402975,0.943277984002168,0.929255371307683,-0.292956833346385,-0.113860786417039,-0.0382639442739243,-0.759253601238671,-0.385240369844486,0.981304034653986,0.847765711656421,1.03456347495617,0.990313915099158,-0.048236570436645,-0.0539306280597664,-0.639535815693025,-1.30400498668918,-1.31813802712165,-1.5718052632525,-0.371422339493946,1.74892492560078,0,-0.0930309953194633,-0.481588184154324,-0.984477210668762,-1.58788978469287,-1.26160056962335,-0.96501522868577,1.94515475532323,-0.0998707974396848,-0.181630284811178,-0.174818990946988,-0.328780595364958,-1.91880986810783,-1.83290722328817,-0.547190670781726,1.46698653133998,-0.202993708003753,-0.0191459895266863,-0.303642030474405,0.517320309566413,0.93422270303842,0.904845870642121,1.58965249581285,0.946889884802112,-0.177318504788345
"2355",0,-0.346763866306412,-0.958925782669563,0.524013130597061,-1.22011672780482,-0.992685559626734,-0.416428649433891,-0.135962069060475,-0.0247411626405223,-0.640995384823577,-0.283834597054994,0.821415400724128,-1.60661454574275,-1.40155863315559,-0.540830462877054,-0.1555961886108,-0.0445734002443183,-0.741918245459386,0.41018678555814,-0.119977590191666,-1.18029468333559,-1.29347794903808,-0.574697546273115,-0.113860786417039,-0.0382639442739243,-0.759253601238671,1.08838378637757,-0.250852596432235,-1.53432688309958,-1.3031392155474,-0.451258819745771,-0.048236570436645,-0.0330109162638679,0.28811274703799,1.33132611434538,1.09627321067543,-0.230286234359462,0.819919577833732,0.315362825388311,0,-0.0930309953194633,-0.145269946550987,1.47858362970634,-0.0347038540757136,-0.862512238469264,-0.4492237116693,2.17371730844006,0.111862469874541,-0.0692112518235939,-0.246748403512941,0.40536028963707,0.0255710898531705,-2.02178638128084,-0.884683912965861,2.06927695387398,-0.202993708003753,-0.0191459895266863,-0.303642030474405,-0.97315070217934,-0.214452838241053,0.508752131666208,1.58965249581285,0.939389345854224,-0.177318504788345
"2356",0,-0.346763866306412,-0.958925782669563,-0.408360630783831,1.27872396868931,1.86988254836228,0.756839985377011,-0.135962069060475,-0.0247411626405223,-0.640995384823577,-0.650575299668376,-0.398998585143375,-0.974290212048683,1.29148053419773,1.18373465936035,-0.1555961886108,-0.111531751188364,-0.741918245459386,-1.62956752949562,-1.12999301782559,-0.690239452411488,1.24678870278565,0.834006018360537,-0.113860786417039,-0.0382639442739243,0.291600824414786,-0.876448421918504,-0.882919294849875,0.0537348467377536,1.03456347495617,0.17013722254388,-0.048236570436645,-0.0330109162638679,3.07105843523104,1.33132611434538,1.09627321067543,0.950766487281889,0.139152767932202,0.602075245430805,0,-0.0930309953194633,0.19104829105235,-0.984477210668762,0.53477527144511,0.79760607467327,-1.30887624003008,-0.675901692688954,-0.0998707974396848,-0.0692112518235939,-0.410266899197836,-1.20841288998173,1.19219966462977,-0.520318765867068,-1.82313662192912,-0.767532904424768,-0.202993708003753,-0.0191459895266863,-0.303642030474405,-0.435110250992961,0.704487594782526,-1.47171656321336,-1.1603681679367,-0.527680489439249,-0.177318504788345
"2357",0,-0.346763866306412,0.760702328338993,0.0578262499066152,-0.555671293497266,-0.992685559626734,-0.288011701802489,-0.135962069060475,-0.0247411626405223,0.33995244374252,0.816387510785152,-0.419532824502074,1.13345756693153,-1.233243685196,-0.540830462877054,-0.1555961886108,-0.111531751188364,-0.741918245459386,-1.45958800324114,-0.961657113219938,1.43333321492626,-1.2382183758564,-0.574697546273115,-0.156416258051807,-0.0382639442739243,-0.759253601238671,-1.04018443927651,0.642354338380556,1.00657188464015,-0.969181688332602,-0.650039470011399,-0.048236570436645,-0.0330109162638679,-0.639535815693025,-0.107343437741059,0.452430213929543,0.446252137175011,0.819919577833732,-0.544774434739172,0,-0.0930309953194633,0.527366528655686,-0.830535908145318,-1.12171262543579,-0.627998525224387,1.27008134505226,0.34521688350542,-0.0998707974396848,-0.0692112518235939,5.40062335082163,0.726778158175171,-1.14105748492343,0.229731781230706,0.971528919046879,-0.362274353239232,-0.259381957514413,-0.0191459895266863,3.82618873868734,1.4289026035428,0.704487594782526,-0.0853884767976621,-0.644739293483662,-0.527680489439249,-0.177318504788345
"2358",0,-0.346763866306412,-0.0991117271652847,0.524013130597061,-1.88456216211237,-1.3205163714698,-0.416428649433891,-0.135962069060475,-0.0247411626405223,-0.640995384823577,0.816387510785152,0.821415400724128,-1.60661454574275,-1.40155863315559,-0.540830462877054,-0.1555961886108,-0.0445734002443183,-0.1658625288534,1.09010489057606,-0.456649399402975,-1.18029468333559,-1.29347794903808,-0.574697546273115,-0.113860786417039,-0.0382639442739243,0.527433042140173,1.08838378637757,-0.882919294849875,-1.05790836414838,-1.13616045194,-0.650039470011399,-0.048236570436645,-0.0330109162638679,1.21576130976901,1.33132611434538,-0.0304520336298728,0.950766487281889,0.990111280309114,0.106173742681976,0,-0.0930309953194633,0.863684766259023,1.47858362970634,1.36287885195866,0.164004030274312,0.754289828035795,1.7165922022064,-0.0998707974396848,-0.0692112518235939,-0.410266899197836,1.07863107602188,0.997761568833671,-0.895344039415955,1.14027554013895,0.44824274913184,-0.202993708003753,-0.0191459895266863,-0.322030816839714,-0.372637375748804,0.474752486526631,0.508752131666208,0.386518455422421,-0.527680489439249,-0.177318504788345
"2359",0,-0.346763866306412,0.975655842215063,-0.175267190438608,-0.334189482061415,-0.634864546128108,-0.416428649433891,-0.135962069060475,-0.0247411626405223,-0.640995384823577,0.999757862091843,0.573225755678888,0.711908011135486,0.281590846440236,-0.540830462877054,-0.1555961886108,-0.0445734002443183,0.122165329449593,1.09010489057606,1.05837374204791,0.779926240360802,0.135422042612768,-0.476759309793795,-0.115375946736537,0.0337041416019022,0.527433042140173,0.494085328106572,1.1507788827907,0.604383802547651,1.20154223856357,-0.10325500830788,-0.048236570436645,-0.0330109162638679,-0.639535815693025,-1.2263086449194,-1.47909877630812,-1.73997671328813,0.479536172882967,0.787849449969551,0,-0.0930309953194633,-0.481588184154324,-1.03760586345397,-1.12171262543579,-1.26160056962335,0.754289828035795,0.80234198973908,-0.0998707974396848,-0.0692112518235939,-0.410266899197836,-0.152854136441604,-0.36330510173903,0.6724915535711,0.802782297954812,-0.564903628832,-0.202993708003753,-0.0191459895266863,-0.303642030474405,0.828389277112268,0.245017378270736,-0.481482215773575,-1.1603681679367,-0.527680489439249,-0.177318504788345
"2360",0,-0.346763866306412,-0.958925782669563,0.290919690251838,0.330255952246136,-0.992685559626734,-0.416428649433891,-0.135962069060475,-0.0247411626405223,-0.640995384823577,0.082906105558388,0.573225755678888,0.922682789033507,0.449905794399818,-0.540830462877054,-0.119417281915302,-0.0445734002443183,0.410193187752585,1.09010489057606,-0.456649399402975,-0.853591196052854,1.08802203704667,0.834006018360537,-0.113860786417039,-0.0382639442739243,1.81411968551902,-0.057768335128474,-1.56081868739673,-1.53432688309958,0.91232313285751,1.57899186592452,-0.048236570436645,-0.0330109162638679,1.35078099097347,0.372213079621086,-1.47909877630812,-1.73997671328813,0.479536172882967,1.17550008551579,0,-0.0930309953194633,1.20000300386236,0.835588021477422,-0.966425658098632,-0.944799547423866,1.09815083938011,-0.569033328961901,-0.0998707974396848,-0.0692112518235939,0.161291529068117,0.583578550552486,0.997761568833671,0.41724441800515,0.465289055770677,-0.767532904424768,-0.202993708003753,-0.0191459895266863,-0.303642030474405,-0.772979593369162,0.245017378270736,0.112658392690295,-0.688525356399153,-0.527680489439249,-0.0545554908986301
"2361",0,-0.346763866306412,-0.0991117271652847,0.757106570942284,-0.334189482061415,-0.992685559626734,-0.416428649433891,-0.135962069060475,-0.0318401196839718,-0.314012775301545,0.816387510785152,0.0768464655884069,0.501133233237465,0.281590846440236,-0.540830462877054,-0.1555961886108,-0.0445734002443183,0.698221046055578,1.09010489057606,-0.784655407233998,-1.01694293969422,0.452955374090734,0.270524592507076,-0.113860786417039,-0.0382639442739243,0.849104702984884,0.760911751661556,-1.2218689911233,-1.53432688309958,-0.635224161117807,1.53709837680268,-0.048236570436645,0.0930521015099247,0.597328934614995,0.691917424529183,-1.47909877630812,-1.73997671328813,-0.881997446920094,1.04948486289621,0,-0.00554645908558591,0.527366528655686,0.978117642220445,-0.811138690761479,-1.26160056962335,0.0665678053471691,1.25946709597274,-0.0998707974396848,-0.0692112518235939,-0.410266899197836,0.726778158175171,0.414447281445371,-0.520318765867068,0.802782297954812,1.05613057591014,-0.202993708003753,-0.0191459895266863,-0.303642030474405,-0.172466266938626,0.93422270303842,0.716835052381069,0.558394746906768,-0.527680489439249,-0.600038303442824
"2362",0,-0.188314241242502,-0.0991117271652847,0.524013130597061,0.994701386553687,1.51206153486365,-0.123111490731166,-0.135962069060475,0.00131510914950845,0.0129698342204877,0.816387510785152,-1.90867069477352,-0.763515434150662,1.29148053419773,-0.294464016843139,-0.1555961886108,-0.0445734002443183,-0.741918245459386,-0.77966989822322,-1.12999301782559,0.779926240360802,0.611722039829717,-0.574697546273115,-0.113860786417039,-0.0382639442739243,-0.759253601238671,-1.53139249135053,-0.543969598576446,1.00657188464015,-0.802202924725205,-0.650039470011399,-0.048236570436645,-0.0330109162638679,-0.639535815693025,-1.2263086449194,-1.47909877630812,-0.562776563038745,0.990111280309114,-0.544774434739172,0,-0.0930309953194633,-0.481588184154324,-0.984477210668762,-1.12171262543579,-0.944799547423866,1.27008134505226,-0.340470775845071,-0.0998707974396848,-0.0692112518235939,-0.410266899197836,-1.20841288998173,-1.14105748492343,-0.332806129092624,0.869537771176014,0.0429841979463036,-0.202993708003753,-0.0191459895266863,-0.303642030474405,0.42804705949191,0.704487594782526,0.310705262178251,0.214642163938074,-0.527680489439249,-0.177318504788345
"2363",0,-0.346763866306412,-0.0991117271652847,-0.175267190438608,-0.777153104933116,-0.277043532629481,-0.416428649433891,-0.135962069060475,-0.0247411626405223,-0.640995384823577,0.816387510785152,1.06960504576937,1.13345756693153,1.12316558623815,-0.294464016843139,-0.1555961886108,-0.0445734002443183,-0.741918245459386,0.41018678555814,1.02985172959263,1.43333321492626,1.08802203704667,-0.0112161204196545,-0.113860786417039,-0.0382639442739243,0.205761381295462,1.08838378637757,1.1507788827907,1.00657188464015,0.533627184133976,-0.650039470011399,-0.048236570436645,-0.0330109162638679,0.597328934614995,1.33132611434538,1.09627321067543,0.950766487281889,-0.881997446920094,-0.76128646127787,0,-0.0930309953194633,0.527366528655686,1.47858362970634,1.36287885195866,1.27280760797249,-0.105362700324987,-0.797595882078731,-0.0998707974396848,-0.0692112518235939,-0.10960180681589,0.726778158175171,1.19219966462977,1.16729496510292,-0.0409508075055244,-0.767532904424768,-0.202993708003753,-0.0191459895266863,-0.303642030474405,-0.572808484558983,-0.903658163008738,0.112658392690295,0.214642163938074,-0.527680489439249,-0.177318504788345
"2364",0,-0.346763866306412,-0.529018754917424,0.990200011287507,0.551737763681986,-0.277043532629481,-0.416428649433891,-0.216317543494776,-0.0247411626405223,-0.640995384823577,-0.100464245748303,1.06960504576937,0.594543760570689,1.12316558623815,-0.540830462877054,-0.1555961886108,-0.0445734002443183,-0.1658625288534,1.09010489057606,0.89003783744226,-0.363535965128757,0.929255371307683,-0.0112161204196545,-0.0331885584543431,-0.0382639442739243,0.849104702984884,1.08838378637757,-0.882919294849875,-1.53432688309958,0.366648420526578,0.990313915099158,-0.048236570436645,-0.0330109162638679,1.21576130976901,1.33132611434538,-1.31813802712165,-1.73997671328813,-0.371422339493946,1.74892492560078,0,-0.0930309953194633,0.424210051104331,1.47858362970634,-0.655851723424326,-1.26160056962335,0.0665678053471691,1.94515475532323,-0.0998707974396848,-0.0692112518235939,-0.410266899197836,0.902704617098525,0.803323473037571,-0.70483313485966,0.554094563189358,1.05613057591014,-0.202993708003753,-0.0912709356995593,-0.303642030474405,-0.572808484558983,0.245017378270736,0.766157620084807,0.902147329875462,-0.0361570313587953,-0.177318504788345
"2365",0,-0.346763866306412,-0.0991117271652847,0.0578262499066152,-0.334189482061415,-0.634864546128108,-0.416428649433891,-0.135962069060475,-0.0247411626405223,-0.640995384823577,0.266276456865079,1.06960504576937,1.13345756693153,-0.559983893357675,-0.540830462877054,-0.1555961886108,-0.0445734002443183,-0.741918245459386,1.09010489057606,1.10719502617635,1.43333321492626,-0.817177951821129,-0.574697546273115,-0.113860786417039,-0.0382639442739243,-0.759253601238671,0.59717573430355,1.02353517858747,1.00657188464015,-0.83886616818413,-0.650039470011399,-0.048236570436645,0.0430849119121561,0.28811274703799,1.33132611434538,1.09627321067543,0.950766487281889,-1.05218914939548,-0.965680054431436,0,-0.0930309953194633,-0.481588184154324,1.47858362970634,1.36287885195866,1.27280760797249,-0.621154217341457,-0.797595882078731,-0.0998707974396848,-0.0692112518235939,-0.410266899197836,1.07863107602188,1.19219966462977,1.16729496510292,0.465289055770677,-0.564903628832,-0.202993708003753,-0.0191459895266863,-0.303642030474405,-0.572808484558983,-0.903658163008738,-0.283435346285619,0.214642163938074,-0.0361570313587953,-0.177318504788345
"2366",0,-0.346763866306412,-1.17387929654563,-1.34073439216472,0.551737763681986,0.975330014615711,-0.0849022041208464,-0.135962069060475,-0.0247411626405223,-0.640995384823577,-1.56742705620183,-0.0100108548639855,1.13345756693153,1.29148053419773,-0.270436521095222,-0.1555961886108,-0.0445734002443183,-0.741918245459386,0.24020725930366,1.56338145586488,1.43333321492626,0.844528804202825,-0.574697546273115,-0.113860786417039,-0.0382639442739243,0.849104702984884,0.924647769019562,1.1507788827907,1.00657188464015,1.36852100217096,0.443529453395639,-0.048236570436645,-0.0330109162638679,-0.33031962811602,-0.427047782649156,-0.352373532002817,0.950766487281889,1.1603029827845,-0.0732763796742681,0,-0.0930309953194633,-0.481588184154324,-0.984477210668762,-0.655851723424326,1.27280760797249,1.27008134505226,-0.111908222728241,-0.0998707974396848,-0.0692112518235939,-0.410266899197836,-1.38433934890509,-1.14105748492343,1.16729496510292,1.14027554013895,0.0277799850691289,-0.202993708003753,-0.0191459895266863,-0.303642030474405,-1.17332181098952,-1.82259859603232,0.706799001154165,1.4177762043285,0.182648399343128,-0.177318504788345
"2367",0,-0.346763866306412,-0.743972268793493,-0.874547511474277,0.330255952246136,1.33315102811434,0.17020566797156,-0.135962069060475,-0.0247411626405223,1.32090027230862,0.633017159478461,0.573225755678888,0.0795836774414227,1.12316558623815,0.198268875224692,-0.1555961886108,-0.0445734002443183,2.13836033757054,0.7501458380671,0.145904001958982,0.453222753078071,-0.34087795460418,-0.574697546273115,-0.113860786417039,-0.0382639442739243,-0.43758194039396,0.760911751661556,0.472879490243842,0.530153365688954,-1.3031392155474,-0.650039470011399,-0.048236570436645,-0.0330109162638679,-0.639535815693025,0.212360907167038,0.935312461488958,0.109909237103759,-1.56276425682162,-0.831486854781667,0,-0.0930309953194633,-0.481588184154324,1.01675972213601,0.68328443581072,0.480805052473791,-0.105362700324987,-0.797595882078731,-0.0998707974396848,-0.0692112518235939,-0.410266899197836,0.0230723224817513,0.0255710898531705,-1.0828566761904,0.802782297954812,-0.159645077646464,-0.202993708003753,-0.0191459895266863,-0.608520792127197,-0.97315070217934,-0.903658163008738,0.508752131666208,1.24589991284416,-0.281918760399022,-0.177318504788345
"2368",0,-0.346763866306412,0.545748814462924,0.290919690251838,-0.998634916368966,-0.992685559626734,-0.416428649433891,-0.135962069060475,-0.0247411626405223,0.993917662786584,0.999757862091843,-0.667722469547314,0.355493854786703,-0.391668945398093,-0.540830462877054,-0.1555961886108,-0.0445734002443183,0.698221046055578,-0.26973131945978,-1.12999301782559,-0.0368324778460259,0.7704887055687,-0.267703097862707,-0.113860786417039,-0.0382639442739243,-0.115910279549249,-0.876448421918504,-1.56081868739673,-1.37552071011585,0.517324924690021,-0.650039470011399,-0.048236570436645,-0.0330109162638679,-0.639535815693025,-1.2263086449194,-1.47909877630812,-1.06729091314562,0.649727875358349,-0.357722124823131,0,-0.0930309953194633,-0.481588184154324,-0.984477210668762,-1.12171262543579,0.322404541374051,0.238498311019326,-0.797595882078731,-0.0998707974396848,-0.0692112518235939,-0.288693181126304,-0.504707054288313,-0.0832785140271332,1.16729496510292,-0.0409508075055244,0.853501300317375,1.02661939301677,-0.0758585761396516,-0.303642030474405,0.42804705949191,0.245017378270736,0.508752131666208,1.4177762043285,3.40450717520438,3.32320982313382
"2369",0,0.767805440878689,0.760702328338993,0.757106570942284,0.851569294768454,1.33315102811434,0.756839985377011,-0.135962069060475,-0.0247411626405223,0.0899750095989728,-0.283834597054994,-1.90867069477352,-0.738718645451331,0.786535690318983,1.43010110539427,-0.1555961886108,-0.0445734002443183,-0.741918245459386,-1.62956752949562,-1.15456590856456,-0.0368324778460259,1.08802203704667,0.552265305433806,-0.113860786417039,-0.0382639442739243,-0.759253601238671,-1.53139249135053,0.133929793970413,0.664164164756065,0.032690893311783,-0.557105823126752,-0.048236570436645,-0.0330109162638679,-0.639535815693025,-1.2263086449194,-0.835255779562232,0.278080687139385,0.649727875358349,-0.544774434739172,0,-0.219473600905338,-0.578096079344997,-0.984477210668762,-1.12171262543579,-1.26160056962335,0.926220333707951,1.03090454285591,-0.0998707974396848,-0.0692112518235939,-0.410266899197836,-0.461817506639195,-1.14105748492343,-1.1496922369233,0.373091704357073,0.44824274913184,-0.202993708003753,-0.0191459895266863,0.526601039359819,0.42804705949191,0.93422270303842,0.112658392690295,-0.300986710514968,-0.527680489439249,-0.370708574146211
"2370",0,-0.346763866306412,-1.08087152188362,-1.34073439216472,0.551737763681986,1.86988254836228,2.51674293759336,-0.135962069060475,-0.0247411626405223,-0.640995384823577,0.266276456865079,1.06960504576937,-0.34196587835462,0.954850638278565,2.16920044349601,-0.1555961886108,-0.0445734002443183,1.27427676266156,0.92012536432158,-0.624985304008629,-0.418531023196414,0.7704887055687,0.270524592507076,-0.262849055902178,-0.0382639442739243,1.17077636382959,1.08838378637757,0.811829186517271,1.00657188464015,0.032690893311783,-0.650039470011399,-0.048236570436645,-0.0330109162638679,-0.639535815693025,-0.746752127557253,-0.835255779562232,0.109909237103759,-0.000374883216405654,-0.831486854781667,0,-0.0930309953194633,-0.460281541694251,-0.984477210668762,-1.12171262543579,0.95600658577301,0.238498311019326,-0.797595882078731,-0.0998707974396848,-0.0692112518235939,-0.410266899197836,-1.38433934890509,-1.14105748492343,0.439070329824034,-0.715937291873794,-0.767532904424768,-0.202993708003753,-0.0912709356995593,-0.303642030474405,-1.17332181098952,-1.13339327126463,-0.932796014008266,-1.1603681679367,-0.527680489439249,-0.0790645858969503
"2371",0,-0.346763866306412,0.545748814462924,0.0578262499066152,0.551737763681986,-0.455954039378794,-0.416428649433891,-0.135962069060475,-0.0247411626405223,2.62883071039675,0.999757862091843,0.573225755678888,0.922682789033507,0.786535690318983,-0.540830462877054,-0.1555961886108,-0.0445734002443183,1.27427676266156,-0.77966989822322,-1.12999301782559,0.289871009436705,1.08802203704667,-0.574697546273115,-0.113860786417039,-0.0382639442739243,-0.759253601238671,-1.53139249135053,-1.56081868739673,0.37134719270522,0.533627184133976,-0.650039470011399,-0.048236570436645,-0.0330109162638679,-0.639535815693025,-1.2263086449194,-1.47909877630812,-0.226433662967493,1.1603029827845,-0.258062014696678,0,-0.0930309953194633,-0.481588184154324,-0.984477210668762,-1.12171262543579,-0.8045202915102,0.926220333707951,1.25946709597274,-0.0998707974396848,-0.0692112518235939,-0.410266899197836,0.550851699251816,0.414447281445371,0.792269691554037,1.14027554013895,0.245613473539072,-0.202993708003753,-0.0191459895266863,-0.303642030474405,0.42804705949191,0.245699045386272,-0.481482215773575,-0.472863001999315,-0.527680489439249,-0.177318504788345
"2372",0,-0.346763866306412,1.62051638384327,0.990200011287507,0.994701386553687,1.69097204161296,1.05256171666195,-0.135962069060475,-0.0247411626405223,0.666935053264552,0.999757862091843,0.325036110633647,-0.763515434150662,-0.89661378927684,0.323233750399059,-0.1555961886108,-0.0445734002443183,0.698221046055578,1.06772094027819,0.721701932836606,-1.01694293969422,-1.29347794903808,-0.574697546273115,-0.203936305912926,-0.0382639442739243,1.49244802467431,1.08838378637757,1.1507788827907,0.37134719270522,-1.3031392155474,-0.650039470011399,-0.048236570436645,-0.0330109162638679,0.28811274703799,-0.360855296898401,-0.513334281189288,0.950766487281889,-1.39257255434624,-0.831486854781667,0,-0.0930309953194633,-0.481588184154324,-0.984477210668762,-0.655851723424326,0.575302298544552,-0.793084723013613,-0.797595882078731,-0.0998707974396848,-0.0692112518235939,-0.410266899197836,-0.152854136441604,0.0255710898531705,1.16729496510292,-1.05343053405793,-0.767532904424768,-0.202993708003753,-0.0191459895266863,0.728815661816031,1.4289026035428,0.93422270303842,0.508752131666208,-1.1603681679367,-0.527680489439249,-0.177318504788345
"2373",0,-0.346763866306412,-0.743972268793493,0.0578262499066152,-1.44159853924067,-0.992685559626734,-0.416428649433891,-0.135962069060475,-0.0247411626405223,-0.314012775301545,0.44964680817177,1.06960504576937,0.501133233237465,-1.06492873723642,-0.540830462877054,-0.297437698892108,-0.0445734002443183,0.122165329449593,1.09010489057606,0.553366028230951,-0.0304505054628506,0.452955374090734,-0.574697546273115,-0.113860786417039,-0.0382639442739243,1.49244802467431,1.08838378637757,-0.205019902303017,-0.740296018180913,1.36852100217096,0.443529453395639,-0.048236570436645,-0.0330109162638679,0.883979710698524,1.33132611434538,-0.191412782816345,-1.5718052632525,0.948413038067484,0.602075245430805,0,-0.0930309953194633,0.19104829105235,1.3246423271829,-0.368069398601125,-1.10320005852361,1.09815083938011,0.34521688350542,-0.0998707974396848,-0.0692112518235939,-0.410266899197836,0.550851699251816,0.141581817563674,0.229731781230706,0.971528919046879,-0.362274353239232,-0.202993708003753,-0.0191459895266863,-0.303642030474405,-0.572808484558983,0.93422270303842,0.706799001154165,-0.644739293483662,-0.527680489439249,-0.177318504788345
"2374",0,-0.346763866306412,-0.743972268793493,0.290919690251838,0.108774140810285,-0.0827023542891274,-0.416428649433891,-0.135962069060475,-0.0247411626405223,-0.640995384823577,-0.100464245748303,0.573225755678888,-0.34196587835462,0.618220742359401,-0.540830462877054,-0.1555961886108,-0.0445734002443183,-0.453890387156393,0.92012536432158,-0.961657113219938,-1.18029468333559,0.452955374090734,-0.292956833346385,-0.113860786417039,-0.0382639442739243,0.527433042140173,0.59717573430355,-1.56081868739673,-1.34510588990261,0.366648420526578,0.716921684247398,-0.048236570436645,-0.0330109162638679,0.28811274703799,0.372213079621086,-1.72083888424547,-1.73997671328813,0.309344470407584,1.46221250555829,0,-0.0930309953194633,0.19104829105235,0.554935814565679,-1.12171262543579,-0.786399036324126,1.27008134505226,0.34521688350542,-0.0998707974396848,-0.0692112518235939,-0.410266899197836,0.550851699251816,0.608885377241471,1.16729496510292,0.650547105891764,-0.767532904424768,-0.202993708003753,-0.0191459895266863,-0.303642030474405,-0.572808484558983,0.245017378270736,-0.679529085261532,-1.1603681679367,-1.01611113110613,-0.177318504788345
"2375",0,-0.346763866306412,-0.743972268793493,-0.478725632138254,0.108774140810285,-0.0981330258801679,-0.416428649433891,-0.135962069060475,-0.0247411626405223,-0.640995384823577,-1.38405670489514,1.06960504576937,1.13345756693153,0.618220742359401,-0.328284610997861,-0.1555961886108,-0.0445734002443183,-0.931225580952833,-0.77966989822322,1.56338145586488,1.43333321492626,-0.0233446231262145,-0.574697546273115,-0.113860786417039,-0.0382639442739243,-0.759253601238671,-0.712712404560498,1.1507788827907,1.00657188464015,0.533627184133976,-0.650039470011399,-0.048236570436645,-0.0330109162638679,-0.639535815693025,0.212360907167038,1.09627321067543,0.950766487281889,-0.711805744444711,-0.831486854781667,0,-0.0930309953194633,-0.481588184154324,0.247053209518791,1.23221262264732,1.27280760797249,-0.105362700324987,-0.797595882078731,-0.150491399036686,-0.0692112518235939,-0.410266899197836,-0.328780595364958,1.19219966462977,1.07481479800699,0.127795813586543,-0.767532904424768,-0.202993708003753,-0.0191459895266863,-0.303642030474405,-0.97315070217934,-0.926609205868185,-0.283435346285619,0.0427658724537265,-0.527680489439249,-0.177318504788345
"2376",0,-0.346763866306412,-1.17387929654563,-0.641454071129054,-1.22011672780482,-0.995633402782873,-0.416428649433891,-0.135962069060475,-0.0247411626405223,-0.640995384823577,-1.56742705620183,0.821415400724128,-0.974290212048683,-1.40155863315559,-0.540830462877054,-0.135705470516414,-0.0445734002443183,-0.741918245459386,-0.60969037196874,0.553366028230951,-1.18029468333559,-1.29347794903808,-0.574697546273115,-0.113860786417039,-0.0382639442739243,-0.759253601238671,0.269703699587538,-0.205019902303017,-0.422683672213447,-0.969181688332602,-0.650039470011399,-0.048236570436645,-0.0539306280597664,-0.639535815693025,1.01162176943728,0.935312461488958,-0.394605113003119,0.819919577833732,0.602075245430805,0,-0.0930309953194633,-0.481588184154324,1.47858362970634,-0.34527778875002,-1.26160056962335,-0.793084723013613,2.17371730844006,-0.0998707974396848,-0.212267543060137,-0.410266899197836,0.198998781405106,0.608885377241471,-1.83290722328817,-0.378444049689659,1.86664767828122,0.337888842060734,-0.0191459895266863,-0.303642030474405,-1.17332181098952,-0.214452838241053,0.904845870642121,1.24589991284416,-0.0361570313587953,-0.177318504788345
"2377",0,-0.346763866306412,0.330795300586854,0.757106570942284,0.773219575117836,0.438598494367772,0.463522826674285,-0.241782296498924,-0.0247411626405223,0.33995244374252,0.633017159478461,-2.15686033981876,-2.23893887943681,0.786535690318983,1.43010110539427,-0.1555961886108,-0.0445734002443183,0.372776660978751,0.0702277330491799,-0.961657113219938,-0.200184221487392,0.929255371307683,1.67922815714073,-0.0325471655401235,-0.0382639442739243,-0.759253601238671,-0.22150435248648,0.472879490243842,-0.58148984519718,0.032690893311783,1.53709837680268,-0.048236570436645,-0.0330109162638679,-0.639535815693025,-1.2263086449194,-1.47909877630812,-1.73997671328813,-0.201230637018563,0.8887876654733,0,-0.0930309953194633,-0.481588184154324,-0.984477210668762,-1.12171262543579,-1.26160056962335,0.582359322363638,-0.111908222728241,-0.0998707974396848,-0.0692112518235939,0.0950898267594927,-0.139928661382926,-0.989560435300166,-0.520318765867068,0.634035676862745,-0.767532904424768,-0.202993708003753,-0.0191459895266863,-0.303642030474405,0.227875950681732,0.704487594782526,0.0541200009130641,-0.320432275521689,-0.527680489439249,-0.177318504788345
"2378",0,-0.346763866306412,-1.17387929654563,-2.27310815354561,-0.112707670625565,-0.813775052877421,-0.416428649433891,-0.135962069060475,-0.0247411626405223,-0.688798472841148,-1.93416775881521,-1.1641017596378,-0.51346210375751,-1.233243685196,-0.253983954104553,-0.1555961886108,-0.0445734002443183,-0.741918245459386,-0.60969037196874,1.39504555125922,-0.853591196052854,-0.658411286082146,0.59467253659206,-0.113860786417039,-0.0382639442739243,-0.43758194039396,0.760911751661556,0.303404642107127,-1.53432688309958,1.03456347495617,0.923413339104178,-0.048236570436645,-0.0330109162638679,1.52497749734601,1.33132611434538,1.09627321067543,0.950766487281889,1.1603029827845,0.0286504053458163,0,-0.0930309953194633,0.228326768713421,-0.984477210668762,-0.655851723424326,0.79760607467327,0.926220333707951,-0.797595882078731,-0.0998707974396848,-0.0692112518235939,-0.410266899197836,-1.38433934890509,-1.85749406126494,0.979782328328481,-0.0409508075055244,-0.767532904424768,-0.202993708003753,-0.0191459895266863,-0.303642030474405,-1.17332181098952,-2.05233370428821,0.706799001154165,-0.300986710514968,-0.527680489439249,-0.177318504788345
"2379",0,-0.346763866306412,-0.314065241041354,0.0578262499066152,-0.86822948815627,-0.922431751513691,-0.416428649433891,-0.135962069060475,-0.0247411626405223,-0.640995384823577,0.633017159478461,-1.41229140468304,-2.23893887943681,-1.40155863315559,-0.540830462877054,-0.1555961886108,-0.0445734002443183,0.410193187752585,1.09010489057606,-0.456649399402975,-1.18029468333559,-1.15745477164524,-0.574697546273115,-0.113860786417039,-0.0382639442739243,1.49244802467431,1.08838378637757,-1.39134383926002,-1.53432688309958,-1.3031392155474,-0.650039470011399,-0.048236570436645,-0.0330109162638679,1.83419368492302,1.63418862582003,1.09627321067543,0.950766487281889,0.649727875358349,-0.544774434739172,0,-0.0930309953194633,1.20000300386236,1.47858362970634,-0.0347038540757136,0.164004030274312,1.27008134505226,0.34521688350542,-0.0998707974396848,-0.0692112518235939,0.0739739549704533,1.07863107602188,0.414447281445371,-1.0828566761904,1.14027554013895,0.245613473539072,-0.202993708003753,-0.0191459895266863,-0.303642030474405,-0.572808484558983,0.704487594782526,0.904845870642121,0.214642163938074,-0.527680489439249,-0.177318504788345
"2380",0,-0.346763866306412,-0.337335327588299,0.990200011287507,0.994701386553687,1.69097204161296,3.69001157240427,-0.135962069060475,-0.0247411626405223,-0.640995384823577,-1.56742705620183,-1.90867069477352,-0.131191100456599,1.29148053419773,0.691001767292522,-0.1555961886108,-0.0445734002443183,-0.741918245459386,-1.62956752949562,-0.961657113219938,0.779926240360802,0.294188708351751,-0.574697546273115,-0.113860786417039,-0.0382639442739243,-0.43758194039396,-0.548976387202492,0.303404642107127,1.00657188464015,0.867584711348771,0.990313915099158,-0.048236570436645,-0.0330109162638679,1.52497749734601,1.01162176943728,1.09627321067543,0.614423587210637,-0.0310389345431809,0.315362825388311,0,-0.0930309953194633,-0.481588184154324,-0.830535908145318,1.36287885195866,0.00560351917457189,-1.48080674570224,-0.797595882078731,-0.0998707974396848,-0.0692112518235939,-0.225785291151128,-0.680633513211668,1.19219966462977,-0.332806129092624,-1.55967039733413,-0.767532904424768,-0.202993708003753,-0.0191459895266863,-0.285386336049377,-0.172466266938626,0.704487594782526,-1.86781030218927,-1.1603681679367,-0.527680489439249,-0.177318504788345
"2381",0,-0.346763866306412,-0.958925782669563,0.290919690251838,-1.88456216211237,-1.42467796263779,-0.416428649433891,-0.093308418664487,-0.064995348517452,-0.640995384823577,-1.20068635358845,0.821415400724128,-0.542168250326894,-1.40155863315559,-0.540830462877054,-0.1555961886108,-0.0445734002443183,-0.741918245459386,-0.0997517932053001,0.553366028230951,-1.18029468333559,-1.29347794903808,-0.574697546273115,-0.113860786417039,-0.0382639442739243,-0.759253601238671,0.105967682229532,0.303404642107127,-1.53432688309958,-1.3031392155474,-0.650039470011399,-0.048236570436645,-0.0330109162638679,-0.639535815693025,0.780042343688678,0.452430213929543,-0.73094801307437,-0.0598899452587715,-1.02626903893235,0,-0.235431870302132,-0.481588184154324,1.17070102465946,1.36287885195866,1.27280760797249,1.27008134505226,0.770462435821661,-0.0998707974396848,-0.0692112518235939,-0.410266899197836,1.43048399386859,0.87321273304256,0.229731781230706,0.465289055770677,1.86664767828122,-0.202993708003753,-0.0191459895266863,-0.303642030474405,-0.572808484558983,-0.903658163008738,0.508752131666208,0.558394746906768,0.946889884802112,-0.177318504788345
"2382",0,0.767805440878689,2.05042341159541,-0.408360630783831,-2.54900759641992,-0.992685559626734,-0.416428649433891,-0.24637800210406,-0.0247411626405223,1.64788288183065,0.999757862091843,-1.66048104972828,-2.02816410153879,0.786535690318983,0.937368213326437,-0.1555961886108,-0.0445734002443183,1.85033247926755,1.09010489057606,-0.624985304008629,0.289871009436705,1.24678870278565,0.552265305433806,-0.240817151978643,-0.0382639442739243,0.205761381295462,0.924647769019562,1.1507788827907,1.00657188464015,0.533627184133976,-0.650039470011399,-0.0907734432908242,-0.0330109162638679,-0.639535815693025,-0.906604300011301,0.774351712302486,0.451949724908482,-1.05218914939548,-0.831486854781667,0,-0.0930309953194633,-0.543525030151467,-0.52265330309843,1.36287885195866,0.00560351917457189,-1.48080674570224,-0.797595882078731,-0.0998707974396848,-0.0692112518235939,-0.410266899197836,0.823784711548738,0.997761568833671,-1.83290722328817,-1.55967039733413,-0.767532904424768,-0.202993708003753,-0.0191459895266863,0.640697463968522,1.80281981403131,-1.59286348777642,-2.26390404116519,-1.1603681679367,-0.527680489439249,-0.177318504788345
"2383",0,-0.346763866306412,-0.529018754917424,0.290919690251838,0.461860048310881,-0.634864546128108,-0.416428649433891,-0.135962069060475,-0.0247411626405223,-0.950441844918482,-1.01731600228176,1.06960504576937,1.13345756693153,-0.223353997438511,-0.540830462877054,-0.1555961886108,-0.0445734002443183,-0.741918245459386,0.02044564556314,1.56338145586488,1.43333321492626,-1.29347794903808,-0.574697546273115,-0.113860786417039,-0.0382639442739243,-0.43758194039396,0.924647769019562,1.1507788827907,0.414226905004649,-1.13616045194,-0.392750344324491,-0.048236570436645,-0.0330109162638679,1.21576130976901,1.33132611434538,1.09627321067543,0.614423587210637,-1.56276425682162,-0.650468925209286,0,-0.401467775472437,-0.481588184154324,0.862818419612568,1.13361592913159,0.322404541374051,-1.48080674570224,-0.797595882078731,-0.0998707974396848,-0.0692112518235939,-0.410266899197836,-0.152854136441604,1.19219966462977,0.792269691554037,-1.55967039733413,-0.767532904424768,-0.202993708003753,-0.0191459895266863,-0.251243062659395,-0.572808484558983,0.704487594782526,0.904845870642121,-0.261885583167463,-0.527680489439249,-0.156828524688358
"2384",0,-0.346763866306412,-0.529018754917424,0.524013130597061,0.108774140810285,-0.813775052877421,-0.416428649433891,-0.135962069060475,-0.0247411626405223,-0.640995384823577,0.633017159478461,0.821415400724128,0.501133233237465,0.618220742359401,-0.540830462877054,-0.1555961886108,-0.0445734002443183,-0.741918245459386,1.09010489057606,-0.793321208614283,-1.18029468333559,0.929255371307683,-0.0112161204196545,-0.113860786417039,-0.0382639442739243,-0.43758194039396,0.760911751661556,-1.56081868739673,-1.53432688309958,0.366648420526578,0.51095480701557,-0.048236570436645,-0.0330109162638679,-0.0211034405390152,1.17147394189133,-1.47909877630812,-1.73997671328813,0.649727875358349,1.08209165034145,0,-0.0462278107702212,0.527366528655686,1.47858362970634,-0.803429674652672,-1.10320005852361,1.09815083938011,0.618568160397948,-0.0998707974396848,-0.156137872437338,-0.410266899197836,0.902704617098525,0.0255710898531705,-0.155505181602971,0.971528919046879,-0.564903628832,-0.202993708003753,-0.0191459895266863,-0.303642030474405,-0.560177199452602,0.0152822700148413,0.508752131666208,-0.129110419030621,-0.527680489439249,-0.177318504788345
"2385",0,-0.346763866306412,-1.17387929654563,-2.27310815354561,0.773219575117836,-0.486795812431203,-0.416428649433891,-0.135962069060475,-0.0247411626405223,-0.640995384823577,-1.93416775881521,-0.419532824502074,0.711908011135486,-1.40155863315559,0.198268875224692,-0.1555961886108,-0.0445734002443183,-0.741918245459386,-1.11962895073218,1.56338145586488,-0.690239452411488,-0.34087795460418,3.93315386055457,2.40712463667854,-0.0382639442739243,-0.43758194039396,0.760911751661556,-0.205019902303017,-1.53432688309958,1.03809884009803,2.0838828385062,-0.048236570436645,30.2820138527215,3.49355376884428,1.01162176943728,-0.191412782816345,0.109909237103759,1.1603029827845,0.602075245430805,0,15.3635644920949,4.89950361749906,1.47858362970634,1.20759188462151,1.27280760797249,0.410428816691482,-0.569033328961901,-0.0998707974396848,3.74986562380231,1.04245566330703,-1.38433934890509,-1.72437177231173,1.16729496510292,-0.547190670781726,-0.767532904424768,-0.202993708003753,-0.0191459895266863,-0.303642030474405,-1.17332181098952,-1.59286348777642,0.706799001154165,-0.988491876452356,-0.527680489439249,-0.177318504788345
"2386",0,-0.346763866306412,-1.17387929654563,-0.408360630783831,0.773219575117836,-0.992685559626734,-0.416428649433891,-0.135962069060475,-0.0247411626405223,-0.640995384823577,-0.467204948361685,0.821415400724128,-0.853469304551514,-0.223353997438511,2.16920044349601,-0.1555961886108,-0.0445734002443183,-0.1658625288534,1.09010489057606,-0.142922512914749,-1.18029468333559,0.7704887055687,2.52445029592092,-0.113860786417039,-0.0382639442739243,2.45746300720844,1.08838378637757,-1.05239414298659,-0.58148984519718,1.36852100217096,0.17013722254388,-0.048236570436645,-0.0330109162638679,0.597328934614995,1.33132611434538,1.09627321067543,0.661595753342386,1.1603029827845,1.46221250555829,0,-0.0930309953194633,-0.481588184154324,-0.368712000574986,0.741730982610052,1.27280760797249,-0.96501522868577,-0.797595882078731,-0.0998707974396848,-0.0692112518235939,-0.410266899197836,-1.38433934890509,0.352315476140153,0.979782328328481,-1.55967039733413,-0.767532904424768,-0.202993708003753,-0.0912709356995593,-0.303642030474405,-1.17332181098952,0.0152822700148413,-0.283435346285619,-1.1603681679367,-0.527680489439249,-0.177318504788345
"2387",0,-0.346763866306412,0.708472689519437,0.757106570942284,0.108774140810285,-0.277043532629481,-0.416428649433891,-0.135962069060475,-0.0247411626405223,0.993917662786584,0.816387510785152,-1.90867069477352,-0.562249135351649,0.954850638278565,-0.540830462877054,-0.1555961886108,-0.0445734002443183,2.13836033757054,-0.26973131945978,-1.12999301782559,-0.526887708770123,1.24678870278565,-0.0112161204196545,-0.113860786417039,-0.0382639442739243,1.17077636382959,0.269703699587538,-1.2218689911233,0.37134719270522,0.533627184133976,-0.650039470011399,-0.048236570436645,-0.0330109162638679,-0.639535815693025,0.851769596983231,1.09627321067543,0.950766487281889,-0.657166088673905,-0.831486854781667,0,-0.0930309953194633,-0.481588184154324,-0.214770698051542,1.36287885195866,1.27280760797249,-0.105362700324987,-0.797595882078731,-0.0998707974396848,-0.0692112518235939,-0.410266899197836,0.374925240328461,0.803323473037571,-0.895344039415955,1.14027554013895,0.650872024724607,-0.202993708003753,-0.0191459895266863,-0.303642030474405,0.628218168302089,0.704487594782526,0.904845870642121,1.58965249581285,1.43841334288257,-0.177318504788345
"2388",0,-0.346763866306412,-0.314065241041354,0.524013130597061,0.773219575117836,-0.634864546128108,-0.416428649433891,-0.135962069060475,-0.0247411626405223,0.666935053264552,0.999757862091843,-1.1641017596378,-0.277698159146067,0.113275898480654,-0.540830462877054,-0.1555961886108,-0.0445734002443183,0.986248904358571,0.7501458380671,-1.12999301782559,-0.739482041408419,0.611722039829717,-0.0112161204196545,-0.113860786417039,-0.0382639442739243,0.205761381295462,1.08838378637757,-1.56081868739673,-1.53432688309958,-0.134287870295615,1.26370614595092,-0.048236570436645,-0.0330109162638679,-0.639535815693025,1.01162176943728,-1.47909877630812,-1.73997671328813,-0.881997446920094,1.46221250555829,0,-0.0930309953194633,-0.325753434951036,0.708877117089123,-0.500564756087173,-1.26160056962335,0.0204070441597154,1.25946709597274,-0.0998707974396848,-0.0692112518235939,-0.0338383296055705,-0.328780595364958,0.997761568833671,-0.332806129092624,0.802782297954812,0.650872024724607,-0.173807295646978,-0.0191459895266863,-0.303642030474405,-0.25504915156621,0.245017378270736,0.372927488985564,0.558394746906768,-0.527680489439249,-0.177318504788345
"2389",0,-0.102472504148138,0.115841786710785,0.757106570942284,-0.777153104933116,-0.992685559626734,-0.416428649433891,-0.135962069060475,-0.0247411626405223,0.666935053264552,0.999757862091843,0.325036110633647,1.13345756693153,-1.06492873723642,-0.540830462877054,-0.1555961886108,-0.0445734002443183,0.986248904358571,0.92012536432158,-1.12999301782559,0.943277984002168,0.7704887055687,-0.574697546273115,-0.113860786417039,-0.0382639442739243,1.81411968551902,0.374481689028592,-1.56081868739673,-0.422683672213447,1.36852100217096,0.716921684247398,-0.048236570436645,-0.0330109162638679,1.83419368492302,0.0525087347129891,-1.47909877630812,-0.73094801307437,1.1603029827845,1.21891203934901,0,-0.0930309953194633,1.87263947906903,0.579154374276119,-1.12171262543579,-0.152796991925168,1.09815083938011,0.0589216914438121,-0.0998707974396848,-0.0692112518235939,-0.410266899197836,1.07863107602188,0.0255710898531705,0.604757054779594,0.29654243467861,-0.767532904424768,-0.202993708003753,-0.0191459895266863,-0.303642030474405,0.027117253422008,0.474752486526631,0.112658392690295,-0.816615584968009,-0.527680489439249,-0.0135835230330423
"2390",0,-0.346763866306412,-0.0991117271652847,-0.175267190438608,0.551737763681986,0.617509001117085,-0.123111490731166,-0.135962069060475,-0.0247411626405223,1.32090027230862,0.816387510785152,-0.263104923442951,1.16801989842934,1.29148053419773,-0.0480975708092236,-0.1555961886108,-0.0445734002443183,1.56230462096456,-0.77966989822322,-0.456649399402975,1.43333321492626,0.135422042612768,-0.519911175184791,-0.113860786417039,-0.0382639442739243,-0.759253601238671,-1.53139249135053,-0.882919294849875,1.00657188464015,0.032690893311783,-0.650039470011399,-0.048236570436645,-0.0330109162638679,-0.639535815693025,-1.2263086449194,-1.15717727793518,0.782595037246263,0.309344470407584,-0.831486854781667,0,-0.0930309953194633,-0.481588184154324,-0.984477210668762,-1.12171262543579,0.322404541374051,1.27008134505226,-0.538737132974099,-0.0998707974396848,-0.0692112518235939,-0.463096393500976,-1.20841288998173,0.220009185649271,1.16729496510292,0.127795813586543,-0.564903628832,-0.202993708003753,-0.0191459895266863,-0.303642030474405,-0.172466266938626,0.245017378270736,-1.07562282423745,-1.1603681679367,-0.527680489439249,-0.177318504788345
"2391",0,1.88237474806379,1.4055628699672,0.990200011287507,0.994701386553687,0.796419507866398,0.17020566797156,-0.135962069060475,-0.0247411626405223,1.64788288183065,0.999757862091843,-0.915912114592555,-0.974290212048683,-0.0550390494789284,-0.0480975708092236,-0.1555961886108,-0.0445734002443183,0.986248904358571,0.92012536432158,-1.12999301782559,-1.18029468333559,-1.29347794903808,-0.574697546273115,-0.113860786417039,-0.0382639442739243,1.17077636382959,1.08838378637757,-0.132628283733002,-0.263877499229713,-1.3031392155474,-0.650039470011399,-0.048236570436645,-0.0330109162638679,1.21576130976901,1.17147394189133,0.452430213929543,0.835286821227219,-0.541614041969328,-0.831486854781667,0,-0.0930309953194633,-0.481588184154324,-0.984477210668762,-1.12171262543579,0.480805052473791,0.754289828035795,-0.797595882078731,-0.0998707974396848,-0.231981903999493,-0.410266899197836,-0.680633513211668,-0.75218129333123,1.16729496510292,0.465289055770677,-0.767532904424768,-0.202993708003753,-0.0191459895266863,1.76127335410647,1.82924482116316,0.474752486526631,-0.481482215773575,-1.1603681679367,-0.527680489439249,-0.177318504788345
"2392",0,2.05511335102907,2.05042341159541,0.990200011287507,-0.872046670371201,-0.992685559626734,-0.416428649433891,-0.135962069060475,-0.0247411626405223,0.666935053264552,0.816387510785152,0.573225755678888,0.985005023069101,-0.89661378927684,-0.540830462877054,-0.1555961886108,-0.0445734002443183,-0.741918245459386,-1.62956752949562,0.553366028230951,1.43333321492626,-0.975944617560112,-0.574697546273115,-0.113860786417039,-0.0382639442739243,-0.759253601238671,-1.53139249135053,0.642354338380556,0.530153365688954,-1.3031392155474,-0.650039470011399,-0.048236570436645,-0.0330109162638679,-0.639535815693025,-0.267195610195108,1.09627321067543,-1.06729091314562,-1.34927551369698,-0.353775503612508,0,-0.0930309953194633,-0.145269946550987,0.708877117089123,0.794473442730935,-1.26160056962335,-1.48080674570224,-0.797595882078731,-0.324491974805647,-0.0692112518235939,3.46365993414848,1.43048399386859,0.803323473037571,0.604757054779594,1.14027554013895,0.44824274913184,-0.202993708003753,-0.0191459895266863,2.7937310463969,2.02941592997334,0.93422270303842,-0.0853884767976621,-0.129110419030621,-0.527680489439249,-0.177318504788345
"2393",0,-0.308538898186891,-0.529018754917424,0.524013130597061,-0.334189482061415,-0.992685559626734,-0.416428649433891,-0.135962069060475,-0.0247411626405223,0.666935053264552,0.816387510785152,0.0768464655884069,0.922682789033507,-1.06492873723642,-0.540830462877054,-0.1555961886108,-0.0445734002443183,2.42638819587353,0.92012536432158,-0.961657113219938,0.616574496719437,-0.499644620343163,-0.574697546273115,-0.113860786417039,-0.0382639442739243,2.13579134636373,0.433439716945544,-1.56081868739673,0.0537348467377536,-0.427465321802463,-0.650039470011399,-0.048236570436645,-0.0330109162638679,-0.33031962811602,-1.06645647246535,-1.47909877630812,0.782595037246263,-0.371422339493946,-0.831486854781667,0,-0.0930309953194633,-0.594858700585856,-0.984477210668762,-0.0347038540757136,1.05014334751862,-0.4492237116693,-0.340470775845071,-0.0998707974396848,0.019387606749474,-0.410266899197836,-0.582992470079471,1.19219966462977,1.16729496510292,0.516968556137727,2.47453550505952,1.43024422484927,-0.115134277125818,-0.303642030474405,-0.772979593369162,0.0152822700148413,-0.0853884767976621,0.486034184826745,1.43841334288257,2.44807774115328
"2394",0,-0.346763866306412,0.522401472137653,0.290919690251838,-2.10604397354822,-0.992685559626734,-0.416428649433891,-0.135962069060475,-0.0247411626405223,-0.640995384823577,0.633017159478461,1.06960504576937,-1.39583976784473,-1.40155863315559,-0.540830462877054,-0.1555961886108,-0.0445734002443183,-0.1658625288534,1.09010489057606,1.22670964665357,-1.18029468333559,-1.29347794903808,-0.574697546273115,-0.113860786417039,0.0960485539139038,1.17077636382959,1.08838378637757,0.811829186517271,-0.490422508554333,-1.3031392155474,-0.650039470011399,-0.048236570436645,-0.0330109162638679,1.52497749734601,1.33132611434538,1.09627321067543,0.950766487281889,0.649727875358349,-0.544774434739172,0,-0.0930309953194633,0.19104829105235,1.47858362970634,1.36287885195866,1.27280760797249,1.27008134505226,0.80234198973908,0.0729345408938016,-0.0692112518235939,0.558214809138742,1.43048399386859,1.19219966462977,1.16729496510292,1.14027554013895,0.0429841979463036,-0.202993708003753,-0.0191459895266863,-0.303642030474405,0.42804705949191,0.704487594782526,0.904845870642121,1.07402362135981,-0.527680489439249,-0.177318504788345
"2395",0,-0.362828119791572,-1.17387929654563,-1.80692127285517,0.994701386553687,0.617509001117085,0.17020566797156,-0.260362164775697,-0.0247411626405223,-0.640995384823577,-1.75079740750852,0.573225755678888,1.13345756693153,1.29148053419773,1.18373465936035,-0.1555961886108,-0.0445734002443183,0.698221046055578,0.7501458380671,1.56338145586488,1.43333321492626,1.24678870278565,1.11574673128727,-0.113860786417039,-0.0382639442739243,0.849104702984884,0.433439716945544,0.642354338380556,1.00657188464015,1.36852100217096,0.716921684247398,-0.048236570436645,-0.0539306280597664,-0.639535815693025,-1.2263086449194,-0.835255779562232,0.950766487281889,1.1603029827845,-0.544774434739172,0,-0.0930309953194633,-0.481588184154324,-0.984477210668762,-0.0347038540757136,1.27280760797249,1.16532151988153,-0.569033328961901,-0.295759642429903,-0.0692112518235939,-0.410266899197836,-1.38433934890509,-0.36330510173903,1.16729496510292,1.14027554013895,-0.159645077646464,-0.202993708003753,-0.0191459895266863,-0.303642030474405,-1.17332181098952,-1.59286348777642,0.508752131666208,0.991173645002568,0.946889884802112,-0.177318504788345
"2396",0,-0.328112846912496,-0.958925782669563,0.757106570942284,0.330255952246136,-0.634864546128108,-0.416428649433891,-0.135962069060475,-0.0247411626405223,-0.640995384823577,-0.668594109103131,1.06960504576937,0.381016260022472,0.113275898480654,-0.540830462877054,-0.1555961886108,-0.0445734002443183,-0.741918245459386,-0.0997517932053001,0.721701932836606,-0.853591196052854,0.611722039829717,-0.0112161204196545,-0.113860786417039,-0.0382639442739243,0.849104702984884,1.08838378637757,-0.374494750439731,-1.53432688309958,0.19966965691918,0.990313915099158,-0.048236570436645,-0.0330109162638679,0.597328934614995,1.33132611434538,-0.191412782816345,-1.73997671328813,-0.0310389345431809,1.74892492560078,0,-0.0930309953194633,-0.145269946550987,1.3246423271829,-0.500564756087173,-1.01352531682821,0.754289828035795,1.03090454285591,0.0726922125609709,-0.0692112518235939,-0.410266899197836,0.374925240328461,0.803323473037571,0.41724441800515,1.14027554013895,0.245613473539072,-0.202993708003753,-0.0191459895266863,-0.303642030474405,-0.97315070217934,0.245017378270736,0.706799001154165,0.0517734649736613,-0.527680489439249,-0.177318504788345
"2397",0,-0.346763866306412,0.545748814462924,0.990200011287507,-0.573369582001615,-0.992685559626734,-0.416428649433891,-0.135962069060475,-0.0247411626405223,0.0129698342204877,0.633017159478461,-0.915912114592555,0.290358455339444,-1.06492873723642,-0.540830462877054,-0.1555961886108,-0.0445734002443183,1.27427676266156,0.7501458380671,0.385030123625297,1.2699814712849,0.135422042612768,-0.574697546273115,-0.113860786417039,-0.0598124768661009,-0.43758194039396,0.433439716945544,0.642354338380556,-0.422683672213447,1.03456347495617,-0.650039470011399,-0.048236570436645,-0.0330109162638679,-0.639535815693025,-0.979414009975926,-1.47909877630812,-1.54679847511492,0.309344470407584,0.315362825388311,0,-0.0930309953194633,-0.481588184154324,-0.984477210668762,-1.12171262543579,-1.26160056962335,0.687085906018145,1.03090454285591,-0.0998707974396848,-0.0692112518235939,-0.410266899197836,-1.03248643105838,-1.14105748492343,-0.895344039415955,0.634035676862745,0.650872024724607,-0.202993708003753,-0.0191459895266863,-0.303642030474405,0.027704841871553,0.704487594782526,0.706799001154165,0.558394746906768,-0.527680489439249,-0.177318504788345
"2398",0,-0.346763866306412,0.330795300586854,0.0578262499066152,0.773219575117836,-0.277043532629481,-0.416428649433891,-0.135962069060475,-0.0247411626405223,0.0393272625231862,0.999757862091843,-0.667722469547314,-0.763515434150662,0.618220742359401,-0.540830462877054,-0.184658470953029,-0.0445734002443183,-0.741918245459386,-0.77966989822322,-1.12999301782559,0.453222753078071,-0.0233446231262145,-0.574697546273115,-0.113860786417039,-0.0382639442739243,-0.759253601238671,-1.53139249135053,0.642354338380556,1.00657188464015,-0.635224161117807,-0.650039470011399,-0.048236570436645,-0.0330109162638679,-0.639535815693025,-1.2263086449194,0.130508715556599,0.311436976117895,1.1603029827845,0.0286504053458163,0,-0.0930309953194633,-0.481588184154324,-0.984477210668762,-1.12171262543579,-1.26160056962335,0.410428816691482,0.80234198973908,-0.0998707974396848,-0.0692112518235939,-0.410266899197836,0.0230723224817513,-0.75218129333123,-0.248740476582279,0.971528919046879,-0.159645077646464,-0.202993708003753,-0.0191459895266863,-0.303642030474405,0.42804705949191,0.704487594782526,0.112658392690295,-0.644739293483662,-0.527680489439249,-0.177318504788345
"2399",0,1.88237474806379,1.83546989771934,0.990200011287507,-0.998634916368966,-0.992685559626734,-0.416428649433891,-0.0217039811243499,-0.0247411626405223,0.0129698342204877,0.082906105558388,-0.171343179456834,1.13345756693153,-0.728298841317257,-0.540830462877054,-0.1555961886108,-0.0445734002443183,-0.741918245459386,-1.62956752949562,-1.12999301782559,0.943277984002168,-0.0233446231262145,-0.581550304660217,-0.113860786417039,-0.0382639442739243,-0.759253601238671,-0.876448421918504,-0.0355450541663019,0.847765711656421,-0.134287870295615,-0.650039470011399,-0.048236570436645,-0.0330109162638679,-0.639535815693025,-0.107343437741059,1.09627321067543,0.950766487281889,0.479536172882967,-0.544774434739172,0,-0.0930309953194633,-0.481588184154324,-0.984477210668762,-1.12171262543579,-0.786399036324126,1.27008134505226,1.03090454285591,-0.0998707974396848,-0.216147724329825,0.366713337831613,0.400849497146612,0.220009185649271,0.979782328328481,1.14027554013895,0.650872024724607,-0.202993708003753,-0.0191459895266863,1.76127335410647,1.4289026035428,0.474752486526631,-0.0853884767976621,-0.323475657852213,-0.527680489439249,-0.177318504788345
"2400",0,0.767805440878689,0.545748814462924,0.0578262499066152,0.773219575117836,0.0807774808691453,-0.416428649433891,-0.135962069060475,0.00131510914950845,0.0129698342204877,0.266276456865079,-0.915912114592555,0.501133233237465,1.12316558623815,-0.0480975708092236,-0.1555961886108,-0.0445734002443183,-0.741918245459386,-1.62956752949562,-1.12999301782559,0.943277984002168,1.24678870278565,-0.292956833346385,-0.113860786417039,-0.0909846830221019,-0.759253601238671,-1.53139249135053,-0.543969598576446,1.00657188464015,0.366648420526578,-0.650039470011399,-0.048236570436645,-0.0539306280597664,-0.639535815693025,-0.267195610195108,1.09627321067543,0.109909237103759,-1.56276425682162,-0.831486854781667,0,-0.0930309953194633,-0.481588184154324,0.756621820623579,1.36287885195866,-0.786399036324126,-1.48080674570224,-0.797595882078731,-0.0998707974396848,-0.0692112518235939,0.0844494996493258,1.43048399386859,0.414447281445371,-1.45788194973929,-0.547190670781726,-0.767532904424768,-0.202993708003753,-0.0191459895266863,-0.303642030474405,0.42804705949191,0.474752486526631,0.904845870642121,0.558394746906768,-0.0361570313587953,-0.177318504788345
"2401",0,-0.346763866306412,0.731956938529689,0.0578262499066152,0.108774140810285,-0.813775052877421,-0.416428649433891,-0.135962069060475,-0.0247411626405223,1.32090027230862,0.266276456865079,-0.770584987480314,-0.974290212048683,-0.0550390494789284,-0.540830462877054,-0.1555961886108,-0.0445734002443183,0.698221046055578,0.24020725930366,-1.12999301782559,-0.512325205000121,1.24678870278565,1.397487444214,0.249057263651541,-0.0382639442739243,-0.759253601238671,0.760911751661556,-0.543969598576446,0.0537348467377536,0.366648420526578,0.730051425376624,-0.048236570436645,-0.0330109162638679,-0.639535815693025,-0.267195610195108,1.09627321067543,-0.394605113003119,-1.56276425682162,-0.831486854781667,0,-0.0930309953194633,-0.481588184154324,0.218473066901241,1.36287885195866,-0.469598014124647,-1.48080674570224,-0.797595882078731,-0.0998707974396848,-0.317284129253286,-0.410266899197836,0.726778158175171,0.0255710898531705,0.0422191444562627,-1.07453959264431,-0.795302963518653,-0.202993708003753,-0.0191459895266863,-0.329489175448983,1.02856038592245,0.474752486526631,-0.481482215773575,-1.1603681679367,-0.527680489439249,-0.177318504788345
"2402",0,-0.346763866306412,-1.17387929654563,-0.408360630783831,0.108774140810285,-0.277043532629481,-0.416428649433891,-0.135962069060475,-0.064995348517452,-0.640995384823577,-0.650575299668376,0.240844645068291,-0.974290212048683,0.786535690318983,-0.540830462877054,-0.1555961886108,-0.111531751188364,-0.741918245459386,-0.674134217429537,0.385030123625297,-0.853591196052854,0.7704887055687,-0.574697546273115,-0.113860786417039,-0.0382639442739243,-0.759253601238671,-1.36765647399252,0.981304034653986,0.847765711656421,-0.301266633903012,-0.650039470011399,-0.048236570436645,-0.0330109162638679,-0.639535815693025,-0.107343437741059,0.935312461488958,0.109909237103759,-0.0310389345431809,-0.831486854781667,0,-0.0930309953194633,-0.481588184154324,1.47858362970634,-0.966425658098632,-1.26160056962335,0.238498311019326,1.25946709597274,-0.0998707974396848,-0.0692112518235939,-0.410266899197836,0.902704617098525,-0.94661938912733,-2.38559329326534,-1.55967039733413,2.27190622946675,-0.202993708003753,-0.0191459895266863,-0.303642030474405,-0.97315070217934,-0.673923054752843,0.508752131666208,1.24589991284416,2.42146025904347,-0.177318504788345
"2403",0,-0.346763866306412,-1.17387929654563,-1.73399461557626,0.108774140810285,1.51206153486365,-0.416428649433891,-0.135962069060475,-0.0247411626405223,-0.760724408830508,-1.93416775881521,-1.66048104972828,0.697466671377424,0.618220742359401,-0.540830462877054,-0.1555961886108,-0.0445734002443183,-0.741918245459386,-1.45958800324114,1.22670964665357,1.43333321492626,0.611722039829717,-0.574697546273115,-0.113860786417039,0.00253193544590119,0.205761381295462,0.924647769019562,1.1507788827907,1.00657188464015,0.032690893311783,-0.650039470011399,-0.048236570436645,-0.0330109162638679,2.14340987250002,1.17147394189133,-0.352373532002817,0.950766487281889,-0.201230637018563,-0.831486854781667,0,-0.0930309953194633,-0.145269946550987,-0.676594605621874,-0.394631989817634,1.27280760797249,-0.621154217341457,-0.797595882078731,-0.0998707974396848,-0.0692112518235939,-0.410266899197836,-1.38433934890509,-1.52993367651563,1.16729496510292,0.127795813586543,-0.767532904424768,-0.202993708003753,-0.0912709356995593,-0.303642030474405,-1.17332181098952,-1.74106922662619,-0.0853884767976621,1.58965249581285,0.455366426721658,-0.177318504788345
"2404",0,-0.463713683227966,-0.529018754917424,0.990200011287507,0.330255952246136,0.0807774808691453,-0.198824358588157,-0.135962069060475,-0.0247411626405223,-0.314012775301545,-0.283834597054994,0.325036110633647,0.290358455339444,1.29148053419773,-0.0480975708092236,-0.1555961886108,-0.0445734002443183,2.13836033757054,1.09010489057606,0.553366028230951,-0.200184221487392,1.24678870278565,0.552265305433806,-0.113860786417039,-0.0382639442739243,1.49244802467431,1.08838378637757,1.1507788827907,1.00657188464015,1.1022729320005,1.53709837680268,-0.048236570436645,-0.0330109162638679,-0.639535815693025,-0.494842026018831,-0.191412782816345,-0.780865278115501,0.139152767932202,2.03563734564328,0,-0.0930309953194633,-0.944580978051848,-0.984477210668762,-1.12171262543579,-1.26160056962335,-0.105362700324987,1.41025256873029,-0.0998707974396848,-0.0692112518235939,-0.410266899197836,-1.20841288998173,0.0255710898531705,-0.293959113737113,0.971528919046879,0.853501300317375,-0.202993708003753,-0.0191459895266863,-0.303642030474405,-0.772979593369162,0.629112975187459,0.904845870642121,0.902147329875462,0.109170541037473,-0.0790662095549671
"2405",0,-0.346763866306412,-0.738389959085699,-0.175267190438608,0.994701386553687,1.86988254836228,3.69001157240427,0.791420999008737,-0.0247411626405223,-0.640995384823577,0.266276456865079,-0.419532824502074,-1.39583976784473,-0.223353997438511,3.15466622763167,-0.1555961886108,-0.0445734002443183,-0.741918245459386,-0.43971084571426,-0.39478083299275,1.2699814712849,1.24678870278565,0.552265305433806,-0.113860786417039,-0.0909846830221019,-0.759253601238671,-1.53139249135053,-1.56081868739673,-0.422683672213447,0.700605947741373,-0.650039470011399,-0.048236570436645,-0.0330109162638679,-0.639535815693025,-1.2263086449194,-1.31813802712165,0.614423587210637,-0.881997446920094,-0.439948370408114,0,-0.0930309953194633,-0.481588184154324,-0.984477210668762,-0.34527778875002,0.79760607467327,-1.48080674570224,-0.797595882078731,-0.0998707974396848,-0.0692112518235939,-0.410266899197836,-1.38433934890509,0.414447281445371,-0.520318765867068,-1.55967039733413,-0.767532904424768,-0.272123196609679,-0.0191459895266863,-0.303642030474405,-0.772979593369162,0.05506426375126,-2.26390404116519,-1.1603681679367,-0.527680489439249,-0.223089984446744
"2406",0,-0.346763866306412,0.330795300586854,0.757106570942284,0.994701386553687,1.86988254836228,1.93010862018791,-0.135962069060475,-0.0247411626405223,0.666935053264552,0.999757862091843,0.0768464655884069,-1.1850649899467,0.786535690318983,2.66193333556384,-0.1555961886108,-0.0445734002443183,-0.453890387156393,-0.77966989822322,-1.12999301782559,-1.18029468333559,1.24678870278565,2.24270958299419,-0.0145890051177051,-0.0382639442739243,-0.759253601238671,-1.53139249135053,-1.39134383926002,-0.263877499229713,1.36852100217096,1.61738323844187,-0.048236570436645,-0.0330109162638679,0.223721678735166,0.212360907167038,0.935312461488958,0.950766487281889,1.1603029827845,2.32234976568577,0,-0.0930309953194633,0.19104829105235,0.862818419612568,1.05230491728436,1.11440709687275,-0.793084723013613,-0.569033328961901,-0.0998707974396848,-0.0692112518235939,-0.410266899197836,-1.20841288998173,0.997761568833671,-0.707831402641512,-1.55967039733413,-0.767532904424768,-0.202993708003753,-0.0191459895266863,-0.303642030474405,0.828389277112268,-0.214452838241053,-2.26390404116519,-1.1603681679367,-0.527680489439249,-0.177318504788345
"2407",0,-0.346763866306412,-1.17387929654563,-0.175267190438608,0.330255952246136,-0.992685559626734,-0.416428649433891,-0.135962069060475,-0.0247411626405223,-0.640995384823577,-1.20068635358845,1.06960504576937,-0.552740656252641,-1.233243685196,-0.540830462877054,-0.1555961886108,-0.0445734002443183,-0.741918245459386,0.648487096733257,0.553366028230951,-1.18029468333559,-1.29347794903808,-0.574697546273115,-0.113860786417039,-0.0382639442739243,-0.759253601238671,0.924647769019562,-0.71344444671316,-1.53432688309958,-1.3031392155474,-0.650039470011399,-0.048236570436645,-0.0330109162638679,-0.33031962811602,1.33132611434538,-0.996216528748704,-1.06729091314562,-0.318068922783,-0.831486854781667,0,-0.0930309953194633,-0.481588184154324,1.01675972213601,0.601942416035896,1.11440709687275,0.926220333707951,0.80234198973908,-0.0998707974396848,-0.0692112518235939,-0.410266899197836,-0.152854136441604,1.19219966462977,-0.520318765867068,-0.884683912965861,2.47453550505952,1.02661939301677,-0.0191459895266863,-0.303642030474405,-1.17332181098952,-0.673923054752843,0.904845870642121,1.58965249581285,2.17569853000325,-0.177318504788345
"2408",0,0.767805440878689,0.330795300586854,0.0578262499066152,0.330255952246136,0.259687987618459,-0.416428649433891,-0.135962069060475,-0.0247411626405223,0.666935053264552,0.633017159478461,-1.90867069477352,-1.1850649899467,1.29148053419773,-0.0480975708092236,-0.1555961886108,-0.0445734002443183,1.56230462096456,-0.0997517932053001,-1.12999301782559,0.12651926579534,0.7704887055687,-0.292956833346385,-0.113860786417039,-0.0382639442739243,0.205761381295462,0.269703699587538,0.811829186517271,0.847765711656421,-0.802202924725205,-0.650039470011399,-0.048236570436645,-0.0330109162638679,-0.639535815693025,0.532065252075134,0.613390963116015,0.950766487281889,-1.22238085187086,-0.831486854781667,0,-0.0930309953194633,-0.481588184154324,1.47858362970634,-0.234945907312761,-0.311197503024907,0.410428816691482,-0.393045555020457,-0.0998707974396848,-0.0692112518235939,-0.410266899197836,0.841998035744875,-1.72437177231173,-0.895344039415955,0.802782297954812,-0.767532904424768,-0.40430386298959,-0.0191459895266863,0.512332974467241,0.227875950681732,0.0705022281118425,0.706799001154165,0.0427658724537265,-0.527680489439249,-0.177318504788345
"2409",0,-0.346763866306412,-1.17387929654563,-2.50620159389084,0.773219575117836,-0.455954039378794,-0.256317711719329,-0.135962069060475,-0.064995348517452,-0.640995384823577,-1.93416775881521,0.573225755678888,0.922682789033507,-1.00021915876869,-0.276870122153843,-0.1555961886108,-0.0445734002443183,-0.741918245459386,0.0702277330491799,1.05837374204791,-1.01694293969422,-0.817177951821129,0.552265305433806,-0.113860786417039,-0.0382639442739243,0.205761381295462,0.59717573430355,-1.05239414298659,-1.53432688309958,0.533627184133976,1.81049060765444,-0.048236570436645,-0.0330109162638679,2.14340987250002,1.26121462193156,-1.47909877630812,-0.562776563038745,0.990111280309114,0.0286504053458163,0,-0.0930309953194633,2.20895771667237,1.47858362970634,1.36287885195866,1.27280760797249,0.238498311019326,-0.797595882078731,-0.0998707974396848,-0.0692112518235939,0.0739739549704533,-0.152854136441604,-0.75218129333123,1.16729496510292,-0.715937291873794,-0.767532904424768,-0.202993708003753,-0.0721480760967669,-0.303642030474405,-1.17332181098952,-2.5118039208,0.112658392690295,-0.816615584968009,-0.527680489439249,-0.177318504788345
"2410",0,-0.346763866306412,-0.0991117271652847,-0.641454071129054,0.330255952246136,1.15424052136502,-0.416428649433891,-0.135962069060475,-0.0247411626405223,2.62883071039675,0.999757862091843,0.821415400724128,0.290358455339444,1.29148053419773,-0.0480975708092236,-0.1555961886108,-0.0445734002443183,1.56230462096456,-0.43971084571426,-1.12999301782559,0.616574496719437,0.929255371307683,-0.574697546273115,-0.113860786417039,-0.0382639442739243,-0.759253601238671,-1.53139249135053,-1.2218689911233,0.597422715500455,1.03456347495617,-0.376647239159639,-0.014845341259091,-0.0330109162638679,-0.639535815693025,-1.2263086449194,-1.31813802712165,-0.597210859543606,1.1603029827845,1.17550008551579,0,-0.0930309953194633,-0.481588184154324,-0.984477210668762,-1.12171262543579,-1.26160056962335,-0.105362700324987,1.94515475532323,-0.0998707974396848,-0.0692112518235939,-0.410266899197836,1.07863107602188,0.0255710898531705,-0.270955308136054,1.14027554013895,0.853501300317375,-0.202993708003753,-0.0191459895266863,-0.303642030474405,0.027704841871553,0.704487594782526,0.904845870642121,0.558394746906768,-0.281918760399022,-0.177318504788345
"2411",0,-0.346763866306412,1.62051638384327,0.290919690251838,-2.32752578498407,-0.992685559626734,-0.416428649433891,-0.135962069060475,-0.0247411626405223,0.0129698342204877,0.999757862091843,1.06960504576937,-0.34196587835462,-1.40155863315559,-0.540830462877054,-0.1555961886108,-0.0445734002443183,1.85033247926755,1.09010489057606,0.89003783744226,0.779926240360802,-1.29347794903808,-0.574697546273115,-0.113860786417039,-0.0382639442739243,3.10080632889786,0.105967682229532,-0.205019902303017,0.530153365688954,-1.3031392155474,-0.650039470011399,-0.048236570436645,-0.0330109162638679,0.906545122192,-0.107343437741059,0.130508715556599,0.614423587210637,-1.56276425682162,-0.831486854781667,0,-0.0930309953194633,-0.481588184154324,-0.676594605621874,1.20759188462151,0.559619311155613,-1.48080674570224,-0.600443048174252,-0.0998707974396848,-0.158676188377263,0.0739739549704533,1.25455753494524,1.30592330268094,1.16729496510292,0.802782297954812,0.44824274913184,-0.202993708003753,-0.0191459895266863,-0.303642030474405,1.02856038592245,0.93422270303842,0.904845870642121,1.24589991284416,1.07296130175786,-0.177318504788345
"2412",0,-0.346763866306412,-0.743972268793493,-0.268410099513712,0.330255952246136,0.975330014615711,0.463522826674285,-0.135962069060475,-0.0247411626405223,-0.640995384823577,0.266276456865079,-0.171343179456834,-0.580997942894825,0.954850638278565,2.66193333556384,-0.1555961886108,-0.0445734002443183,0.122165329449593,1.09010489057606,-1.12999301782559,0.453222753078071,1.08477110899155,0.552265305433806,-0.562183761200786,-0.0286402707100998,-0.115910279549249,1.08838378637757,1.1507788827907,1.00657188464015,0.867584711348771,-0.650039470011399,-0.048236570436645,-0.0887427223330369,-0.639535815693025,-0.906604300011301,-0.835255779562232,-0.226433662967493,-0.201230637018563,-0.831486854781667,0,-0.156531117239472,-0.481588184154324,-0.984477210668762,-0.655851723424326,1.11440709687275,-1.48080674570224,-0.797595882078731,-0.0998707974396848,-0.0692112518235939,-0.410266899197836,-1.38433934890509,0.220009185649271,-0.520318765867068,-1.55967039733413,-0.767532904424768,-0.202993708003753,-0.0191459895266863,-0.303642030474405,-0.97315070217934,-0.128316877871658,-2.26390404116519,-1.1603681679367,-0.527680489439249,-0.177318504788345
"2413",0,-0.338384240736917,-0.314065241041354,0.990200011287507,0.994701386553687,1.86988254836228,4.27664588980972,7.57565408599685,-0.0247411626405223,-0.640995384823577,-1.38405670489514,-0.915912114592555,-0.489065395370069,-0.0550390494789284,3.15466622763167,8.65030702628152,-0.111531751188364,-0.741918245459386,-1.62956752949562,-1.12999301782559,-1.18029468333559,-0.34087795460418,3.36967243470111,2.19433177352249,-0.0382639442739243,-0.759253601238671,-1.53139249135053,-1.29678200021114,-1.37552071011585,1.20154223856357,0.17013722254388,-0.048236570436645,-0.0330109162638679,-0.639535815693025,-0.746752127557253,0.935312461488958,0.950766487281889,0.649727875358349,-0.831486854781667,0,-0.0930309953194633,-0.343770248402105,-0.676594605621874,0.923563747510128,1.11440709687275,0.582359322363638,-0.340470775845071,-0.0998707974396848,-0.0692112518235939,-0.410266899197836,-1.03248643105838,0.803323473037571,-0.707831402641512,-1.29430404564103,-0.767532904424768,-0.202993708003753,-0.0191459895266863,-0.303642030474405,0.42804705949191,0.0152822700148413,-2.26390404116519,-1.1603681679367,-0.527680489439249,-0.177318504788345
"2414",0,-0.346763866306412,-1.17387929654563,-2.50620159389084,0.994701386553687,0.438598494367772,-0.416428649433891,-0.135962069060475,-0.0247411626405223,-0.813219777413706,-1.93416775881521,-1.66048104972828,1.13345756693153,-0.0550390494789284,-0.540830462877054,-0.1555961886108,-0.0445734002443183,-0.741918245459386,-0.77966989822322,0.89003783744226,1.43333321492626,-0.658411286082146,-0.574697546273115,-0.113860786417039,-0.0382639442739243,1.81411968551902,1.08838378637757,1.1507788827907,1.00657188464015,-0.802202924725205,-0.650039470011399,-0.048236570436645,-0.0539306280597664,-0.639535815693025,-1.2263086449194,-0.0304520336298728,0.660172217089966,-0.711805744444711,-0.831486854781667,0,-0.0930309953194633,-0.481588184154324,-0.984477210668762,0.586444015272899,1.27280760797249,-0.4492237116693,-0.797595882078731,-0.0998707974396848,-0.0692112518235939,-0.410266899197836,-1.38433934890509,-0.75218129333123,1.16729496510292,0.465289055770677,-0.767532904424768,-0.202993708003753,-0.0912709356995593,-0.303642030474405,-1.17332181098952,-2.28206881254411,0.904845870642121,1.24589991284416,-0.281918760399022,-0.177318504788345
"2415",0,-0.346763866306412,0.545748814462924,0.757106570942284,-0.334189482061415,-0.992685559626734,-0.416428649433891,-0.136224618334506,-0.0247411626405223,0.33995244374252,0.999757862091843,0.524538235847552,0.922682789033507,-1.233243685196,-0.540830462877054,-0.1555961886108,-0.0445734002443183,1.85033247926755,0.58016631181262,-0.961657113219938,1.43333321492626,-1.13471128329909,-0.778387588568792,-0.113860786417039,-0.0382639442739243,1.49244802467431,-0.423148379033025,-1.2218689911233,1.00657188464015,-1.13616045194,-0.650039470011399,-0.048236570436645,-0.0330109162638679,-0.639535815693025,-1.2263086449194,-0.210009972028655,0.614423587210637,-1.56276425682162,-0.831486854781667,0,-0.0930309953194633,-0.481588184154324,-0.830535908145318,1.36287885195866,0.164004030274312,-1.13694573435793,0.116654330388589,-0.0998707974396848,-0.0692112518235939,-0.410266899197836,0.902704617098525,2.25014846162946,1.16729496510292,0.0755252052378595,2.47453550505952,-0.202993708003753,-0.0191459895266863,-0.303642030474405,1.02856038592245,0.93422270303842,-0.481482215773575,0.214642163938074,1.68417507192279,-0.177318504788345
"2416",0,-0.346763866306412,1.83546989771934,0.524013130597061,0.994701386553687,1.69097204161296,-0.416428649433891,-0.135962069060475,-0.0247411626405223,0.666935053264552,0.999757862091843,-0.204488139096891,0.290358455339444,-0.0550390494789284,-0.540830462877054,-0.1555961886108,-0.0445734002443183,0.986248904358571,0.617974553538112,-1.12999301782559,-1.18029468333559,-1.30596591340076,-0.574697546273115,-0.144135667392743,-0.0382639442739243,0.849104702984884,1.08838378637757,0.472879490243842,-0.899102191164647,-1.3031392155474,-0.650039470011399,-0.048236570436645,-0.0330109162638679,0.28811274703799,1.01162176943728,0.510324437822188,0.614423587210637,-1.56276425682162,-0.831486854781667,0,-0.0930309953194633,-0.481588184154324,-0.984477210668762,-1.12171262543579,0.63920556357353,0.582359322363638,-0.797595882078731,-0.0998707974396848,-0.0692112518235939,-0.410266899197836,0.374925240328461,-0.36330510173903,0.979782328328481,0.127795813586543,-0.767532904424768,-0.202993708003753,-0.0191459895266863,-0.303642030474405,1.82924482116316,0.93422270303842,-0.0853884767976621,-0.988491876452356,-0.763596208702347,-0.177318504788345
"2417",0,1.88237474806379,1.62051638384327,0.757106570942284,-1.44159853924067,-1.0548782445865,-0.416428649433891,-0.103199876775119,-0.0247411626405223,2.30184810087471,0.999757862091843,0.325036110633647,0.711908011135486,-1.40155863315559,-0.540830462877054,-0.1555961886108,0.151225624523817,1.27427676266156,-0.60969037196874,-0.793321208614283,1.43333321492626,-1.29347794903808,-0.574697546273115,-0.113860786417039,-0.0382639442739243,-0.759253601238671,-1.53139249135053,-0.255266860462786,1.00657188464015,-1.13616045194,-0.650039470011399,-0.048236570436645,-0.0539306280597664,-0.639535815693025,-1.2263086449194,0.291469464743071,0.278080687139385,-1.6866268346384,-0.831486854781667,0,-0.0930309953194633,-0.481588184154324,-0.214770698051542,1.36287885195866,-0.152796991925168,-1.48080674570224,-0.797595882078731,0.154690987480034,-0.0993199274000568,0.558214809138742,1.43048399386859,1.19219966462977,-0.145293492318181,0.29654243467861,1.46138912709568,1.02661939301677,-0.0191459895266863,1.76127335410647,1.82924482116316,0.93422270303842,0.904845870642121,1.58965249581285,2.17569853000325,0.697813577192196
"2418",0,-0.346763866306412,0.975655842215063,0.757106570942284,0.994701386553687,1.86988254836228,1.79715736999222,-0.135962069060475,-0.0247411626405223,-0.314012775301545,-0.100464245748303,-2.405049984864,-2.23893887943681,1.5350475554481,2.90829978159776,-0.1555961886108,-0.0445734002443183,-0.741918245459386,-1.62956752949562,-0.791234853756163,-0.476558380495729,1.08802203704667,1.35355367851133,-0.113860786417039,-0.0909846830221019,-0.759253601238671,-0.873023823585905,0.642354338380556,0.212541019721487,-1.13616045194,-0.650039470011399,-0.048236570436645,-0.0330109162638679,-0.639535815693025,-0.674411094562454,0.613390963116015,0.109909237103759,-1.56276425682162,-0.831486854781667,0,-0.0930309953194633,-0.481588184154324,-0.984477210668762,-0.34527778875002,1.11440709687275,-0.621154217341457,-0.797595882078731,-0.224155701619861,-0.0692112518235939,-0.410266899197836,-0.504707054288313,-1.14105748492343,0.41724441800515,0.29654243467861,-0.767532904424768,-0.202993708003753,-0.0191459895266863,-0.303642030474405,0.628218168302089,0.93422270303842,-0.283435346285619,-0.270954836148815,-0.527680489439249,-0.177318504788345
"2419",0,2.99694405524889,1.19060935609113,0.290919690251838,-0.777153104933116,-0.0283819422785329,-0.416428649433891,-0.135962069060475,-0.0247411626405223,0.33995244374252,0.082906105558388,-0.915912114592555,0.922682789033507,-0.223353997438511,-0.489826164822645,-0.1555961886108,-0.0445734002443183,-0.852505925859619,-1.62956752949562,-0.793321208614283,1.10662972764353,-0.34087795460418,-0.574697546273115,-0.113860786417039,-0.0382639442739243,-0.759253601238671,-0.385240369844486,0.516621845814994,1.00657188464015,0.533627184133976,-0.650039470011399,-0.048236570436645,-0.0330109162638679,-0.639535815693025,-0.427047782649156,0.452430213929543,0.109909237103759,1.1603029827845,1.46221250555829,0,-0.0930309953194633,-0.481588184154324,-0.984477210668762,-1.12171262543579,-0.311197503024907,1.27008134505226,0.80234198973908,-0.0998707974396848,-0.0692112518235939,0.558214809138742,0.726778158175171,0.126366450484132,1.16729496510292,-0.378444049689659,-0.767532904424768,-0.168341250546528,-0.0191459895266863,3.82618873868734,1.4289026035428,-0.214452838241053,-1.86781030218927,-1.1603681679367,-0.527680489439249,-0.177318504788345
"2420",0,-0.346763866306412,-0.743972268793493,-0.175267190438608,0.773219575117836,0.540652589500442,-0.416428649433891,-0.135962069060475,-0.0247411626405223,0.993917662786584,0.816387510785152,0.821415400724128,0.501133233237465,1.12316558623815,-0.540830462877054,-0.1555961886108,0.299695993745473,1.85033247926755,0.58016631181262,-0.310152912140766,1.43333321492626,-0.182111288865197,-0.574697546273115,-0.0883292265154701,0.0265627293381214,0.205761381295462,-1.04018443927651,-0.882919294849875,1.00657188464015,-0.635224161117807,-0.940466538994523,-0.048236570436645,-0.0330109162638679,-0.639535815693025,-1.2263086449194,-1.15717727793518,0.950766487281889,0.309344470407584,-0.831486854781667,0,-0.0930309953194633,-0.481588184154324,-0.984477210668762,-1.00798386800432,-0.152796991925168,1.27008134505226,0.57377943662225,-0.0998707974396848,-0.0692112518235939,-0.410266899197836,-1.38433934890509,-0.16886700594293,-0.332806129092624,0.971528919046879,0.567555752982299,-0.139327497201038,-0.0191459895266863,-0.303642030474405,-0.757358699882754,0.245017378270736,0.904845870642121,1.07402362135981,0.209604697681432,-0.177318504788345
"2421",0,-0.346763866306412,-1.17387929654563,-1.17013974612811,-0.334189482061415,-0.0981330258801679,-0.416428649433891,-0.0842347642245748,-0.0247411626405223,-0.640995384823577,-1.93416775881521,-2.90142927495448,1.13345756693153,-0.728298841317257,-0.540830462877054,-0.1555961886108,-0.0445734002443183,-0.741918245459386,-1.84258514485182,0.385030123625297,0.779926240360802,-0.658411286082146,0.270524592507076,-0.113860786417039,-0.0382639442739243,-0.759253601238671,-1.20392045663452,0.981304034653986,-0.698160590521271,0.533627184133976,1.53709837680268,-0.048236570436645,-0.0330109162638679,-0.639535815693025,1.01162176943728,-0.352373532002817,-1.73997671328813,0.819919577833732,0.315362825388311,0,-0.0930309953194633,1.5363212414657,1.30753179673958,0.275870080598593,1.11440709687275,1.09815083938011,-0.340470775845071,-0.0941051681451826,-0.0692112518235939,3.94790078831677,0.902704617098525,-0.36330510173903,-0.0278229096691506,-0.884683912965861,-0.767532904424768,-0.202993708003753,-0.0191459895266863,-0.303642030474405,-0.867200149767598,-1.5598243874563,-0.481482215773575,-0.472863001999315,-0.527680489439249,-0.177318504788345
"2422",0,-0.346763866306412,0.760702328338993,0.290919690251838,-0.348789644859618,-0.813775052877421,-0.416428649433891,-0.135962069060475,-0.0247411626405223,0.0129698342204877,0.999757862091843,-1.90867069477352,-0.170926381719324,0.786535690318983,-0.540830462877054,-0.1555961886108,-0.0445734002443183,0.122165329449593,-0.116198939345028,-0.961657113219938,0.616574496719437,0.929255371307683,-0.574697546273115,-0.113860786417039,-0.0382639442739243,-0.759253601238671,0.105967682229532,1.1507788827907,1.00657188464015,-0.635224161117807,-0.650039470011399,-0.049335153206293,-0.0330109162638679,-0.33031962811602,0.851769596983231,0.613390963116015,0.782595037246263,-0.0664598945161759,-0.544774434739172,0,-0.0930309953194633,1.20000300386236,1.01675972213601,-0.736865824200128,-0.627998525224387,1.27008134505226,0.34521688350542,-0.0998707974396848,-0.0692112518235939,3.46365993414848,0.726778158175171,-1.52993367651563,-0.895344039415955,1.14027554013895,0.0429841979463036,-0.202993708003753,-0.0191459895266863,0.728815661816031,0.42804705949191,0.93422270303842,0.904845870642121,0.730271038391115,-0.281918760399022,-0.177318504788345
"2423",0,-0.346763866306412,0.545748814462924,0.757106570942284,-0.112707670625565,-0.992685559626734,-0.416428649433891,-0.135962069060475,-0.0247411626405223,0.33995244374252,0.816387510785152,0.325036110633647,1.13345756693153,-0.89661378927684,-0.847012821012246,-0.1555961886108,-0.0445734002443183,1.56230462096456,1.09010489057606,-0.119977590191666,1.2699814712849,0.7704887055687,-0.574697546273115,-0.113860786417039,-0.0382639442739243,0.527433042140173,0.924647769019562,0.939604609773529,1.00657188464015,1.20154223856357,0.0200603341866058,-0.048236570436645,-0.0330109162638679,-0.639535815693025,-0.906604300011301,-0.835255779562232,-0.899119463109996,1.1603029827845,0.425855477856598,0,-0.0930309953194633,-0.590579825438684,-1.39130612074814,-1.12171262543579,-1.10320005852361,1.27008134505226,0.34521688350542,-0.0998707974396848,-0.0692112518235939,-0.410266899197836,-1.38433934890509,-1.91880986810783,-1.0828566761904,1.14027554013895,0.245613473539072,-0.407928555566669,-0.0912709356995593,-0.303642030474405,0.213546560142562,0.93422270303842,0.904845870642121,0.558394746906768,-0.527680489439249,-0.177318504788345
"2424",0,-0.346763866306412,-0.529018754917424,0.524013130597061,0.330255952246136,-0.455954039378794,-0.416428649433891,-0.303005521310052,-0.0247411626405223,-0.640995384823577,0.266276456865079,-0.419532824502074,-0.763515434150662,0.618220742359401,0.427803786157651,-0.1555961886108,-0.0445734002443183,0.122165329449593,0.92012536432158,-0.961657113219938,-1.18029468333559,1.08802203704667,1.397487444214,-0.113860786417039,-0.0382639442739243,0.849104702984884,0.433439716945544,-1.56081868739673,-1.32048780483253,0.534927934079456,0.716921684247398,-0.151121554256339,-0.0330109162638679,1.21576130976901,0.691917424529183,-1.47909877630812,-1.73997671328813,-0.0310389345431809,0.315362825388311,0,0.0339652347036955,0.863684766259023,1.01675972213601,-1.03200236147246,-1.26160056962335,0.238498311019326,0.116654330388589,-0.0998707974396848,-0.0692112518235939,0.455631984102088,1.07863107602188,-0.75218129333123,-0.895344039415955,0.802782297954812,-0.362274353239232,-0.202993708003753,-0.0191459895266863,-0.303642030474405,-0.572808484558983,0.245017378270736,0.310705262178251,-0.129110419030621,-0.527680489439249,-0.177318504788345
"2425",0,-0.346763866306412,0.115841786710785,0.524013130597061,0.535015009528743,-0.0981330258801679,-0.416428649433891,-0.135962069060475,-0.0247411626405223,0.33995244374252,0.999757862091843,-0.419532824502074,0.711908011135486,0.954850638278565,-0.540830462877054,-0.1555961886108,-0.0445734002443183,0.122165329449593,-0.60969037196874,-0.245238824986764,0.943277984002168,0.135422042612768,-0.574697546273115,-0.113860786417039,-0.0382639442739243,-0.759253601238671,-1.20392045663452,0.981304034653986,1.00657188464015,0.533627184133976,-0.650039470011399,-0.048236570436645,-0.0330109162638679,-0.639535815693025,-0.906604300011301,0.452430213929543,0.614423587210637,1.1603029827845,-0.258062014696678,0,-0.0930309953194633,-0.481588184154324,-0.984477210668762,-0.538656438279982,-1.10320005852361,1.27008134505226,0.80234198973908,-0.0998707974396848,-0.0692112518235939,-0.410266899197836,-0.328780595364958,0.608885377241471,0.0422191444562627,0.971528919046879,-0.159645077646464,-0.202993708003753,-0.0191459895266863,-0.303642030474405,0.828389277112268,0.93422270303842,0.310705262178251,-0.300986710514968,-0.701225287712564,0.133110175130368
"2426",0,-0.346763866306412,0.545748814462924,0.524013130597061,0.330255952246136,-0.813775052877421,-0.583936539558345,-0.135962069060475,-0.0247411626405223,0.33995244374252,0.999757862091843,1.06960504576937,1.13345756693153,-0.228865711149837,-0.540830462877054,-0.1555961886108,-0.0445734002443183,0.410193187752585,0.537004507812706,-0.355158612020688,0.616574496719437,-0.0233446231262145,-0.574697546273115,-0.113860786417039,-0.0382639442739243,-0.311026232372677,-0.876448421918504,-1.56081868739673,0.847765711656421,-0.635224161117807,-0.650039470011399,-0.048236570436645,-0.0330109162638679,-0.639535815693025,-1.2263086449194,-0.996216528748704,0.782595037246263,-1.39257255434624,-0.831486854781667,0,-0.0930309953194633,-0.481588184154324,0.0845454290542536,1.05230491728436,1.11440709687275,-0.621154217341457,-0.340470775845071,-0.0998707974396848,-0.0692112518235939,-0.0894416081488768,1.43048399386859,1.19219966462977,1.16729496510292,1.14027554013895,2.27190622946675,-0.202993708003753,-0.0191459895266863,-0.303642030474405,0.027704841871553,-1.82259859603232,-1.07562282423745,0.386518455422421,2.17569853000325,-0.177318504788345
"2427",0,-0.346763866306412,0.330795300586854,0.757106570942284,-1.88456216211237,-1.25612020289117,-0.416428649433891,-0.135962069060475,-0.0247411626405223,-0.640995384823577,0.816387510785152,-1.41229140468304,-2.23893887943681,-1.40155863315559,-0.540830462877054,-0.1555961886108,-0.0445734002443183,0.986248904358571,0.58016631181262,-0.90386472868435,-1.18029468333559,-1.29347794903808,-0.574697546273115,-0.113860786417039,-0.0382639442739243,1.49244802467431,0.59717573430355,-1.56081868739673,-1.53432688309958,-1.3031392155474,-0.650039470011399,-0.048236570436645,-0.0330109162638679,1.83419368492302,0.532065252075134,-0.352373532002817,-0.542113227019736,-0.414591353720741,0.377381881030293,0,-0.0930309953194633,0.776811979707612,1.47858362970634,1.20759188462151,-0.469598014124647,-0.793084723013613,1.7165922022064,-0.0998707974396848,-0.0692112518235939,-0.410266899197836,1.43048399386859,-0.75218129333123,-1.37401931856296,-0.378444049689659,1.46138912709568,-0.202993708003753,-0.0191459895266863,-0.303642030474405,0.42804705949191,0.0152822700148413,0.301125569817243,0.558394746906768,0.347021991969606,-0.177318504788345
"2428",0,1.88237474806379,2.05042341159541,0.0678665670182683,0.00906339063970306,1.15424052136502,1.63679146148519,-0.135962069060475,-0.0247411626405223,-0.640995384823577,0.266276456865079,1.06960504576937,0.711908011135486,0.954850638278565,1.67646755142818,-0.1555961886108,-0.0445734002443183,-0.741918245459386,0.0702277330491799,0.553366028230951,-1.18029468333559,-1.29347794903808,-0.574697546273115,-0.113860786417039,-0.0382639442739243,-0.759253601238671,-0.22150435248648,0.642354338380556,-1.05790836414838,-1.3031392155474,-0.650039470011399,-0.048236570436645,-0.0330109162638679,-0.639535815693025,-1.2263086449194,-0.352373532002817,0.782595037246263,-0.881997446920094,-0.831486854781667,0,-0.0930309953194633,-0.481588184154324,-0.984477210668762,-1.12171262543579,0.322404541374051,0.410428816691482,-0.797595882078731,-0.00501648313869423,-0.0692112518235939,0.558214809138742,-0.152854136441604,-0.16886700594293,0.792269691554037,-1.05343053405793,-0.767532904424768,-0.202993708003753,-0.0120900221164873,3.82618873868734,1.82924482116316,-0.214452838241053,-2.06585717167723,-1.1603681679367,-0.527680489439249,-0.177318504788345
"2429",0,-0.346763866306412,0.115841786710785,-0.175267190438608,-0.998634916368966,-0.634864546128108,-0.416428649433891,-0.135962069060475,-0.0247411626405223,-0.640995384823577,0.816387510785152,1.06960504576937,0.922682789033507,0.618220742359401,-0.540830462877054,-0.1555961886108,-0.0445734002443183,0.122165329449593,1.09010489057606,0.0483583144139882,-1.18029468333559,0.294188708351751,0.270524592507076,-0.113860786417039,-0.0382639442739243,0.527433042140173,-0.22150435248648,-1.56081868739673,-1.96450677118785,-0.969181688332602,1.53709837680268,-0.048236570436645,-0.0330109162638679,1.83419368492302,-0.427047782649156,-1.47909877630812,-1.73997671328813,-0.711805744444711,1.46221250555829,0,-0.0930309953194633,1.20000300386236,0.0931119069953467,-1.12171262543579,-1.26160056962335,0.582359322363638,0.34521688350542,-0.0998707974396848,-0.0692112518235939,-0.410266899197836,1.07863107602188,0.129768445648146,0.604757054779594,0.634035676862745,-0.564903628832,-0.202993708003753,-0.0191459895266863,-0.289932684241105,0.227875950681732,0.93422270303842,-0.0853884767976621,-1.1603681679367,-0.527680489439249,-0.177318504788345
"2430",0,-0.346763866306412,-1.17387929654563,0.0188478326156525,-0.777153104933116,-0.992685559626734,-0.416428649433891,-0.135962069060475,-0.064995348517452,-0.640995384823577,-1.93416775881521,1.06960504576937,-0.552740656252641,-1.35800932018797,-0.540830462877054,-0.1555961886108,-0.111531751188364,-0.741918245459386,0.0702277330491799,1.56338145586488,-0.690239452411488,-1.39572969113853,-0.574697546273115,-0.113860786417039,-0.0382639442739243,1.49244802467431,1.08838378637757,0.472879490243842,-0.39439718162636,-0.635224161117807,-0.650039470011399,-0.048236570436645,-0.0330109162638679,1.83419368492302,1.33132611434538,1.09627321067543,0.950766487281889,1.1603029827845,1.74892492560078,0,-0.0930309953194633,-0.145269946550987,0.400994512042235,1.20759188462151,1.27280760797249,0.238498311019326,0.169793819068923,-0.0998707974396848,-0.0692112518235939,-0.668028898299782,-1.12577535023149,0.414447281445371,0.604757054779594,-1.55967039733413,-0.767532904424768,-0.202993708003753,-0.0191459895266863,-0.303642030474405,-1.11706901402942,0.474752486526631,0.112658392690295,-1.1603681679367,-0.527680489439249,-0.177318504788345
"2431",0,-0.346763866306412,-0.314065241041354,0.757106570942284,0.330255952246136,-0.992685559626734,-0.416428649433891,-0.135962069060475,-0.0247411626405223,-0.314012775301545,0.816387510785152,-0.667722469547314,-0.34196587835462,0.113275898480654,-0.294464016843139,-0.1555961886108,-0.0445734002443183,0.410193187752585,1.09010489057606,-0.119977590191666,0.943277984002168,1.08880981370371,0.552265305433806,-0.113860786417039,-0.0382639442739243,-0.759253601238671,-0.22150435248648,-0.0355450541663019,-0.58148984519718,1.36852100217096,0.443529453395639,-0.048236570436645,-0.0539306280597664,-0.639535815693025,-1.2263086449194,-1.47909877630812,-1.73997671328813,1.1603029827845,0.315362825388311,0,-0.0930309953194633,-0.481588184154324,-0.984477210668762,-1.39750735175281,-0.774582931201119,1.27008134505226,0.34521688350542,-0.0998707974396848,-0.0692112518235939,-0.410266899197836,-1.03248643105838,-0.36330510173903,0.232844018823876,1.14027554013895,0.0429841979463036,-0.202993708003753,-0.0191459895266863,-0.475799106013758,-0.572808484558983,0.704487594782526,0.632244052786125,0.0427658724537265,-0.281918760399022,-0.177318504788345
"2432",0,-0.346763866306412,-0.00323587285492148,-0.874547511474277,-2.54900759641992,-0.992685559626734,-0.416428649433891,-0.135962069060475,-0.0247411626405223,-0.640995384823577,0.082906105558388,0.573225755678888,-0.97108172166137,-1.40896394629791,-0.540830462877054,-0.1555961886108,-0.0445734002443183,-0.741918245459386,0.58016631181262,0.0483583144139882,-1.18029468333559,-1.29347794903808,-0.574697546273115,-0.113860786417039,-0.0382639442739243,-0.759253601238671,1.08838378637757,-0.374494750439731,-1.53432688309958,-1.3031392155474,-0.650039470011399,-0.048236570436645,-0.0330109162638679,-0.639535815693025,1.33132611434538,-0.0304520336298728,-0.73094801307437,-1.56276425682162,-0.831486854781667,0,-0.0930309953194633,0.863684766259023,1.47858362970634,1.36287885195866,1.27280760797249,0.926220333707951,-0.340470775845071,-0.0998707974396848,-0.0692112518235939,0.558214809138742,1.07863107602188,0.803323473037571,-0.332806129092624,1.14027554013895,1.05613057591014,-0.202993708003753,-0.0191459895266863,-0.303642030474405,0.027704841871553,0.704487594782526,0.895255180988536,1.58965249581285,0.946889884802112,-0.177318504788345
"2433",0,0.767805440878689,0.975655842215063,0.926999768397278,-1.66308035067652,-0.992685559626734,-0.416428649433891,-0.135962069060475,-0.0247411626405223,2.30184810087471,0.44964680817177,-0.915912114592555,0.711908011135486,-1.06492873723642,-0.540830462877054,-0.1555961886108,-0.0445734002443183,0.698221046055578,0.0702277330491799,-1.12999301782559,1.10662972764353,-0.169666543561065,-0.440781326532234,-0.113860786417039,-0.0382639442739243,-0.0075736594620939,-1.20392045663452,-1.56081868739673,0.476909284170741,-0.155302306895671,-0.650039470011399,-0.048236570436645,-0.0330109162638679,-0.639535815693025,-1.2263086449194,-1.47909877630812,0.446252137175011,-0.881997446920094,-0.831486854781667,0,-0.0930309953194633,-0.481588184154324,-0.984477210668762,-0.966425658098632,1.11440709687275,-0.96501522868577,-0.797595882078731,-0.443571713105009,-0.0692112518235939,-0.410266899197836,-0.328780595364958,0.997761568833671,0.229731781230706,-0.884683912965861,-0.362274353239232,-0.202993708003753,-0.0191459895266863,-0.303642030474405,1.22873149473262,0.93422270303842,-0.13478032834828,1.58965249581285,3.15874544616415,-0.177318504788345
"2434",0,-0.346763866306412,-0.958925782669563,-0.641454071129054,0.994701386553687,1.86988254836228,4.27664588980972,7.28310247549322,-0.0525224841811277,-0.725407441829761,-0.650575299668376,0.821415400724128,-0.34196587835462,0.618220742359401,2.66193333556384,0.822837501932791,-0.0445734002443183,-0.741918245459386,-1.62956752949562,-0.654421184633716,-1.18029468333559,0.929255371307683,1.11574673128727,-0.113860786417039,-0.0382639442739243,-0.969047553836615,-1.53139249135053,-1.56081868739673,-0.249209561232171,1.20154223856357,-0.376647239159639,-0.048236570436645,-0.0330109162638679,-0.639535815693025,0.851769596983231,1.09627321067543,0.950766487281889,1.1603029827845,1.46221250555829,0,-0.0930309953194633,-0.145269946550987,0.400994512042235,0.12058311326144,0.95600658577301,-0.621154217341457,-0.797595882078731,-0.0998707974396848,-0.0692112518235939,-0.410266899197836,-1.38433934890509,-0.55774319753513,0.604757054779594,-1.55967039733413,-0.767532904424768,-0.202993708003753,-0.0191459895266863,-0.303642030474405,-1.17332181098952,0.474752486526631,-1.07562282423745,-1.1603681679367,-0.527680489439249,-0.177318504788345
"2435",0,-0.346763866306412,-0.958925782669563,0.524013130597061,-0.112707670625565,-0.992685559626734,-0.416428649433891,-0.135962069060475,-0.0247411626405223,-0.640995384823577,0.266276456865079,0.325036110633647,-2.02816410153879,-1.40155863315559,-0.540830462877054,-0.1555961886108,-0.0445734002443183,0.698221046055578,1.09010489057606,-0.624985304008629,-1.18029468333559,-0.182111288865197,3.65141314762784,2.19433177352249,-0.0382639442739243,1.17077636382959,1.08838378637757,0.303404642107127,0.37134719270522,1.36852100217096,2.0838828385062,-0.048236570436645,-0.0330109162638679,-0.639535815693025,0.532065252075134,0.774351712302486,0.950766487281889,0.309344470407584,-0.831486854781667,0,-0.0930309953194633,-0.481588184154324,-0.46717483153491,0.88682345596864,1.11440709687275,-1.13694573435793,-0.797595882078731,-0.339334179043168,-0.0692112518235939,-0.410266899197836,-1.38433934890509,0.997761568833671,0.41724441800515,-1.55967039733413,-0.767532904424768,-0.202993708003753,-0.0191459895266863,-0.303642030474405,-0.97315070217934,0.704487594782526,-0.877575954749489,-1.1603681679367,-0.527680489439249,-0.177318504788345
"2436",0,-0.346763866306412,-1.17387929654563,-2.50620159389084,0.773219575117836,-0.634864546128108,-0.416428649433891,-0.135962069060475,-0.0247411626405223,-0.640995384823577,-1.93416775881521,-0.915912114592555,1.13345756693153,-1.40155863315559,-0.540830462877054,-0.0457020225693821,-0.111531751188364,-0.741918245459386,-1.28960847698666,1.56338145586488,-0.200184221487392,-0.34087795460418,1.11574673128727,-0.113860786417039,-0.0382639442739243,-0.759253601238671,0.269703699587538,0.642354338380556,-1.21671453713211,1.03456347495617,1.81049060765444,-0.048236570436645,-0.0330109162638679,2.26025838871289,1.33132611434538,-0.0304520336298728,-0.0582622129318667,1.1603029827845,2.03563734564328,0,-0.0930309953194633,4.56318537989573,1.73302306600112,1.12307097411201,1.27280760797249,0.971999256072843,0.34521688350542,-0.0998707974396848,-0.0692112518235939,0.558214809138742,-0.680633513211668,-0.961385488239922,0.917317883077288,-0.0409508075055244,-0.218634980550846,-0.202993708003753,-0.0191459895266863,-0.303642030474405,-1.17332181098952,-2.28206881254411,0.904845870642121,0.386518455422421,-0.233332815680428,-0.177318504788345
"2437",0,-0.346763866306412,-0.0991117271652847,0.216860299453158,-0.777153104933116,-0.813775052877421,-0.416428649433891,-0.135962069060475,-0.0247411626405223,-0.640995384823577,0.816387510785152,1.06960504576937,1.13345756693153,-0.0550390494789284,-0.540830462877054,-0.1555961886108,-0.0445734002443183,-0.741918245459386,0.92012536432158,1.56338145586488,1.43333321492626,-0.34087795460418,-0.574697546273115,-0.113860786417039,-0.0598124768661009,-0.43758194039396,0.760911751661556,1.1507788827907,1.00657188464015,-0.275416785109066,-0.650039470011399,-0.048236570436645,-0.0330109162638679,-0.0211034405390152,1.17147394189133,1.09627321067543,0.950766487281889,-0.0310389345431809,-0.831486854781667,0,-0.0930309953194633,-0.481588184154324,0.64810600522315,1.36287885195866,0.954380570581024,0.926220333707951,-0.569033328961901,-0.0998707974396848,-0.0692112518235939,-0.410266899197836,0.0230723224817513,1.19219966462977,1.16729496510292,0.971528919046879,-0.767532904424768,-0.202993708003753,-0.0191459895266863,-0.303642030474405,-0.372637375748804,0.0152822700148413,-0.283435346285619,-0.472863001999315,-0.527680489439249,-0.177318504788345
"2438",0,-0.208944448520658,0.545748814462924,-2.27310815354561,-2.54900759641992,-0.992685559626734,-0.416428649433891,-0.135962069060475,-0.0247411626405223,-0.640995384823577,0.266276456865079,-1.41229140468304,-2.23893887943681,-1.40155863315559,-0.540830462877054,-0.172826157971312,-0.0364582152705978,-0.1658625288534,1.09010489057606,-0.456649399402975,-1.18029468333559,-1.29347794903808,-0.574697546273115,-0.113860786417039,-0.0382639442739243,-0.759253601238671,1.08838378637757,-0.205019902303017,-1.53432688309958,-1.3031392155474,-0.650039470011399,-0.048236570436645,-0.0330109162638679,0.597328934614995,1.33132611434538,0.774351712302486,0.109909237103759,-0.541614041969328,-0.831486854781667,0,-0.0930309953194633,0.19104829105235,1.47858362970634,0.967476649211572,1.27280760797249,1.27008134505226,1.25946709597274,-0.0998707974396848,-0.0692112518235939,-0.410266899197836,1.25455753494524,1.19219966462977,-0.707831402641512,1.14027554013895,1.66401840268845,-0.202993708003753,-0.0191459895266863,-0.303642030474405,0.227875950681732,0.704487594782526,0.904845870642121,1.3362730026618,0.209604697681432,-0.177318504788345
"2439",0,-0.481505068181779,0.545748814462924,0.990200011287507,0.994701386553687,1.69097204161296,-0.123111490731166,-0.135962069060475,-0.0247411626405223,-0.640995384823577,0.999757862091843,0.810019925641916,0.711908011135486,0.449905794399818,-0.540830462877054,-0.1555961886108,-0.0445734002443183,0.410193187752585,1.09010489057606,1.56338145586488,0.943277984002168,-0.658411286082146,-0.574697546273115,-0.113860786417039,-0.0382639442739243,0.205761381295462,0.760911751661556,0.472879490243842,0.688959538672687,1.20154223856357,-0.376647239159639,-0.048236570436645,-0.0539306280597664,-0.639535815693025,-1.2263086449194,-1.16205996321758,-0.935772761613423,0.990111280309114,0.8887876654733,0,-0.0930309953194633,-0.481588184154324,-0.984477210668762,-1.12171262543579,-1.10320005852361,0.773704479297798,0.80234198973908,-0.0998707974396848,-0.302724500847919,-0.410266899197836,1.25455753494524,0.414447281445371,0.529310680897536,0.634035676862745,-0.0885029253377331,-0.202993708003753,-0.0191459895266863,-0.303642030474405,1.02856038592245,0.93422270303842,0.310705262178251,-0.816615584968009,-0.527680489439249,-0.177318504788345
"2440",0,-0.346763866306412,-1.17387929654563,-2.27310815354561,0.773219575117836,1.69097204161296,0.17020566797156,-0.135962069060475,-0.0247411626405223,-0.640995384823577,-1.75079740750852,0.325036110633647,1.13345756693153,0.954850638278565,0.115261204883594,-0.1555961886108,-0.0445734002443183,-0.741918245459386,-0.26973131945978,1.56338145586488,1.43333321492626,0.294188708351751,-0.574697546273115,-0.113860786417039,-0.0382639442739243,1.49244802467431,1.08838378637757,1.66226090446896,1.00657188464015,-0.301266633903012,-0.586090395540575,-0.048236570436645,-0.0330109162638679,-0.33031962811602,-1.2263086449194,0.774351712302486,0.782595037246263,-1.39257255434624,-0.831486854781667,0,-0.0930309953194633,-0.481588184154324,-0.984477210668762,1.05230491728436,1.11440709687275,-1.48080674570224,-0.797595882078731,-0.0998707974396848,-0.0692112518235939,-0.410266899197836,-1.38433934890509,0.0255710898531705,1.12617599354353,-0.884683912965861,-0.767532904424768,-0.202993708003753,-0.0191459895266863,-0.303642030474405,-1.17332181098952,-1.36312837952053,0.904845870642121,0.386518455422421,-0.527680489439249,-0.177318504788345
"2441",0,-0.538025335115453,-0.529018754917424,0.757106570942284,0.773219575117836,1.15424052136502,3.38443029277955,3.57357020321637,-0.0247411626405223,-0.640995384823577,-0.283834597054994,-0.419532824502074,-1.81738932364077,0.113275898480654,3.15466622763167,1.80127119247638,-0.0445734002443183,-0.741918245459386,-0.43971084571426,-0.793321208614283,-0.853591196052854,0.929255371307683,-0.0112161204196545,-0.113860786417039,-0.0382639442739243,-0.759253601238671,-1.04018443927651,-0.882919294849875,0.212541019721487,0.366648420526578,-0.650039470011399,-0.048236570436645,-0.0330109162638679,-0.639535815693025,0.851769596983231,1.09627321067543,0.950766487281889,1.1603029827845,0.145039091901014,0,-0.0930309953194633,-0.481588184154324,-0.984477210668762,0.431157047935746,0.164004030274312,-1.48080674570224,-0.797595882078731,-0.0998707974396848,-0.0692112518235939,-0.410266899197836,-1.03248643105838,1.19219966462977,-1.27036931296484,-1.55967039733413,-0.767532904424768,-0.202993708003753,-0.0191459895266863,-0.303642030474405,0.227875950681732,0.245017378270736,-2.26390404116519,-1.1603681679367,-0.527680489439249,-0.177318504788345
"2442",0,0.767805440878689,0.975655842215063,0.990200011287507,0.994701386553687,0.438598494367772,-0.416428649433891,-0.135962069060475,-0.0247411626405223,1.97486549135268,0.44964680817177,-1.41229140468304,0.711908011135486,-0.269127015298429,-0.609521800191304,-0.1555961886108,-0.0445734002443183,-0.453890387156393,-1.45958800324114,0.553366028230951,1.2699814712849,-0.975944617560112,-0.574697546273115,-0.113860786417039,-0.0382639442739243,-0.759253601238671,-1.04018443927651,0.800791183681092,0.847765711656421,0.032690893311783,-0.650039470011399,-0.048236570436645,-0.0330109162638679,-0.639535815693025,-1.2263086449194,-1.15717727793518,-0.562776563038745,0.990111280309114,0.746862550046476,0,-0.106919038594972,-0.481588184154324,-0.984477210668762,-1.12171262543579,-1.23237487603953,-0.105362700324987,1.94515475532323,-0.0998707974396848,-0.0692112518235939,-0.294066734332939,-1.03248643105838,-1.72437177231173,-1.45788194973929,0.333012743114643,1.25875985150291,-0.202993708003753,-0.0191459895266863,-0.303642030474405,1.02856038592245,0.93422270303842,0.904845870642121,0.730271038391115,-0.281918760399022,-0.177318504788345
"2443",0,-0.346763866306412,-0.314065241041354,0.757106570942284,0.108774140810285,-0.455954039378794,-0.416428649433891,-0.135962069060475,0.0344703379829887,0.33995244374252,0.500006211386041,1.06960504576937,1.13345756693153,0.786535690318983,-0.540830462877054,-0.1555961886108,-0.0445734002443183,0.698221046055578,1.09010489057606,1.56338145586488,1.43333321492626,0.7704887055687,-0.574697546273115,-0.113860786417039,-0.0382639442739243,-0.0136122137099879,-1.20392045663452,-1.2218689911233,-0.422683672213447,1.36852100217096,-0.376647239159639,-0.048236570436645,-0.0330109162638679,-0.639535815693025,-1.11790414026207,-1.47909877630812,-0.562776563038745,1.1603029827845,0.0286504053458163,0,-0.0930309953194633,-0.481588184154324,-1.05096729758634,-0.966425658098632,1.11440709687275,0.754289828035795,-0.797595882078731,-0.0998707974396848,-0.0692112518235939,-0.410266899197836,-1.03248643105838,0.608885377241471,1.16729496510292,-0.0847258459982802,-0.767532904424768,-0.202993708003753,-0.0191459895266863,-0.303642030474405,0.027704841871553,0.459469927251665,-1.2736696937254,-1.1603681679367,-0.527680489439249,-0.177318504788345
"2444",0,-0.346763866306412,-0.743972268793493,0.524013130597061,0.994701386553687,0.259687987618459,-0.416428649433891,-0.135962069060475,-0.0247411626405223,-0.640995384823577,-0.467204948361685,1.06960504576937,-0.552740656252641,1.29148053419773,-0.0480975708092236,-0.1555961886108,-0.0445734002443183,-0.741918245459386,-0.738850957771735,1.56338145586488,0.943277984002168,1.24678870278565,1.11574673128727,-0.113860786417039,-0.0382639442739243,-0.759253601238671,-1.53139249135053,0.981304034653986,1.00657188464015,0.19966965691918,-0.650039470011399,-0.284394119594341,-0.0330109162638679,-0.639535815693025,-0.427047782649156,1.09627321067543,0.950766487281889,-0.541614041969328,-0.831486854781667,0,-0.0930309953194633,-0.145269946550987,1.3246423271829,0.12058311326144,0.164004030274312,0.582359322363638,-0.797595882078731,-0.0998707974396848,-0.0692112518235939,-0.0117191369473959,1.43048399386859,0.220009185649271,-0.145293492318181,1.14027554013895,-0.362274353239232,-0.291109240444516,-0.0191459895266863,-0.303642030474405,-0.572808484558983,0.0152822700148413,0.310705262178251,0.730271038391115,-0.527680489439249,-0.177318504788345
"2445",0,-0.346763866306412,-0.958925782669563,-0.17790237691703,0.330255952246136,0.975330014615711,1.50925508836549,-0.135962069060475,-0.0247411626405223,-0.640995384823577,0.44964680817177,-0.574848594436551,-0.552740656252641,0.281590846440236,2.41556688952993,-0.1555961886108,-0.0445734002443183,0.698221046055578,0.58016631181262,-0.961657113219938,0.12651926579534,1.08802203704667,2.24270958299419,-0.113860786417039,-0.0382639442739243,0.715620945801595,1.08838378637757,1.1507788827907,0.847765711656421,1.36852100217096,0.990313915099158,-0.048236570436645,-0.0330109162638679,-0.639535815693025,-0.427047782649156,-0.67429503037576,-0.899119463109996,0.819919577833732,-0.831486854781667,0,-0.0930309953194633,-0.481588184154324,-0.984477210668762,-0.966425658098632,0.63920556357353,-0.277293205997144,-0.823187956647853,-0.0998707974396848,-0.0692112518235939,-0.410266899197836,-1.38433934890509,-0.36330510173903,0.979782328328481,-1.55967039733413,-0.767532904424768,-0.202993708003753,-0.0191459895266863,-0.303642030474405,-1.17332181098952,0.704487594782526,-0.877575954749489,-1.1603681679367,-0.527680489439249,-0.177318504788345
"2446",0,-0.346763866306412,-1.17387929654563,-0.408360630783831,-1.01553178610713,-0.992685559626734,-0.416428649433891,-0.135962069060475,-0.064995348517452,-0.640995384823577,-0.833945650975067,0.573225755678888,-1.81738932364077,-1.40155863315559,-0.540830462877054,-0.1555961886108,-0.0445734002443183,-0.741918245459386,0.41018678555814,0.0483583144139882,-1.18029468333559,-1.29347794903808,-0.574697546273115,-0.113860786417039,-0.0382639442739243,0.527433042140173,1.08838378637757,0.12213932541378,-0.422683672213447,-1.13616045194,-0.650039470011399,-0.048236570436645,-0.0330109162638679,0.28811274703799,1.33132611434538,0.935312461488958,0.446252137175011,0.649727875358349,0.0286504053458163,0,-0.0930309953194633,-0.481588184154324,0.545376238471223,-0.811138690761479,-1.26160056962335,-0.105362700324987,1.7165922022064,-0.0998707974396848,-0.0692112518235939,-0.410266899197836,0.198998781405106,-0.16886700594293,-1.64539458651373,0.340377886223218,2.06927695387398,-0.202993708003753,-0.0191459895266863,-0.303642030474405,-0.97315070217934,-0.444187946496948,0.904845870642121,1.58965249581285,1.43841334288257,-0.177318504788345
"2447",0,-0.346763866306412,0.975655842215063,0.290919690251838,0.994701386553687,1.86988254836228,3.10337725499881,0.511552003711329,-0.0247411626405223,-0.387032964711937,-0.833945650975067,0.0768464655884069,-0.552740656252641,0.786535690318983,2.16920044349601,-0.1555961886108,-0.0445734002443183,-0.741918245459386,-1.62956752949562,-1.12999301782559,-0.853591196052854,1.24678870278565,0.834006018360537,-0.113860786417039,-0.0382639442739243,-0.523487177389037,-0.548976387202492,-0.205019902303017,0.28878885593922,1.36852100217096,2.90405953106147,-0.048236570436645,-0.0330109162638679,-0.639535815693025,1.17147394189133,1.21999303461778,0.782595037246263,-0.0310389345431809,-0.544774434739172,0,-0.0930309953194633,-0.481588184154324,-0.984477210668762,0.897017949947205,-0.311197503024907,-1.48080674570224,-0.797595882078731,-0.0998707974396848,-0.0692112518235939,-0.410266899197836,-0.328780595364958,0.803323473037571,-1.64539458651373,-1.55967039733413,-0.767532904424768,-0.202993708003753,-0.0191459895266863,-0.303642030474405,1.62907371235298,-0.673923054752843,-2.26390404116519,-1.1603681679367,-0.390817107888791,-0.177318504788345
"2448",0,-0.346763866306412,-0.352200076655169,-0.408360630783831,-2.54900759641992,-0.992685559626734,-0.416428649433891,-0.135962069060475,-0.0247411626405223,-0.640995384823577,-1.56742705620183,0.821415400724128,-1.81738932364077,-1.40155863315559,-0.540830462877054,-0.1555961886108,-0.0445734002443183,-0.741918245459386,-1.28960847698666,1.56338145586488,-0.526887708770123,-1.29347794903808,-0.574697546273115,-0.113860786417039,-0.0382639442739243,-0.759253601238671,-0.385240369844486,1.1507788827907,-0.10507132624598,-1.3031392155474,-0.650039470011399,-0.048236570436645,-0.0330109162638679,-0.639535815693025,1.01162176943728,0.774351712302486,0.614423587210637,-1.56276425682162,-0.831486854781667,0,-0.0930309953194633,-0.591332709261618,-0.52265330309843,-0.655851723424326,1.27280760797249,-0.96501522868577,-0.797595882078731,-0.0998707974396848,-0.0692112518235939,-0.410266899197836,-1.20841288998173,-0.55774319753513,0.792269691554037,-0.227162372814229,0.0429841979463036,-0.202993708003753,-0.0191459895266863,-0.0958442816737438,-0.372637375748804,0.474752486526631,0.904845870642121,1.07402362135981,2.91298371712393,6.82373815105598
"2449",0,-0.346763866306412,-1.17387929654563,-1.30218863760596,0.994701386553687,-0.813775052877421,-0.416428649433891,-0.135962069060475,-0.0247411626405223,-0.640995384823577,-1.75079740750852,0.325036110633647,-0.552740656252641,-1.06492873723642,1.18373465936035,-0.1555961886108,-0.0445734002443183,-0.741918245459386,-0.0997517932053001,0.89003783744226,-1.18029468333559,0.294188708351751,2.24270958299419,-0.113860786417039,-0.0382639442739243,1.49244802467431,1.08838378637757,-0.882919294849875,-0.899102191164647,1.36852100217096,2.35727506935795,-0.048236570436645,-0.0330109162638679,2.76184224765403,1.33132611434538,0.550953094980562,0.950766487281889,1.1603029827845,1.17550008551579,0,-0.0930309953194633,0.19104829105235,0.247053209518791,-0.0347038540757136,0.95600658577301,-0.105362700324987,-0.797595882078731,-0.0998707974396848,0.0116501378365181,-0.410266899197836,-1.38433934890509,-1.52993367651563,1.16729496510292,-1.22217715515,-0.767532904424768,-0.202993708003753,-0.0191459895266863,-0.303642030474405,-1.17332181098952,-1.36312837952053,0.112658392690295,-1.1603681679367,-0.527680489439249,-0.177318504788345
"2450",0,-0.346763866306412,-0.314065241041354,-0.408360630783831,0.994701386553687,1.15424052136502,-0.123111490731166,-0.135962069060475,-0.0247411626405223,0.33995244374252,0.816387510785152,0.573225755678888,-0.552740656252641,1.29148053419773,0.691001767292522,-0.1555961886108,-0.0445734002443183,0.410193187752585,-0.43971084571426,-1.12999301782559,-0.363535965128757,0.785985760048113,-0.0112161204196545,-0.113860786417039,-0.0382639442739243,-0.759253601238671,-1.53139249135053,-1.56081868739673,0.530153365688954,0.032690893311783,-0.650039470011399,-0.048236570436645,-0.0330109162638679,-0.639535815693025,-1.2263086449194,-0.996216528748704,0.950766487281889,0.561907396900692,-0.831486854781667,0,-0.0930309953194633,-0.481588184154324,-0.984477210668762,-1.12171262543579,0.322404541374051,1.27008134505226,0.116654330388589,-0.0998707974396848,-0.0692112518235939,-0.410266899197836,-0.680633513211668,-0.16886700594293,0.229731781230706,0.971528919046879,-0.362274353239232,-0.202993708003753,-0.0191459895266863,-0.477914399637106,-0.172466266938626,0.245017378270736,-0.0853884767976621,-0.988491876452356,-0.527680489439249,-0.177318504788345
"2451",0,-0.346763866306412,0.545748814462924,0.118882685442416,0.994701386553687,1.86988254836228,4.27664588980972,1.71880406707795,-0.0247411626405223,-0.640995384823577,-0.467204948361685,-0.419532824502074,-0.763515434150662,0.618220742359401,2.66193333556384,-0.1555961886108,-0.0445734002443183,-0.741918245459386,-1.62956752949562,-0.894010960778573,-0.690239452411488,1.08802203704667,-0.0112161204196545,-1.03557167042914,-0.0382639442739243,-0.695094371127667,-0.876448421918504,0.303404642107127,0.847765711656421,1.36852100217096,2.90405953106147,-0.048236570436645,-0.0330109162638679,-0.639535815693025,0.532065252075134,1.09627321067543,0.614423587210637,-0.541614041969328,-0.831486854781667,0,-0.0930309953194633,-0.481588184154324,-0.226339436612234,1.05230491728436,-0.311197503024907,-1.48080674570224,-0.797595882078731,-0.277003082669116,-0.0692112518235939,-0.410266899197836,-0.152854136441604,0.483902659528621,-1.64539458651373,-1.55967039733413,-0.767532904424768,-0.202993708003753,-0.0191459895266863,-0.303642030474405,1.22873149473262,-0.903658163008738,-2.26390404116519,-1.1603681679367,-0.527680489439249,-0.177318504788345
"2452",0,-0.346763866306412,0.760702328338993,0.446203146406887,0.994701386553687,1.69097204161296,1.93010862018791,-0.135962069060475,-0.0247411626405223,0.993917662786584,0.999757862091843,1.06960504576937,-0.763804569785328,0.618220742359401,2.66193333556384,0.822837501932791,-0.0445734002443183,0.986248904358571,0.997474475407955,-0.28831349479732,-1.01694293969422,-1.29347794903808,0.8001008223224,-0.113860786417039,0.251909584693909,2.77913466805315,1.08838378637757,1.1507788827907,0.0537348467377536,-1.3031392155474,-0.650039470011399,-0.048236570436645,-0.0330109162638679,1.83419368492302,1.17147394189133,0.291469464743071,0.950766487281889,-1.56276425682162,-0.831486854781667,0,-0.0930309953194633,-0.481588184154324,-0.984477210668762,0.431157047935746,0.63920556357353,-1.48080674570224,-0.797595882078731,-0.0998707974396848,-0.0692112518235939,-0.410266899197836,-1.03248643105838,0.997761568833671,-0.520318765867068,-1.55967039733413,-0.767532904424768,-0.202993708003753,-0.0191459895266863,-0.303642030474405,0.967365501660772,0.245017378270736,-2.26390404116519,-1.1603681679367,-0.527680489439249,-0.177318504788345
"2453",0,-0.346763866306412,-0.529018754917424,-0.175267190438608,-0.998634916368966,-0.992685559626734,-0.416428649433891,-0.135962069060475,-0.0247411626405223,0.666935053264552,0.999757862091843,1.06960504576937,1.13345756693153,-1.40155863315559,-0.540830462877054,-0.1555961886108,-0.0445734002443183,0.410193187752585,1.09010489057606,1.56338145586488,1.43333321492626,-1.29347794903808,-0.574697546273115,-0.113860786417039,-0.0382639442739243,0.527433042140173,1.08838378637757,1.1507788827907,0.0537348467377536,-1.3031392155474,-0.650039470011399,-0.048236570436645,-0.0330109162638679,-0.33031962811602,1.01162176943728,1.09627321067543,0.950766487281889,-1.00248495559162,-0.831486854781667,0,-0.0930309953194633,-0.481588184154324,0.862818419612568,1.36287885195866,1.27280760797249,-0.4492237116693,-0.797595882078731,-0.0998707974396848,-0.0692112518235939,-0.410266899197836,0.341463968674411,1.19219966462977,1.16729496510292,0.29654243467861,-0.767532904424768,-0.202993708003753,-0.0191459895266863,-0.303642030474405,-0.772979593369162,-0.214452838241053,0.112658392690295,-0.129110419030621,-0.527680489439249,-0.27762060399878
"2454",0,-0.346763866306412,-1.17387929654563,-0.408360630783831,0.551737763681986,-0.992685559626734,0.463522826674285,0.791420999008737,-0.064995348517452,-0.640995384823577,-1.01731600228176,1.06960504576937,-0.974290212048683,-1.233243685196,2.90829978159776,4.73657226410715,-0.0445734002443183,-0.1658625288534,0.92012536432158,0.216694219019643,-0.411881736742499,0.294188708351751,3.08793172177438,-0.113860786417039,-0.0382639442739243,1.81411968551902,1.08838378637757,0.811829186517271,1.00657188464015,1.36852100217096,1.53709837680268,-0.048236570436645,-0.0330109162638679,0.906545122192,0.532065252075134,-0.513334281189288,0.782595037246263,0.649727875358349,0.0286504053458163,0,-0.2306112607578,-0.481588184154324,-0.984477210668762,-0.352667260121007,1.11440709687275,-0.253112951548608,-0.797595882078731,-0.0998707974396848,-0.0692112518235939,-0.410266899197836,-1.38433934890509,-0.55774319753513,0.0422191444562627,-1.55967039733413,-0.767532904424768,-0.202993708003753,-0.0191459895266863,-0.303642030474405,-1.17332181098952,0.245017378270736,-1.66976343270132,-1.1603681679367,-0.527680489439249,-0.177318504788345
"2455",0,-0.346763866306412,0.330795300586854,-0.175267190438608,0.773219575117836,0.0807774808691453,-0.323629266890833,-0.278694847193131,-0.0247411626405223,0.33995244374252,0.999757862091843,0.821415400724128,0.290358455339444,-0.728298841317257,-0.540830462877054,-0.1555961886108,-0.0445734002443183,0.698221046055578,1.09010489057606,1.05837374204791,1.10662972764353,-0.0233446231262145,0.12024903747935,0.0232812253074746,-0.0382639442739243,1.17077636382959,0.924647769019562,0.303404642107127,-0.263877499229713,1.20154223856357,0.990313915099158,-0.048236570436645,-0.0330109162638679,-0.639535815693025,-0.767949379758892,-1.47909877630812,-1.73997671328813,-0.201230637018563,1.46221250555829,0,-0.0930309953194633,-0.481588184154324,-0.984477210668762,-1.12171262543579,-1.26160056962335,-0.793084723013613,1.03090454285591,-0.0998707974396848,-0.0692112518235939,-0.410266899197836,0.902704617098525,-0.16886700594293,-0.332806129092624,0.634035676862745,0.344929425955268,-0.202993708003753,-0.0191459895266863,-0.303642030474405,0.027704841871553,-0.214452838241053,0.508752131666208,0.386518455422421,-0.527680489439249,-0.177318504788345
"2456",0,-0.346763866306412,0.975655842215063,0.290919690251838,0.994701386553687,0.796419507866398,-0.416428649433891,-0.135962069060475,-0.0247411626405223,-0.640995384823577,0.816387510785152,-0.667722469547314,-1.81738932364077,-1.06492873723642,-0.540830462877054,-0.1555961886108,-0.0445734002443183,0.410193187752585,1.09010489057606,1.56338145586488,1.10662972764353,-0.658411286082146,-0.574697546273115,-0.113860786417039,-0.0382639442739243,-0.759253601238671,-1.04018443927651,-1.39134383926002,-0.899102191164647,1.36852100217096,0.17013722254388,-0.048236570436645,-0.0330109162638679,-0.639535815693025,-1.2263086449194,-1.47909877630812,-1.73997671328813,0.479536172882967,1.17550008551579,0,-0.0627037735669635,-0.481588184154324,-0.984477210668762,-1.12171262543579,-1.26160056962335,0.582359322363638,0.80234198973908,-0.0998707974396848,-0.0692112518235939,2.01093737164361,0.0230723224817513,-1.91880986810783,-1.0828566761904,0.971528919046879,-0.564903628832,-0.202993708003753,-0.0191459895266863,0.728815661816031,1.02856038592245,0.501941639577601,0.706799001154165,-0.816615584968009,-0.527680489439249,-0.177318504788345
"2457",0,-0.346763866306412,0.545748814462924,0.757106570942284,0.994701386553687,1.51206153486365,1.05015714407974,-0.135962069060475,-0.0247411626405223,0.993917662786584,1.44895572578779,-1.90867069477352,-0.974290212048683,1.29148053419773,1.43010110539427,-0.1555961886108,-0.0445734002443183,1.27427676266156,1.09010489057606,-0.74351748355286,0.289871009436705,1.08802203704667,0.270524592507076,-0.113860786417039,-0.0382639442739243,-0.759253601238671,0.433439716945544,1.1507788827907,1.00657188464015,-0.802202924725205,-0.650039470011399,-0.048236570436645,-0.0330109162638679,-0.639535815693025,-0.746752127557253,0.935312461488958,0.950766487281889,-0.0310389345431809,-0.831486854781667,0,-0.0930309953194633,-0.481588184154324,1.01675972213601,-0.189990821412867,-0.311197503024907,1.27008134505226,0.116654330388589,-0.0998707974396848,-0.246791582625996,-0.410266899197836,1.43048399386859,-0.36330510173903,-0.332806129092624,1.14027554013895,0.44824274913184,-0.202993708003753,-0.0191459895266863,-0.303642030474405,1.02856038592245,0.93422270303842,0.310705262178251,0.214642163938074,-0.334814649744245,-0.177318504788345
"2458",0,-0.318517147470005,-1.17387929654563,-2.32980455563499,0.551737763681986,1.69097204161296,0.17020566797156,-0.135962069060475,-0.0247411626405223,-0.640995384823577,-1.93416775881521,-1.41229140468304,1.13345756693153,1.29148053419773,0.444635321258607,-0.1555961886108,-0.0445734002443183,-0.741918245459386,-1.11962895073218,1.05837374204791,1.43333321492626,1.24678870278565,-0.574697546273115,-0.113860786417039,-0.0382639442739243,-0.43758194039396,0.59717573430355,1.1507788827907,0.866019431694,1.36852100217096,0.17013722254388,-0.048236570436645,-0.0330109162638679,2.14340987250002,1.33132611434538,-0.513334281189288,0.614423587210637,1.1603029827845,0.124201259022023,0,-0.0930309953194633,0.19104829105235,-0.368712000574986,-0.828475840389857,0.95600658577301,1.081811493786,-0.797595882078731,-0.0998707974396848,-0.0692112518235939,-0.410266899197836,-1.38433934890509,-1.91880986810783,1.16729496510292,0.465289055770677,-0.767532904424768,-0.202993708003753,-0.0191459895266863,-0.303642030474405,-1.17332181098952,-2.7415390290559,0.508752131666208,1.07402362135981,-0.527680489439249,-0.177318504788345
"2459",0,-0.346763866306412,-1.17387929654563,-2.73929503423606,-0.112707670625565,1.15424052136502,0.175303288359477,-0.135962069060475,-0.0247411626405223,-0.640995384823577,-1.93416775881521,-0.938308319715508,0.922682789033507,-0.0550390494789284,-0.540830462877054,-0.1555961886108,-0.0445734002443183,-0.741918245459386,-1.62956752949562,0.385030123625297,1.2699814712849,-0.817177951821129,-0.574697546273115,-0.113860786417039,-0.0382639442739243,-0.759253601238671,-0.712712404560498,0.981304034653986,-0.899102191164647,1.20154223856357,0.716921684247398,-0.048236570436645,-0.0330109162638679,-0.639535815693025,0.851769596983231,0.130508715556599,-1.73997671328813,1.1603029827845,0.315362825388311,0,-0.0930309953194633,2.88159419187904,1.3246423271829,-0.500564756087173,0.322404541374051,1.29582081013587,-0.111908222728241,-0.0998707974396848,-0.0692112518235939,6.8533459133265,1.43048399386859,1.19219966462977,1.16729496510292,0.971528919046879,-0.35941886162364,-0.202993708003753,-0.0191459895266863,-0.303642030474405,-0.97315070217934,-2.7415390290559,-0.0853884767976621,0.902147329875462,-0.527680489439249,-0.177318504788345
"2460",0,1.88237474806379,1.62051638384327,0.990200011287507,0.994701386553687,0.975330014615711,-0.416428649433891,-0.135962069060475,-0.0247411626405223,1.08299774376179,0.44964680817177,-1.22647379700717,0.0795836774414227,0.954850638278565,-0.540830462877054,-0.1555961886108,-0.111531751188364,-0.741918245459386,-1.45958800324114,0.385030123625297,0.754323628810956,-0.182111288865197,-0.915043158188281,-0.113860786417039,-0.0382639442739243,-0.759253601238671,-0.385240369844486,1.0489298913881,0.688959538672687,-1.13616045194,-1.22512952687696,-0.048236570436645,-0.0330109162638679,-0.639535815693025,-1.2263086449194,-0.165346359578195,0.347835034033467,0.649727875358349,-0.544774434739172,0,-0.0930309953194633,-0.481588184154324,-0.984477210668762,-1.12171262543579,-0.786399036324126,1.27008134505226,0.34521688350542,-0.0998707974396848,-0.0692112518235939,-0.410266899197836,-0.328780595364958,-1.91880986810783,-0.895344039415955,0.971528919046879,0.650872024724607,-0.0939616596831759,-0.0191459895266863,-0.303642030474405,1.82924482116316,0.93422270303842,0.536385864232322,0.558394746906768,-0.281918760399022,-0.177318504788345
"2461",0,-0.346763866306412,-0.721669751152038,0.524013130597061,0.773219575117836,-0.455954039378794,-0.416428649433891,-0.135962069060475,-0.0247411626405223,-0.640995384823577,-0.283834597054994,1.06960504576937,1.13345756693153,-0.0550390494789284,-0.540830462877054,-0.1555961886108,-0.0445734002443183,1.85033247926755,1.09010489057606,1.56338145586488,1.10662972764353,0.294188708351751,-0.574697546273115,-0.113860786417039,-0.0382639442739243,-0.759253601238671,-1.04018443927651,-0.205019902303017,1.00657188464015,1.03456347495617,-0.650039470011399,-0.048236570436645,-0.0539306280597664,-0.639535815693025,-1.2263086449194,-0.670159565375094,0.950766487281889,1.1603029827845,-0.258062014696678,0,-0.0930309953194633,-0.481588184154324,-0.984477210668762,-0.117169944814431,0.79760607467327,1.27008134505226,1.25946709597274,-0.0998707974396848,-0.0692112518235939,-0.410266899197836,-1.20841288998173,0.0255710898531705,1.16729496510292,1.14027554013895,1.05613057591014,-0.202993708003753,-0.0191459895266863,-0.303642030474405,-0.772979593369162,-0.444187946496948,0.706799001154165,0.558394746906768,-0.527680489439249,-0.177318504788345
"2462",0,-0.346763866306412,0.545748814462924,0.757106570942284,0.994701386553687,1.86988254836228,0.17020566797156,-0.135962069060475,-0.0247411626405223,1.64788288183065,0.999757862091843,0.0768464655884069,-0.552740656252641,-0.559983893357675,-0.540830462877054,-0.1555961886108,0.263835928400467,2.13836033757054,0.0702277330491799,-1.12999301782559,-1.18029468333559,-1.29347794903808,-0.574697546273115,-0.113860786417039,-0.0382639442739243,2.77913466805315,0.105967682229532,-1.56081868739673,-1.53432688309958,-1.3031392155474,-0.650039470011399,-0.048236570436645,-0.0330109162638679,-0.0211034405390152,1.33132611434538,-0.835255779562232,-1.73997671328813,-1.56276425682162,-0.831486854781667,0,-0.153517614316219,-0.481588184154324,-0.0608293955280974,1.05230491728436,-1.26160056962335,-1.48080674570224,-0.797595882078731,-0.0998707974396848,-0.0692112518235939,-0.410266899197836,0.490014761146688,0.803323473037571,-1.83290722328817,-1.33464577859005,-0.767532904424768,-0.202993708003753,-0.0191459895266863,-0.303642030474405,1.62907371235298,-0.214452838241053,-2.26390404116519,-1.1603681679367,-0.527680489439249,-0.177318504788345
"2463",0,0.767805440878689,1.62051638384327,0.0578262499066152,-1.66308035067652,-0.977310283962781,-0.416428649433891,-0.135962069060475,-0.0247411626405223,-0.314012775301545,0.999757862091843,-0.226702357421738,-0.267965893959929,-0.391668945398093,-0.540830462877054,-0.1555961886108,-0.0445734002443183,-0.741918245459386,1.09010489057606,0.0483583144139882,1.10662972764353,0.463166429886227,-0.574697546273115,-0.113860786417039,-0.0382639442739243,-0.759253601238671,-0.057768335128474,0.811829186517271,1.00657188464015,0.867584711348771,-0.650039470011399,-0.048236570436645,-0.0330109162638679,-0.639535815693025,-1.2263086449194,-0.352373532002817,-0.0559880737888511,0.990111280309114,-0.544774434739172,0,-0.0930309953194633,-0.481588184154324,-0.984477210668762,-1.12171262543579,-1.26160056962335,0.238498311019326,1.03090454285591,-0.0998707974396848,-0.0692112518235939,-0.410266899197836,-0.680633513211668,-0.94661938912733,-1.0828566761904,0.127795813586543,2.27190622946675,-0.202993708003753,-0.0191459895266863,-0.303642030474405,0.027704841871553,0.245017378270736,0.904845870642121,1.24589991284416,0.946889884802112,-0.177318504788345
"2464",0,-0.346763866306412,-0.0991117271652847,0.524013130597061,0.994701386553687,1.69097204161296,1.09830546527506,-0.135962069060475,-0.064995348517452,-0.640995384823577,0.266276456865079,0.573225755678888,0.0795836774414227,1.29148053419773,0.691001767292522,-0.1555961886108,-0.111531751188364,-0.741918245459386,-1.11962895073218,-1.12999301782559,0.12651926579534,1.08802203704667,-0.574697546273115,-0.113860786417039,-0.0382639442739243,-0.759253601238671,-1.53139249135053,-1.05239414298659,0.847765711656421,0.533627184133976,-0.650039470011399,-0.048236570436645,-0.0330109162638679,-0.33031962811602,-0.125269182055924,1.09627321067543,0.950766487281889,0.990111280309114,0.8887876654733,0,-0.0930309953194633,-0.145269946550987,-0.180472781029496,1.36287885195866,0.622346243007177,-0.841119672497417,-0.111908222728241,-0.0484860393581632,-0.0692112518235939,-0.410266899197836,-0.856559972135023,1.19219966462977,-0.145293492318181,-1.55967039733413,-0.767532904424768,-0.202993708003753,-0.0191459895266863,-0.303642030474405,0.027704841871553,0.93422270303842,-1.86781030218927,-1.1603681679367,-0.5686873454419,-0.177318504788345
"2465",0,-0.354559808445636,-0.529018754917424,0.0578262499066152,0.994701386553687,0.438598494367772,-0.416428649433891,-0.135962069060475,-0.0247411626405223,-0.640995384823577,0.266276456865079,0.0768464655884069,0.922682789033507,0.618220742359401,-0.540830462877054,-0.1555961886108,-0.111531751188364,-0.741918245459386,-1.62956752949562,-1.12999301782559,-0.0368324778460259,0.611722039829717,-0.574697546273115,-0.113860786417039,-0.0382639442739243,-0.759253601238671,-1.53139249135053,-1.56081868739673,0.530153365688954,-0.134287870295615,-0.650039470011399,-0.048236570436645,-0.0330109162638679,-0.639535815693025,-0.586899955103205,0.935312461488958,0.950766487281889,-0.0310389345431809,-0.544774434739172,0,-0.0930309953194633,-0.481588184154324,-0.214770698051542,1.20759188462151,1.27280760797249,1.27008134505226,-0.111908222728241,-0.0998707974396848,-0.0692112518235939,-0.410266899197836,-1.38433934890509,0.803323473037571,0.792269691554037,-0.715937291873794,-0.767532904424768,-0.202993708003753,-0.0191459895266863,-0.303642030474405,-0.372637375748804,0.704487594782526,-1.66976343270132,-1.1603681679367,-0.527680489439249,-0.0563296558432171
"2466",0,-0.346763866306412,-0.0991117271652847,0.757106570942284,0.551737763681986,-0.634864546128108,-0.416428649433891,-0.135962069060475,-0.0247411626405223,-0.0197971100659819,0.816387510785152,0.573225755678888,0.501133233237465,1.12316558623815,-0.268048924443244,-0.1555961886108,-0.0445734002443183,0.865247269543308,1.09010489057606,-0.793321208614283,-1.01694293969422,1.24678870278565,0.834006018360537,-0.113860786417039,-0.0382639442739243,1.81411968551902,0.760911751661556,-1.66958962901288,-1.53432688309958,0.700605947741373,2.0838828385062,-0.048236570436645,-0.0330109162638679,1.83419368492302,0.851769596983231,-1.47909877630812,-1.73997671328813,-0.201230637018563,2.60906218572827,0,-0.0930309953194633,2.20895771667237,1.3246423271829,-1.12171262543579,-1.26160056962335,0.926220333707951,1.48802964908957,-0.0998707974396848,-0.0692112518235939,0.558214809138742,1.43048399386859,0.220009185649271,0.0422191444562627,0.89987186852041,0.108793527355554,-0.202993708003753,-0.0191459895266863,-0.303642030474405,0.42804705949191,0.93422270303842,0.904845870642121,-0.129110419030621,-0.527680489439249,-0.177318504788345
"2467",0,-0.651132292029079,-0.958925782669563,0.290919690251838,-0.334189482061415,-0.992685559626734,-0.416428649433891,0.0119135610833161,-0.0247411626405223,-0.640995384823577,-0.283834597054994,0.725980051020625,-1.39583976784473,-1.40155863315559,-0.540830462877054,-0.1555961886108,-0.0445734002443183,-0.453890387156393,1.09010489057606,0.216694219019643,-1.18029468333559,-0.425684621351701,-0.574697546273115,-0.113860786417039,-0.0382639442739243,0.527433042140173,1.08838378637757,1.1507788827907,1.00657188464015,1.36852100217096,0.990313915099158,-0.048236570436645,-0.0330109162638679,-0.639535815693025,0.0525087347129891,-0.191412782816345,0.613659676848439,1.1603029827845,0.602075245430805,0,-0.0930309953194633,-0.481588184154324,-0.984477210668762,-0.966425658098632,1.27280760797249,0.754289828035795,-0.797595882078731,-0.331827572698372,-0.0692112518235939,-0.410266899197836,-1.38433934890509,0.608885377241471,1.16729496510292,-0.382858325173477,-0.767532904424768,-0.42409057956882,-0.0191459895266863,-0.672604905270645,-0.772979593369162,0.704487594782526,-1.2736696937254,-1.1603681679367,-0.527680489439249,0.0793433636971926
"2468",0,-0.346763866306412,0.545748814462924,0.524013130597061,0.551737763681986,-0.277043532629481,-0.416428649433891,-0.135962069060475,-0.0247411626405223,-0.640995384823577,-0.833945650975067,0.573225755678888,1.13345756693153,0.449905794399818,-0.294464016843139,-0.1555961886108,-0.0445734002443183,-0.741918245459386,-1.11962895073218,1.12913259207726,1.43333321492626,1.08802203704667,0.270524592507076,-0.113860786417039,-0.0382639442739243,-0.759253601238671,-1.36765647399252,1.1507788827907,1.00657188464015,0.867584711348771,-0.650039470011399,-0.048236570436645,-0.0330109162638679,-0.639535815693025,-0.906604300011301,1.09627321067543,0.950766487281889,-0.201230637018563,-0.831486854781667,0,-0.0930309953194633,-0.481588184154324,0.554935814565679,1.36287885195866,1.27280760797249,-0.4492237116693,-0.797595882078731,-0.0998707974396848,-0.0692112518235939,0.0739739549704533,1.07863107602188,1.19219966462977,0.979782328328481,-1.22217715515,-0.767532904424768,-0.202993708003753,-0.0191459895266863,-0.303642030474405,1.22873149473262,0.93422270303842,-0.679529085261532,-1.1603681679367,-0.527680489439249,-0.177318504788345
"2469",0,-0.346763866306412,-0.958925782669563,0.990200011287507,0.108774140810285,-0.634864546128108,-0.416428649433891,-0.135962069060475,-0.0247411626405223,-0.640995384823577,-1.20068635358845,0.821415400724128,0.452446744044194,-0.559983893357675,-0.540830462877054,-0.1555961886108,-0.0445734002443183,-0.741918245459386,-0.26973131945978,1.56338145586488,0.943277984002168,-1.29347794903808,-0.574697546273115,-0.113860786417039,-0.0382639442739243,-0.43758194039396,0.433439716945544,1.1507788827907,0.212541019721487,-1.23286389884932,-0.650039470011399,-0.048236570436645,-0.0330109162638679,0.906545122192,0.768996814205681,1.09627321067543,0.109909237103759,-1.56276425682162,-0.831486854781667,0,-0.0930309953194633,-0.481588184154324,0.400994512042235,1.36287885195866,0.164004030274312,-1.48080674570224,-0.797595882078731,-0.0998707974396848,-0.0692112518235939,-0.410266899197836,-0.680633513211668,1.19219966462977,0.41724441800515,-1.39092377624206,-0.767532904424768,-0.202993708003753,-0.0912709356995593,-0.303642030474405,-0.97315070217934,0.474752486526631,0.616546971603742,0.558394746906768,0.164516296946853,-0.177318504788345
"2470",0,-0.346763866306412,0.545748814462924,-0.408360630783831,-2.54900759641992,-0.992685559626734,-0.416428649433891,-0.135962069060475,-0.0247411626405223,-0.640995384823577,0.453086617480428,1.06960504576937,-1.1850649899467,-1.57039944548573,-0.540830462877054,-0.1555961886108,-0.0152492710856271,-0.519036687752871,0.92012536432158,0.721701932836606,0.616574496719437,-1.03224182618127,-0.574697546273115,-0.113860786417039,-0.0382639442739243,-0.759253601238671,0.105967682229532,-0.543969598576446,0.37134719270522,-1.3031392155474,-0.650039470011399,-0.048236570436645,-0.0330109162638679,-0.639535815693025,-1.06645647246535,-0.835255779562232,0.614423587210637,-1.56276425682162,-0.831486854781667,0,-0.0448788197330092,-0.481588184154324,-0.984477210668762,-0.189990821412867,0.744185054409932,-0.990755418022774,-0.797595882078731,0.934820001753288,-0.0692112518235939,-0.410266899197836,-0.504707054288313,0.997761568833671,0.447098059719229,-0.0409508075055244,1.05613057591014,2.25623249403729,-0.0191459895266863,-0.303642030474405,0.828389277112268,0.93422270303842,0.706799001154165,1.4177762043285,2.42146025904347,0.697813577192196
"2471",0,-0.201223490054954,-0.386622424118972,-0.175267190438608,0.773219575117836,0.438598494367772,-0.416428649433891,-0.135962069060475,-0.0247411626405223,0.666935053264552,0.633017159478461,-0.915912114592555,-0.131191100456599,1.29148053419773,-0.540830462877054,-0.271942638852219,-0.0445734002443183,1.56230462096456,0.58016631181262,-0.961657113219938,1.2699814712849,0.611722039829717,-0.574697546273115,-0.24055043646385,-0.0382639442739243,0.527433042140173,1.08838378637757,0.981304034653986,1.00657188464015,0.867584711348771,-0.650039470011399,-0.048236570436645,-0.0330109162638679,-0.639535815693025,-0.586899955103205,0.452430213929543,0.446252137175011,1.1603029827845,0.315362825388311,0,-0.0930309953194633,-0.481588184154324,-0.368712000574986,-0.966425658098632,-1.26160056962335,0.926220333707951,1.03090454285591,-0.0998707974396848,-0.0692112518235939,-0.410266899197836,0.902704617098525,0.608885377241471,-0.707831402641512,0.802782297954812,0.650872024724607,-0.202993708003753,-0.0191459895266863,-0.303642030474405,-0.772979593369162,0.474752486526631,0.21755509278545,0.386518455422421,-0.0361570313587953,-0.177318504788345
"2472",0,1.88237474806379,0.545748814462924,0.757106570942284,0.773219575117836,-0.455954039378794,-0.541674159636965,-0.135962069060475,-0.0247411626405223,2.95581331991878,0.999757862091843,-0.600816578770629,0.922682789033507,0.433234522581826,-0.540830462877054,-0.1555961886108,-0.0445734002443183,0.410193187752585,-0.43971084571426,-1.12999301782559,0.453222753078071,0.929255371307683,-0.574697546273115,-0.113860786417039,-0.0382639442739243,-0.759253601238671,-1.53139249135053,-1.56081868739673,-0.263877499229713,1.36852100217096,-0.650039470011399,-0.048236570436645,-0.0330109162638679,-0.639535815693025,-1.2263086449194,-1.47909877630812,-0.562776563038745,1.1603029827845,-0.258062014696678,0,-0.0930309953194633,-0.481588184154324,-0.984477210668762,-1.12171262543579,-1.10320005852361,1.09815083938011,1.03090454285591,-0.0998707974396848,-0.237621408968146,-0.410266899197836,-1.20841288998173,-0.75218129333123,0.229731781230706,1.14027554013895,0.650872024724607,-0.202993708003753,-0.0191459895266863,-0.303642030474405,0.42804705949191,0.93422270303842,-0.283435346285619,-0.289000745446305,-0.527680489439249,-0.251560416639701
"2473",0,-0.346763866306412,-0.314065241041354,0.0151489453882711,-2.32752578498407,-0.992685559626734,-0.416428649433891,-0.135962069060475,-0.0247411626405223,-0.640995384823577,-0.467204948361685,0.325036110633647,-2.23893887943681,-1.40155863315559,-0.540830462877054,-0.1555961886108,-0.111531751188364,-0.741918245459386,0.41018678555814,0.553366028230951,-1.18029468333559,-1.29347794903808,-0.574697546273115,-0.107089173702599,-0.0382639442739243,-0.759253601238671,0.21824870689384,-0.781526841123789,-1.53432688309958,-1.3031392155474,-0.650039470011399,-0.106080643591261,-0.0330109162638679,-0.33031962811602,0.655360694438335,0.613390963116015,0.446252137175011,-0.201230637018563,-0.831486854781667,0,-0.0930309953194633,-0.481588184154324,1.17070102465946,0.897017949947205,-0.102124430642623,0.238498311019326,1.48802964908957,-0.0998707974396848,-0.0692112518235939,-0.410266899197836,0.550851699251816,0.21103037624848,-1.49616190108858,-1.22217715515,2.47453550505952,-0.202993708003753,-0.0191459895266863,-0.303642030474405,-0.772979593369162,-0.214452838241053,0.904845870642121,1.58965249581285,2.42146025904347,0.424815068895336
"2474",0,-0.346763866306412,-1.17387929654563,-1.1076409518195,0.330255952246136,-0.277043532629481,-0.416428649433891,-0.135962069060475,-0.0247411626405223,-0.640995384823577,-0.467204948361685,0.821415400724128,-0.763515434150662,-0.826331075241504,-0.540830462877054,-0.1555961886108,-0.0445734002443183,-0.1658625288534,0.92012536432158,-0.28831349479732,-1.18029468333559,-1.29347794903808,-0.574697546273115,-0.113860786417039,-0.0382639442739243,0.849104702984884,0.924647769019562,-1.56081868739673,-1.53432688309958,-1.3031392155474,-0.650039470011399,-0.048236570436645,-0.0330109162638679,0.906545122192,1.33132611434538,1.09627321067543,0.782595037246263,0.146361713103344,0.315362825388311,0,-0.0930309953194633,0.19104829105235,1.3246423271829,0.586444015272899,-0.627998525224387,0.238498311019326,1.94515475532323,-0.0998707974396848,-0.0331292559854146,-0.392806756303322,-0.152854136441604,0.608885377241471,-0.895344039415955,0.465289055770677,1.86664767828122,-0.202993708003753,-0.0191459895266863,-0.303642030474405,-0.97315070217934,-0.903658163008738,0.310705262178251,0.902147329875462,0.209604697681432,-0.177318504788345
"2475",0,-0.346763866306412,-1.17387929654563,-2.73929503423606,0.330255952246136,1.33315102811434,-0.28167598695207,-0.135962069060475,-0.0247411626405223,-0.640995384823577,-1.56742705620183,0.0768464655884069,1.21162751708482,1.29148053419773,-0.540830462877054,-0.1555961886108,-0.0445734002443183,0.122165329449593,0.92012536432158,1.56338145586488,1.43333321492626,0.7704887055687,-0.574697546273115,-0.113860786417039,-0.0382639442739243,2.77913466805315,0.924647769019562,0.41947953247251,0.688959538672687,0.700605947741373,-0.650039470011399,-0.048236570436645,-0.0330109162638679,-0.0211034405390152,-0.906604300011301,-1.47909877630812,0.950766487281889,0.309344470407584,-0.831486854781667,0,-0.0930309953194633,-0.481588184154324,-0.984477210668762,-1.12171262543579,1.11440709687275,0.410428816691482,-0.797595882078731,-0.0998707974396848,-0.0692112518235939,-0.410266899197836,-1.38433934890509,-1.33549558071953,1.16729496510292,0.127795813586543,-0.767532904424768,-0.402839327789809,-0.0191459895266863,-0.303642030474405,-1.17332181098952,-2.7415390290559,0.697837593112518,1.4177762043285,-0.527680489439249,-0.177318504788345
"2476",0,-0.346763866306412,-0.743972268793493,-0.408360630783831,0.330255952246136,-0.0981330258801679,-0.416428649433891,-0.135962069060475,-0.0247411626405223,-0.640995384823577,0.44964680817177,0.821415400724128,0.0795836774414227,-1.233243685196,-0.540830462877054,-0.1555961886108,-0.0445734002443183,-0.741918245459386,0.7501458380671,-0.456649399402975,-1.18029468333559,-1.29347794903808,-0.574697546273115,-0.113860786417039,0.0960485539139038,1.17077636382959,0.760911751661556,-1.56081868739673,-1.53432688309958,-1.3031392155474,-0.650039470011399,-0.048236570436645,-0.0330109162638679,1.17980254492646,1.33132611434538,1.09627321067543,0.950766487281889,1.1603029827845,-0.258062014696678,0,-0.0930309953194633,-0.145269946550987,-0.368712000574986,-0.500564756087173,-1.10320005852361,1.61011833788084,-0.00820284158408944,-0.0998707974396848,-0.0692112518235939,-0.410266899197836,-1.38433934890509,-0.55774319753513,0.0422191444562627,1.14027554013895,-0.767532904424768,-0.202993708003753,-0.0191459895266863,-0.303642030474405,-0.97315070217934,0.93422270303842,0.706799001154165,0.0427658724537265,-0.527680489439249,-0.177318504788345
"2477",0,-0.346763866306412,-1.17387929654563,-1.80692127285517,0.551737763681986,-0.0981330258801679,1.53295558418814,-0.135962069060475,-0.0247411626405223,-0.640995384823577,-1.20068635358845,1.06960504576937,-0.974290212048683,0.449905794399818,2.66193333556384,-0.1555961886108,-0.0445734002443183,-0.1658625288534,0.7501458380671,0.385030123625297,-0.853591196052854,0.8027076674841,0.552265305433806,-0.113860786417039,-0.0382639442739243,1.49244802467431,1.08838378637757,1.1507788827907,1.00657188464015,1.20154223856357,-0.061337838601585,-0.048236570436645,-0.0330109162638679,0.28811274703799,1.33132611434538,1.09627321067543,0.950766487281889,0.649727875358349,-0.258062014696678,0,-0.112411164840534,-0.481588184154324,-0.676594605621874,0.275870080598593,1.27280760797249,-1.30887624003008,-0.797595882078731,-0.0998707974396848,-0.0692112518235939,-0.410266899197836,-1.38433934890509,-0.75218129333123,1.16729496510292,-1.22217715515,-0.767532904424768,-0.202993708003753,-0.0191459895266863,-0.303642030474405,-1.17332181098952,-1.36312837952053,0.904845870642121,-0.300986710514968,-0.527680489439249,-0.177318504788345
"2478",0,0.767805440878689,1.4055628699672,0.739038018069515,-2.10604397354822,-0.992685559626734,-0.416428649433891,-0.135962069060475,-0.0247411626405223,0.651258507929864,0.999757862091843,1.06960504576937,-0.763515434150662,-1.40155863315559,-0.540830462877054,-0.1555961886108,-0.0445734002443183,-0.1658625288534,-0.26973131945978,0.553366028230951,0.12651926579534,-1.29347794903808,-0.574697546273115,-0.113860786417039,-0.0382639442739243,-0.759253601238671,-1.53139249135053,0.642354338380556,-0.263877499229713,-1.60418348161381,-0.650039470011399,-0.049335153206293,-0.0330109162638679,-0.639535815693025,0.0500989784340121,1.09627321067543,-1.40363381321687,-1.56276425682162,-0.586787851337214,0,-0.0930309953194633,-0.481588184154324,1.17070102465946,0.12058311326144,-1.26160056962335,-1.48080674570224,-0.797595882078731,-0.0998707974396848,-0.0692112518235939,-0.410266899197836,1.43048399386859,0.0255710898531705,-0.145293492318181,0.127795813586543,0.44824274913184,-0.202993708003753,-0.0912709356995593,1.76127335410647,1.82924482116316,0.245017378270736,0.112658392690295,0.214642163938074,-0.281918760399022,-0.177318504788345
"2479",0,-0.346763866306412,-1.17387929654563,-0.175267190438608,-0.334189482061415,-0.0981330258801679,1.93010862018791,4.50095327128558,-0.064995348517452,-0.640995384823577,-1.01731600228176,0.35407731982595,0.501133233237465,1.29148053419773,2.66193333556384,2.77970488301997,-0.0445734002443183,-0.741918245459386,0.41018678555814,-0.28831349479732,-0.590468356443133,1.1924289997947,1.04442573553592,-0.113860786417039,-0.0382639442739243,-0.759253601238671,-0.385240369844486,-1.39134383926002,-0.10507132624598,0.19966965691918,-0.650039470011399,-0.048236570436645,-0.0330109162638679,-0.639535815693025,0.212360907167038,1.09627321067543,0.950766487281889,1.1603029827845,0.8887876654733,0,-0.0930309953194633,-0.481588184154324,-0.984477210668762,-0.189990821412867,0.484924682011897,-0.793084723013613,-0.569033328961901,-0.0998707974396848,-0.0692112518235939,-0.410266899197836,-1.38433934890509,0.608885377241471,-0.895344039415955,-1.55967039733413,-0.767532904424768,-0.202993708003753,-0.0191459895266863,-0.303642030474405,-0.772979593369162,0.245017378270736,-2.06585717167723,-1.1603681679367,-0.527680489439249,-0.177318504788345
"2480",0,0.767805440878689,0.975655842215063,0.990200011287507,-1.22011672780482,-0.992685559626734,-0.416428649433891,-0.135962069060475,-0.0247411626405223,0.666935053264552,0.266276456865079,-0.915912114592555,0.290358455339444,-1.40155863315559,-0.540830462877054,-0.1555961886108,-0.0445734002443183,-0.453890387156393,-1.62956752949562,-0.793321208614283,0.616574496719437,-1.29347794903808,-0.574697546273115,-0.142557659658762,-0.0909846830221019,-0.759253601238671,-1.53139249135053,-0.0355450541663019,1.00657188464015,0.19966965691918,-0.650039470011399,-0.048236570436645,-0.0330109162638679,-0.639535815693025,-1.2263086449194,-0.67429503037576,-0.394605113003119,1.1603029827845,0.602075245430805,0,-0.0608977846401772,-0.481588184154324,-0.984477210668762,-1.12171262543579,-1.26160056962335,-0.105362700324987,1.27936166404796,-0.0998707974396848,-0.0692112518235939,0.558214809138742,0.0230723224817513,-0.36330510173903,-0.957209510958775,0.29654243467861,1.05613057591014,-0.202993708003753,-0.0191459895266863,0.728815661816031,1.0200996468833,0.809032688277024,0.204844281915803,0.558394746906768,-0.281918760399022,-0.177318504788345
"2481",0,-0.346763866306412,1.62051638384327,0.940407221332625,-1.22011672780482,-0.992685559626734,-0.416428649433891,-0.135962069060475,-0.0247411626405223,0.666935053264552,0.999757862091843,1.06960504576937,1.13345756693153,-1.233243685196,-0.60127606338929,-0.138795731149301,-0.0445734002443183,-0.1658625288534,0.92012536432158,0.465822990439375,1.43333321492626,-0.499644620343163,-0.574697546273115,-0.113860786417039,-0.0382639442739243,-0.759253601238671,-1.36765647399252,-0.342885115735059,1.00657188464015,-0.134287870295615,-0.650039470011399,-0.048236570436645,-0.0330109162638679,-0.639535815693025,-1.2263086449194,-1.15717727793518,0.28464479910601,-0.371422339493946,-0.831486854781667,0,-0.0930309953194633,-0.481588184154324,-0.984477210668762,0.586444015272899,1.27280760797249,-0.306828596360135,-0.797595882078731,-0.0998707974396848,-0.0692112518235939,-0.410266899197836,0.43504951513758,1.19219966462977,1.16729496510292,1.14027554013895,2.27190622946675,2.00012879923201,-0.0191459895266863,-0.303642030474405,1.32562042538302,0.93422270303842,-0.300571310750302,0.214642163938074,2.91298371712393,3.32320982313382
"2482",0,5.22608266961909,2.26537692547148,-1.57382783250995,-2.54900759641992,-0.992685559626734,-0.416428649433891,-0.135962069060475,-0.0247411626405223,2.30184810087471,0.999757862091843,0.573225755678888,-2.23893887943681,-1.40155863315559,-0.540830462877054,-0.1555961886108,-0.0445734002443183,2.71441605417653,0.7501458380671,1.22670964665357,-1.18029468333559,-1.29347794903808,-0.560825657707277,-0.113860786417039,-0.0382639442739243,1.49244802467431,0.59717573430355,0.472879490243842,-1.53432688309958,-1.3031392155474,-0.650039470011399,-0.048236570436645,-0.0330109162638679,-0.639535815693025,0.532065252075134,-0.191412782816345,-1.73997671328813,-1.05218914939548,-0.544774434739172,0,-0.0930309953194633,-0.481588184154324,1.47858362970634,0.12058311326144,-0.152796991925168,0.926220333707951,1.7165922022064,-0.0998707974396848,-0.0692112518235939,3.46365993414848,1.43048399386859,1.19219966462977,1.16729496510292,1.14027554013895,1.46138912709568,-0.202993708003753,-0.0191459895266863,5.89110412326821,2.02941592997334,0.93422270303842,-0.0853884767976621,-0.114564681503074,-0.281918760399022,-0.177318504788345
"2483",0,-0.346763866306412,-0.743972268793493,0.0716614312884191,0.994701386553687,2.06051452589841,2.51674293759336,-0.135962069060475,-0.0247411626405223,-0.640995384823577,-1.75079740750852,-1.41229140468304,-1.39583976784473,0.449905794399818,2.66193333556384,-0.1555961886108,-0.0445734002443183,-0.741918245459386,-1.62956752949562,-1.00269641009913,-1.18029468333559,0.135422042612768,1.67922815714073,-0.113860786417039,-0.0382639442739243,-0.759253601238671,-1.53139249135053,-0.882919294849875,-0.263877499229713,1.20154223856357,1.33451987126725,-0.048236570436645,-0.0330109162638679,-0.639535815693025,-0.746752127557253,1.09627321067543,0.950766487281889,1.1603029827845,1.74892492560078,0,-0.0930309953194633,-0.481588184154324,-0.984477210668762,-0.655851723424326,0.95600658577301,-1.48080674570224,-0.797595882078731,-0.0998707974396848,-0.0692112518235939,-0.410266899197836,-1.38433934890509,0.608885377241471,-1.27036931296484,-1.55967039733413,-0.767532904424768,-0.202993708003753,-0.0191459895266863,-0.303642030474405,-0.372637375748804,0.0152822700148413,-2.26390404116519,-1.1603681679367,-0.527680489439249,-0.177318504788345
"2484",0,-0.346763866306412,0.042720323974342,0.0578262499066152,-1.22011672780482,-0.992685559626734,-0.416428649433891,-0.135962069060475,-0.0247411626405223,-0.640995384823577,0.999757862091843,-0.419532824502074,1.13345756693153,-1.233243685196,-0.540830462877054,-0.1555961886108,-0.111531751188364,-0.741918245459386,1.09010489057606,-0.28831349479732,1.10662972764353,0.7704887055687,-0.574697546273115,-0.149879078908344,-0.0382639442739243,-0.759253601238671,-0.385240369844486,1.1507788827907,0.847765711656421,-0.635224161117807,-0.650039470011399,-0.048236570436645,-0.0330109162638679,-0.639535815693025,-0.586899955103205,0.378722335455932,-0.226433662967493,-1.45045134762524,-0.831486854781667,0,-0.0930309953194633,-0.481588184154324,1.01675972213601,0.897017949947205,1.11440709687275,-0.793084723013613,-0.797595882078731,-0.0998707974396848,-0.0692112518235939,-0.410266899197836,1.43048399386859,0.543497066166662,-0.145293492318181,0.971528919046879,-0.362274353239232,-0.202993708003753,-0.0912709356995593,-0.286495514935024,-0.172466266938626,0.0152822700148413,0.112658392690295,0.214642163938074,-0.281918760399022,-0.177318504788345
"2485",0,0.0574412101208933,1.4055628699672,0.0948346541739274,0.994701386553687,1.86988254836228,3.98332873110699,1.71880406707795,-0.0247411626405223,-0.640995384823577,-0.100464245748303,0.0768464655884069,-0.131191100456599,0.954850638278565,2.90829978159776,1.80127119247638,-0.111531751188364,-0.741918245459386,-1.62956752949562,-1.12999301782559,-0.853591196052854,1.24678870278565,1.00456687706104,0.631065588521088,-0.0382639442739243,-0.759253601238671,-1.21790028697285,-1.56081868739673,0.37134719270522,0.533627184133976,-0.650039470011399,-0.048236570436645,-0.0330109162638679,0.28811274703799,0.691917424529183,0.774351712302486,0.950766487281889,0.649727875358349,0.126758687945169,0,-0.0930309953194633,3.55423066708572,0.862818419612568,1.36287885195866,0.480805052473791,-0.277293205997144,-0.797595882078731,-0.0998707974396848,-0.0692112518235939,-0.410266899197836,-0.504707054288313,0.997761568833671,-1.45788194973929,-1.47126406357601,-0.767532904424768,-0.202993708003753,-0.0191459895266863,0.545725519593057,1.22873149473262,-0.214452838241053,-1.98961463487818,-1.1603681679367,-0.527680489439249,-0.177318504788345
"2486",0,-0.346763866306412,-1.17387929654563,-0.408360630783831,0.994701386553687,1.69097204161296,0.463522826674285,-0.135962069060475,-0.0247411626405223,-0.640995384823577,-0.833945650975067,0.325036110633647,-0.131191100456599,1.29148053419773,-0.0480975708092236,-0.1555961886108,-0.0152492710856271,-0.513698126450941,-1.11962895073218,-0.961657113219938,-0.853591196052854,0.436757912493022,-0.574697546273115,-0.113860786417039,-0.0382639442739243,-0.759253601238671,-1.53139249135053,-1.56081868739673,-0.263877499229713,0.032690893311783,-0.650039470011399,-0.048236570436645,-0.0330109162638679,-0.639535815693025,-1.06645647246535,-0.191412782816345,0.614423587210637,0.990111280309114,1.46221250555829,0,-0.0930309953194633,-0.145269946550987,1.3246423271829,1.36287885195866,0.79760607467327,-0.96501522868577,-0.797595882078731,-0.0885502000677133,-0.0692112518235939,-0.410266899197836,-1.03248643105838,-0.16886700594293,-0.520318765867068,-1.54487943500857,-0.825691223362948,-0.202993708003753,-0.0191459895266863,-0.303642030474405,-1.17332181098952,0.474752486526631,-2.06585717167723,-1.1603681679367,-0.434042998240322,-0.177318504788345
"2487",0,-0.346763866306412,-0.743972268793493,-0.543937090042845,-2.32752578498407,-0.992685559626734,-0.416428649433891,-0.135962069060475,-0.0247411626405223,-0.640995384823577,-1.01731600228176,0.821415400724128,-2.23893887943681,-1.69159466402682,-0.540830462877054,-0.1555961886108,-0.111531751188364,-0.741918245459386,0.561402430373253,-0.119977590191666,-1.18029468333559,-1.29347794903808,-0.574697546273115,-0.113860786417039,-0.0382639442739243,0.558853528685454,0.760911751661556,-1.56081868739673,-1.53432688309958,-1.3031392155474,-0.650039470011399,-0.048236570436645,-0.0330109162638679,1.83419368492302,0.691917424529183,-0.996216528748704,-0.562776563038745,-0.541614041969328,-0.544774434739172,0,-0.0930309953194633,1.87263947906903,1.47858362970634,1.05230491728436,0.00560351917457189,0.926220333707951,0.80234198973908,-0.0998707974396848,-0.0692112518235939,0.558214809138742,1.25455753494524,-0.16886700594293,-0.895344039415955,0.465289055770677,0.650872024724607,0.103498995670143,-0.0191459895266863,-0.303642030474405,-0.372637375748804,-0.673923054752843,0.310705262178251,0.3951051289932,-0.281918760399022,-0.177318504788345
"2488",0,-0.296658815403897,-0.321716468395786,-0.641454071129054,0.108774140810285,0.438598494367772,-0.18449295291545,-0.135962069060475,-0.0247411626405223,-0.314012775301545,0.595702627844951,-0.667722469547314,-0.723524358025286,0.786535690318983,-0.540830462877054,-0.1555961886108,-0.0445734002443183,0.986248904358571,0.24020725930366,-1.12999301782559,-0.853591196052854,1.08802203704667,-0.574697546273115,-0.113860786417039,-0.0382639442739243,-0.43758194039396,0.760911751661556,0.811829186517271,0.688959538672687,0.032690893311783,-0.650039470011399,-0.048236570436645,-0.0330109162638679,-0.639535815693025,-1.2263086449194,0.291469464743071,0.950766487281889,0.649727875358349,-0.278167055494768,0,-0.0930309953194633,-0.481588184154324,-0.368712000574986,0.897017949947205,-0.944799547423866,0.926220333707951,1.12473956748221,-0.0998707974396848,-0.0692112518235939,-0.410266899197836,0.0230723224817513,-0.16886700594293,-1.45788194973929,0.802782297954812,0.650872024724607,-0.202993708003753,-0.0912709356995593,-0.303642030474405,-0.372637375748804,0.93422270303842,0.904845870642121,0.214642163938074,-0.254700003566961,-0.177318504788345
"2489",0,-0.346763866306412,0.545748814462924,0.990200011287507,0.994701386553687,0.438598494367772,-0.416428649433891,-0.135962069060475,-0.0247411626405223,-0.105757721173543,-0.467204948361685,-0.171343179456834,0.501133233237465,1.29148053419773,-0.540830462877054,-0.1555961886108,-0.111531751188364,-0.741918245459386,-1.62956752949562,-1.12999301782559,0.943277984002168,0.452955374090734,-0.574697546273115,-0.113860786417039,-0.0382639442739243,-0.759253601238671,-1.53139249135053,-0.532279431515378,1.00657188464015,-0.134287870295615,-0.650039470011399,-0.048236570436645,-0.0330109162638679,-0.639535815693025,0.372213079621086,1.09627321067543,0.950766487281889,0.0237487074264071,0.8887876654733,0,-0.0930309953194633,-0.481588184154324,1.01675972213601,1.36287885195866,0.79760607467327,-0.105362700324987,-0.569033328961901,-0.0998707974396848,-0.0692112518235939,-0.410266899197836,-0.328780595364958,1.19219966462977,-1.27036931296484,-1.55967039733413,-0.767532904424768,-0.202993708003753,-0.0191459895266863,-0.303642030474405,1.02856038592245,0.704487594782526,-1.8361521603255,-1.1603681679367,-0.527680489439249,-0.177318504788345
"2490",0,-0.346763866306412,-1.17387929654563,-2.50620159389084,0.108774140810285,-0.813775052877421,-0.416428649433891,-0.135962069060475,-0.0247411626405223,-0.640995384823577,-1.93416775881521,0.573225755678888,-0.131191100456599,-1.40155863315559,-0.540830462877054,-0.1555961886108,-0.0445734002443183,-0.741918245459386,0.0702277330491799,1.22670964665357,-0.63755036898268,-1.29347794903808,-0.574697546273115,-0.113860786417039,-0.0382639442739243,-0.115910279549249,1.08838378637757,-0.374494750439731,-1.53432688309958,-0.46824539751041,0.990313915099158,-0.048236570436645,-0.0330109162638679,3.07105843523104,2.06957335602311,-0.257330195053646,-0.226433662967493,0.990111280309114,-0.544774434739172,0,0.955615940040995,3.55423066708572,1.47858362970634,1.05230491728436,1.27280760797249,-0.105362700324987,-0.797595882078731,-0.0998707974396848,-0.0692112518235939,2.97941907998019,0.726778158175171,0.0255710898531705,0.979782328328481,-1.39092377624206,-0.767532904424768,-0.202993708003753,-0.0191459895266863,-0.303642030474405,-1.0057718725471,-1.82259859603232,-0.481482215773575,-1.1603681679367,-0.527680489439249,-0.177318504788345
"2491",0,-0.346763866306412,-0.0991117271652847,0.524013130597061,-2.32752578498407,-0.992685559626734,-0.416428649433891,-0.135962069060475,-0.0247411626405223,-0.640995384823577,-0.100464245748303,0.573225755678888,-2.23893887943681,-1.40155863315559,-0.540830462877054,-0.1555961886108,-0.0445734002443183,0.33499714083244,1.09010489057606,-0.119977590191666,-1.01694293969422,0.135422042612768,0.270524592507076,-0.113860786417039,-0.0177637689065176,1.61760938900998,1.08838378637757,-1.56081868739673,0.212541019721487,1.20154223856357,-0.376647239159639,-0.048236570436645,-0.0330109162638679,2.45262606007703,0.621660679429148,-0.191412782816345,0.950766487281889,-0.541614041969328,-0.831486854781667,0,-0.0930309953194633,-0.481588184154324,-0.0608293955280974,1.05230491728436,1.27280760797249,-0.793084723013613,-0.797595882078731,-0.0998707974396848,-0.0692112518235939,-0.410266899197836,-1.38433934890509,0.611406089697847,1.16729496510292,-1.22217715515,-0.767532904424768,-0.202993708003753,-0.0191459895266863,-0.303642030474405,-0.772979593369162,0.93422270303842,-0.481482215773575,-0.988491876452356,-0.527680489439249,-0.177318504788345
"2492",0,-0.346763866306412,-0.0991117271652847,0.0578262499066152,0.108774140810285,1.51206153486365,1.05015714407974,-0.135962069060475,-0.064995348517452,-0.640995384823577,0.44964680817177,0.325036110633647,0.0795836774414227,-0.0550390494789284,0.444635321258607,-0.270002389373862,-0.0445734002443183,0.698221046055578,1.09010489057606,-0.961657113219938,-1.18029468333559,-1.29347794903808,-0.574697546273115,-0.299390178388027,-0.0382639442739243,1.81411968551902,1.08838378637757,1.1507788827907,0.37134719270522,-0.969181688332602,-0.650039470011399,-0.048236570436645,-0.0330109162638679,-0.33031962811602,-0.107343437741059,-0.191412782816345,0.379357608800766,0.990111280309114,-0.831486854781667,0,-0.0930309953194633,-0.481588184154324,-0.984477210668762,-1.12171262543579,-0.129540661380008,1.27008134505226,-0.386951206510728,-0.0998707974396848,-0.0692112518235939,-0.410266899197836,-0.504707054288313,-0.16886700594293,0.229731781230706,0.971528919046879,-0.767532904424768,-0.202993708003753,-0.0191459895266863,-0.303642030474405,-0.172466266938626,0.474752486526631,-0.0853884767976621,-0.293440393446444,-0.527680489439249,-0.177318504788345
"2493",0,-0.346763866306412,-0.314065241041354,0.0578262499066152,0.330255952246136,0.975330014615711,-0.416428649433891,-0.135962069060475,-0.0247411626405223,0.410052479188784,0.816387510785152,-2.15686033981876,-0.763515434150662,1.29148053419773,-0.294464016843139,-0.1555961886108,-0.0445734002443183,0.410193187752585,0.260934886507629,0.385030123625297,1.2699814712849,-0.658411286082146,-0.574697546273115,-0.113860786417039,-0.0382639442739243,-0.759253601238671,0.269703699587538,0.981304034653986,0.326150562891631,-1.3031392155474,-0.650039470011399,-0.048236570436645,-0.0330109162638679,-0.33031962811602,0.851769596983231,1.09627321067543,0.278080687139385,-1.56276425682162,-0.831486854781667,0,-0.0930309953194633,0.527366528655686,1.17070102465946,-0.966425658098632,-0.267590775509573,-0.350451326370567,-0.797595882078731,-0.0998707974396848,-0.0692112518235939,-0.410266899197836,0.726778158175171,-1.33549558071953,-1.0828566761904,0.468684774050096,-0.767532904424768,-0.202993708003753,-0.0191459895266863,-0.303642030474405,-0.174484289948059,0.0152822700148413,0.112658392690295,1.07402362135981,-0.527680489439249,-0.177318504788345
"2494",0,-0.346763866306412,0.499427392951127,0.290919690251838,-0.112778137651287,-0.813775052877421,-0.416428649433891,-0.135962069060475,-0.0247411626405223,-0.314012775301545,0.44964680817177,-1.66048104972828,-0.34196587835462,-0.0550390494789284,-0.540830462877054,-0.1555961886108,-0.0445734002443183,1.27427676266156,0.0702277330491799,-1.12999301782559,-0.363535965128757,0.611722039829717,-0.574697546273115,-0.113860786417039,-0.0382639442739243,0.849104702984884,0.924647769019562,-0.205019902303017,0.0537348467377536,1.36852100217096,0.443529453395639,-0.048236570436645,-0.0330109162638679,-0.639535815693025,-0.107343437741059,-0.0304520336298728,-0.562776563038745,-0.711805744444711,1.46221250555829,0,-0.0930309953194633,-0.481588184154324,-0.984477210668762,-1.12171262543579,-1.26160056962335,-1.30887624003008,1.7165922022064,-0.0998707974396848,-0.0692112518235939,-0.410266899197836,-0.856559972135023,-1.91880986810783,-1.83290722328817,-0.715937291873794,1.25875985150291,-0.202993708003753,-0.0191459895266863,-0.303642030474405,0.628218168302089,0.93422270303842,0.904845870642121,1.24589991284416,0.209604697681432,-0.177318504788345
"2495",0,0.767805440878689,1.62051638384327,-0.175267190438608,-2.54900759641992,-0.992685559626734,-0.416428649433891,-0.135962069060475,-0.0247411626405223,0.993917662786584,0.633017159478461,1.06960504576937,-0.974290212048683,-1.30189871513597,-0.616638582177041,-0.1555961886108,0.151225624523817,1.27427676266156,-1.11962895073218,1.1984942795887,-0.200184221487392,-1.29347794903808,-0.574697546273115,-0.113860786417039,-0.0382639442739243,-0.759253601238671,-0.891026072830251,0.811829186517271,-1.53432688309958,-1.3031392155474,-0.650039470011399,-0.048236570436645,-0.0330109162638679,-0.639535815693025,-0.267195610195108,0.452430213929543,-1.73997671328813,-1.56276425682162,-0.831486854781667,0,-0.0930309953194633,0.19104829105235,1.3246423271829,-0.500564756087173,-1.26160056962335,-1.48080674570224,-0.797595882078731,-0.0998707974396848,-0.0692112518235939,1.52669651747532,1.43048399386859,-0.16886700594293,-0.332806129092624,0.127795813586543,0.245613473539072,-0.202993708003753,-0.0147794972883899,0.728815661816031,1.4289026035428,0.93422270303842,0.904845870642121,1.4177762043285,1.13898302839537,-0.177318504788345
"2496",0,-0.346763866306412,0.225000490774369,0.0578262499066152,0.551737763681986,-0.455954039378794,-0.416428649433891,-0.135962069060475,-0.0247411626405223,0.33995244374252,0.633017159478461,-2.405049984864,-1.39583976784473,0.449905794399818,-0.540830462877054,-0.1555961886108,-0.0445734002443183,0.410193187752585,0.41018678555814,-1.12999301782559,-0.363535965128757,0.391336929516866,0.552265305433806,0.0624265152482215,-0.0382639442739243,-0.43758194039396,0.760911751661556,-0.543969598576446,0.688959538672687,-0.635224161117807,-0.650039470011399,-0.048236570436645,-0.0330109162638679,-0.639535815693025,-0.107343437741059,1.09627321067543,-1.06729091314562,-1.56276425682162,-0.831486854781667,0,-0.0930309953194633,-0.481588184154324,0.0931119069953467,1.36287885195866,-0.627998525224387,-1.48080674570224,-0.776297302714666,-0.0998707974396848,-0.0692112518235939,-0.410266899197836,0.374925240328461,0.608885377241471,0.229731781230706,-0.917445630166771,-0.767532904424768,-0.202993708003753,-0.0191459895266863,-0.303642030474405,0.227875950681732,0.93422270303842,-0.0853884767976621,-1.1603681679367,-0.658754987812009,-0.177318504788345
"2497",0,-0.346763866306412,-0.0991117271652847,0.990200011287507,-1.44159853924067,-0.992685559626734,-0.416428649433891,-0.135962069060475,-0.0247411626405223,-0.640995384823577,-1.56742705620183,1.06960504576937,0.501133233237465,-1.40155863315559,-0.540830462877054,-0.1555961886108,-0.0445734002443183,-0.741918245459386,0.24020725930366,1.56338145586488,1.43333321492626,-0.975944617560112,-0.574697546273115,-0.113860786417039,-0.0382639442739243,-0.759253601238671,-0.467543221040525,0.472879490243842,1.00657188464015,0.19966965691918,-0.650039470011399,-0.048236570436645,-0.0330109162638679,-0.639535815693025,-1.2263086449194,-1.47909877630812,0.614423587210637,0.819919577833732,-0.831486854781667,0,-0.0864940743946548,-0.481588184154324,-0.984477210668762,-1.12171262543579,0.164004030274312,1.27008134505226,-0.111908222728241,-0.0998707974396848,-0.0692112518235939,-0.410266899197836,0.198998781405106,0.414447281445371,1.16132560348762,1.14027554013895,0.853501300317375,5.94507179709886,-0.0191459895266863,-0.303642030474405,-0.372637375748804,0.0152822700148413,0.310705262178251,1.58965249581285,3.40450717520438,12.9496627249198
"2498",0,-0.435371446720888,-1.17387929654563,-1.34073439216472,0.108774140810285,-0.992685559626734,-0.416428649433891,-0.135962069060475,-0.0247411626405223,-0.661741708339954,-1.01731600228176,0.573225755678888,-1.39583976784473,-1.40155863315559,-0.540830462877054,-0.1555961886108,-0.0445734002443183,-0.453890387156393,0.392551436872761,-0.624985304008629,-1.18029468333559,-1.13471128329909,2.80619100884765,-0.113860786417039,-0.0286402707100998,-0.115910279549249,1.08838378637757,-1.2218689911233,-1.53432688309958,0.032690893311783,2.35727506935795,-0.048236570436645,-0.0330109162638679,0.28811274703799,1.33132611434538,0.935312461488958,-0.0582622129318667,0.990111280309114,0.409962103723642,0,-0.0930309953194633,-0.481588184154324,-0.676594605621874,0.741730982610052,0.95600658577301,0.754289828035795,-0.569033328961901,-0.125567168947377,-0.0692112518235939,-0.410266899197836,-1.38433934890509,-1.91880986810783,0.41724441800515,-0.715937291873794,-0.767532904424768,-0.202993708003753,-0.0191459895266863,-0.303642030474405,-1.17332181098952,-1.13339327126463,0.310705262178251,-1.1603681679367,-0.527680489439249,-0.177318504788345
"2499",0,1.88237474806379,1.4055628699672,0.290919690251838,0.773219575117836,1.86988254836228,1.63679146148519,-0.135962069060475,-0.0247411626405223,0.0129698342204877,0.999757862091843,-1.41229140468304,-2.23893887943681,-1.40155863315559,-0.294464016843139,-0.1555961886108,-0.0445734002443183,-0.453890387156393,1.09010489057606,0.89003783744226,0.12651926579534,-1.29347794903808,-0.574697546273115,-0.113860786417039,-0.0382639442739243,-0.115910279549249,0.433439716945544,-0.543969598576446,0.212541019721487,0.867584711348771,-0.650039470011399,-0.048236570436645,-0.0330109162638679,-0.639535815693025,-1.2263086449194,-1.76234647250492,-1.73997671328813,0.309344470407584,0.8887876654733,0,-0.0930309953194633,-0.145269946550987,-0.830535908145318,-1.12171262543579,-1.26160056962335,-0.105362700324987,1.03090454285591,-0.0998707974396848,-0.0692112518235939,2.4951782258119,0.374925240328461,-1.91880986810783,-1.27036931296484,0.971528919046879,0.522766463454009,-0.202993708003753,-0.0191459895266863,1.76127335410647,1.82924482116316,0.93422270303842,0.112658392690295,0.405117573611808,-0.527680489439249,-0.177318504788345
"2500",0,-0.346763866306412,-1.17387929654563,-1.85212564600336,-0.112707670625565,-0.634864546128108,-0.416428649433891,-0.135962069060475,-0.0247411626405223,-0.798973239220107,-1.93416775881521,-0.915912114592555,0.290358455339444,-1.40155863315559,0.144090399100552,-0.1555961886108,-0.0445734002443183,-0.741918245459386,-0.647261383876427,1.39504555125922,-0.526887708770123,-0.658411286082146,1.67922815714073,-0.113860786417039,-0.0382639442739243,-0.43758194039396,0.59717573430355,-0.205019902303017,-1.53432688309958,0.366648420526578,2.0838828385062,-0.048236570436645,-0.0330109162638679,2.14340987250002,1.33132611434538,-0.191412782816345,-0.660298142119658,1.1603029827845,1.17550008551579,0,-0.0930309953194633,1.5363212414657,0.862818419612568,0.741730982610052,0.79760607467327,0.926220333707951,-0.569033328961901,-0.0998707974396848,-0.0692112518235939,-0.410266899197836,-1.38433934890509,-1.91880986810783,0.792269691554037,-0.209697428597592,-0.767532904424768,-0.202993708003753,-0.0191459895266863,-0.303642030474405,-1.17332181098952,-2.05233370428821,0.904845870642121,-0.472863001999315,-0.527680489439249,-0.177318504788345
"2501",0,0.767805440878689,0.462250473817632,-0.874547511474277,0.108774140810285,1.69097204161296,-0.123111490731166,-0.135962069060475,-0.0247411626405223,-0.640995384823577,0.999757862091843,1.06960504576937,1.13345756693153,0.113275898480654,-0.294464016843139,-0.246004705595145,-0.0445734002443183,-0.741918245459386,0.58016631181262,1.05837374204791,-0.690239452411488,-1.29347794903808,-0.574697546273115,-0.113860786417039,-0.0382639442739243,-0.43758194039396,0.0701107030790105,1.1507788827907,0.530153365688954,-0.969181688332602,-0.650039470011399,-0.048236570436645,-0.0330109162638679,-0.497191099754359,-0.746752127557253,-1.31813802712165,0.446252137175011,0.139152767932202,-0.831486854781667,0,-0.0930309953194633,-0.481588184154324,-0.984477210668762,-1.12171262543579,-0.00439412461420313,1.27008134505226,-0.797595882078731,-0.0998707974396848,-0.0692112518235939,-0.410266899197836,0.0230723224817513,-1.72437177231173,-0.332806129092624,1.14027554013895,-0.564903628832,-0.202993708003753,-0.0191459895266863,1.76127335410647,0.572378159895029,0.93422270303842,0.904845870642121,0.730271038391115,-0.527680489439249,-0.177318504788345
"2502",0,-0.346763866306412,0.673083160998122,0.990200011287507,0.330255952246136,0.529174537346796,0.463522826674285,-0.00878229952467581,-0.0247411626405223,0.33995244374252,0.999757862091843,-0.171343179456834,-0.552740656252641,-0.0550390494789284,-0.294464016843139,-0.1555961886108,-0.0445734002443183,0.698221046055578,1.09010489057606,-0.241751412238526,0.289871009436705,-1.13471128329909,-0.574697546273115,-0.113860786417039,-0.0382639442739243,1.81411968551902,1.08838378637757,0.468549232187237,1.00657188464015,-0.301266633903012,-0.650039470011399,-0.048236570436645,-0.0330109162638679,1.21576130976901,0.532065252075134,-0.996216528748704,-0.226433662967493,0.309344470407584,-0.831486854781667,0,-0.0930309953194633,-0.481588184154324,-0.984477210668762,-1.12171262543579,-0.627998525224387,0.582359322363638,-0.797595882078731,-0.0998707974396848,-0.0692112518235939,-0.410266899197836,0.374925240328461,0.803323473037571,0.229731781230706,1.14027554013895,-0.767532904424768,-0.202993708003753,-0.0191459895266863,-0.303642030474405,0.628218168302089,0.0152822700148413,0.112658392690295,-0.129110419030621,-0.527680489439249,-0.177318504788345
"2503",0,-0.346763866306412,-1.17387929654563,-2.73929503423606,0.330255952246136,1.69097204161296,0.463522826674285,-0.135962069060475,-0.0247411626405223,-0.640995384823577,-1.93416775881521,-0.667722469547314,1.13345756693153,1.29148053419773,1.18373465936035,-0.1555961886108,-0.0445734002443183,-0.453890387156393,-0.304947414672673,1.56338145586488,1.43333321492626,1.24678870278565,-0.292956833346385,-0.113860786417039,0.0960485539139038,1.17077636382959,1.08838378637757,0.981304034653986,0.688959538672687,1.36852100217096,-0.10325500830788,-0.048236570436645,-0.0330109162638679,0.906545122192,0.532065252075134,-1.15717727793518,0.950766487281889,0.990111280309114,-0.831486854781667,0,-0.0930309953194633,-0.481588184154324,-0.984477210668762,-1.12171262543579,0.95600658577301,0.926220333707951,-0.797595882078731,-0.0998707974396848,-0.0692112518235939,-0.410266899197836,-1.38433934890509,-1.91880986810783,1.16729496510292,0.465289055770677,-0.767532904424768,-0.202993708003753,-0.0191459895266863,-0.303642030474405,-1.17332181098952,-2.7415390290559,-0.0853884767976621,1.07402362135981,-0.527680489439249,-0.177318504788345
"2504",0,-0.346763866306412,-0.529018754917424,-0.527616767001982,-0.555671293497266,-0.992685559626734,-0.416428649433891,-0.135962069060475,-0.0247411626405223,-0.410243375420944,-0.283834597054994,1.06960504576937,1.13345756693153,-0.559983893357675,-0.540830462877054,-0.1555961886108,-0.0445734002443183,-0.741918245459386,-0.0997517932053001,1.27380275159047,1.43333321492626,-0.0233446231262145,-0.574697546273115,-0.113860786417039,-0.0382639442739243,-0.759253601238671,-0.385240369844486,1.1507788827907,1.00657188464015,-0.134287870295615,-0.650039470011399,-0.049335153206293,-0.0330109162638679,-0.639535815693025,0.691917424529183,1.09627321067543,0.950766487281889,-0.371422339493946,-0.831486854781667,0,-0.0930309953194633,-0.481588184154324,0.591037129352719,1.36287885195866,1.27280760797249,-0.105362700324987,-0.797595882078731,-0.0998707974396848,-0.0692112518235939,-0.528971328469584,-0.0541173884773194,1.19219966462977,1.16729496510292,0.465289055770677,-0.767532904424768,-0.202993708003753,-0.0758585761396516,-0.303642030474405,-0.772979593369162,-1.13339327126463,-0.283435346285619,-0.472863001999315,-0.527680489439249,-0.177318504788345
"2505",0,-0.346763866306412,-0.0991117271652847,0.290919690251838,0.994701386553687,-0.455954039378794,-0.416428649433891,-0.135962069060475,-0.0247411626405223,-0.314012775301545,0.816387510785152,0.821415400724128,1.13345756693153,-0.0550390494789284,-0.540830462877054,-0.1555961886108,0.0761520886060514,0.698221046055578,-0.26973131945978,-0.28831349479732,1.43333321492626,0.647594349520518,-0.574697546273115,-0.113860786417039,-0.0382639442739243,-0.115910279549249,0.433439716945544,1.1507788827907,1.00657188464015,1.36852100217096,0.307924741496943,-0.048236570436645,-0.0330109162638679,-0.0211034405390152,1.01162176943728,1.09627321067543,0.782595037246263,0.139152767932202,0.602075245430805,0,-0.0930309953194633,-0.481588184154324,-0.830535908145318,1.36287885195866,0.480805052473791,-1.48080674570224,-0.797595882078731,-0.0998707974396848,-0.0692112518235939,-0.410266899197836,-0.504707054288313,1.19219966462977,-0.332806129092624,-1.55967039733413,-0.767532904424768,-0.202993708003753,-0.0191459895266863,-0.303642030474405,0.42804705949191,0.474752486526631,-1.86781030218927,-1.1603681679367,-0.527680489439249,-0.177318504788345
"2506",0,0.767805440878689,2.05042341159541,-0.874547511474277,-1.47552229033194,-0.813775052877421,0.17020566797156,-0.135962069060475,0.20024648215039,1.97486549135268,0.999757862091843,-0.915912114592555,-2.23893887943681,0.618220742359401,3.15466622763167,-0.1555961886108,-0.0445734002443183,1.27427676266156,1.09010489057606,0.721701932836606,0.453222753078071,1.24678870278565,1.397487444214,-0.113860786417039,-0.0382639442739243,-0.115910279549249,0.924647769019562,1.1507788827907,0.936459195189207,0.815622384170129,-0.10325500830788,-0.048236570436645,-0.0330109162638679,-0.639535815693025,-0.906604300011301,0.452430213929543,0.235099824097402,-0.0310389345431809,-0.831486854781667,0,-0.0930309953194633,-0.481588184154324,-0.531435152282209,1.36287885195866,0.63920556357353,-1.48080674570224,-0.960351792587015,-0.0998707974396848,-0.0692112518235939,-0.410266899197836,0.374925240328461,0.997761568833671,-1.64539458651373,-1.55967039733413,-0.767532904424768,-0.202993708003753,-0.0191459895266863,-0.303642030474405,1.80860596215052,-0.214452838241053,-2.26390404116519,-1.1603681679367,-0.527680489439249,-0.177318504788345
"2507",0,-0.346763866306412,1.62051638384327,0.990200011287507,0.0663716291860075,0.0807774808691453,-0.416428649433891,-0.135962069060475,-0.0247411626405223,-0.640995384823577,0.816387510785152,0.573225755678888,0.922682789033507,1.12316558623815,0.198268875224692,-0.1555961886108,-0.0445734002443183,-0.741918245459386,0.0702277330491799,0.721701932836606,-0.0368324778460259,0.7704887055687,-0.292956833346385,-0.113860786417039,-0.0382639442739243,-0.759253601238671,-1.53139249135053,0.642354338380556,1.00657188464015,-0.134287870295615,-0.650039470011399,-0.048236570436645,-0.0330109162638679,0.146063329499898,0.372213079621086,1.09627321067543,0.818208477348628,-1.56276425682162,-0.831486854781667,0,-0.0257294377382572,0.378907677134313,1.3246423271829,-0.500564756087173,0.95600658577301,-0.96501522868577,-0.797595882078731,-0.0998707974396848,-0.0692112518235939,1.04245566330703,0.726778158175171,-1.14105748492343,1.16729496510292,-1.39092377624206,-0.767532904424768,-0.330834566622804,-0.0191459895266863,0.728815661816031,1.22873149473262,0.704487594782526,-1.07562282423745,-1.26988256405181,-0.527680489439249,-0.177318504788345
"2508",0,-0.346763866306412,-0.529018754917424,-0.175267190438608,0.773219575117836,1.69097204161296,0.756839985377011,-0.041134796602412,-0.0247411626405223,0.0129698342204877,0.633017159478461,-0.915912114592555,-1.39583976784473,1.12316558623815,0.691001767292522,-0.1555961886108,0.151225624523817,1.27427676266156,0.24020725930366,-0.961657113219938,0.943277984002168,1.08802203704667,-0.292956833346385,-0.113860786417039,-0.0382639442739243,-0.43758194039396,0.269703699587538,0.472879490243842,1.2213765738439,1.36852100217096,0.716921684247398,-0.048236570436645,-0.0330109162638679,-0.639535815693025,-1.2263086449194,-1.47909877630812,-0.394605113003119,0.479536172882967,-0.831486854781667,0,-0.0930309953194633,-0.196218367136385,-0.984477210668762,-0.655851723424326,1.11440709687275,-0.407546984686245,-0.797595882078731,-0.204577849228948,-0.0692112518235939,-0.410266899197836,-1.38433934890509,0.220009185649271,-0.520318765867068,-1.55967039733413,-0.767532904424768,-0.202993708003753,-0.0191459895266863,-0.303642030474405,-1.17332181098952,0.245017378270736,-1.47171656321336,-0.838163765785579,-0.527680489439249,-0.177318504788345
"2509",0,-0.23790304557358,-0.0991117271652847,0.990200011287507,-0.334189482061415,-0.813775052877421,-0.416428649433891,-0.135962069060475,-0.0247411626405223,0.977609791150763,0.633017159478461,0.325036110633647,-0.0746826985828855,0.618220742359401,-0.540830462877054,-0.1555961886108,-0.0445734002443183,2.71441605417653,1.09010489057606,-0.456649399402975,-0.765998388897135,1.08802203704667,0.27745894548535,-0.113860786417039,-0.0382639442739243,2.77913466805315,0.433439716945544,-1.39134383926002,-1.53432688309958,-0.134287870295615,1.81049060765444,-0.048236570436645,-0.0330109162638679,2.14340987250002,0.630865027423176,-1.47909877630812,-1.73997671328813,-1.05218914939548,3.18248702581325,0,-0.0930309953194633,1.5363212414657,1.36589132206656,-1.12171262543579,-1.56114584031567,0.0665678053471691,2.85940496779055,-0.0998707974396848,-0.0692112518235939,-0.410266899197836,1.07863107602188,-0.16886700594293,-0.145293492318181,1.14027554013895,1.46138912709568,-0.202993708003753,-0.0191459895266863,-0.303642030474405,-0.172466266938626,0.704487594782526,0.904845870642121,1.4177762043285,-0.281918760399022,-0.177318504788345
"2510",0,-0.346763866306412,1.62051638384327,0.646766012447034,0.773219575117836,-0.164359073733714,-0.416428649433891,-0.135962069060475,-0.0247411626405223,0.993917662786584,0.999757862091843,-1.1641017596378,0.0795836774414227,0.786535690318983,-0.540830462877054,-0.1555961886108,-0.0445734002443183,1.56230462096456,1.09010489057606,-0.793321208614283,-1.01694293969422,0.929255371307683,1.11574673128727,-0.113860786417039,-0.0382639442739243,1.81411968551902,0.924647769019562,-1.56081868739673,-1.53432688309958,0.032690893311783,2.35727506935795,-0.048236570436645,-0.0330109162638679,2.45262606007703,0.691917424529183,-1.47909877630812,-1.73997671328813,-0.881997446920094,2.60906218572827,0,-0.0930309953194633,3.21791242948238,1.13798269865872,-1.12171262543579,-1.26160056962335,-0.277293205997144,1.94515475532323,-0.0998707974396848,-0.0692112518235939,2.97941907998019,1.25455753494524,-1.14105748492343,-0.895344039415955,0.261192870972861,0.853501300317375,-0.202993708003753,-0.0191459895266863,-0.303642030474405,1.4289026035428,0.93422270303842,0.904845870642121,0.558394746906768,-0.0141872445893487,-0.177318504788345
"2511",0,-0.346763866306412,0.760702328338993,0.990200011287507,0.994701386553687,1.86988254836228,3.10337725499881,-0.135962069060475,-0.0247411626405223,-0.640995384823577,-0.431999715593397,-0.879030685697711,-0.520626309214127,0.954850638278565,1.9228339974621,-0.1555961886108,-0.0445734002443183,-0.741918245459386,-1.28960847698666,-0.547681196460936,-0.526887708770123,1.08802203704667,-0.292956833346385,-0.113860786417039,-0.0382639442739243,-0.759253601238671,-0.057768335128474,1.1507788827907,1.00657188464015,1.36852100217096,2.90405953106147,-0.048236570436645,-0.0677629935268027,-0.639535815693025,-0.906604300011301,0.774351712302486,0.782595037246263,-0.371422339493946,-0.544774434739172,0,-0.0930309953194633,-0.864544803257311,-0.984477210668762,1.05230491728436,-0.152796991925168,-1.48080674570224,-0.797595882078731,-0.243801761956193,-0.0692112518235939,-0.410266899197836,-0.333615215960232,0.803323473037571,-1.83290722328817,-1.55967039733413,-0.767532904424768,-0.202993708003753,-0.0191459895266863,-0.303642030474405,0.828389277112268,-0.673923054752843,-2.26390404116519,-1.1603681679367,-0.460119497414231,-0.177318504788345
"2512",0,-0.346763866306412,-0.314065241041354,0.290919690251838,0.994701386553687,0.438598494367772,-0.416428649433891,-0.135962069060475,-0.0247411626405223,0.859279673546332,0.999757862091843,-0.667722469547314,0.0795836774414227,0.618220742359401,-0.540830462877054,-0.1555961886108,-0.0445734002443183,1.85033247926755,0.24020725930366,-0.456649399402975,1.43333321492626,-0.34087795460418,-0.574697546273115,-0.113860786417039,-0.0382639442739243,0.245391708473554,-0.22150435248648,0.981304034653986,1.00657188464015,0.700605947741373,-0.376647239159639,-0.048236570436645,-0.0330109162638679,-0.639535815693025,-0.756696341728124,-0.513334281189288,-1.5718052632525,0.649727875358349,1.46221250555829,0,-0.0930309953194633,-0.307406065550938,-0.134960724671332,-0.81155446560513,-1.26160056962335,0.0665678053471691,1.03090454285591,-0.0998707974396848,-0.0692112518235939,-0.410266899197836,0.902704617098525,-0.36330510173903,-0.145293492318181,0.971528919046879,0.0429841979463036,-0.202993708003753,-0.0191459895266863,-0.303642030474405,0.027704841871553,0.474752486526631,0.112658392690295,-0.300986710514968,-0.773888763632631,-0.177318504788345
"2513",0,-0.346763866306412,0.328579109910261,-0.874547511474277,-0.112707670625565,1.33315102811434,2.51674293759336,-0.135962069060475,-0.0247411626405223,-0.640995384823577,0.430096107165542,0.0768464655884069,-0.763515434150662,-0.728298841317257,0.444635321258607,-0.1555961886108,-0.0445734002443183,0.273356859379428,0.41018678555814,-1.12999301782559,-0.526887708770123,-1.29347794903808,-0.574697546273115,-0.113860786417039,-0.0382639442739243,0.849104702984884,1.08838378637757,1.1507788827907,1.00657188464015,1.03456347495617,0.561811968834799,-0.0111937918009328,-0.0179575742192926,-0.242885177528286,-0.107343437741059,-1.31813802712165,-1.73997671328813,0.819919577833732,0.8887876654733,0,-0.0930309953194633,-0.481588184154324,-0.984477210668762,-1.12171262543579,-1.26160056962335,0.582359322363638,0.116654330388589,-0.0998707974396848,-0.0692112518235939,2.97941907998019,0.401097859054937,-1.72437177231173,-0.707831402641512,0.465289055770677,-0.564903628832,-0.202993708003753,-0.0191459895266863,-0.303642030474405,0.42804705949191,0.245017378270736,-0.309059950040307,-0.816615584968009,-0.527680489439249,-0.177318504788345
"2514",0,-0.346763866306412,-0.202516344282212,0.290919690251838,0.330255952246136,-0.634864546128108,-0.416428649433891,-0.135962069060475,-0.0247411626405223,1.32090027230862,0.999757862091843,0.0768464655884069,-0.131191100456599,-0.0550390494789284,-0.292553358685739,-0.1555961886108,-0.0445734002443183,1.82283490575526,0.92012536432158,0.89003783744226,1.43333321492626,-0.34087795460418,-0.574697546273115,-0.113860786417039,-0.0382639442739243,2.45746300720844,1.00990252963033,1.1507788827907,0.530153365688954,-1.3031392155474,-0.650039470011399,-0.049335153206293,-0.0215921147357923,-0.33031962811602,0.691917424529183,1.09627321067543,0.278080687139385,0.819919577833732,0.315362825388311,0,-0.0930309953194633,-0.481588184154324,0.708877117089123,0.12058311326144,-1.26160056962335,-0.96501522868577,1.54517357469566,-0.0998707974396848,-0.0692112518235939,-0.410266899197836,0.902704617098525,0.220009185649271,-0.332806129092624,-0.100529906591474,1.66401840268845,-0.202993708003753,-0.0191459895266863,-0.303642030474405,-0.572808484558983,0.704487594782526,-0.0853884767976621,-0.129110419030621,-0.527680489439249,-0.668418923387734
"2515",0,-0.346763866306412,-0.743972268793493,0.524013130597061,0.994701386553687,1.33315102811434,0.104216562457438,-0.135962069060475,-0.0247411626405223,-0.640995384823577,0.816387510785152,-0.667722469547314,-0.763515434150662,0.113275898480654,-0.540830462877054,-0.1555961886108,-0.0445734002443183,-0.741918245459386,0.7501458380671,-0.119977590191666,-0.363535965128757,-0.658411286082146,-0.530526912247487,-0.113860786417039,-0.0909846830221019,-0.759253601238671,0.269703699587538,1.1507788827907,1.00657188464015,1.36852100217096,0.17013722254388,-0.048236570436645,-0.0330109162638679,-0.639535815693025,-1.06645647246535,-0.67429503037576,-1.06729091314562,0.309344470407584,1.46221250555829,0,-0.0930309953194633,-0.481588184154324,-0.52265330309843,-1.12171262543579,-1.45670451599783,-0.277293205997144,1.25946709597274,-0.0998707974396848,-0.0692112518235939,0.558214809138742,1.43048399386859,0.220009185649271,-1.0828566761904,-0.209697428597592,1.25875985150291,-0.202993708003753,-0.0191459895266863,-0.303642030474405,-0.97315070217934,-0.444187946496948,0.508752131666208,1.4177762043285,0.209604697681432,-0.177318504788345
"2516",0,-0.346763866306412,1.83546989771934,0.990200011287507,0.0733718189856826,1.86988254836228,4.27664588980972,-0.135962069060475,-0.0525224841811277,-0.247398256827867,-0.467204948361685,0.0768464655884069,-0.552740656252641,1.29148053419773,2.16920044349601,-0.1555961886108,-0.0445734002443183,-0.741918245459386,-1.62956752949562,-1.12999301782559,-0.0368324778460259,1.08802203704667,0.270524592507076,-0.113860786417039,-0.0382639442739243,-0.759253601238671,-1.20392045663452,-0.374494750439731,0.688959538672687,1.03456347495617,0.17013722254388,-0.048236570436645,-0.0330109162638679,-0.639535815693025,0.691917424529183,1.09627321067543,0.614423587210637,0.479536172882967,0.8887876654733,0,-0.0930309953194633,-0.481588184154324,-0.830535908145318,1.20759188462151,-0.288984324555484,-1.48080674570224,-0.797595882078731,-0.0998707974396848,-0.352045187777927,-0.410266899197836,0.198998781405106,1.19219966462977,-1.83290722328817,-1.55967039733413,-0.767532904424768,-0.202993708003753,-0.0191459895266863,-0.303642030474405,2.02941592997334,0.0906786752598577,-2.26390404116519,-1.1603681679367,-0.527680489439249,-0.177318504788345
"2517",0,-0.346763866306412,-0.743972268793493,0.157306053914593,-1.85169557946593,-0.992685559626734,1.67545821159916,-0.135962069060475,-0.0247411626405223,-0.640995384823577,0.44964680817177,-0.171343179456834,-2.23893887943681,-1.06492873723642,3.15466622763167,2.77970488301997,-0.0445734002443183,0.410193187752585,1.09010489057606,-0.310994658373912,-1.18029468333559,0.7704887055687,1.67922815714073,-0.113860786417039,-0.0382639442739243,0.205761381295462,1.08838378637757,1.1507788827907,0.37134719270522,1.36852100217096,1.26370614595092,-0.048236570436645,-0.0330109162638679,-0.639535815693025,-0.906604300011301,0.191485114424604,0.782595037246263,0.139152767932202,-0.544774434739172,0,-0.0930309953194633,-0.481588184154324,-1.28711989686273,-0.500564756087173,0.431888945192239,-1.48080674570224,-0.797595882078731,-0.0998707974396848,-0.0692112518235939,-0.410266899197836,-1.38433934890509,0.608885377241471,-0.895344039415955,-1.55967039733413,-0.481672619602133,-0.202993708003753,-0.0912709356995593,-0.303642030474405,-0.772979593369162,0.0152822700148413,-2.26390404116519,-1.1603681679367,-0.527680489439249,-0.177318504788345
"2518",0,-0.346763866306412,-0.660819218806146,-0.408360630783831,0.551737763681986,0.0807774808691453,-0.416428649433891,-0.135962069060475,-0.0247411626405223,-0.640995384823577,-1.93416775881521,-0.915912114592555,1.13345756693153,0.281590846440236,-0.294464016843139,-0.1555961886108,-0.0445734002443183,-0.741918245459386,-1.62956752949562,0.721701932836606,1.43333321492626,-0.187791113783738,-0.574697546273115,-0.113860786417039,-0.0382639442739243,-0.759253601238671,-0.548976387202492,1.1507788827907,1.00657188464015,-0.635224161117807,-0.650039470011399,-0.048236570436645,-0.0330109162638679,0.597328934614995,0.691917424529183,0.774351712302486,0.950766487281889,-0.881997446920094,-0.831486854781667,0,-0.0930309953194633,-0.481588184154324,-0.984477210668762,0.12058311326144,1.27280760797249,-0.793084723013613,-0.797595882078731,-0.0998707974396848,-0.0692112518235939,-0.410266899197836,-1.38433934890509,0.220009185649271,1.16729496510292,-0.715937291873794,-0.767532904424768,-0.202993708003753,-0.0191459895266863,-0.303642030474405,-0.732617718950341,-1.36312837952053,0.904845870642121,1.58965249581285,1.19265161384234,-0.177318504788345
"2519",0,-0.346763866306412,0.545748814462924,0.990200011287507,-0.334189482061415,-0.813775052877421,-0.416428649433891,-0.135962069060475,-0.064995348517452,-0.640995384823577,0.818279176012211,-1.41229140468304,0.501133233237465,-0.728298841317257,-0.540830462877054,-0.1555961886108,-0.0445734002443183,-0.741918245459386,0.92012536432158,-0.624985304008629,0.779926240360802,-0.975944617560112,-0.574697546273115,-0.113860786417039,-0.0382639442739243,-0.759253601238671,0.281589936745986,1.1507788827907,0.530153365688954,-1.3031392155474,-0.650039470011399,-0.048236570436645,-0.0330109162638679,-0.639535815693025,-0.906604300011301,0.774351712302486,0.614423587210637,-0.541614041969328,-0.831486854781667,0,-0.0804200817432568,-0.145269946550987,-0.0257460036203684,-0.655851723424326,-1.10320005852361,0.754289828035795,0.313739452715316,-0.0998707974396848,-0.0692112518235939,1.04245566330703,1.07863107602188,-1.91880986810783,-1.83290722328817,-0.715937291873794,0.650872024724607,-0.202993708003753,-0.0339023568911823,-0.303642030474405,0.027704841871553,0.245017378270736,0.112658392690295,0.685657424790707,0.701128155761885,-0.177318504788345
"2520",0,-0.346763866306412,-1.17387929654563,-2.73929503423606,-0.777153104933116,1.33315102811434,-0.416428649433891,-0.135962069060475,-0.0247411626405223,-0.640995384823577,-1.93416775881521,-1.57413678129466,1.13345756693153,1.29148053419773,-0.540830462877054,-0.1555961886108,-0.0445734002443183,-0.741918245459386,-1.62956752949562,-0.961657113219938,0.874042182290012,0.929255371307683,-0.539943933691073,-0.113860786417039,-0.0382639442739243,0.527433042140173,0.433439716945544,0.981304034653986,1.00657188464015,0.791771648178367,-0.650039470011399,-0.0762276538598208,-0.0330109162638679,-0.639535815693025,-0.746752127557253,-0.835255779562232,0.950766487281889,0.819919577833732,-0.831486854781667,0,-0.0930309953194633,-0.481588184154324,-0.984477210668762,-1.12171262543579,1.11440709687275,1.27008134505226,-0.797595882078731,-0.0998707974396848,-0.0692112518235939,-0.410266899197836,-1.47978698518017,-1.91880986810783,0.41724441800515,1.14027554013895,-0.362274353239232,-0.202993708003753,-0.0912709356995593,-0.343191990105333,-1.17332181098952,-2.7415390290559,0.15888714359247,1.58965249581285,0.455366426721658,0.184739787059419
"2521",0,-0.346763866306412,-0.044625366868487,0.990200011287507,0.994701386553687,0.259687987618459,-0.416428649433891,-0.135962069060475,-0.0247411626405223,-0.640995384823577,0.44964680817177,0.821415400724128,0.501133233237465,0.449905794399818,-0.540830462877054,-0.1555961886108,-0.0445734002443183,-0.453890387156393,0.92012536432158,0.721701932836606,-1.01694293969422,-1.29347794903808,-0.574697546273115,-0.113860786417039,-0.0382639442739243,-0.115910279549249,1.08838378637757,1.1507788827907,-0.200699669153306,-0.802202924725205,-0.650039470011399,-0.048236570436645,-0.0330109162638679,-0.639535815693025,-0.230790137865875,-0.177562674403987,0.278080687139385,0.139152767932202,-0.831486854781667,0,-0.0930309953194633,-0.481588184154324,-0.984477210668762,-1.12171262543579,0.164004030274312,1.043606796709,-0.797595882078731,-0.0998707974396848,-0.0692112518235939,-0.180849154451436,-0.680633513211668,-0.36330510173903,0.979782328328481,0.971528919046879,-0.767532904424768,-0.202993708003753,-0.0191459895266863,-0.303642030474405,-0.0150575496080239,0.93422270303842,0.904845870642121,0.0427658724537265,-0.527680489439249,-0.177318504788345
"2522",0,1.88237474806379,-0.0991117271652847,-0.0831624838886559,-0.334189482061415,1.33315102811434,0.756839985377011,-0.135962069060475,-0.0247411626405223,0.33995244374252,0.999757862091843,0.325036110633647,0.290358455339444,0.449905794399818,0.198268875224692,-0.1555961886108,-0.0445734002443183,-0.741918245459386,1.09010489057606,-0.961657113219938,-0.565849715741036,-0.643634194320187,-0.574697546273115,-0.113860786417039,-0.0382639442739243,1.17077636382959,1.15146348269729,1.1507788827907,0.587385976872403,-0.969181688332602,-0.650039470011399,-0.048236570436645,-0.0330109162638679,0.28811274703799,0.0525087347129891,-0.835255779562232,-0.0582622129318667,-0.0310389345431809,-0.923266398024271,0,-0.0930309953194633,-0.481588184154324,-0.984477210668762,-1.12171262543579,0.00560351917457189,0.410428816691482,-0.797595882078731,-0.0998707974396848,-0.0692112518235939,-0.410266899197836,-1.20841288998173,-0.16886700594293,0.979782328328481,-1.05343053405793,-0.767532904424768,-0.202993708003753,-0.0191459895266863,1.76127335410647,2.02941592997334,0.0152822700148413,-1.86781030218927,-1.1603681679367,-0.527680489439249,-0.177318504788345
"2523",0,-0.346763866306412,0.330795300586854,0.161752174798681,-1.44159853924067,-0.455954039378794,-0.416428649433891,-0.135962069060475,-0.0247411626405223,0.33995244374252,0.816387510785152,-0.915912114592555,-1.35512459241466,1.29148053419773,0.198268875224692,-0.202574093998867,-0.0445734002443183,0.366395076869022,0.7501458380671,-0.961657113219938,-1.18029468333559,0.135422042612768,-0.574697546273115,-0.113860786417039,-0.0382639442739243,-0.759253601238671,0.0939092922829946,0.981304034653986,0.530153365688954,0.19966965691918,-0.650039470011399,-0.048236570436645,-0.0330109162638679,-0.639535815693025,-0.746752127557253,0.774351712302486,0.782595037246263,0.0454367109344097,-0.831486854781667,0,-0.0930309953194633,-0.481588184154324,1.17070102465946,-0.34527778875002,-0.786399036324126,0.926220333707951,-0.340470775845071,-0.0998707974396848,-0.0692112518235939,-0.410266899197836,1.43048399386859,-0.94661938912733,-0.895344039415955,0.971528919046879,-0.159645077646464,-0.202993708003753,-0.0191459895266863,-0.474177454606274,0.027704841871553,-0.214452838241053,-0.147612005443337,-0.129110419030621,-0.527680489439249,-0.177318504788345
"2524",0,-0.288870057089802,-0.743972268793493,-1.1076409518195,0.330255952246136,1.15424052136502,0.17020566797156,-0.135962069060475,-0.0247411626405223,-0.640995384823577,-0.100464245748303,-0.256385963000677,-0.974290212048683,0.618220742359401,0.937368213326437,-0.1555961886108,-0.0445734002443183,-0.1658625288534,1.09010489057606,-0.456649399402975,-1.01694293969422,0.7704887055687,1.67922815714073,-0.113860786417039,-0.0382639442739243,-0.759253601238671,0.760911751661556,0.811829186517271,-0.249234964336672,1.20154223856357,2.0838828385062,-0.048236570436645,-0.0330109162638679,-0.639535815693025,-0.425169420125308,-0.867409270146228,-1.5718052632525,0.479536172882967,0.602075245430805,0,-0.111305623815486,-0.481588184154324,-0.984477210668762,-1.12171262543579,-0.469598014124647,0.410428816691482,-0.797595882078731,-0.223013960014235,-0.0692112518235939,-0.410266899197836,-1.38433934890509,-1.52993367651563,0.792269691554037,-1.22217715515,-0.767532904424768,-0.202993708003753,-0.0191459895266863,-0.303642030474405,-1.17332181098952,-0.673923054752843,-0.438880556029167,-1.1603681679367,-0.527680489439249,-0.177318504788345
"2525",0,1.88237474806379,1.4055628699672,0.757106570942284,0.994701386553687,1.51206153486365,0.17020566797156,-0.135962069060475,-0.0247411626405223,1.32090027230862,0.999757862091843,0.821415400724128,0.0795836774414227,0.618220742359401,0.691001767292522,-0.1555961886108,-0.0445734002443183,0.410193187752585,1.09010489057606,-0.793321208614283,-1.18029468333559,-1.29347794903808,-0.574697546273115,-0.113860786417039,-0.0382639442739243,-0.43758194039396,0.59717573430355,-0.71344444671316,-1.53432688309958,-1.3031392155474,-0.650039470011399,-0.048236570436645,-0.0330109162638679,-0.639535815693025,0.532065252075134,-0.191412782816345,-1.73997671328813,-1.56276425682162,-0.831486854781667,0,-0.0930309953194633,-0.556273228446091,-0.214770698051542,1.36287885195866,-1.26160056962335,-1.48080674570224,-0.797595882078731,-0.0998707974396848,-0.0692112518235939,0.558214809138742,0.726778158175171,0.803323473037571,-1.83290722328817,-1.45174003319543,-0.767532904424768,-0.202993708003753,-0.0191459895266863,1.76127335410647,2.02941592997334,-0.0520409406888815,-2.26390404116519,-1.1603681679367,-0.527680489439249,-0.177318504788345
"2526",0,-0.346763866306412,-0.0991117271652847,0.990200011287507,-1.22011672780482,-0.992685559626734,-0.416428649433891,-0.117152682710621,-0.0247411626405223,-0.640995384823577,0.633017159478461,1.26456237266877,-1.60661454574275,-1.40155863315559,-0.540830462877054,-0.1555961886108,-0.0445734002443183,-0.741918245459386,1.09010489057606,1.05837374204791,-1.18029468333559,-1.29347794903808,-0.574697546273115,-0.113860786417039,-0.0909846830221019,-0.759253601238671,-1.04018443927651,-0.882919294849875,-1.53432688309958,-1.04119841474301,-0.650039470011399,-0.048236570436645,-0.0330109162638679,-0.33031962811602,0.0525087347129891,0.130508715556599,0.278080687139385,0.309344470407584,0.0286504053458163,0,-0.0930309953194633,0.863684766259023,1.47858362970634,1.05230491728436,0.0796371655055165,0.406388835508382,1.57103688744926,2.72950579183296,-0.0692112518235939,-0.410266899197836,1.07863107602188,0.608885377241471,-0.332806129092624,0.634035676862745,2.47453550505952,4.71545869607834,-0.0191459895266863,-0.303642030474405,-0.172466266938626,0.704487594782526,0.904845870642121,1.58965249581285,2.6672219880837,0.697813577192196
"2527",0,-0.346763866306412,-0.0991117271652847,-0.874547511474277,-0.777153104933116,0.796419507866398,3.39669441370154,3.57357020321637,-0.0247411626405223,-0.640995384823577,-0.100464245748303,0.0768464655884069,0.290358455339444,0.954850638278565,2.90829978159776,0.822837501932791,-0.0445734002443183,-0.741918245459386,-1.62956752949562,-1.12999301782559,-1.18029468333559,0.611722039829717,0.834006018360537,-0.113860786417039,-0.0382639442739243,-0.759253601238671,-1.20392045663452,-0.882919294849875,-0.2684548477725,0.272885141042964,-0.650039470011399,-0.048236570436645,-0.0330109162638679,-0.639535815693025,0.372213079621086,1.09627321067543,0.950766487281889,0.139152767932202,-0.831486854781667,0,-0.0930309953194633,-0.481588184154324,-0.984477210668762,0.12058311326144,0.480805052473791,-1.48080674570224,-0.797595882078731,-0.154492109164553,-0.0692112518235939,-0.410266899197836,-1.38433934890509,1.19219966462977,-0.520318765867068,-1.55967039733413,-0.682194079757343,-0.202993708003753,-0.0191459895266863,-0.303642030474405,0.227875950681732,0.93422270303842,-1.66976343270132,-1.1603681679367,-0.527680489439249,-0.177318504788345
"2528",0,-0.346763866306412,-0.288758618161662,0.757106570942284,-1.22011672780482,-0.992685559626734,-0.416428649433891,-0.135962069060475,-0.0247411626405223,-0.640995384823577,-0.467204948361685,0.821415400724128,-1.81738932364077,-1.40155863315559,-0.540830462877054,-0.1555961886108,-0.0445734002443183,-0.204428270337897,0.92012536432158,0.385030123625297,-1.18029468333559,-1.29347794903808,-0.574697546273115,-0.113860786417039,-0.0382639442739243,-0.115910279549249,1.08838378637757,0.133929793970413,-1.53432688309958,-1.3031392155474,-0.650039470011399,-0.048236570436645,-0.0330109162638679,1.83419368492302,1.33132611434538,0.291469464743071,-0.0582622129318667,-0.881997446920094,-0.518464691116753,0,-0.0930309953194633,1.20000300386236,1.47858362970634,1.36287885195866,0.480805052473791,1.27008134505226,0.57377943662225,-0.0998707974396848,-0.0692112518235939,0.695520822068547,1.25455753494524,1.19219966462977,0.229731781230706,1.14027554013895,1.46138912709568,-0.202993708003753,-0.0191459895266863,-0.303642030474405,-0.352636623208866,-0.214452838241053,0.706799001154165,0.491038988650509,-0.281918760399022,-0.177318504788345
"2529",0,0.767805440878689,1.08593147668279,0.290919690251838,-0.555671293497266,-0.634864546128108,-0.416428649433891,-0.135962069060475,0.00131510914950845,0.0129698342204877,0.999757862091843,1.06960504576937,1.13345756693153,0.954850638278565,-0.0480975708092236,-0.1555961886108,-0.0445734002443183,-0.741918245459386,0.7501458380671,0.553366028230951,-0.690239452411488,1.24678870278565,0.270524592507076,-0.113860786417039,-0.0382639442739243,-0.759253601238671,-0.712712404560498,0.981304034653986,0.777141026733146,0.867584711348771,-0.650039470011399,-0.166864636400317,-0.0330109162638679,-0.639535815693025,-1.06645647246535,0.935312461488958,0.782595037246263,-0.495931464948501,-0.831486854781667,0,-0.0930309953194633,-0.481588184154324,0.247053209518791,1.36287885195866,1.27280760797249,-0.663690624874972,-0.797595882078731,-0.0998707974396848,-0.0997749504719662,-0.410266899197836,1.43048399386859,0.608885377241471,0.967620970463504,-0.385228629786067,-0.767532904424768,-0.202993708003753,-0.0191459895266863,-0.303642030474405,1.22873149473262,0.0152822700148413,-0.481482215773575,-0.816615584968009,-0.527680489439249,-0.177318504788345
"2530",0,-0.346763866306412,0.975655842215063,0.990200011287507,0.773219575117836,-0.813775052877421,-0.587032014405892,-0.135962069060475,-0.0247411626405223,0.993917662786584,0.816387510785152,-0.915912114592555,0.922682789033507,-0.391668945398093,-0.540830462877054,-0.1555961886108,-0.0445734002443183,0.122165329449593,-0.60969037196874,-0.961657113219938,1.10662972764353,-0.658411286082146,-0.574697546273115,-0.113860786417039,-0.0382639442739243,-0.759253601238671,-1.0253622420846,0.133929793970413,1.00657188464015,0.867584711348771,-0.650039470011399,-0.048236570436645,-0.0330109162638679,-0.639535815693025,-1.2263086449194,-1.31813802712165,-0.562776563038745,1.1603029827845,1.17550008551579,0,-0.0930309953194633,-0.481588184154324,-0.830535908145318,-0.764593979549791,-1.26160056962335,1.09815083938011,0.80234198973908,-0.0998707974396848,-0.0692112518235939,-0.410266899197836,0.726778158175171,0.608885377241471,-0.707831402641512,1.14027554013895,0.245613473539072,-0.202993708003753,-0.0191459895266863,-0.303642030474405,0.628218168302089,0.93422270303842,0.904845870642121,0.386518455422421,-0.527680489439249,-0.177318504788345
"2531",0,-0.346763866306412,-1.17387929654563,-1.1076409518195,0.773219575117836,-0.992685559626734,-0.416428649433891,-0.135962069060475,-0.0247411626405223,-0.640995384823577,-1.93416775881521,-0.667722469547314,0.922682789033507,-1.40155863315559,-0.540830462877054,-0.1555961886108,-0.0445734002443183,-0.741918245459386,-1.28960847698666,1.39504555125922,-0.0368324778460259,-1.29347794903808,-0.574697546273115,-0.113860786417039,-0.0382639442739243,-0.759253601238671,-0.057768335128474,1.1507788827907,0.212541019721487,-0.46824539751041,-0.650039470011399,-0.048236570436645,-0.0330109162638679,2.14340987250002,1.33132611434538,1.09627321067543,0.950766487281889,0.990111280309114,1.17550008551579,0,0.217855669121997,1.20000300386236,0.862818419612568,1.05230491728436,1.27280760797249,1.27008134505226,1.03090454285591,-0.0998707974396848,-0.0692112518235939,-0.410266899197836,-1.38433934890509,-0.36330510173903,1.16729496510292,-1.55967039733413,0.0332481699867364,-0.202993708003753,-0.0191459895266863,-0.303642030474405,-1.17332181098952,-0.903658163008738,0.706799001154165,-0.988491876452356,-0.527680489439249,-0.177318504788345
"2532",0,-0.346763866306412,0.115841786710785,0.0578262499066152,-0.112707670625565,0.197661121813383,-0.00233469956102585,-0.135962069060475,-0.0247411626405223,-0.640995384823577,0.999757862091843,-0.667722469547314,1.13345756693153,-0.528390443699306,-0.540830462877054,-0.225284352833112,-0.0645819568684271,-0.889371805131414,-1.62956752949562,0.553366028230951,0.943277984002168,-1.29347794903808,-0.574697546273115,-0.113860786417039,-0.0980157101479449,-0.759253601238671,0.760911751661556,1.1507788827907,1.00657188464015,0.366648420526578,-0.376647239159639,-0.048236570436645,-0.0330109162638679,-0.639535815693025,0.0525087347129891,-1.15717727793518,-1.23546236318125,0.990111280309114,0.315362825388311,0,-0.0930309953194633,-0.481588184154324,-0.830535908145318,-1.17264243619663,-1.26160056962335,0.582359322363638,0.57377943662225,-0.0998707974396848,-0.0692112518235939,3.46365993414848,1.25455753494524,-0.75218129333123,-0.145293492318181,1.14027554013895,-0.159645077646464,-0.202993708003753,0.0617119411227797,-0.303642030474405,0.227875950681732,0.0152822700148413,0.310705262178251,-0.129110419030621,-0.527680489439249,-0.177318504788345
"2533",0,-0.346763866306412,-1.17387929654563,-1.80692127285517,1.14641112824161,1.33315102811434,0.17020566797156,-0.135962069060475,-0.0247411626405223,-0.640995384823577,-1.56742705620183,0.325036110633647,1.4358079883304,1.12316558623815,-0.540830462877054,-0.1555961886108,-0.0445734002443183,0.410193187752585,-0.551942021506606,1.56338145586488,1.28594294622656,0.135422042612768,-0.574697546273115,-0.113860786417039,-0.0382639442739243,0.205761381295462,0.105967682229532,1.42136709696699,1.00657188464015,-0.301266633903012,-0.650039470011399,-0.048236570436645,-0.0330109162638679,-0.639535815693025,-1.2263086449194,0.613390963116015,0.950766487281889,-1.56276425682162,-0.831486854781667,0,-0.0930309953194633,-0.481588184154324,-0.984477210668762,1.05230491728436,1.27280760797249,-1.30887624003008,-0.797595882078731,-0.0998707974396848,-0.0692112518235939,-0.410266899197836,-1.38433934890509,-0.16886700594293,1.16729496510292,0.127795813586543,-0.767532904424768,-0.202993708003753,-0.0191459895266863,-0.303642030474405,-1.17332181098952,-2.28206881254411,0.706799001154165,1.07402362135981,-0.281918760399022,-0.177318504788345
"2534",0,-0.346763866306412,1.19060935609113,0.990200011287507,-0.334189482061415,-0.813775052877421,-0.416428649433891,-0.135962069060475,-0.0247411626405223,0.666935053264552,0.999757862091843,-0.419532824502074,0.922682789033507,-0.0550390494789284,-0.549616959189334,-0.1555961886108,-0.0445734002443183,0.410193187752585,1.09010489057606,-0.31978336898206,0.616574496719437,0.7704887055687,-0.574697546273115,-0.113860786417039,-0.0382639442739243,-0.43758194039396,0.760911751661556,-0.543969598576446,-0.10507132624598,1.03456347495617,-0.650039470011399,-0.048236570436645,-0.0330109162638679,-0.639535815693025,-0.804330957228531,-1.47909877630812,0.278080687139385,0.139152767932202,-0.831486854781667,0,-0.0930309953194633,-0.481588184154324,-0.984477210668762,-0.189990821412867,1.27280760797249,-0.4492237116693,-0.797595882078731,-0.0998707974396848,-0.0692112518235939,-0.38107739279692,-0.504707054288313,0.997761568833671,0.979782328328481,-0.209697428597592,0.853501300317375,3.48584559505782,-0.0191459895266863,-0.303642030474405,0.828389277112268,0.93422270303842,0.904845870642121,1.58965249581285,3.40450717520438,5.0734739870949
"2535",0,-0.346763866306412,0.545748814462924,0.757106570942284,-0.334189482061415,-0.813775052877421,-0.416428649433891,-0.135962069060475,-0.0247411626405223,-0.640995384823577,0.816387510785152,0.325036110633647,0.922682789033507,0.281590846440236,-0.540830462877054,-0.1555961886108,-0.111531751188364,-0.741918245459386,1.09010489057606,-0.793321208614283,-1.18029468333559,0.929255371307683,-0.292956833346385,-0.113860786417039,-0.0382639442739243,-0.759253601238671,0.760911751661556,-0.71344444671316,-0.422683672213447,1.36852100217096,-0.10325500830788,-0.048236570436645,-0.0330109162638679,-0.343326093996093,-0.107343437741059,0.452430213929543,0.240190746433498,0.990111280309114,0.0286504053458163,0,-0.0930309953194633,-0.772898647099325,-0.984477210668762,-1.12171262543579,-1.26160056962335,0.754289828035795,0.116654330388589,-0.0998707974396848,-0.0692112518235939,-0.495333839820988,-0.328780595364958,-0.75218129333123,-0.145293492318181,1.14027554013895,-0.362274353239232,-0.202993708003753,-0.0191459895266863,-0.303642030474405,0.227875950681732,0.245017378270736,0.508752131666208,-0.644739293483662,-0.473911623785981,-0.177318504788345
"2536",0,-0.346763866306412,0.975655842215063,0.290919690251838,0.773219575117836,0.972534412376153,1.05015714407974,0.130626278889131,-0.0247411626405223,-0.640995384823577,-0.283834597054994,-1.66048104972828,-1.1850649899467,0.786535690318983,1.18373465936035,-0.1555961886108,-0.0445734002443183,-0.741918245459386,-1.62956752949562,-0.961657113219938,0.616574496719437,0.7704887055687,-0.574697546273115,-0.514552723961744,-0.0382639442739243,-0.759253601238671,-0.712712404560498,1.1507788827907,1.00657188464015,-0.802202924725205,-0.650039470011399,-0.048236570436645,-0.0330109162638679,-0.639535815693025,-0.906604300011301,0.0591630051477023,0.278080687139385,0.990111280309114,1.17550008551579,0,-0.0930309953194633,-0.481588184154324,-0.984477210668762,-1.12171262543579,-1.10320005852361,1.27008134505226,0.344592569175841,-0.0998707974396848,-0.0692112518235939,-0.410266899197836,-1.03248643105838,-0.36330510173903,0.604757054779594,0.443852087792299,-0.564903628832,-0.202993708003753,-0.0191459895266863,-0.303642030474405,0.828389277112268,0.704487594782526,-0.877575954749489,-1.1603681679367,-0.527680489439249,-0.177318504788345
"2537",0,-0.346763866306412,-1.17387929654563,0.990200011287507,0.551737763681986,-0.0981330258801679,-0.416428649433891,-0.172568886896139,-0.0247411626405223,-0.640995384823577,-0.650575299668376,1.06960504576937,1.13345756693153,-0.223353997438511,-0.540830462877054,-0.1555961886108,-0.12016755277347,-0.741918245459386,-0.43971084571426,1.56338145586488,1.43333321492626,-1.13471128329909,-0.574697546273115,-0.113860786417039,-0.0980157101479449,-0.759253601238671,0.433439716945544,1.1507788827907,0.197771899812477,-1.3031392155474,-0.650039470011399,-0.048236570436645,-0.0330109162638679,-0.639535815693025,1.01162176943728,1.09627321067543,-0.0582622129318667,-1.56276425682162,-0.831486854781667,0,-0.0930309953194633,-0.481588184154324,1.04697649930946,1.36287885195866,0.00560351917457189,-1.48080674570224,-0.797595882078731,-0.0998707974396848,-0.0692112518235939,-0.410266899197836,0.550851699251816,1.19219966462977,0.41724441800515,-1.55967039733413,-0.767532904424768,-0.209659240019755,-0.0912709356995593,-0.303642030474405,-0.772979593369162,0.182638731632528,0.222525391034616,0.0427658724537265,-0.527680489439249,-0.177318504788345
"2538",0,-0.346763866306412,-0.958925782669563,-0.165344695277599,0.994701386553687,1.69097204161296,0.463522826674285,-0.135962069060475,-0.0247411626405223,-0.314012775301545,0.44964680817177,0.234592058355508,-1.1850649899467,0.786535690318983,1.43010110539427,-0.1555961886108,-0.0445734002443183,0.986248904358571,1.31221890583496,0.216694219019643,-0.853591196052854,1.08802203704667,1.67922815714073,0.0295396634099863,-0.0382639442739243,2.45746300720844,1.08838378637757,1.1507788827907,1.00657188464015,1.46085661404438,1.26370614595092,-0.048236570436645,-0.0330109162638679,-0.33031962811602,-1.06645647246535,-0.513334281189288,0.782595037246263,0.819919577833732,-0.544774434739172,0,-0.137393995751644,-0.481588184154324,-0.984477210668762,-0.655851723424326,1.27280760797249,-0.621154217341457,-0.797595882078731,-0.0998707974396848,-0.0692112518235939,-0.410266899197836,-1.38433934890509,-0.16886700594293,0.792269691554037,-1.55967039733413,-0.767532904424768,-0.202993708003753,-0.0912709356995593,-0.303642030474405,-0.97315070217934,0.704487594782526,-0.877575954749489,-1.1603681679367,-0.527680489439249,-0.177318504788345
"2539",0,-0.346763866306412,0.545748814462924,0.524013130597061,-0.245841821556962,-0.992685559626734,-0.416428649433891,-0.135962069060475,-0.0247411626405223,-0.640995384823577,0.10487950826954,-1.90867069477352,0.0795836774414227,-0.0550390494789284,-0.540830462877054,-0.1555961886108,-0.0445734002443183,-0.741918245459386,-1.62956752949562,-1.12999301782559,0.289871009436705,-0.0233446231262145,-0.574697546273115,-0.113860786417039,-0.0382639442739243,-0.759253601238671,-1.20392045663452,0.133929793970413,0.146649334043898,-0.802202924725205,-0.650039470011399,-0.048236570436645,-0.0330109162638679,-0.639535815693025,-0.427047782649156,-0.0304520336298728,-0.226433662967493,0.990111280309114,-0.258062014696678,0,-0.0930309953194633,0.849646249033885,0.0469916833149916,-1.12171262543579,-1.26160056962335,0.238498311019326,0.80234198973908,-0.0998707974396848,-0.0692112518235939,2.97941907998019,0.726778158175171,-1.21426250781294,-1.64539458651373,0.802782297954812,0.650872024724607,-0.160957709032688,-0.0191459895266863,-0.303642030474405,0.42804705949191,0.93422270303842,0.904845870642121,0.558394746906768,-0.281918760399022,-0.177318504788345
"2540",0,-0.346763866306412,1.19060935609113,0.990200011287507,0.994701386553687,1.6507854685942,2.22342577889064,-0.135962069060475,-0.0247411626405223,-0.661908514558903,-1.38405670489514,-0.915912114592555,-0.552740656252641,1.12316558623815,2.41556688952993,-0.1555961886108,-0.0445734002443183,-0.741918245459386,-1.62956752949562,-1.12999301782559,-0.526887708770123,1.24678870278565,1.11574673128727,-0.190814682043147,0.00253193544590119,0.205761381295462,-0.22150435248648,-0.205019902303017,0.37134719270522,1.03456347495617,-0.650039470011399,-0.048236570436645,-0.0330109162638679,2.45262606007703,1.33132611434538,1.09627321067543,0.950766487281889,0.990111280309114,0.351757977422327,0,-0.0930309953194633,-0.145269946550987,-0.368712000574986,0.586444015272899,1.11440709687275,-0.798587660757338,-0.797595882078731,-0.236482674767187,-0.0692112518235939,-0.410266899197836,-0.525917831529121,0.144761671701428,-0.332806129092624,-1.55967039733413,-0.767532904424768,-0.202993708003753,-0.0338432573430967,-0.303642030474405,0.828389277112268,0.245017378270736,-2.06585717167723,-1.1603681679367,-0.527680489439249,-0.177318504788345
"2541",0,-0.346763866306412,-0.588621407514483,-0.175267190438608,0.330255952246136,1.86988254836228,2.81006009629609,-0.135962069060475,-0.0247411626405223,-0.640995384823577,-0.283834597054994,1.06960504576937,0.501133233237465,1.29148053419773,1.9228339974621,3.56923298483947,-0.0445734002443183,-0.741918245459386,0.7501458380671,1.56338145586488,1.43333321492626,1.24678870278565,3.93315386055457,9.1189094533411,-0.0382639442739243,-0.759253601238671,-0.427492671351334,0.303404642107127,0.639755325115223,1.96305772662124,3.17745176191323,-0.048236570436645,-0.0330109162638679,-0.639535815693025,-1.2263086449194,-1.47909877630812,-0.73094801307437,1.1603029827845,0.315362825388311,0,-0.0930309953194633,-0.401706530859009,-0.984477210668762,-0.811138690761479,1.11440709687275,-0.277293205997144,-0.797595882078731,-0.0998707974396848,-0.0692112518235939,-0.410266899197836,-1.38433934890509,0.608885377241471,0.572927046106631,-1.55967039733413,-0.767532904424768,-0.202993708003753,-0.0191459895266863,-0.303642030474405,-0.572808484558983,-0.114446368904224,-1.47171656321336,-1.1603681679367,-0.527680489439249,-0.177318504788345
"2542",0,-0.346763866306412,-1.17387929654563,-0.874547511474277,0.773219575117836,-0.0981330258801679,-0.416428649433891,-0.135962069060475,-0.0247411626405223,-0.640995384823577,-1.93416775881521,0.821415400724128,1.13345756693153,0.449905794399818,-0.540830462877054,-0.1555961886108,-0.111531751188364,-0.741918245459386,-0.26973131945978,1.56338145586488,1.09526485302715,0.7704887055687,-0.574697546273115,-0.113860786417039,-0.0382639442739243,1.49244802467431,1.08838378637757,0.918001462063483,1.00657188464015,1.36852100217096,0.443529453395639,-0.048236570436645,-0.0330109162638679,-0.0211034405390152,-0.586899955103205,-1.47909877630812,-0.0582622129318667,1.1603029827845,1.00846912274458,0,-0.0930309953194633,-0.481588184154324,-0.984477210668762,-1.12171262543579,0.00560351917457189,1.27008134505226,1.7165922022064,-0.0998707974396848,-0.0692112518235939,-0.410266899197836,-1.38433934890509,-0.55774319753513,0.792269691554037,1.14027554013895,0.647483985686916,-0.202993708003753,-0.0191459895266863,-0.303642030474405,-1.17332181098952,-0.96373281299471,0.904845870642121,0.386518455422421,-0.281918760399022,-0.177318504788345
"2543",0,-0.346763866306412,-1.17387929654563,-1.57382783250995,0.773219575117836,-0.634864546128108,-0.416428649433891,-0.135962069060475,-0.0247411626405223,-0.640995384823577,-1.75079740750852,0.821415400724128,-0.552740656252641,-1.40155863315559,-0.540830462877054,-0.1555961886108,-0.0445734002443183,-0.741918245459386,-0.26973131945978,0.89003783744226,-1.18029468333559,-1.48761354866885,-0.574697546273115,-0.113860786417039,-0.0382639442739243,-0.671270801588539,0.433439716945544,-0.205019902303017,-1.53432688309958,-1.3031392155474,-0.769141530994537,-0.048236570436645,-0.0330109162638679,-0.639535815693025,1.33132611434538,0.130508715556599,-0.394605113003119,-0.371422339493946,-0.831486854781667,0,-0.0930309953194633,-0.145269946550987,1.17070102465946,0.741730982610052,0.00560351917457189,0.0665678053471691,1.48802964908957,-0.0998707974396848,-0.0692112518235939,-0.410266899197836,-0.504707054288313,0.608885377241471,-1.64539458651373,-0.226274570342586,2.06927695387398,-0.202993708003753,-0.0191459895266863,-0.303642030474405,-1.17332181098952,-1.36312837952053,0.508752131666208,1.16299555734448,0.701128155761885,-0.177318504788345
"2544",0,0.161585233812404,0.760702328338993,0.990200011287507,-0.334189482061415,-0.992685559626734,-0.416428649433891,-0.051706313224159,-0.0247411626405223,1.32090027230862,0.266276456865079,-1.90867069477352,0.922682789033507,-1.06492873723642,-0.540830462877054,-0.1555961886108,-0.0445734002443183,-0.741918245459386,-1.62956752949562,-1.12999301782559,0.943277984002168,-0.817177951821129,-0.574697546273115,-0.113860786417039,-0.0382639442739243,-0.759253601238671,-1.45666121035141,0.133929793970413,0.444956817990604,-1.13616045194,-0.650039470011399,-0.048236570436645,-0.0330109162638679,-0.639535815693025,-1.2263086449194,-0.513334281189288,0.446252137175011,0.309344470407584,-0.831486854781667,0,-0.0930309953194633,-0.481588184154324,-0.984477210668762,-1.26501714968182,-1.26160056962335,0.926220333707951,0.116654330388589,-0.0998707974396848,-0.0692112518235939,1.04245566330703,0.374925240328461,-1.72437177231173,-1.83290722328817,0.127795813586543,0.853501300317375,-0.202993708003753,-0.0191459895266863,-0.303642030474405,0.828389277112268,0.93422270303842,1.06810620860644,1.4177762043285,0.209604697681432,-0.177318504788345
"2545",0,-0.346763866306412,-0.958925782669563,-0.175267190438608,0.551737763681986,0.796419507866398,-0.123111490731166,-0.135962069060475,-0.0247411626405223,-0.314012775301545,-0.251588618893405,-0.419532824502074,-0.552740656252641,0.618220742359401,1.43010110539427,-0.1555961886108,-0.0445734002443183,0.986248904358571,0.24020725930366,-0.7019151635661,-1.01694293969422,0.7704887055687,0.552265305433806,-0.113860786417039,-0.0382639442739243,-0.115910279549249,0.924647769019562,0.472879490243842,0.847765711656421,-0.301266633903012,-0.650039470011399,-0.048236570436645,-0.0330109162638679,-0.639535815693025,0.851769596983231,1.09627321067543,0.782595037246263,-1.22238085187086,-0.785910644048614,0,-0.0930309953194633,-0.145269946550987,1.17070102465946,-1.12171262543579,-0.549749122038895,0.270447621953571,-0.581142142819358,-0.0998707974396848,-0.0692112518235939,-0.410266899197836,0.198998781405106,-1.28392136237146,-1.0828566761904,1.14027554013895,-0.767532904424768,-0.202993708003753,-0.0191459895266863,-0.303642030474405,-0.97315070217934,-0.673923054752843,0.706799001154165,0.558394746906768,-0.527680489439249,-0.177318504788345
"2546",0,-0.346763866306412,-0.396736201801454,0.0578262499066152,0.773219575117836,1.51206153486365,2.51674293759336,2.64618713514716,-0.0247411626405223,-0.640995384823577,-1.20068635358845,-1.1641017596378,-1.39583976784473,-0.559983893357675,2.90829978159776,2.77970488301997,-0.111531751188364,-0.741918245459386,-1.62956752949562,-1.12999301782559,-1.32563648872207,0.135422042612768,2.52445029592092,-0.113860786417039,-0.0382639442739243,-0.759253601238671,-1.53139249135053,-1.56081868739673,-0.899102191164647,0.451280114724547,0.443529453395639,-0.342317343795572,-0.0330109162638679,-0.0211034405390152,0.0525087347129891,-0.0304520336298728,0.950766487281889,0.139152767932202,-0.831486854781667,0,-0.0930309953194633,0.527366528655686,0.862818419612568,1.36287885195866,0.164004030274312,-1.48080674570224,-0.797595882078731,-0.0998707974396848,-0.0692112518235939,-0.410266899197836,-0.504707054288313,0.803323473037571,-1.83290722328817,-1.55967039733413,-0.767532904424768,-0.202993708003753,-0.0191459895266863,-0.303642030474405,0.027704841871553,-0.673923054752843,-2.26390404116519,-1.1603681679367,-0.527680489439249,-0.177318504788345
"2547",0,2.99694405524889,1.83546989771934,-0.641454071129054,-0.935183149085986,-0.992685559626734,-0.416428649433891,-0.135962069060475,-0.0247411626405223,-0.640995384823577,-0.650575299668376,-0.419532824502074,1.13345756693153,-1.40155863315559,-0.685685201926804,-0.1555961886108,-0.0445734002443183,-0.741918245459386,-1.72692084433839,-0.793321208614283,1.10662972764353,-1.29347794903808,-0.574697546273115,-0.113860786417039,-0.0382639442739243,-0.759253601238671,-1.53139249135053,0.133929793970413,-0.0604283546531237,-1.3031392155474,-0.650039470011399,-0.048236570436645,-0.0330109162638679,-0.639535815693025,-0.746752127557253,0.935312461488958,-1.5718052632525,-1.56276425682162,-0.831486854781667,0,-0.0930309953194633,-0.145269946550987,1.01675972213601,0.12058311326144,-1.26160056962335,-1.48080674570224,-0.797595882078731,-0.0998707974396848,-0.0692112518235939,0.879937056718668,1.43048399386859,0.0255710898531705,0.41724441800515,0.971528919046879,-0.0322553739727876,-0.202993708003753,-0.0191459895266863,2.7937310463969,1.22873149473262,0.93422270303842,0.310705262178251,0.214642163938074,0.517466947893565,-0.177318504788345
"2548",0,-0.346763866306412,-1.17387929654563,-2.73929503423606,-2.32752578498407,1.51206153486365,0.756839985377011,-0.135962069060475,-0.0247411626405223,-0.640995384823577,-1.93416775881521,-2.90142927495448,-1.81738932364077,1.29148053419773,1.43010110539427,-0.1555961886108,-0.0445734002443183,-0.741918245459386,-1.62956752949562,-1.12999301782559,0.12651926579534,1.24678870278565,1.11574673128727,-0.113860786417039,-0.0382639442739243,-0.759253601238671,-1.53139249135053,-1.56081868739673,0.847765711656421,1.40429446319911,0.716921684247398,-0.048236570436645,-0.0330109162638679,-0.639535815693025,-1.2263086449194,-0.191412782816345,0.950766487281889,1.1603029827845,0.0286504053458163,0,-0.0930309953194633,-0.481588184154324,-0.0608293955280974,1.36287885195866,0.164004030274312,1.27008134505226,-0.797595882078731,-0.0998707974396848,-0.0692112518235939,0.558214809138742,-0.382460172570007,-0.36330510173903,-1.0828566761904,1.14027554013895,-0.767532904424768,-0.202993708003753,-0.0191459895266863,1.76127335410647,-0.372637375748804,-2.7415390290559,-1.86781030218927,1.4177762043285,0.209604697681432,-0.177318504788345
"2549",0,-0.346763866306412,-0.743972268793493,0.0578262499066152,-0.112707670625565,-0.813775052877421,-0.416428649433891,-0.135962069060475,-0.0247411626405223,-0.314012775301545,0.999757862091843,0.325036110633647,-0.34196587835462,0.110817805300645,-0.540830462877054,-0.1555961886108,-0.0445734002443183,0.410193187752585,0.7501458380671,-0.961657113219938,-1.18029468333559,0.452955374090734,-0.292956833346385,-0.098929406836276,-0.0382639442739243,1.17077636382959,-0.057768335128474,-1.56081868739673,-1.53432688309958,-0.0282544596930002,0.716921684247398,-0.048236570436645,-0.0100465375292208,0.597328934614995,0.212360907167038,-1.47909877630812,-1.73997671328813,-0.541614041969328,1.17550008551579,0,-0.0930309953194633,0.19104829105235,0.862818419612568,-1.12171262543579,-1.26160056962335,0.238498311019326,0.57377943662225,-0.0998707974396848,-0.0692112518235939,-0.410266899197836,0.374925240328461,-0.291391011975283,0.604757054779594,1.14027554013895,-0.103481156175789,-0.202993708003753,-0.0191459895266863,-0.303642030474405,-0.772979593369162,0.0152822700148413,0.508752131666208,-0.644739293483662,-0.527680489439249,-0.152742510617454
"2550",0,-0.346763866306412,-0.743972268793493,0.0578262499066152,-0.777153104933116,-0.992685559626734,-0.416428649433891,-0.135962069060475,-0.0247411626405223,-0.640995384823577,0.44964680817177,-0.171343179456834,-2.02816410153879,-1.40155863315559,-0.585683572403998,-0.1555961886108,-0.0445734002443183,-0.1658625288534,0.92012536432158,-0.419803498512571,-1.18029468333559,-1.06719551454756,-0.574697546273115,-0.113860786417039,0.0960485539139038,1.17077636382959,0.59717573430355,-1.56081868739673,-1.53432688309958,-1.3031392155474,-0.650039470011399,-0.048236570436645,-0.0330109162638679,1.83419368492302,1.01162176943728,0.130508715556599,0.109909237103759,-0.711805744444711,-0.831486854781667,0,-0.0930309953194633,0.863684766259023,1.47858362970634,1.20759188462151,0.00560351917457189,0.582359322363638,0.80234198973908,-0.0998707974396848,-0.0692112518235939,-0.410266899197836,1.25455753494524,0.220009185649271,-1.0828566761904,0.29654243467861,1.25875985150291,-0.202993708003753,-0.0191459895266863,-0.303642030474405,-0.652664074397626,0.245017378270736,0.953862996883706,0.902147329875462,0.209604697681432,-0.177318504788345
"2551",0,-0.346763866306412,0.330795300586854,0.0578262499066152,0.82006779716016,1.69097204161296,0.17020566797156,-0.135962069060475,-0.0247411626405223,0.0106656183998461,0.999757862091843,0.0768464655884069,-0.552740656252641,1.29148053419773,0.691001767292522,-0.1555961886108,-0.0445734002443183,-0.741918245459386,-1.62956752949562,-1.52128136106013,-0.0868178326339672,1.24678870278565,-0.574697546273115,-0.113860786417039,-0.0382639442739243,-0.759253601238671,-1.53139249135053,-1.56081868739673,0.688959538672687,1.20154223856357,0.990313915099158,-0.048236570436645,-0.0330109162638679,-0.639535815693025,-1.06645647246535,0.935312461488958,0.950766487281889,1.1603029827845,1.74892492560078,0,-0.0930309953194633,-0.481588184154324,-1.05312250869481,0.897017949947205,0.322404541374051,-1.13694573435793,-0.797595882078731,-0.0998707974396848,-0.183141001451119,-0.410266899197836,-0.51877391842665,1.19219966462977,-1.27036931296484,-1.55967039733413,-0.767532904424768,-0.202993708003753,-0.0191459895266863,-0.303642030474405,0.828389277112268,0.704487594782526,-2.26390404116519,-1.1603681679367,-0.527680489439249,-0.144241517631658
"2552",0,-0.346763866306412,-0.0991117271652847,0.0578262499066152,0.773219575117836,1.69097204161296,-0.123111490731166,-0.135962069060475,-0.0247411626405223,1.32090027230862,0.999757862091843,0.325036110633647,0.711908011135486,1.29148053419773,-0.540830462877054,-0.1555961886108,-0.0445734002443183,-0.453890387156393,-0.9496494244777,-1.12999301782559,0.12651926579534,0.929255371307683,-0.369004905734137,-0.113860786417039,-0.0382639442739243,-0.759253601238671,-1.53139249135053,-0.597972353612829,0.847765711656421,0.533627184133976,0.443529453395639,-0.048236570436645,-0.0330109162638679,-0.639535815693025,-0.107343437741059,1.04223770642889,0.557699687280065,1.1603029827845,2.32234976568577,0,-0.0930309953194633,-0.481588184154324,-0.0608293955280974,1.20759188462151,0.79760607467327,-0.793084723013613,0.059731480975594,-0.0998707974396848,-0.00970526164680656,-0.410266899197836,-1.38433934890509,1.19219966462977,-0.145293492318181,-1.55967039733413,-0.767532904424768,-0.202993708003753,-0.0191459895266863,-0.303642030474405,-0.172466266938626,0.93422270303842,-1.2736696937254,-1.1603681679367,-0.527680489439249,-0.12405058567652
"2553",0,-0.346763866306412,0.975655842215063,0.990200011287507,0.994701386553687,1.51206153486365,-0.123111490731166,-0.135962069060475,-0.0247411626405223,-0.640995384823577,0.816387510785152,0.074668571855964,-0.552740656252641,-0.0550390494789284,-0.0480975708092236,-0.1555961886108,-0.0445734002443183,0.410193187752585,1.09010489057606,-1.12999301782559,-1.18029468333559,-1.29347794903808,-0.574697546273115,-0.113860786417039,0.0960485539139038,1.17077636382959,1.08838378637757,0.423532480891466,0.688959538672687,-1.3031392155474,-0.650039470011399,-0.048236570436645,-0.0330109162638679,0.906545122192,0.168636726987476,0.452430213929543,0.950766487281889,-1.05218914939548,-0.789128335754906,0,-0.0930309953194633,-0.481588184154324,-0.984477210668762,-0.29242206796323,0.79760607467327,-0.277293205997144,-0.797595882078731,-0.0998707974396848,-0.0692112518235939,-0.410266899197836,0.198998781405106,-0.36330510173903,1.16729496510292,-0.378444049689659,-0.767532904424768,-0.202993708003753,-0.0191459895266863,-0.303642030474405,1.02856038592245,0.93422270303842,0.706799001154165,-1.1603681679367,-0.527680489439249,-0.177318504788345
"2554",0,-0.346763866306412,-0.0991117271652847,0.290919690251838,0.551737763681986,-0.813775052877421,-0.416428649433891,-0.135962069060475,-0.0247411626405223,-0.640995384823577,0.633017159478461,1.06960504576937,1.13345756693153,0.113275898480654,-0.540830462877054,-0.1555961886108,-0.0445734002443183,-0.741918245459386,0.0702277330491799,1.56338145586488,1.43333321492626,0.929255371307683,-0.574697546273115,-0.113860786417039,-0.0909846830221019,-0.759253601238671,-1.20392045663452,0.294885098089097,0.688959538672687,1.36852100217096,-0.10325500830788,-0.048236570436645,-0.0330109162638679,-0.639535815693025,-1.61916551885568,-1.47909877630812,-0.394605113003119,1.1603029827845,-0.258062014696678,0,-0.0930309953194633,-0.351578655051849,-0.984477210668762,-0.500564756087173,0.0252036739364803,1.27008134505226,-0.340470775845071,-0.0998707974396848,-0.0692112518235939,-0.410266899197836,-0.504707054288313,1.19219966462977,1.16729496510292,0.802782297954812,-0.767532904424768,-0.202993708003753,-0.0191459895266863,-0.303642030474405,-0.372637375748804,0.474752486526631,0.706799001154165,-0.128166356646712,-0.527680489439249,-0.177318504788345
"2555",0,-0.346763866306412,0.115841786710785,0.436036537606437,0.880837642722197,0.617509001117085,-0.416428649433891,-0.135962069060475,-0.0247411626405223,0.0129698342204877,0.816387510785152,-0.381293109951141,0.922682789033507,1.29148053419773,-0.540830462877054,-0.236057959185499,-0.0445734002443183,-0.741918245459386,-1.28960847698666,-1.12999301782559,0.443298606985825,1.08802203704667,-0.574697546273115,-0.113860786417039,-0.0382639442739243,-0.759253601238671,-0.994753036518518,-0.543969598576446,0.688959538672687,1.20154223856357,-0.10325500830788,-0.048236570436645,-0.0330109162638679,-0.639535815693025,0.691917424529183,1.09627321067543,0.950766487281889,0.717260490512587,2.03563734564328,0,-0.0930309953194633,-0.481588184154324,-0.676594605621874,0.586444015272899,0.191416937122482,-1.13694573435793,-0.797595882078731,-0.0998707974396848,-0.16649929267123,-0.410266899197836,-1.03248643105838,0.997761568833671,-0.443272721711715,-1.55967039733413,-0.767532904424768,-0.202993708003753,-0.0191459895266863,-0.303642030474405,0.42804705949191,0.245017378270736,-2.06585717167723,-1.1603681679367,-0.527680489439249,-0.177318504788345
"2556",0,-0.33449322072583,-0.958925782669563,-0.408360630783831,0.773219575117836,-0.277043532629481,-0.416428649433891,-0.135962069060475,-0.0247411626405223,0.666935053264552,0.44964680817177,0.0768464655884069,-0.552740656252641,0.786535690318983,-0.317783753841198,-0.1555961886108,-0.0445734002443183,2.13836033757054,0.7501458380671,-1.12999301782559,-1.01694293969422,0.929255371307683,-0.574697546273115,-0.113860786417039,-0.0382639442739243,1.81411968551902,0.924647769019562,-0.205019902303017,0.222684661026385,1.03456347495617,-0.650039470011399,-0.049335153206293,-0.0330109162638679,-0.33031962811602,1.01162176943728,1.09627321067543,0.950766487281889,0.990111280309114,-0.544774434739172,0,-0.0930309953194633,-0.481588184154324,0.708877117089123,0.431157047935746,-1.26160056962335,0.238498311019326,1.4244396113581,-0.0998707974396848,-0.0692112518235939,-0.410266899197836,-0.680633513211668,0.803323473037571,-0.895344039415955,0.127795813586543,1.66401840268845,0.339094688388992,-0.0191459895266863,-0.303642030474405,-0.97315070217934,0.0715643954141754,0.904845870642121,1.07402362135981,0.698526925184124,-0.0673059982438762
"2557",0,-0.346763866306412,0.760702328338993,0.757106570942284,0.773219575117836,-0.455954039378794,-0.416428649433891,-0.135962069060475,-0.0247411626405223,1.97486549135268,0.816387510785152,-0.171343179456834,1.13345756693153,-0.391668945398093,-0.540830462877054,-0.1555961886108,-0.0445734002443183,-0.1658625288534,-1.45958800324114,0.89003783744226,1.2699814712849,-0.812032168267163,-0.574697546273115,-0.113860786417039,-0.0382639442739243,-0.759253601238671,-0.548976387202492,1.1507788827907,-0.422683672213447,-1.3031392155474,-0.650039470011399,-0.048236570436645,-0.0330109162638679,-0.639535815693025,-0.906604300011301,0.935312461488958,0.782595037246263,-1.05218914939548,-0.831486854781667,0,-0.0930309953194633,-0.481588184154324,-0.984477210668762,-0.966425658098632,-0.152796991925168,1.09815083938011,0.34521688350542,-0.0998707974396848,-0.0692112518235939,-0.410266899197836,1.07863107602188,-1.72437177231173,-1.83290722328817,0.465289055770677,1.66401840268845,-0.202993708003753,-0.0191459895266863,-0.303642030474405,0.42804705949191,0.93422270303842,0.904845870642121,1.58965249581285,0.898862857727529,-0.177318504788345
"2558",0,1.88237474806379,1.19060935609113,0.524013130597061,0.108774140810285,0.617509001117085,-0.416428649433891,-0.135962069060475,-0.0247411626405223,1.97486549135268,0.44964680817177,-1.41229140468304,-0.34196587835462,0.954850638278565,0.444635321258607,-0.1555961886108,-0.0445734002443183,0.698221046055578,1.09010489057606,-0.28831349479732,-1.01694293969422,0.929255371307683,0.597826597855704,-0.113860786417039,-0.0382639442739243,-0.759253601238671,0.3783889066988,1.1507788827907,1.00657188464015,0.867584711348771,-0.376647239159639,-0.048236570436645,-0.0330109162638679,-0.639535815693025,-0.746752127557253,1.09627321067543,0.950766487281889,0.139152767932202,-0.831486854781667,0,-0.0930309953194633,0.107434456129945,1.17070102465946,0.275870080598593,-0.152796991925168,0.754289828035795,-0.797595882078731,-0.0998707974396848,-0.0692112518235939,0.0739739549704533,1.43048399386859,-0.94661938912733,-0.520318765867068,1.14027554013895,-0.564903628832,-0.495995984537922,-0.0191459895266863,-0.303642030474405,1.62907371235298,0.93422270303842,0.904845870642121,0.421267148458284,-0.527680489439249,-0.472880186218449
"2559",0,-0.346763866306412,-0.743972268793493,0.990200011287507,-0.112707670625565,-0.813775052877421,-0.416428649433891,-0.135962069060475,-0.0247411626405223,-0.640995384823577,-1.93416775881521,1.06960504576937,1.13345756693153,-1.06492873723642,-0.540830462877054,-0.1555961886108,-0.0445734002443183,-0.741918245459386,-1.45958800324114,1.56338145586488,1.43333321492626,-0.34087795460418,-0.574697546273115,-0.113860786417039,-0.0382639442739243,-0.759253601238671,-1.53139249135053,0.981304034653986,1.00657188464015,-0.802202924725205,-0.650039470011399,-0.048236570436645,-0.0330109162638679,-0.639535815693025,-1.06645647246535,0.935312461488958,0.950766487281889,-1.22238085187086,-0.831486854781667,0,-0.0930309953194633,-0.481588184154324,-0.676594605621874,1.36287885195866,1.11440709687275,-1.30528031915225,-0.797595882078731,-0.0998707974396848,-0.0692112518235939,-0.410266899197836,-1.20841288998173,1.19219966462977,0.792269691554037,-1.55967039733413,-0.706027334312537,-0.202993708003753,-0.0191459895266863,-0.303642030474405,-0.772979593369162,0.93422270303842,-0.679529085261532,-1.1603681679367,-0.527680489439249,-0.177318504788345
"2560",0,-0.346763866306412,-0.0991117271652847,0.0578262499066152,-0.334189482061415,-0.992685559626734,-0.416428649433891,-0.135962069060475,-0.0247411626405223,0.0129698342204877,0.816387510785152,0.573225755678888,1.13345756693153,-1.233243685196,-0.751304333033396,-0.1555961886108,-0.0445734002443183,-0.741918245459386,0.24020725930366,-0.624985304008629,1.43333321492626,-1.13471128329909,-0.574697546273115,-0.113860786417039,-0.0909846830221019,-0.759253601238671,-1.53139249135053,-0.225440374381696,0.212541019721487,-0.395312610412289,-0.650039470011399,-0.048236570436645,-0.0330109162638679,-0.639535815693025,-1.2263086449194,-0.899545866439833,-0.562776563038745,0.819919577833732,0.416686107283516,0,-0.0930309953194633,-0.481588184154324,-0.984477210668762,-0.919777296935182,-1.26160056962335,0.0665678053471691,1.48802964908957,-0.0998707974396848,-0.0692112518235939,0.223378402430559,0.374925240328461,-0.55774319753513,-0.895344039415955,0.465289055770677,1.66401840268845,-0.202993708003753,-0.0191459895266863,-0.303642030474405,0.027704841871553,0.474752486526631,0.904845870642121,1.07402362135981,0.455366426721658,-0.177318504788345
"2561",0,-0.346763866306412,0.115841786710785,0.0578262499066152,0.574856707875278,1.86988254836228,3.39669441370154,-0.135962069060475,-0.0247411626405223,-0.640995384823577,0.44964680817177,-0.675918274411708,-0.552740656252641,0.954850638278565,3.13387028093108,1.80127119247638,-0.111531751188364,-0.741918245459386,-1.45958800324114,-0.28831349479732,-0.0368324778460259,1.08802203704667,2.52445029592092,-0.113860786417039,-0.0382639442739243,-0.759253601238671,0.59717573430355,1.1507788827907,1.00657188464015,1.36852100217096,2.35727506935795,-0.048236570436645,-0.0330109162638679,-0.639535815693025,-0.746752127557253,-0.0304520336298728,0.452304281772629,-1.05218914939548,-0.831486854781667,0,-0.12968730593277,-0.481588184154324,-0.984477210668762,0.586444015272899,0.79760607467327,-1.48080674570224,-0.797595882078731,-0.0998707974396848,-0.0692112518235939,-0.410266899197836,-0.504707054288313,1.19219966462977,-0.520318765867068,-1.55967039733413,-0.767532904424768,-0.202993708003753,-0.0191459895266863,-0.303642030474405,0.628218168302089,0.704487594782526,-1.70142665179026,-1.1603681679367,-0.527680489439249,-0.177318504788345
"2562",0,-0.346763866306412,-0.314065241041354,0.380353865969536,0.330255952246136,-0.634864546128108,-0.416428649433891,-0.135962069060475,-0.064995348517452,-0.640995384823577,0.999757862091843,-0.667722469547314,-0.091054434852553,0.113275898480654,-0.540830462877054,-0.1555961886108,-0.0445734002443183,-0.1658625288534,0.41018678555814,-0.961657113219938,0.475870894948403,-0.499644620343163,-0.574697546273115,-0.113860786417039,-0.0909846830221019,-0.759253601238671,-1.36765647399252,-0.543969598576446,0.688959538672687,-1.27676343316186,-0.650039470011399,-0.048236570436645,-0.0330109162638679,-0.639535815693025,-0.605252469525584,0.935312461488958,-0.562776563038745,-1.56276425682162,-0.831486854781667,0,-0.0930309953194633,-0.481588184154324,0.400994512042235,0.741730982610052,-1.26160056962335,-1.48080674570224,-0.797595882078731,-0.0998707974396848,-0.0692112518235939,-0.410266899197836,0.198998781405106,-0.16886700594293,-1.0828566761904,-0.209697428597592,2.06927695387398,2.25623249403729,-0.0191459895266863,-0.303642030474405,-0.372637375748804,0.245017378270736,0.25600322562338,-0.0015562958704232,-0.0361570313587953,-0.177318504788345
"2563",0,-0.346763866306412,-0.958925782669563,-0.408360630783831,-0.555671293497266,-0.992685559626734,-0.466537436725949,-0.135962069060475,-0.0247411626405223,-0.230092239070131,-0.100464245748303,0.325036110633647,-0.552740656252641,-0.223353997438511,-0.540830462877054,-0.1555961886108,-0.0445734002443183,0.698221046055578,1.09010489057606,-0.793321208614283,-1.18029468333559,0.135422042612768,-0.574697546273115,-0.113860786417039,-0.0382639442739243,-0.759253601238671,1.08838378637757,0.472879490243842,0.688959538672687,1.36852100217096,-0.376647239159639,-0.048236570436645,-0.0330109162638679,-0.639535815693025,0.532065252075134,1.09627321067543,0.664357220622512,0.649727875358349,0.0286504053458163,0,-0.0930309953194633,-0.657057257837863,-0.676594605621874,1.20759188462151,-0.469598014124647,-0.4492237116693,-0.111908222728241,-0.182964622928744,-0.0692112518235939,-0.410266899197836,-0.680633513211668,0.997761568833671,-1.0828566761904,0.634035676862745,-0.178030473286038,-0.202993708003753,-0.0191459895266863,-0.303642030474405,-0.97315070217934,-0.214452838241053,0.112658392690295,-0.472863001999315,-0.25374019260547,-0.177318504788345
"2564",0,-0.346763866306412,-0.529018754917424,-0.408360630783831,0.773219575117836,0.438598494367772,-0.416428649433891,-0.135962069060475,-0.0247411626405223,0.33995244374252,0.816387510785152,-0.667722469547314,-0.552740656252641,0.618220742359401,-0.540830462877054,-0.1555961886108,-0.0445734002443183,1.56230462096456,0.467366692786984,-1.12999301782559,-0.363535965128757,0.452955374090734,-0.574697546273115,-0.113860786417039,-0.0382639442739243,-0.115910279549249,-0.548976387202492,-1.56081868739673,0.0537348467377536,-0.134287870295615,-0.650039470011399,-0.048236570436645,-0.0330109162638679,-0.639535815693025,-1.2263086449194,-0.67429503037576,0.614423587210637,-1.39257255434624,-0.831486854781667,0,-0.0930309953194633,-0.481588184154324,-0.984477210668762,1.05230491728436,0.41754048228627,-1.48080674570224,-0.797595882078731,-0.0998707974396848,-0.0692112518235939,-0.410266899197836,-0.680633513211668,1.19219966462977,-1.0828566761904,-0.715937291873794,1.46138912709568,0.62398792106405,-0.0191459895266863,-0.303642030474405,-0.97315070217934,0.25271629415918,0.706799001154165,0.730271038391115,1.61476489315911,0.468625186144399
"2565",0,-0.346763866306412,1.19060935609113,0.290919690251838,-2.10604397354822,-0.992685559626734,-0.416428649433891,-0.135962069060475,-0.0247411626405223,0.993917662786584,0.44964680817177,-0.667722469547314,0.711908011135486,-1.40155863315559,-0.540830462877054,-0.1555961886108,-0.0445734002443183,0.410193187752585,-0.26973131945978,-1.12999301782559,0.779926240360802,-0.0233446231262145,-0.574697546273115,-0.113860786417039,-0.0382639442739243,-0.43758194039396,-0.712712404560498,-1.56081868739673,0.212541019721487,0.032690893311783,-0.650039470011399,-0.048236570436645,-0.0887427223330369,-0.639535815693025,-1.2263086449194,-1.47909877630812,0.278080687139385,-0.371422339493946,-0.831486854781667,0,-0.0982989727968743,-0.481588184154324,-0.984477210668762,-0.189990821412867,1.11440709687275,-1.30887624003008,-0.797595882078731,-0.497896292037254,-0.0692112518235939,-0.410266899197836,-0.504707054288313,1.19219966462977,0.229731781230706,-1.22217715515,-0.767532904424768,-0.202993708003753,-0.0191459895266863,-0.264710430825832,1.02856038592245,0.93422270303842,0.904845870642121,1.58965249581285,3.40450717520438,0.697813577192196
"2566",0,-0.346763866306412,-1.17387929654563,-0.408360630783831,0.551737763681986,0.617509001117085,-0.171257421016153,-0.135962069060475,-0.0247411626405223,-0.640995384823577,-0.100464245748303,0.573225755678888,-0.974290212048683,-0.728298841317257,-0.540830462877054,-0.1555961886108,-0.0445734002443183,-0.453890387156393,1.09010489057606,-0.28831349479732,-1.18029468333559,-1.29347794903808,-0.574697546273115,-0.113860786417039,-0.0382639442739243,0.295524324320471,0.433439716945544,-1.56081868739673,-1.53432688309958,-1.3031392155474,-0.650039470011399,-0.048236570436645,-0.0330109162638679,1.52497749734601,0.372213079621086,-1.31813802712165,-1.06729091314562,-1.39257255434624,-0.831486854781667,0,-0.0930309953194633,0.19104829105235,1.3246423271829,1.36287885195866,0.95600658577301,0.926220333707951,-0.569033328961901,-0.0998707974396848,-0.0692112518235939,-0.410266899197836,0.726778158175171,0.414447281445371,-1.0828566761904,0.802782297954812,1.46138912709568,-0.202993708003753,-0.0191459895266863,-0.303642030474405,-0.97315070217934,-0.444187946496948,0.310705262178251,0.902147329875462,0.455366426721658,-0.177318504788345
"2567",0,-0.346763866306412,0.975655842215063,0.990200011287507,0.994701386553687,1.86988254836228,4.27664588980972,3.57357020321637,-0.0247411626405223,-0.640995384823577,-1.20068635358845,-0.915912114592555,-0.552740656252641,0.936954057451316,2.90829978159776,0.822837501932791,-0.0445734002443183,-0.741918245459386,-1.62956752949562,-1.12999301782559,-0.200184221487392,1.08802203704667,0.552265305433806,-0.113860786417039,-0.0382639442739243,-0.821227208592516,-0.876448421918504,0.472879490243842,0.847765711656421,1.03456347495617,0.443529453395639,-0.048236570436645,-0.0330109162638679,-0.247557608141386,0.532065252075134,1.09627321067543,0.950766487281889,1.1603029827845,1.74892492560078,0,-0.0930309953194633,-0.481588184154324,-0.984477210668762,1.05230491728436,0.33096480120261,-0.96501522868577,-0.797595882078731,-0.24769654980363,-0.0692112518235939,-0.410266899197836,-0.328780595364958,1.19219966462977,-0.895344039415955,-1.55967039733413,-0.767532904424768,-0.202993708003753,-0.0191459895266863,-0.303642030474405,1.22873149473262,0.0152822700148413,-2.26390404116519,-1.1603681679367,-0.527680489439249,-0.177318504788345
"2568",0,-0.346763866306412,-1.17387929654563,-0.7322523165025,-0.777153104933116,1.15424052136502,2.51674293759336,-0.135962069060475,-0.0247411626405223,-0.640995384823577,0.082906105558388,0.573225755678888,-1.39583976784473,1.12316558623815,1.43010110539427,-0.1555961886108,-0.0445734002443183,0.410193187752585,1.2046414696379,1.22670964665357,0.616574496719437,1.24678870278565,1.397487444214,-0.113860786417039,-0.0382639442739243,1.49244802467431,1.08838378637757,1.1507788827907,1.00657188464015,1.03456347495617,1.26370614595092,-0.048236570436645,-0.0330109162638679,-0.33031962811602,0.0525087347129891,-0.513334281189288,-1.73997671328813,-0.371422339493946,1.46221250555829,0,-0.0930309953194633,-0.481588184154324,-0.984477210668762,-1.72302319656344,-1.26160056962335,-0.621154217341457,1.03090454285591,-0.0998707974396848,-0.0692112518235939,-0.410266899197836,-1.38433934890509,-1.91880986810783,-1.27036931296484,0.634035676862745,0.44824274913184,-0.202993708003753,-0.0191459895266863,-0.303642030474405,-1.17332181098952,-0.0752816215383025,0.904845870642121,0.214642163938074,-0.527680489439249,-0.177318504788345
"2569",0,-0.346763866306412,-0.958925782669563,-0.874547511474277,0.551737763681986,1.33315102811434,0.17020566797156,-0.135962069060475,-0.0247411626405223,0.0129698342204877,0.33517616442679,0.0768464655884069,-0.552740656252641,1.12316558623815,0.0758544734942466,-0.216757479691103,-0.0445734002443183,0.407297593132848,0.92012536432158,-0.793321208614283,0.616574496719437,-0.34087795460418,-0.574697546273115,-0.113860786417039,-0.0382639442739243,-0.759253601238671,-0.712712404560498,0.202135480997216,0.930432997477574,-1.13616045194,-0.650039470011399,-0.048236570436645,-0.0330109162638679,-1.02541999951231,-1.2263086449194,0.452430213929543,0.446252137175011,-1.56276425682162,-0.831486854781667,0,-0.0930309953194633,-0.481588184154324,-0.984477210668762,0.582533028612817,1.11440709687275,-0.621154217341457,-0.797595882078731,-0.0351232837358533,-0.0692112518235939,-0.410266899197836,-1.38433934890509,1.19219966462977,-0.145293492318181,0.971528919046879,-0.767532904424768,-0.202993708003753,-0.0191459895266863,-0.45764908086766,-1.17332181098952,-0.673923054752843,0.904845870642121,0.558394746906768,-0.527680489439249,-0.236848759604391
"2570",0,-0.346763866306412,0.760702328338993,0.290919690251838,-1.88456216211237,-0.992685559626734,-0.416428649433891,-0.135962069060475,-0.0247411626405223,-0.314012775301545,1.12846869765455,0.573225755678888,0.290358455339444,-1.40155863315559,-0.540830462877054,-0.1555961886108,-0.0445734002443183,-0.741918245459386,1.09010489057606,-1.12999301782559,1.43333321492626,-0.975944617560112,-0.574697546273115,-0.113860786417039,-0.0382639442739243,-0.759253601238671,-1.04018443927651,-1.2218689911233,1.1377567886443,-0.603160623227402,-0.650039470011399,-0.048236570436645,-0.0330109162638679,-0.639535815693025,-1.2263086449194,-1.15717727793518,0.950766487281889,-1.05218914939548,-0.831486854781667,0,-0.14533157834549,-0.481588184154324,-0.676594605621874,0.586444015272899,1.11440709687275,-1.13694573435793,-0.797595882078731,-0.0998707974396848,-0.0692112518235939,-0.410266899197836,0.902704617098525,1.19219966462977,0.792269691554037,-0.209697428597592,0.956370447920841,-0.202993708003753,-0.0191459895266863,-0.303642030474405,0.42804705949191,0.245017378270736,0.112658392690295,0.902147329875462,2.6672219880837,1.11416770975465
"2571",0,-0.346763866306412,0.760702328338993,0.290919690251838,0.773219575117836,0.796419507866398,-0.416428649433891,-0.135962069060475,-0.0247411626405223,0.0129698342204877,0.816387510785152,-1.66048104972828,-0.974290212048683,1.08461535759918,0.674251471107651,-0.1555961886108,-0.0445734002443183,-0.741918245459386,-1.11962895073218,-1.12999301782559,-0.853591196052854,1.24678870278565,1.11574673128727,-0.113860786417039,-0.0382639442739243,-0.759253601238671,-1.53139249135053,-1.56081868739673,0.212541019721487,0.867584711348771,-0.650039470011399,-0.048236570436645,-0.0330109162638679,-0.639535815693025,-0.968303185187675,0.659598891604578,0.614423587210637,-1.39257255434624,-0.831486854781667,0,-0.0930309953194633,-0.481588184154324,-0.214770698051542,1.20759188462151,-0.786399036324126,-1.48080674570224,-0.797595882078731,-0.0998707974396848,-0.0692112518235939,-0.410266899197836,0.726778158175171,-0.75218129333123,-1.83290722328817,-1.55967039733413,-0.767532904424768,-0.202993708003753,-0.0191459895266863,-0.310597884701859,0.42804705949191,0.93422270303842,0.904845870642121,0.902147329875462,-0.527680489439249,-0.177318504788345
"2572",0,1.40777129860669,1.4055628699672,0.990200011287507,0.994701386553687,0.617509001117085,-0.138108193341512,-0.135962069060475,-0.0247411626405223,0.0129698342204877,0.816387510785152,-0.419532824502074,-0.763515434150662,1.29148053419773,0.444635321258607,-0.1555961886108,-0.0445734002443183,-0.741918245459386,-0.87908857156763,-1.12999301782559,-0.363535965128757,1.24678870278565,1.11574673128727,-0.113860786417039,-0.0382639442739243,-0.759253601238671,-1.53139249135053,-0.556403780116975,1.00657188464015,0.867584711348771,-0.650039470011399,-0.048236570436645,-0.0330109162638679,-0.639535815693025,-1.2263086449194,-0.71696866646122,0.370663337276415,1.1603029827845,0.8887876654733,0,-0.129286089051538,-0.481588184154324,-1.08661257045856,-1.42805685165207,-1.26160056962335,0.0665678053471691,2.85940496779055,1.53390372009737,-0.0692112518235939,-0.410266899197836,-0.328780595364958,-1.14105748492343,-0.895344039415955,0.465289055770677,2.47453550505952,2.25623249403729,-0.0191459895266863,1.76127335410647,1.4289026035428,0.93422270303842,0.904845870642121,1.58965249581285,1.92993680096302,-0.177318504788345
"2573",0,-0.346763866306412,-1.17387929654563,-2.73929503423606,0.330255952246136,0.438598494367772,-0.416428649433891,-0.135962069060475,-0.0247411626405223,-0.640995384823577,-1.93416775881521,-2.405049984864,1.13345756693153,-0.391668945398093,-0.540830462877054,-0.1555961886108,-0.0445734002443183,-0.741918245459386,-1.62956752949562,0.0483583144139882,1.43333321492626,-0.182111288865197,0.270524592507076,-0.113860786417039,-0.0382639442739243,-0.759253601238671,-1.36765647399252,0.642354338380556,-0.0627449495085535,1.20154223856357,1.26370614595092,-0.048236570436645,2.60802374514362,0.28811274703799,0.691917424529183,0.774351712302486,-0.899119463109996,1.1603029827845,0.0286504053458163,0,6.08960719964629,4.56318537989573,1.47858362970634,1.54552275685151,1.27280760797249,1.27008134505226,-0.569033328961901,-0.159937447468848,3.30828290079275,5.40062335082163,0.902704617098525,1.19219966462977,1.16729496510292,0.971528919046879,-0.767532904424768,-0.202993708003753,-0.0191459895266863,-0.303642030474405,-1.17332181098952,-1.70653188367302,0.706799001154165,-0.129110419030621,-0.527680489439249,-0.177318504788345
"2574",0,-0.346763866306412,0.243213397127401,0.0147064732803681,0.551737763681986,0.438598494367772,-0.402439268177215,-0.135962069060475,-0.0247411626405223,1.97486549135268,0.317407060965897,0.325036110633647,1.13345756693153,1.12316558623815,-0.540830462877054,-0.1555961886108,-0.0445734002443183,-0.741918245459386,-1.62956752949562,-0.961657113219938,1.43333321492626,-0.0233446231262145,-0.574697546273115,-0.113860786417039,-0.0382639442739243,-0.759253601238671,-1.53139249135053,-0.543969598576446,1.00657188464015,-0.969181688332602,-0.650039470011399,-0.048236570436645,-0.0179575742192926,-0.610392649650706,-1.00338363023937,-0.67429503037576,0.950766487281889,0.673926725722756,-0.258062014696678,0,-0.0930309953194633,-0.481588184154324,-0.984477210668762,-1.12171262543579,-0.311197503024907,1.27008134505226,1.03090454285591,0.242137492328331,-0.0692112518235939,-0.410266899197836,-1.20841288998173,0.0255710898531705,0.792269691554037,0.971528919046879,-0.564903628832,-0.202993708003753,-0.0191459895266863,-0.494332250815975,0.339256430606291,0.245017378270736,-0.537438335383512,-0.816615584968009,-0.527680489439249,-0.177318504788345
"2575",0,-0.346763866306412,-1.17387929654563,-2.04001471320039,0.330255952246136,-0.634864546128108,-0.416428649433891,-0.135962069060475,-0.064995348517452,-0.640995384823577,-1.93416775881521,-0.667722469547314,1.13345756693153,-1.06492873723642,-0.540830462877054,-0.1555961886108,-0.0445734002443183,-0.741918245459386,-1.28960847698666,1.3547265424042,1.43333321492626,-1.01704876652081,-0.574697546273115,-0.11260902959332,-0.0382639442739243,-0.115910279549249,0.59717573430355,1.11321428621633,1.00657188464015,-0.969181688332602,-0.650039470011399,-0.048236570436645,0.0754234252361302,0.597328934614995,0.691917424529183,-0.191412782816345,0.950766487281889,-0.371422339493946,-0.831486854781667,0,-0.0930309953194633,-0.481588184154324,-0.984477210668762,-0.500564756087173,1.27280760797249,0.0665678053471691,-0.797595882078731,-0.0998707974396848,-0.0692112518235939,-0.410266899197836,-1.38433934890509,-0.94661938912733,1.16729496510292,1.14027554013895,-0.767532904424768,-0.202993708003753,-0.0191459895266863,-0.303642030474405,-1.1669123485297,-2.28206881254411,0.706799001154165,0.386518455422421,-0.527680489439249,-0.177318504788345
"2576",0,-0.2358982521827,0.545748814462924,0.757106570942284,-1.44159853924067,-0.992685559626734,-0.416428649433891,-0.135962069060475,-0.0247411626405223,0.666935053264552,0.816387510785152,0.474040639599968,1.13345756693153,-0.762719663434507,-0.540830462877054,-0.1555961886108,-0.0445734002443183,2.13836033757054,-0.0997517932053001,-1.12999301782559,0.779926240360802,-0.658411286082146,-0.574697546273115,-0.113860786417039,-0.0382639442739243,0.205761381295462,-1.36765647399252,-1.56081868739673,0.530153365688954,-0.802202924725205,-0.650039470011399,-0.048236570436645,-0.0330109162638679,-0.639535815693025,-1.2263086449194,-0.454478426359189,0.950766487281889,-1.56276425682162,-0.831486854781667,0,-0.0930309953194633,-1.10042559368853,-1.41511253141241,-0.189990821412867,0.480805052473791,-1.48080674570224,-0.797595882078731,-0.615551211747112,-0.0692112518235939,-0.410266899197836,-0.504707054288313,1.19219966462977,1.16729496510292,-0.149860086708722,2.27190622946675,-0.202993708003753,-0.0191459895266863,-0.303642030474405,0.628218168302089,-0.444187946496948,-1.47171656321336,0.22166041679959,1.68417507192279,-0.177318504788345
"2577",0,-0.346763866306412,0.975655842215063,0.990200011287507,0.551737763681986,0.0807774808691453,-0.416428649433891,-0.135962069060475,-0.0247411626405223,-0.640995384823577,0.633017159478461,1.06960504576937,-0.34196587835462,1.12316558623815,0.198268875224692,-0.1555961886108,-0.0445734002443183,-0.741918245459386,0.0702277330491799,1.56338145586488,0.552051440386565,1.08802203704667,0.552265305433806,-0.113860786417039,-0.0382639442739243,-0.759253601238671,0.134948588623873,1.57603504049824,1.00657188464015,0.867584711348771,-0.244630581736426,-0.048236570436645,-0.0330109162638679,-0.639535815693025,0.691917424529183,1.09627321067543,0.606534320773577,0.139152767932202,-0.831486854781667,0,-0.0930309953194633,0.19104829105235,0.689848710030505,-0.34527778875002,0.322404541374051,0.926220333707951,-0.797595882078731,-0.0998707974396848,-0.0692112518235939,2.97941907998019,1.43048399386859,-0.36330510173903,-0.520318765867068,1.14027554013895,-0.352709212648962,-0.202993708003753,-0.0191459895266863,-0.303642030474405,0.628218168302089,0.474752486526631,0.904845870642121,0.730271038391115,-0.281918760399022,-0.177318504788345
"2578",0,-0.346763866306412,0.760702328338993,0.990200011287507,0.994701386553687,0.796419507866398,0.500150120332355,-0.194219116942316,-0.0247411626405223,-0.314012775301545,0.999757862091843,-1.1641017596378,-0.23727633781229,1.29148053419773,0.937368213326437,-0.1555961886108,-0.0445734002443183,0.0257782947566342,1.09010489057606,0.0483583144139882,0.289871009436705,1.24678870278565,1.11574673128727,-0.113860786417039,-0.0382639442739243,-0.759253601238671,0.122837435268369,0.472879490243842,0.277522378009465,1.36852100217096,0.788265382703972,-0.048236570436645,-0.0330109162638679,-0.639535815693025,-1.2263086449194,-1.47909877630812,-1.73997671328813,1.1603029827845,0.8887876654733,0,-0.0930309953194633,-0.547993005564023,-0.984477210668762,-1.12171262543579,-1.26160056962335,0.926220333707951,0.80234198973908,-0.0998707974396848,-0.0692112518235939,-0.312625295623884,-0.680633513211668,-0.75218129333123,-1.0828566761904,1.14027554013895,0.14609765960503,-0.202993708003753,-0.0191459895266863,-0.303642030474405,0.628218168302089,0.245017378270736,0.112658392690295,0.367479354629898,-0.527680489439249,-0.177318504788345
"2579",0,-0.346763866306412,-1.17387929654563,-1.75594877005909,0.330255952246136,1.15424052136502,-0.123111490731166,-0.135962069060475,-0.0247411626405223,-0.640995384823577,-1.93416775881521,-0.41495989806381,1.13345756693153,1.29148053419773,-0.294464016843139,-0.1555961886108,-0.0152492710856271,-1.23308977239188,-1.62956752949562,1.22670964665357,1.43333321492626,0.929255371307683,-0.574697546273115,-0.113860786417039,-0.0382639442739243,-0.759253601238671,-0.385240369844486,1.1507788827907,1.00657188464015,0.366648420526578,-0.650039470011399,-0.048236570436645,-0.0330109162638679,0.906545122192,1.33132611434538,1.09627321067543,0.950766487281889,0.819919577833732,-0.831486854781667,0,0.0596751749456289,0.0194029210070895,-0.0608293955280974,0.275870080598593,1.27280760797249,1.27008134505226,-0.569033328961901,-0.0998707974396848,-0.0692112518235939,-0.410266899197836,-1.38433934890509,-1.52993367651563,1.16729496510292,1.14027554013895,0.650872024724607,-0.202993708003753,-0.0191459895266863,-0.303642030474405,-1.17332181098952,-2.02199169545801,-0.679529085261532,0.902147329875462,0.946889884802112,0.308087012630929
"2580",0,-0.346763866306412,-1.17387929654563,0.0578262499066152,0.551737763681986,-0.634864546128108,-0.416428649433891,-0.153304704263614,-0.0247411626405223,-0.640995384823577,-0.833945650975067,0.821415400724128,1.13345756693153,-0.728298841317257,-0.540830462877054,-0.1555961886108,-0.0445734002443183,-0.741918245459386,0.334040106970524,1.29544532084837,0.779926240360802,-1.29347794903808,-0.574697546273115,-0.113860786417039,-0.0382639442739243,-0.43758194039396,0.760911751661556,1.1507788827907,-0.263877499229713,-1.3031392155474,-0.650039470011399,-0.048236570436645,-0.0330109162638679,-0.33031962811602,1.17147394189133,0.845086024579908,-1.40363381321687,-1.56276425682162,-0.831486854781667,0,-0.0930309953194633,-0.145269946550987,1.3246423271829,1.36287885195866,-0.627998525224387,-1.48080674570224,-0.70892803485391,-0.0998707974396848,-0.0692112518235939,-0.410266899197836,0.449503158879401,1.19219966462977,0.229731781230706,-0.884683912965861,-0.767532904424768,-0.202993708003753,-0.0912709356995593,-0.306514057503224,-1.05121959970875,-0.455930598070624,0.310705262178251,-0.503290760302582,-0.527680489439249,-0.177318504788345
"2581",0,-0.346763866306412,0.570845624820391,0.524013130597061,0.114357633263891,-0.0981330258801679,-0.138759093987408,-0.135962069060475,-0.0247411626405223,0.0129698342204877,0.999757862091843,-0.667722469547314,-0.34196587835462,1.08606280697744,0.199010955500265,-0.1555961886108,-0.0445734002443183,-0.1658625288534,0.0702277330491799,-1.12999301782559,-0.200184221487392,1.24678870278565,0.270524592507076,-0.113860786417039,-0.0382639442739243,-0.759253601238671,-1.20392045663452,0.811829186517271,1.00657188464015,-0.134287870295615,-0.650039470011399,-0.048236570436645,-0.0330109162638679,-0.639535815693025,-1.2263086449194,0.291469464743071,0.950766487281889,0.819919577833732,-0.544774434739172,0,-0.0930309953194633,-0.481588184154324,-0.0608293955280974,-0.655851723424326,-0.311197503024907,1.27008134505226,-0.569033328961901,-0.0998707974396848,-0.0692112518235939,-0.410266899197836,0.902704617098525,0.220009185649271,0.0422191444562627,0.971528919046879,-0.767532904424768,-0.202993708003753,-0.0912709356995593,-0.303642030474405,0.628218168302089,0.93422270303842,0.904845870642121,0.0427658724537265,-0.527680489439249,-0.177318504788345
"2582",0,-0.346763866306412,0.115841786710785,0.0578262499066152,-0.777153104933116,-0.277043532629481,-0.416428649433891,-0.135962069060475,-0.0247411626405223,-0.150894932321637,0.633017159478461,-1.66048104972828,-0.763515434150662,1.29148053419773,-0.294464016843139,-0.1555961886108,-0.0445734002443183,-0.1658625288534,1.09010489057606,-0.456649399402975,0.448883402217389,0.7704887055687,-0.574697546273115,-0.113860786417039,-0.0382639442739243,-0.759253601238671,0.374136096370251,0.811829186517271,0.847765711656421,-0.969181688332602,-0.650039470011399,-0.048236570436645,-0.0330109162638679,-0.639535815693025,-0.107343437741059,0.774351712302486,0.278080687139385,-1.39257255434624,-0.831486854781667,0,-0.0930309953194633,-0.481588184154324,1.3246423271829,0.512587307041645,0.164004030274312,0.410428816691482,-0.797595882078731,-0.0998707974396848,-0.0692112518235939,-0.410266899197836,1.25455753494524,-0.061852626385842,-0.707831402641512,1.14027554013895,-0.767532904424768,-0.202993708003753,-0.0912709356995593,-0.303642030474405,-0.572808484558983,-0.903658163008738,-0.481482215773575,-0.129110419030621,-0.552098639961151,-0.177318504788345
"2583",0,-0.346763866306412,0.545748814462924,0.0578262499066152,-0.998634916368966,-0.992685559626734,-0.416428649433891,-0.135962069060475,-0.0247411626405223,-0.10218065440639,0.633017159478461,-0.915912114592555,0.922682789033507,0.954850638278565,-0.540830462877054,-0.1555961886108,-0.0445734002443183,0.122165329449593,0.7501458380671,-1.12999301782559,-0.200184221487392,1.08802203704667,-0.0112161204196545,-0.113860786417039,-0.0382639442739243,0.849104702984884,0.269703699587538,-1.56081868739673,-1.11304925593056,0.19966965691918,1.53709837680268,-0.048236570436645,-0.0330109162638679,1.83419368492302,0.0525087347129891,-1.47909877630812,-1.50226996628416,-0.711805744444711,1.46221250555829,0,0.0925094942248792,1.20000300386236,0.708877117089123,-1.12171262543579,-1.26160056962335,-0.105362700324987,1.03090454285591,-0.0998707974396848,-0.0692112518235939,0.0739739549704533,0.819549392121709,-1.52993367651563,-1.45788194973929,0.802782297954812,0.245613473539072,-0.202993708003753,-0.0191459895266863,-0.303642030474405,0.027704841871553,0.704487594782526,0.904845870642121,0.902147329875462,-0.281918760399022,-0.177318504788345
"2584",0,-0.346763866306412,0.662893826173836,0.757106570942284,0.108774140810285,-0.813775052877421,-0.416428649433891,-0.0124120996965627,-0.0247411626405223,0.33995244374252,0.816387510785152,-1.66048104972828,-0.131191100456599,0.449905794399818,-0.540830462877054,-0.159244668085711,-0.0445734002443183,-0.741918245459386,-0.26973131945978,-1.8077050497443,-0.526887708770123,1.24678870278565,-0.574697546273115,-0.113860786417039,-0.0382639442739243,-0.759253601238671,-1.53139249135053,-0.71344444671316,0.530153365688954,0.19966965691918,-0.650039470011399,-0.048236570436645,-0.0330109162638679,-0.639535815693025,-1.2263086449194,-0.191412782816345,0.446252137175011,0.649727875358349,-0.544774434739172,0,-0.10131905171963,-0.481588184154324,-0.984477210668762,-1.12171262543579,-1.10320005852361,0.926220333707951,0.852302186896326,-0.0998707974396848,-0.0692112518235939,2.01093737164361,1.25455753494524,-1.33549558071953,-1.83290722328817,0.971528919046879,0.853501300317375,-0.202993708003753,-0.0191459895266863,-0.303642030474405,0.628218168302089,0.93422270303842,0.904845870642121,1.24589991284416,0.209604697681432,-0.177318504788345
"2585",0,-0.346763866306412,0.330795300586854,0.990200011287507,0.773219575117836,-0.455954039378794,-0.416428649433891,-0.0878802668631205,-0.064995348517452,-0.640995384823577,0.633017159478461,1.06960504576937,1.13345756693153,0.786535690318983,-0.540830462877054,-0.1555961886108,-0.111531751188364,-0.741918245459386,-0.0997517932053001,1.56338145586488,0.891824864123053,1.24678870278565,0.443517223409383,-0.113860786417039,-0.0382639442739243,-0.759253601238671,-1.53139249135053,0.01834290727026,-0.10507132624598,1.36852100217096,1.81049060765444,-0.048236570436645,-0.0330109162638679,-0.639535815693025,-1.2263086449194,-1.47909877630812,-1.73997671328813,1.1603029827845,2.32234976568577,0,-0.0930309953194633,-0.481588184154324,-0.984477210668762,-1.12171262543579,-0.905512282792689,0.79991258412496,1.03090454285591,-0.0998707974396848,-0.0692112518235939,-0.605351987339166,-1.38433934890509,-0.264913595139281,0.792269691554037,1.14027554013895,0.120443683941728,-0.202993708003753,-0.0191459895266863,-0.303642030474405,0.42804705949191,0.93422270303842,0.706799001154165,0.0427658724537265,-0.527680489439249,-0.177318504788345
"2586",0,-0.346763866306412,-0.0991117271652847,0.208123155737661,0.773219575117836,0.0807774808691453,-0.416428649433891,-0.135962069060475,-0.0247411626405223,-0.640995384823577,0.44964680817177,-0.171343179456834,1.13345756693153,1.29148053419773,0.444635321258607,-0.1555961886108,-0.0445734002443183,0.122165329449593,0.7501458380671,-0.416345258750545,0.12651926579534,0.452955374090734,1.397487444214,-0.113860786417039,-0.0382639442739243,1.81411968551902,-0.385240369844486,-1.56081868739673,-1.53432688309958,-0.134287870295615,1.53709837680268,-0.048236570436645,-0.0330109162638679,1.52497749734601,-0.107343437741059,-1.47909877630812,-1.73997671328813,-0.711805744444711,1.46221250555829,0,-0.0930309953194633,1.84194608518043,0.692996906932404,-1.12171262543579,-1.10320005852361,0.410428816691482,0.116654330388589,-0.0998707974396848,-0.0692112518235939,2.97941907998019,0.902704617098525,-0.36330510173903,0.792269691554037,0.266839849766867,-0.767532904424768,-0.202993708003753,-0.0191459895266863,-0.303642030474405,0.027704841871553,0.704487594782526,-0.283435346285619,-0.988491876452356,-0.527680489439249,-0.177318504788345
"2587",0,-0.346763866306412,-0.529018754917424,0.757106570942284,0.494392060185654,1.15424052136502,3.10337725499881,4.50095327128558,-0.0247411626405223,-0.640995384823577,-1.93416775881521,-0.667722469547314,0.290358455339444,0.954850638278565,3.40103267366559,6.69343964519434,-0.0445734002443183,-0.741918245459386,-1.62956752949562,-1.12999301782559,-1.01694293969422,0.7704887055687,3.41117047651669,-0.113860786417039,-0.0382639442739243,0.527433042140173,-0.057768335128474,0.133929793970413,0.212541019721487,1.36852100217096,2.90405953106147,-0.048236570436645,-0.0330109162638679,0.28811274703799,0.691917424529183,0.774351712302486,0.950766487281889,0.819919577833732,0.602075245430805,0,-0.0930309953194633,-0.481588184154324,-0.984477210668762,0.12058311326144,1.27280760797249,-0.793084723013613,-0.797595882078731,-0.0998707974396848,-0.0692112518235939,-0.410266899197836,-1.20841288998173,0.997761568833671,-0.332806129092624,-1.55967039733413,-0.767532904424768,-0.202993708003753,-0.0191459895266863,-0.303642030474405,-0.372637375748804,0.704487594782526,-2.26390404116519,-1.45576003263376,-0.527680489439249,-0.177318504788345
"2588",0,-0.346763866306412,-0.743972268793493,-0.175267190438608,0.994701386553687,0.617509001117085,-0.416428649433891,-0.135962069060475,-0.0247411626405223,-0.640995384823577,-0.283834597054994,0.573225755678888,0.922682789033507,0.954850638278565,-0.540830462877054,-0.1555961886108,-0.0445734002443183,-0.741918245459386,-1.62956752949562,-1.12999301782559,0.943277984002168,0.294188708351751,-0.574697546273115,-0.113860786417039,-0.0382639442739243,0.279880790010009,-0.661309497024285,-0.0355450541663019,1.00657188464015,0.700605947741373,0.716921684247398,-0.048236570436645,-0.0330109162638679,2.14340987250002,1.33132611434538,1.09627321067543,0.950766487281889,1.1603029827845,2.32234976568577,0,-0.0930309953194633,0.527366528655686,0.247053209518791,0.741730982610052,0.480805052473791,-1.48080674570224,-0.797595882078731,-0.16068107312612,-0.0692112518235939,-0.410266899197836,-1.38433934890509,1.19219966462977,-0.895344039415955,-1.82231974189939,-0.767532904424768,-0.202993708003753,-0.0191459895266863,-0.303642030474405,-0.772979593369162,0.93422270303842,-1.86781030218927,-1.1603681679367,-0.527680489439249,-0.177318504788345
"2589",0,-0.346763866306412,-0.529018754917424,0.524013130597061,0.773219575117836,-0.0981330258801679,-0.416428649433891,-0.135962069060475,-0.0247411626405223,-0.640995384823577,0.082906105558388,0.573225755678888,-1.1850649899467,0.449905794399818,-0.0480975708092236,-0.1555961886108,-0.0445734002443183,-0.741918245459386,0.7501458380671,0.0483583144139882,-1.18029468333559,-0.182111288865197,0.552265305433806,-0.113860786417039,-0.0382639442739243,-0.43758194039396,1.08838378637757,-1.2218689911233,-1.75557724912381,-0.802202924725205,1.26370614595092,0.0353875528320899,-0.0330109162638679,0.597328934614995,0.851769596983231,-1.47909877630812,-1.73997671328813,-0.711805744444711,1.46221250555829,0,-0.0930309953194633,0.19104829105235,0.862818419612568,-1.12171262543579,-1.26160056962335,0.410428816691482,0.80234198973908,-0.0998707974396848,-0.0692112518235939,-0.410266899197836,1.07863107602188,-0.36330510173903,0.604757054779594,0.802782297954812,-0.767532904424768,-0.202993708003753,-0.0912709356995593,-0.400193122092717,-0.572808484558983,0.0152822700148413,-0.283435346285619,-0.644739293483662,-0.527680489439249,-0.177318504788345
"2590",0,-0.346763866306412,-1.17387929654563,-0.641454071129054,-0.998634916368966,-0.992685559626734,-0.416428649433891,-0.135962069060475,-0.0247411626405223,-0.640995384823577,-1.20068635358845,1.06960504576937,-1.1850649899467,-1.40155863315559,-0.540830462877054,-0.1555961886108,-0.0445734002443183,-0.741918245459386,-0.26973131945978,1.05837374204791,-1.18029468333559,-1.27724480222637,-0.574697546273115,-0.113860786417039,-0.0382639442739243,-0.759253601238671,0.59717573430355,-0.205019902303017,-1.53432688309958,-1.3031392155474,-0.650039470011399,-0.048236570436645,-0.0330109162638679,-0.0211034405390152,1.17147394189133,-0.352373532002817,-0.394605113003119,-0.371422339493946,-0.544774434739172,0,-0.0930309953194633,-0.145269946550987,1.3170716033536,0.586444015272899,0.00560351917457189,0.238498311019326,1.1180867467866,-0.0998707974396848,-0.0692112518235939,-0.410266899197836,0.550851699251816,0.0255710898531705,-1.0828566761904,-0.715937291873794,2.27190622946675,2.25623249403729,-0.0191459895266863,-0.357096435690104,-1.17332181098952,-0.909089787307442,0.112658392690295,1.07402362135981,1.15144147541337,-0.177318504788345
"2591",0,-0.346763866306412,-0.0991117271652847,-0.874547511474277,-2.54900759641992,-1.28439062216768,-0.416428649433891,-0.0533262534330616,-0.0247411626405223,-0.640995384823577,0.266276456865079,-1.41229140468304,0.290358455339444,-0.223353997438511,-0.540830462877054,-0.1555961886108,-0.0445734002443183,-0.1658625288534,0.0702277330491799,-0.119977590191666,0.289871009436705,1.08802203704667,-0.292956833346385,-0.113860786417039,-0.0382639442739243,0.497022557854309,-0.22150435248648,-1.56081868739673,-1.53432688309958,0.700605947741373,1.53709837680268,-0.048236570436645,-0.0330109162638679,1.83419368492302,0.0525087347129891,-1.47909877630812,-1.58035863544297,0.479536172882967,0.8887876654733,0,-0.0930309953194633,1.15203346824737,1.01675972213601,-0.508866897377397,-1.26160056962335,0.754289828035795,0.223462333490363,-0.160915682721654,-0.0692112518235939,-0.410266899197836,1.07863107602188,0.0255710898531705,0.0422191444562627,0.634035676862745,-0.767532904424768,-0.202993708003753,-0.0191459895266863,-0.303642030474405,-0.114946602468813,0.0152822700148413,-0.0853884767976621,-0.988491876452356,-0.527680489439249,-0.177318504788345
"2592",0,-0.346763866306412,-0.314065241041354,0.757106570942284,0.773219575117836,-0.277043532629481,-0.416428649433891,-0.135962069060475,-0.0247411626405223,-0.640995384823577,-0.283834597054994,1.06960504576937,1.13345756693153,0.113275898480654,-0.540830462877054,-0.1555961886108,-0.0445734002443183,-0.741918245459386,-0.43971084571426,1.56338145586488,1.26548676221788,0.135422042612768,-0.574697546273115,-0.113860786417039,-0.0382639442739243,-0.759253601238671,-0.385240369844486,1.1507788827907,1.00657188464015,0.867584711348771,-0.650039470011399,-0.048236570436645,-0.0330109162638679,-0.639535815693025,0.372213079621086,1.09627321067543,0.950766487281889,0.139152767932202,-0.831486854781667,0,-0.0930309953194633,-0.145269946550987,1.3246423271829,1.36287885195866,1.27280760797249,-0.793084723013613,-0.797595882078731,-0.0998707974396848,-0.0692112518235939,-0.410266899197836,0.902704617098525,1.19219966462977,1.16729496510292,-1.05343053405793,-0.767532904424768,-0.202993708003753,-0.0912709356995593,-0.303642030474405,-0.372637375748804,-0.444187946496948,0.904845870642121,-0.472863001999315,-0.527680489439249,-0.177318504788345
"2593",0,-0.346763866306412,0.760702328338993,0.350294315077434,-0.555671293497266,-0.634864546128108,-0.416428649433891,-0.135962069060475,-0.0247411626405223,0.0129698342204877,0.999757862091843,-0.419532824502074,0.711908011135486,-0.0550390494789284,-0.540830462877054,-0.1555961886108,-0.0445734002443183,-0.1658625288534,1.09010489057606,-0.793321208614283,-0.200184221487392,1.24678870278565,-0.292956833346385,-0.113860786417039,-0.0382639442739243,0.215065894639144,0.760911751661556,-0.0355450541663019,0.212541019721487,1.36852100217096,0.716921684247398,-0.048236570436645,-0.0330109162638679,-0.639535815693025,-0.906604300011301,0.291469464743071,0.109909237103759,1.31553737643538,1.74892492560078,0,-0.0930309953194633,-0.481588184154324,-0.984477210668762,-1.12171262543579,-1.26160056962335,0.754289828035795,1.7165922022064,-0.0998707974396848,-0.0692112518235939,-0.410266899197836,0.115778889742467,-0.16886700594293,0.229731781230706,0.913232255527502,0.44824274913184,-0.21295378019915,-0.0191459895266863,-0.303642030474405,0.569346780779528,0.245017378270736,0.112658392690295,0.214642163938074,-0.527680489439249,-0.177318504788345
"2594",0,-0.346763866306412,-0.0424836431047043,0.445256101561715,-0.103000496205357,-0.728839821153821,-0.416428649433891,-0.135962069060475,-0.0247411626405223,-0.640995384823577,0.633017159478461,-0.419532824502074,-1.10594378363586,-0.223353997438511,-0.540830462877054,-0.1555961886108,-0.0445734002443183,-0.741918245459386,1.09010489057606,-0.961657113219938,-0.690239452411488,1.24678870278565,-0.292956833346385,-0.113860786417039,-0.0382639442739243,-0.759253601238671,0.196824695679546,0.133929793970413,0.530153365688954,1.36852100217096,0.716921684247398,-0.048236570436645,-0.0330109162638679,-0.639535815693025,-0.906604300011301,-0.191412782816345,-0.394605113003119,-0.0310389345431809,2.03563734564328,0,-0.0930309953194633,-0.481588184154324,-0.984477210668762,-1.19884214920507,-1.26160056962335,-1.13694573435793,2.40227986155689,-0.0998707974396848,-0.0692112518235939,-0.410266899197836,-1.38433934890509,-1.91880986810783,-1.64539458651373,-0.715937291873794,2.27190622946675,1.02661939301677,-0.0191459895266863,-0.303642030474405,0.027704841871553,0.704487594782526,0.904845870642121,1.24589991284416,0.701128155761885,-0.177318504788345
"2595",0,-0.0579806093376714,0.975655842215063,0.757106570942284,-1.34588243484136,-0.992685559626734,-0.416428649433891,-0.135962069060475,-0.0247411626405223,0.993917662786584,0.999757862091843,1.06960504576937,-0.552740656252641,-1.40155863315559,-0.540830462877054,-0.1555961886108,-0.0445734002443183,1.85033247926755,0.58016631181262,0.216694219019643,0.779926240360802,-1.29347794903808,-0.574697546273115,-0.113860786417039,-0.0382639442739243,3.10080632889786,-0.385240369844486,-0.882919294849875,0.688959538672687,-1.3031392155474,-0.650039470011399,-0.048236570436645,-0.0330109162638679,0.28811274703799,-1.06645647246535,-0.352373532002817,0.278080687139385,-1.56276425682162,-0.831486854781667,0,-0.0930309953194633,-0.481588184154324,-0.984477210668762,1.20759188462151,0.79760607467327,-1.30887624003008,-0.797595882078731,-0.0998707974396848,-0.0692112518235939,-0.410266899197836,0.198998781405106,1.19219966462977,1.16729496510292,1.14027554013895,0.44824274913184,-0.202993708003753,-0.0191459895266863,-0.303642030474405,0.828389277112268,0.93422270303842,0.904845870642121,1.58965249581285,1.92993680096302,0.83591194421428
"2596",0,-0.346763866306412,0.115841786710785,0.990200011287507,0.773219575117836,0.796419507866398,-0.123111490731166,-0.135962069060475,-0.0247411626405223,-0.314012775301545,0.633017159478461,-0.915912114592555,-0.552740656252641,0.449905794399818,-0.0480975708092236,-0.1555961886108,-0.0445734002443183,0.698221046055578,0.41018678555814,0.721701932836606,0.779926240360802,-0.34087795460418,-0.574697546273115,-0.113860786417039,-0.0382639442739243,0.606223829051394,1.08838378637757,0.811829186517271,0.37134719270522,1.20154223856357,0.17013722254388,-0.048236570436645,-0.0330109162638679,-0.33031962811602,-0.906604300011301,-1.47909877630812,-1.73997671328813,0.901945630131663,1.46221250555829,0,-0.0930309953194633,-0.481588184154324,-0.830535908145318,-1.12171262543579,-1.26160056962335,0.0665678053471691,0.57377943662225,-0.0998707974396848,-0.0692112518235939,-0.410266899197836,1.07863107602188,-0.417909315482675,-0.0919417919715821,0.802782297954812,-0.564903628832,-0.202993708003753,-0.0191459895266863,-0.303642030474405,0.42804705949191,0.93422270303842,0.310705262178251,-0.644739293483662,-0.527680489439249,-0.177318504788345
"2597",0,0.299105387132583,0.115841786710785,0.620367756296749,-0.140300481970589,-0.0981330258801679,-0.294184922758323,-0.135962069060475,0.13393602448343,1.32090027230862,0.999757862091843,-0.667722469547314,0.922682789033507,-0.728298841317257,-0.540830462877054,-0.1555961886108,-0.0445734002443183,0.410193187752585,-0.0997517932053001,-0.28831349479732,1.43333321492626,-0.975944617560112,-0.574697546273115,-0.113860786417039,-0.0382639442739243,-0.759253601238671,-1.53139249135053,-0.205019902303017,0.530153365688954,-1.3031392155474,-0.650039470011399,-0.048236570436645,-0.0330109162638679,-0.581272361043298,-1.2263086449194,-0.996216528748704,0.782595037246263,-0.371422339493946,-0.831486854781667,0,-0.0930309953194633,-0.481588184154324,-0.984477210668762,-1.12171262543579,-0.311197503024907,0.286990679754138,0.0587754796115985,-0.0998707974396848,-0.0692112518235939,-0.410266899197836,-0.680633513211668,-0.75218129333123,-1.0828566761904,0.802782297954812,0.44824274913184,-0.202993708003753,-0.0191459895266863,0.186439310224178,0.828389277112268,0.93422270303842,0.904845870642121,1.58965249581285,0.701128155761885,-0.177318504788345
"2598",0,-0.314649033672249,-0.743972268793493,-0.145152025706856,0.773219575117836,-0.277043532629481,-0.416428649433891,-0.197142873604739,-0.064995348517452,-0.640995384823577,-0.283834597054994,-0.419532824502074,-1.1850649899467,0.449905794399818,-0.205260568762243,-0.1555961886108,-0.0445734002443183,-0.741918245459386,-0.0422428486821914,0.315109980119091,0.943277984002168,0.294188708351751,-0.574697546273115,-0.113860786417039,-0.0382639442739243,-0.759253601238671,-0.385240369844486,0.472879490243842,1.00657188464015,-0.536633591625019,-0.650039470011399,-0.048236570436645,-0.0330109162638679,-0.639535815693025,-0.267195610195108,1.09627321067543,-0.562776563038745,-1.56276425682162,-0.831486854781667,0,-0.244777195158699,-0.481588184154324,1.17070102465946,0.897017949947205,-0.944799547423866,-1.51735841721948,-0.797595882078731,-0.0998707974396848,-0.0692112518235939,-0.410266899197836,0.139328655374533,-1.52993367651563,0.0422191444562627,-1.55967039733413,-0.767532904424768,-0.202993708003753,-0.0191459895266863,-0.303642030474405,-1.17332181098952,0.245017378270736,0.706799001154165,-1.1603681679367,-0.527680489439249,-0.177318504788345
"2599",0,-0.346763866306412,-0.314065241041354,-0.408360630783831,0.330255952246136,-0.455954039378794,-0.416428649433891,-0.135962069060475,-0.0247411626405223,-0.640995384823577,0.999757862091843,0.821415400724128,0.711908011135486,0.449905794399818,-0.540830462877054,-0.1555961886108,-0.0445734002443183,-0.741918245459386,-0.77966989822322,-0.961657113219938,0.453222753078071,0.611722039829717,-0.574697546273115,-0.113860786417039,-0.0382639442739243,-0.759253601238671,-1.53139249135053,-1.2218689911233,1.00657188464015,-0.46824539751041,-0.90723454699933,-0.048236570436645,-0.0330109162638679,-0.639535815693025,-1.2263086449194,0.291469464743071,0.446252137175011,-1.56276425682162,-0.831486854781667,0,-0.0930309953194633,-0.481588184154324,-0.368712000574986,1.36287885195866,-0.786399036324126,-1.48080674570224,-0.797595882078731,-0.0998707974396848,-0.157067033105863,-0.410266899197836,0.198998781405106,0.803323473037571,-1.0828566761904,-0.884683912965861,0.0429841979463036,1.88391871607467,-0.0191459895266863,-0.303642030474405,-0.372637375748804,0.474752486526631,0.904845870642121,1.4177762043285,2.42146025904347,4.19834190511436
"2600",0,-0.466562522404645,0.115841786710785,0.0578262499066152,0.330255952246136,0.329137732688007,-0.416428649433891,-0.135962069060475,-0.0247411626405223,-0.640995384823577,0.633017159478461,-0.667722469547314,-0.552740656252641,1.29148053419773,-0.0480975708092236,-0.1555961886108,-0.0445734002443183,-0.741918245459386,-0.77966989822322,-1.46902336525538,-0.200184221487392,1.08802203704667,0.270524592507076,-0.113860786417039,-0.0382639442739243,-0.759253601238671,-1.53139249135053,-1.05239414298659,1.00657188464015,0.032690893311783,-0.650039470011399,-0.048236570436645,-0.0330109162638679,-0.639535815693025,-0.906604300011301,0.774351712302486,-0.394605113003119,-1.56276425682162,-0.831486854781667,0,-0.14813513386712,-0.481588184154324,0.708877117089123,0.897017949947205,-1.26160056962335,-1.48080674570224,-0.797595882078731,-0.0998707974396848,-0.0692112518235939,0.0739739549704533,1.43048399386859,-0.94661938912733,-1.83290722328817,-1.55967039733413,-0.767532904424768,-0.202993708003753,-0.0191459895266863,-0.303642030474405,0.628218168302089,0.704487594782526,0.310705262178251,0.558394746906768,1.43841334288257,-0.177318504788345
"2601",0,1.15655754236669,1.83546989771934,0.524013130597061,-2.10604397354822,-0.992685559626734,-0.416428649433891,-0.135962069060475,-0.0247411626405223,2.62883071039675,0.816387510785152,0.573225755678888,0.0795836774414227,-1.43650474904042,-0.540830462877054,-0.1555961886108,-0.0445734002443183,2.42638819587353,-0.43971084571426,-0.28831349479732,1.43333321492626,-1.29347794903808,-0.574697546273115,-0.113860786417039,-0.0382639442739243,-0.43758194039396,-1.20392045663452,-1.56081868739673,1.00657188464015,-0.802202924725205,-0.650039470011399,-0.048236570436645,-0.0330109162638679,-0.639535815693025,-1.2263086449194,-0.352373532002817,0.278080687139385,-1.56276425682162,-0.831486854781667,0,-0.0930309953194633,-0.63469060790577,-0.830535908145318,0.741730982610052,1.11440709687275,-0.277293205997144,-0.797595882078731,-0.0998707974396848,-0.0692112518235939,0.0739739549704533,1.25455753494524,1.19219966462977,0.913631840431134,1.14027554013895,1.46138912709568,-0.202993708003753,-0.0191459895266863,0.728815661816031,0.828389277112268,-0.444187946496948,-1.2736696937254,-0.129110419030621,1.19265161384234,0.417026924294026
"2602",0,-0.346763866306412,0.935668829100303,0.990200011287507,0.330255952246136,-0.634864546128108,-0.416428649433891,-0.135962069060475,-0.0247411626405223,1.64788288183065,0.999757862091843,-0.171343179456834,0.290358455339444,0.954850638278565,-0.540830462877054,-0.1555961886108,-0.0445734002443183,1.85033247926755,0.58016631181262,-1.12999301782559,0.616574496719437,0.929255371307683,-0.574697546273115,-0.157319536217803,-0.0909846830221019,-0.759253601238671,-1.53139249135053,0.303404642107127,1.00657188464015,1.03456347495617,-0.10325500830788,-0.048236570436645,-0.0330109162638679,-0.639535815693025,-1.2263086449194,0.130508715556599,-0.226433662967493,0.990111280309114,2.03563734564328,0,-0.0930309953194633,-0.481588184154324,-0.365558400078688,-1.12171262543579,-1.26160056962335,0.0665678053471691,1.94515475532323,-0.0998707974396848,-0.318803820424315,-0.410266899197836,1.07863107602188,-0.36330510173903,-0.145293492318181,1.14027554013895,0.44824274913184,-0.237468650578782,-0.0191459895266863,-0.303642030474405,1.02856038592245,0.93422270303842,0.904845870642121,0.558394746906768,-0.527680489439249,-0.177318504788345
"2603",0,-0.346763866306412,-0.529018754917424,0.290919690251838,-0.334189482061415,1.06391673615682,2.22342577889064,1.71880406707795,-0.0247411626405223,-0.640995384823577,-0.100464245748303,-0.171343179456834,-0.552740656252641,0.449905794399818,3.15466622763167,-0.1555961886108,-0.0445734002443183,-0.741918245459386,0.58016631181262,-0.624985304008629,-1.01694293969422,0.611722039829717,1.07294198322634,-0.113860786417039,-0.0909846830221019,-0.759253601238671,-0.712712404560498,-1.05239414298659,-0.422683672213447,1.03456347495617,-0.650039470011399,-0.048236570436645,-0.0330109162638679,-0.260170623893894,0.212360907167038,0.473402311569647,0.950766487281889,1.1603029827845,0.602075245430805,0,-0.0930309953194633,-0.558316292856076,-0.984477210668762,-0.0347038540757136,0.480805052473791,-1.30887624003008,-0.797595882078731,-0.0998707974396848,-0.0692112518235939,-0.719389941673165,-1.38433934890509,0.803323473037571,-0.707831402641512,-1.73031659265128,-0.767532904424768,-0.202993708003753,-0.0191459895266863,-0.303642030474405,-0.372637375748804,0.704487594782526,-1.86781030218927,-1.1603681679367,-0.527680489439249,-0.177318504788345
"2604",0,-0.346763866306412,-0.529018754917424,0.524013130597061,0.994701386553687,1.86988254836228,3.10337725499881,-0.135962069060475,-0.0247411626405223,0.0129698342204877,0.816387510785152,1.06960504576937,0.0795836774414227,-0.0550390494789284,0.937368213326437,-0.1555961886108,-0.0445734002443183,1.85033247926755,1.09010489057606,-0.456649399402975,-1.18029468333559,-1.29347794903808,-0.527841397566553,-0.113860786417039,0.189565172381908,2.13579134636373,1.08838378637757,0.708112336648114,0.688959538672687,-0.802202924725205,-0.621351338994878,-0.048236570436645,-0.0539306280597664,-0.639535815693025,0.212360907167038,-0.0304520336298728,0.3396540534304,0.819919577833732,-0.831486854781667,0,-0.0930309953194633,-0.481588184154324,-0.984477210668762,-1.12171262543579,-0.469598014124647,1.27008134505226,-0.797595882078731,-0.0998707974396848,-0.0368899049158151,-0.410266899197836,-1.38433934890509,-1.14105748492343,0.792269691554037,0.465289055770677,-0.767532904424768,-0.202993708003753,-0.0191459895266863,-0.475841869518997,-0.772979593369162,0.93422270303842,0.310705262178251,-0.58626302429261,-0.527680489439249,-0.177318504788345
"2605",0,0.767805440878689,0.975655842215063,0.290919690251838,0.773219575117836,0.975330014615711,-0.123111490731166,-0.135962069060475,-0.0247411626405223,0.666935053264552,1.00350863431723,-0.763116714383756,-0.552740656252641,-0.223353997438511,-0.540830462877054,-0.1555961886108,-0.0445734002443183,0.788436526000291,1.09010489057606,-0.456649399402975,0.0548990338936657,-1.13471128329909,-0.574697546273115,-0.113860786417039,-0.0382639442739243,0.205761381295462,1.08838378637757,1.1507788827907,0.847765711656421,1.20154223856357,-0.10325500830788,-0.048236570436645,-0.0179575742192926,-0.812409584286832,-1.2263086449194,-1.31813802712165,-0.899119463109996,0.819919577833732,0.602075245430805,0,-0.0930309953194633,-0.481588184154324,-0.984477210668762,-1.12171262543579,-1.26160056962335,1.09815083938011,0.34521688350542,-0.0998707974396848,-0.0692112518235939,2.97941907998019,0.862811817749698,-0.75218129333123,-0.707831402641512,1.00709071901999,0.0429841979463036,-0.202993708003753,-0.0191459895266863,1.76127335410647,0.966696507741187,0.474752486526631,0.508752131666208,0.214642163938074,-0.527680489439249,-0.408784455041125
"2606",0,-0.346763866306412,1.19060935609113,0.990200011287507,0.773219575117836,-0.192087014485747,-0.301589443461219,-0.135962069060475,-0.0247411626405223,-0.640995384823577,0.266276456865079,-0.419532824502074,0.711908011135486,-0.0550390494789284,-0.540830462877054,-0.1555961886108,-0.0445734002443183,-0.741918245459386,-1.62956752949562,-1.12999301782559,0.616574496719437,-0.0233446231262145,-0.574697546273115,-0.113860786417039,-0.0382639442739243,-0.759253601238671,-1.53139249135053,-1.39134383926002,0.847765711656421,-0.802202924725205,-0.650039470011399,-0.048236570436645,-0.0330109162638679,-0.639535815693025,-1.06645647246535,0.291469464743071,0.109909237103759,-1.56276425682162,-0.831486854781667,0,-0.0930309953194633,1.5363212414657,1.3246423271829,1.20759188462151,-0.944799547423866,-1.48080674570224,-0.797595882078731,-0.0998707974396848,-0.0692112518235939,3.94790078831677,1.43048399386859,0.803323473037571,-0.145293492318181,-1.05343053405793,-0.767532904424768,-0.202993708003753,-0.0191459895266863,0.728815661816031,0.628218168302089,0.0152822700148413,0.706799001154165,1.58965249581285,2.6672219880837,-0.177318504788345
"2607",0,0.82515517088739,1.20304764994799,0.990200011287507,0.773219575117836,0.617509001117085,-0.416428649433891,-0.135962069060475,-0.0247411626405223,-0.314012775301545,-1.20068635358845,-1.1641017596378,0.922682789033507,0.954850638278565,-0.540830462877054,-0.1555961886108,-0.0445734002443183,-0.741918245459386,-1.11962895073218,1.39504555125922,1.10662972764353,-0.817177951821129,-0.574697546273115,-0.113860786417039,-0.0382639442739243,-0.759253601238671,-0.665220420736308,0.264039829326971,-0.740296018180913,-1.3031392155474,-0.650039470011399,-0.048236570436645,-0.0330109162638679,-0.639535815693025,-1.06645647246535,0.291469464743071,0.950766487281889,-0.371422339493946,-0.831486854781667,0,-0.0930309953194633,-0.481588184154324,-0.984477210668762,-1.12171262543579,-0.311197503024907,1.27008134505226,0.80234198973908,-0.0998707974396848,-0.0692112518235939,-0.410266899197836,-0.856559972135023,-0.16886700594293,0.792269691554037,0.971528919046879,0.245613473539072,0.213162772001155,-0.0912709356995593,0.728815661816031,1.62907371235298,0.0152822700148413,-0.679529085261532,-0.988491876452356,-0.845499437404153,-0.177318504788345
"2608",0,-0.346763866306412,-1.17387929654563,-1.34073439216472,0.551737763681986,-0.992685559626734,-0.416428649433891,-0.135962069060475,-0.0247411626405223,-0.640995384823577,-1.38405670489514,0.821415400724128,-0.34196587835462,-1.40155863315559,-0.540830462877054,-0.1555961886108,-0.0445734002443183,-0.741918245459386,0.7501458380671,1.22670964665357,-1.18029468333559,-0.182111288865197,2.24270958299419,-0.113860786417039,-0.0382639442739243,1.81411968551902,1.08838378637757,-0.205019902303017,-1.53432688309958,1.03456347495617,3.45084399276499,16.5692619449875,0.185692713437499,2.10815930038972,1.33132611434538,0.452430213929543,-0.0582622129318667,1.1603029827845,2.03563734564328,0,0.255922945417947,1.20000300386236,1.17070102465946,0.180630967362697,1.27280760797249,1.09815083938011,-0.340470775845071,-0.0998707974396848,-0.0692112518235939,-0.410266899197836,-1.38433934890509,-1.14105748492343,1.16729496510292,-0.547190670781726,-0.767532904424768,-0.202993708003753,-0.0191459895266863,-0.303642030474405,-1.17332181098952,-0.903658163008738,0.508752131666208,-1.1603681679367,-0.527680489439249,-0.177318504788345
"2609",0,0.351406732953454,0.975655842215063,0.990200011287507,0.551737763681986,-0.0981330258801679,-0.416428649433891,-0.135962069060475,-0.0247411626405223,0.336881531810274,0.44964680817177,-0.404865700800328,0.922682789033507,0.618220742359401,-0.540830462877054,-0.1555961886108,-0.0445734002443183,-0.375386488332973,-1.62956752949562,-0.0149370107231148,0.943277984002168,0.294188708351751,-0.574697546273115,-0.113860786417039,-0.0382639442739243,-0.759253601238671,-0.385240369844486,0.981304034653986,1.00657188464015,0.032690893311783,-0.650039470011399,-0.048236570436645,-0.0330109162638679,-0.639535815693025,-0.267195610195108,0.452430213929543,0.446252137175011,1.1603029827845,0.602075245430805,0,-0.0930309953194633,-0.481588184154324,-0.984477210668762,-1.12171262543579,-1.26160056962335,0.926220333707951,1.03090454285591,-0.0998707974396848,-0.0692112518235939,-0.410266899197836,0.550851699251816,0.341169956668677,1.16729496510292,0.971528919046879,-0.159645077646464,-0.202993708003753,-0.0191459895266863,0.396110152810104,1.4289026035428,0.847741849501059,-0.679529085261532,-0.816615584968009,-0.527680489439249,0.0356045769876349
"2610",0,0.767805440878689,1.62051638384327,0.288616708097824,0.994701386553687,0.796419507866398,-0.416428649433891,-0.135962069060475,-0.0247411626405223,0.0129698342204877,0.999757862091843,0.325036110633647,-0.549156535367558,0.449905794399818,-0.0480975708092236,-0.1555961886108,-0.0445734002443183,0.660234063007102,1.09010489057606,-0.456649399402975,-1.18029468333559,-1.29347794903808,-0.574697546273115,-0.113860786417039,-0.0382639442739243,1.49244802467431,1.08838378637757,1.1507788827907,0.37134719270522,-1.3031392155474,-0.567340659427845,-0.048236570436645,-0.0330109162638679,-0.33031962811602,-0.107343437741059,0.524440778368676,0.950766487281889,-1.56276425682162,-0.831486854781667,0,-0.0930309953194633,-0.481588184154324,-0.984477210668762,-0.655851723424326,1.27280760797249,-0.96501522868577,-1.16883153327962,-0.0998707974396848,0.0155029111787319,-0.410266899197836,1.07863107602188,0.803323473037571,0.979782328328481,-1.05343053405793,-0.767532904424768,-0.202993708003753,-0.115134277125818,-0.303642030474405,0.628218168302089,0.0152822700148413,-0.877575954749489,-1.25253258647154,-0.527680489439249,-0.177318504788345
"2611",0,-0.346763866306412,0.975655842215063,-0.366733471255659,0.994701386553687,0.0807774808691453,-0.416428649433891,-0.135962069060475,-0.0247411626405223,-0.314012775301545,0.44964680817177,-1.66048104972828,-0.763515434150662,1.12316558623815,-0.0480975708092236,-0.1555961886108,-0.0445734002443183,-0.741918245459386,-1.62956752949562,-1.12999301782559,-0.0368324778460259,0.611722039829717,-0.270233352154489,-0.113860786417039,-0.0382639442739243,-0.759253601238671,-1.46607658168499,-0.543969598576446,0.847765711656421,-0.665463797738771,-0.650039470011399,-0.048236570436645,-0.0330109162638679,0.0284082631009152,-0.107343437741059,0.452430213929543,-1.5718052632525,-1.56276425682162,0.125453589240674,0,-0.0930309953194633,1.20000300386236,1.17070102465946,-0.811138690761479,-1.26160056962335,-1.48080674570224,-0.797595882078731,-0.0998707974396848,-0.0692112518235939,3.94790078831677,1.07863107602188,0.0255710898531705,0.229731781230706,-0.378444049689659,-0.564903628832,-0.202993708003753,-0.0191459895266863,0.728815661816031,0.227875950681732,-0.903658163008738,-0.679529085261532,0.730271038391115,0.412196166490319,-0.177318504788345
"2612",0,-0.346763866306412,0.693370654881208,0.990200011287507,0.330255952246136,-0.634864546128108,-0.416428649433891,-0.135962069060475,-0.064995348517452,-0.640995384823577,-0.100464245748303,0.821415400724128,0.0795836774414227,0.786535690318983,-0.540830462877054,-0.1555961886108,-0.0445734002443183,-0.741918245459386,-1.11962895073218,1.39504555125922,-0.0368324778460259,1.08802203704667,0.834006018360537,-0.113860786417039,-0.0909846830221019,-0.759253601238671,-1.53139249135053,-1.16262329601942,-1.37552071011585,0.867584711348771,0.958940714600789,-0.048236570436645,-0.0330109162638679,-0.639535815693025,-1.2263086449194,-1.47909877630812,-1.73997671328813,1.1603029827845,0.602075245430805,0,-0.0930309953194633,-0.481588184154324,-0.984477210668762,-1.12171262543579,0.164004030274312,1.27008134505226,-0.340470775845071,-0.0998707974396848,-0.0692112518235939,-0.410266899197836,1.25455753494524,1.19219966462977,1.16729496510292,0.29654243467861,-0.767532904424768,-0.202993708003753,-0.0191459895266863,-0.303642030474405,0.628218168302089,0.892463558026643,0.310705262178251,1.58965249581285,3.40450717520438,4.19834190511436
"2613",0,-0.346763866306412,-1.17387929654563,-1.79535521339223,-0.112707670625565,0.259687987618459,-0.512284441659668,-0.135962069060475,-0.0247411626405223,-0.640995384823577,-1.93416775881521,0.325036110633647,1.13345756693153,1.12316558623815,-0.0480975708092236,-0.1555961886108,-0.0445734002443183,-0.741918245459386,-0.9496494244777,1.56338145586488,1.43333321492626,1.24678870278565,0.552265305433806,-0.113860786417039,-0.0382639442739243,-0.115910279549249,1.08838378637757,1.1507788827907,1.00657188464015,1.15587952698693,-0.650039470011399,-0.048236570436645,-0.0330109162638679,-0.33031962811602,0.0525087347129891,-0.0304520336298728,1.00607280888035,1.1603029827845,-0.544774434739172,0,-0.0119783147636945,-0.481588184154324,-0.984477210668762,0.431157047935746,1.27280760797249,1.27008134505226,-0.663561822071539,-0.0998707974396848,-0.0692112518235939,-0.410266899197836,-1.38433934890509,-0.16886700594293,1.16729496510292,1.14027554013895,-0.767532904424768,-0.202993708003753,-0.0912709356995593,-0.303642030474405,-1.17332181098952,-2.28206881254411,-0.0853884767976621,0.0427658724537265,-0.527680489439249,-0.177318504788345
"2614",0,-0.346763866306412,-0.0991117271652847,0.290919690251838,0.551737763681986,1.15424052136502,-0.123111490731166,-0.135962069060475,-0.0247411626405223,-0.640995384823577,-0.283834597054994,1.06960504576937,-0.763515434150662,-0.223353997438511,1.18373465936035,-0.1555961886108,-0.111531751188364,-0.741918245459386,1.09010489057606,-0.456649399402975,-1.18029468333559,-1.13471128329909,1.38433931988723,-0.113860786417039,-0.0382639442739243,0.527433042140173,0.433439716945544,-1.56081868739673,-1.53432688309958,-0.45904790236911,1.53709837680268,-0.048236570436645,-0.0330109162638679,0.597328934614995,0.0525087347129891,-1.47909877630812,-1.54731133300909,-0.541614041969328,0.602075245430805,0,-0.0930309953194633,1.20000300386236,0.247053209518791,-1.12171262543579,-1.26160056962335,0.410428816691482,-0.340470775845071,-0.0998707974396848,-0.0692112518235939,0.0739739549704533,1.07863107602188,-0.94661938912733,0.229731781230706,-0.209697428597592,-0.767532904424768,-0.202993708003753,-0.0191459895266863,-0.303642030474405,-0.372637375748804,0.0838296013244079,0.205767679477984,-1.1603681679367,-0.877973976279268,-0.177318504788345
"2615",0,8.56979059117439,2.26537692547148,0.990200011287507,0.994701386553687,1.86988254836228,2.22342577889064,-0.135962069060475,-0.0247411626405223,0.993917662786584,0.266276456865079,0.0768464655884069,0.711908011135486,1.29148053419773,1.67646755142818,-0.1555961886108,-0.0445734002443183,-0.741918245459386,-1.62956752949562,-0.793321208614283,1.2699814712849,0.7704887055687,-0.574697546273115,-0.428426964888066,-0.0382639442739243,-0.759253601238671,-1.53139249135053,-0.0355450541663019,1.00657188464015,-0.46824539751041,-0.650039470011399,-0.048236570436645,-0.0330109162638679,-0.639535815693025,-0.906604300011301,1.09627321067543,0.446252137175011,-1.56276425682162,-0.831486854781667,0,-0.0930309953194633,-0.481588184154324,0.708877117089123,1.36287885195866,-0.627998525224387,-1.48080674570224,-0.797595882078731,-0.0998707974396848,-0.0692112518235939,0.784233214002863,1.43048399386859,0.997761568833671,-1.83290722328817,-1.55967039733413,-0.767532904424768,-0.202993708003753,-0.0191459895266863,5.89110412326821,2.02941592997334,-0.214452838241053,-2.26390404116519,-1.1603681679367,-0.527680489439249,-0.177318504788345
"2616",0,-0.346763866306412,-1.17387929654563,0.0578262499066152,0.922265591020785,-0.0981330258801679,-0.416428649433891,-0.24970384571667,-0.0247411626405223,-0.640995384823577,-1.38405670489514,1.06960504576937,1.13345756693153,0.618220742359401,-0.319644957386744,-0.1555961886108,-0.0445734002443183,-0.741918245459386,0.7501458380671,1.56338145586488,1.43333321492626,-0.975944617560112,-0.574697546273115,-0.113860786417039,-0.0598124768661009,-0.43758194039396,0.924647769019562,1.1507788827907,-0.263877499229713,-1.3031392155474,-0.650039470011399,-0.048236570436645,-0.0330109162638679,0.597328934614995,1.33132611434538,0.935312461488958,-0.845685529233548,-1.56276425682162,-0.831486854781667,0,-0.0930309953194633,0.527366528655686,1.41862085255259,1.36287885195866,-1.10320005852361,-1.48080674570224,-0.797595882078731,-0.0998707974396848,-0.0692112518235939,-0.410266899197836,0.374925240328461,1.19219966462977,0.604757054779594,-1.55967039733413,-0.767532904424768,-0.202993708003753,-0.0191459895266863,-0.277932975590707,-1.17332181098952,-0.598983973005175,0.904845870642121,-0.300986710514968,-0.527680489439249,-0.177318504788345
"2617",0,-0.346763866306412,-1.07840164734935,-2.73929503423606,0.108774140810285,1.26474637664862,0.17020566797156,-0.135962069060475,-0.0247411626405223,-0.640995384823577,-1.93416775881521,-2.65323962990924,0.922682789033507,1.23536700785515,-0.540830462877054,-0.1555961886108,-0.0445734002443183,-0.741918245459386,-1.11962895073218,0.89003783744226,1.43333321492626,1.24678870278565,-0.574697546273115,-0.113860786417039,-0.0382639442739243,1.17077636382959,1.08838378637757,1.1507788827907,1.00657188464015,1.20154223856357,-0.650039470011399,-0.048236570436645,-0.0330109162638679,1.21576130976901,0.532065252075134,-0.513334281189288,0.950766487281889,0.753394145445938,-0.831486854781667,0,-0.0930309953194633,-0.481588184154324,-0.984477210668762,-1.12171262543579,1.27280760797249,0.582359322363638,-0.797595882078731,-0.0998707974396848,-0.0692112518235939,-0.410266899197836,-1.38433934890509,-1.91880986810783,0.979782328328481,0.634035676862745,-0.767532904424768,-0.406339971829457,-0.0191459895266863,-0.303642030474405,-1.17332181098952,-2.7415390290559,-0.481482215773575,1.58965249581285,0.209604697681432,-0.177318504788345
"2618",0,2.13107799536493,2.05042341159541,0.990200011287507,-0.112707670625565,-0.813775052877421,-0.416428649433891,-0.112549220610892,-0.0247411626405223,3.28279592944081,0.44964680817177,-0.419532824502074,1.13345756693153,-0.922722812569152,-0.540830462877054,-0.1555961886108,-0.0445734002443183,0.698221046055578,-1.45958800324114,0.216694219019643,1.43333321492626,-1.13471128329909,-0.574697546273115,-0.113860786417039,-0.0382639442739243,-0.759253601238671,-1.24635465921469,1.1507788827907,1.00657188464015,-0.301266633903012,-0.650039470011399,-0.048236570436645,-0.0330109162638679,-0.988296744082479,-1.2263086449194,-0.352373532002817,0.446252137175011,1.14837176032223,0.602075245430805,0,-0.0930309953194633,-0.481588184154324,-0.984477210668762,-1.12171262543579,-1.10320005852361,1.09815083938011,2.17371730844006,-0.0998707974396848,-0.0692112518235939,1.52669651747532,0.550851699251816,-0.36330510173903,-0.332806129092624,0.971528919046879,1.86664767828122,-0.202993708003753,-0.0191459895266863,1.76127335410647,1.62907371235298,0.93422270303842,0.904845870642121,0.558394746906768,0.365461882563672,-0.177318504788345
"2619",0,-0.346763866306412,0.330795300586854,0.757106570942284,-0.334189482061415,-0.68872617961529,-0.320199496601364,-0.135962069060475,-0.0247411626405223,-0.0057717411169719,0.266276456865079,-0.419532824502074,0.922682789033507,-0.89661378927684,-0.540830462877054,-0.1555961886108,-0.0445734002443183,-0.741918245459386,-1.62956752949562,-1.12999301782559,0.779926240360802,0.452955374090734,-0.574697546273115,-0.113860786417039,-0.0382639442739243,-0.759253601238671,-1.53139249135053,-1.56081868739673,0.688959538672687,0.19966965691918,-0.650039470011399,-0.048236570436645,-0.0330109162638679,-0.33031962811602,-0.427047782649156,-0.191412782816345,0.950766487281889,0.479536172882967,-0.258062014696678,0,-0.0930309953194633,2.88159419187904,1.47858362970634,1.36287885195866,1.11440709687275,0.238498311019326,-0.111908222728241,-0.0998707974396848,-0.0692112518235939,-0.410266899197836,-1.03248643105838,1.19219966462977,-0.330262433727822,-1.55967039733413,-0.767532904424768,-0.202993708003753,-0.0191459895266863,-0.303642030474405,0.42804705949191,0.0152822700148413,-2.26390404116519,-1.1603681679367,-0.527680489439249,-0.177318504788345
"2620",0,-0.346763866306412,-0.314065241041354,0.40382028223318,0.994701386553687,1.69097204161296,0.756839985377011,-0.159316834353602,-0.0247411626405223,-0.521956723618339,-0.100464245748303,-0.419532824502074,-1.1850649899467,-0.89661378927684,-0.120955679037829,-0.271585214038353,-0.0445734002443183,0.560913934803074,0.7501458380671,-0.221687479691521,-0.526887708770123,-0.975944617560112,-0.574697546273115,-0.113860786417039,-0.0382639442739243,1.81411968551902,0.924647769019562,0.811829186517271,0.0279683235498266,1.20154223856357,1.11403897806101,-0.048236570436645,-0.0330109162638679,0.906545122192,0.691917424529183,-0.67429503037576,-1.73997671328813,-0.0310389345431809,1.46221250555829,0,-0.0930309953194633,-0.481588184154324,-0.984477210668762,-1.12171262543579,-1.26160056962335,-0.105362700324987,1.03090454285591,-0.0998707974396848,-0.0692112518235939,-0.410266899197836,-0.504707054288313,-0.16886700594293,-0.520318765867068,-0.158445603108456,-0.362274353239232,-0.202993708003753,-0.0912709356995593,-0.303642030474405,-0.572808484558983,0.93422270303842,-0.0853884767976621,-0.472863001999315,-0.527680489439249,-0.177318504788345
"2621",0,-0.346763866306412,-1.17387929654563,-2.04001471320039,0.551737763681986,0.528029452719728,-0.416428649433891,-0.135962069060475,-0.0247411626405223,-0.640995384823577,-1.93416775881521,-1.41229140468304,1.10062513012445,0.786535690318983,-0.294464016843139,-0.1555961886108,-0.0445734002443183,-0.741918245459386,-1.62956752949562,0.227757978769722,1.43333321492626,0.7704887055687,-0.292956833346385,-0.113860786417039,-0.0909846830221019,-0.759253601238671,-1.53139249135053,-0.0355450541663019,1.00657188464015,0.533627184133976,-0.536501763143224,-0.0291824682331688,-0.0330109162638679,0.906545122192,1.01162176943728,1.09627321067543,0.950766487281889,0.479536172882967,-0.831486854781667,0,-0.0930309953194633,-0.481588184154324,-0.676594605621874,0.275870080598593,1.27280760797249,1.27008134505226,0.116654330388589,-0.249202588790331,-0.0692112518235939,-0.410266899197836,-1.38433934890509,-0.94661938912733,1.16729496510292,1.14027554013895,0.853501300317375,-0.202993708003753,-0.0191459895266863,-0.303642030474405,-1.17332181098952,-2.05233370428821,0.310705262178251,1.24589991284416,0.701128155761885,-0.177318504788345
"2622",0,-0.346763866306412,-0.958925782669563,0.990200011287507,0.108774140810285,-0.813775052877421,-0.416428649433891,-0.135962069060475,-0.0247411626405223,-0.640995384823577,-0.311054583281495,1.06960504576937,1.13345756693153,0.281590846440236,-0.540830462877054,-0.1555961886108,-0.0445734002443183,-0.741918245459386,0.726261234950628,-0.0174511953951122,-0.690239452411488,0.611722039829717,-0.0112161204196545,-0.113860786417039,-0.0382639442739243,-0.43758194039396,0.924647769019562,-1.39134383926002,-1.53432688309958,0.366648420526578,0.990313915099158,-0.048236570436645,-0.0330109162638679,-0.0211034405390152,0.851769596983231,-1.47909877630812,-1.73997671328813,0.309344470407584,1.46221250555829,0,-0.0930309953194633,0.527366528655686,1.3246423271829,-0.966425658098632,-1.26160056962335,0.921831610728791,1.25946709597274,-0.0998707974396848,-0.0692112518235939,-0.410266899197836,0.198998781405106,0.0255710898531705,-1.27036931296484,1.14027554013895,1.46138912709568,-0.202993708003753,-0.0191459895266863,-0.303642030474405,-1.17332181098952,-0.903658163008738,0.112658392690295,0.902147329875462,0.209604697681432,-0.177318504788345
"2623",0,-0.346763866306412,-0.314065241041354,0.159217584615735,0.330255952246136,-0.273690300436353,-0.123111490731166,-0.135962069060475,-0.0247411626405223,0.0129698342204877,0.44964680817177,-0.419532824502074,-1.39583976784473,-0.0550390494789284,0.419501319501062,-0.1555961886108,-0.0445734002443183,0.986248904358571,0.959833497113439,-0.456649399402975,0.289871009436705,1.08802203704667,0.552265305433806,-0.113860786417039,-0.0382639442739243,0.527433042140173,1.08838378637757,1.1507788827907,1.00657188464015,0.867584711348771,-0.650039470011399,-0.048236570436645,-0.0330109162638679,-0.639535815693025,0.691917424529183,0.291469464743071,-0.633392927976236,-0.201230637018563,1.46221250555829,0,-0.0930309953194633,-0.481588184154324,0.862818419612568,-0.500564756087173,-1.26160056962335,-0.277293205997144,1.03090454285591,-0.0998707974396848,-0.0692112518235939,-0.410266899197836,0.726778158175171,-0.36330510173903,-0.332806129092624,-0.201304628018199,-0.767532904424768,-0.237157914005654,-0.0191459895266863,-0.303642030474405,0.027704841871553,0.245017378270736,-0.0853884767976621,-0.988491876452356,-1.35515669482847,-0.177318504788345
"2624",0,2.99694405524889,1.83866923285595,0.757106570942284,-1.88456216211237,-0.992685559626734,-0.416428649433891,-0.135962069060475,-0.0247411626405223,1.97486549135268,0.633017159478461,0.0768464655884069,0.0795836774414227,-1.40155863315559,-0.540830462877054,-0.1555961886108,-0.0445734002443183,0.122165329449593,0.24020725930366,-0.793321208614283,1.43333321492626,-0.817177951821129,-0.574697546273115,-0.129817382135787,-0.0909846830221019,-0.759253601238671,-1.53139249135053,-1.2218689911233,1.00657188464015,-0.969181688332602,-0.650039470011399,-0.048236570436645,-0.0330109162638679,-0.639535815693025,-1.2263086449194,-0.67429503037576,0.950766487281889,-1.56276425682162,-0.831486854781667,0,-0.0930309953194633,-0.481588184154324,-0.418345863508806,0.426605037497401,0.63920556357353,-1.02963720215191,-0.797595882078731,-0.0998707974396848,-0.0692112518235939,-0.410266899197836,0.820745832586657,1.19219966462977,0.604757054779594,0.634035676862745,1.25875985150291,1.02661939301677,-0.0191459895266863,1.76127335410647,1.62907371235298,0.93422270303842,0.706799001154165,0.902147329875462,2.42146025904347,1.44642616219717
"2625",0,-0.578709154743538,-0.529018754917424,0.524013130597061,0.330255952246136,-0.634864546128108,-0.416428649433891,-0.135962069060475,-0.0247411626405223,-0.640995384823577,0.999757862091843,0.573225755678888,0.711908011135486,0.449905794399818,-0.540830462877054,-0.1555961886108,-0.0445734002443183,1.27427676266156,0.92012536432158,-0.793321208614283,-1.01694293969422,1.24678870278565,-0.292956833346385,-0.113860786417039,-0.0382639442739243,0.849104702984884,0.433439716945544,-1.56081868739673,-1.53432688309958,0.700605947741373,0.725727438453228,-0.048236570436645,-0.0330109162638679,1.83419368492302,0.372213079621086,-1.47909877630812,-1.73997671328813,0.309344470407584,1.46221250555829,0,-0.0930309953194633,-0.145269946550987,1.3246423271829,-1.12171262543579,-1.26160056962335,-0.105362700324987,1.7165922022064,-0.0998707974396848,-0.0692112518235939,-0.410266899197836,0.550851699251816,0.0255710898531705,-0.520318765867068,0.971528919046879,0.44824274913184,-0.202993708003753,-0.0191459895266863,-0.303642030474405,-0.572808484558983,0.0152822700148413,0.904845870642121,0.730271038391115,-0.281918760399022,-0.177318504788345
"2626",0,-0.346763866306412,-1.17387929654563,-2.50620159389084,0.551737763681986,0.438598494367772,-0.416428649433891,-0.135962069060475,-0.0247411626405223,-0.640995384823577,-1.92674996025936,0.565807714529392,0.711908011135486,-1.06492873723642,-0.540830462877054,-0.190107928965455,-0.0445734002443183,-0.413487071008519,-0.527873601870438,1.56338145586488,-0.366727935112125,-1.29347794903808,0.00446663273401894,-0.113860786417039,0.0648763477579032,0.849104702984884,1.08838378637757,0.303404642107127,-1.05790836414838,0.366648420526578,0.716921684247398,-0.048236570436645,-0.0330109162638679,2.76184224765403,1.33132611434538,1.09627321067543,0.950766487281889,1.06682031415835,0.8887876654733,0,0.431283760413717,1.87263947906903,0.862818419612568,0.586444015272899,1.27280760797249,0.754289828035795,-0.24314428237928,-0.0998707974396848,-0.0692112518235939,-0.410266899197836,-1.38433934890509,-0.94661938912733,1.33047608347684,0.117970181295724,-0.767532904424768,-0.202993708003753,-0.0912709356995593,-0.303642030474405,-1.17332181098952,-2.28206881254411,0.904845870642121,0.386518455422421,-0.527680489439249,-0.177318504788345
"2627",0,-0.346763866306412,-0.743972268793493,0.482066757786236,0.994701386553687,-0.455954039378794,-0.416428649433891,-0.135962069060475,-0.0247411626405223,-0.640995384823577,0.816387510785152,1.06960504576937,1.13345756693153,-0.728298841317257,-0.540830462877054,-0.1555961886108,-0.0445734002443183,0.122165329449593,0.41018678555814,-0.961657113219938,1.43333321492626,1.08802203704667,1.96096887006746,-0.113860786417039,-0.0382639442739243,-0.759253601238671,-1.53139249135053,-0.374494750439731,1.00657188464015,1.36852100217096,2.90405953106147,-0.048236570436645,-0.0539306280597664,-0.639535815693025,-1.2263086449194,1.09627321067543,0.782595037246263,-1.22238085187086,-0.831486854781667,0,-0.0930309953194633,-0.481588184154324,-1.12578326819445,0.12058311326144,0.63920556357353,-1.48080674570224,-0.797595882078731,-0.0998707974396848,-0.0692112518235939,-0.410266899197836,-1.38433934890509,0.608885377241471,-0.145293492318181,-1.55967039733413,-0.798438733028321,-0.202993708003753,-0.0191459895266863,-0.303642030474405,-0.503451768177182,0.474752486526631,-1.66976343270132,-1.1603681679367,-0.527680489439249,-0.177318504788345
"2628",0,-0.346763866306412,-1.17387929654563,-0.175267190438608,-1.22011672780482,-0.992685559626734,-0.230013713462132,-0.135962069060475,-0.0247411626405223,-0.640995384823577,-1.93416775881521,0.821415400724128,-0.131191100456599,-1.40155863315559,-0.540830462877054,-0.1555961886108,-0.0445734002443183,-0.741918245459386,-0.665471864873122,1.43718590517264,-0.853591196052854,-1.29347794903808,-0.574697546273115,-0.113860786417039,-0.0382639442739243,-0.759253601238671,-0.22150435248648,0.642354338380556,-1.53432688309958,-1.3031392155474,-0.650039470011399,-0.048236570436645,-0.0330109162638679,-0.639535815693025,0.372213079621086,0.452430213929543,-0.899119463109996,-0.371422339493946,-0.544774434739172,0,-0.0930309953194633,-0.481588184154324,0.400994512042235,1.36287885195866,0.63920556357353,0.582359322363638,2.63084241467372,10.0092732545106,-0.0692112518235939,-0.410266899197836,-0.152854136441604,0.997761568833671,-0.707831402641512,-0.0409508075055244,2.27190622946675,9.63391110016043,-0.0191459895266863,-0.303642030474405,-0.97315070217934,-0.444187946496948,0.706799001154165,1.4177762043285,1.92993680096302,-0.177318504788345
"2629",0,-0.346763866306412,0.975655842215063,0.0578262499066152,-1.22011672780482,-0.992685559626734,-0.416428649433891,-0.135962069060475,-0.0247411626405223,-0.640995384823577,0.999757862091843,0.573225755678888,0.367415920769089,-0.728298841317257,-0.540830462877054,-0.1555961886108,-0.0445734002443183,-0.453890387156393,1.09010489057606,0.216694219019643,1.43333321492626,0.460925699777037,-0.574697546273115,-0.113860786417039,-0.0382639442739243,-0.759253601238671,-0.385240369844486,0.981304034653986,1.00657188464015,1.36852100217096,0.323130844512242,-0.048236570436645,-0.0330109162638679,-0.639535815693025,-1.07151902609422,-0.996216528748704,-1.06729091314562,0.990111280309114,1.74892492560078,0,-0.0930309953194633,-0.481588184154324,-0.984477210668762,-1.12171262543579,-1.26160056962335,0.582359322363638,1.7165922022064,-0.0998707974396848,-0.0692112518235939,-0.410266899197836,-0.504707054288313,-0.55774319753513,-0.145293492318181,1.14027554013895,1.05613057591014,-0.202993708003753,-0.0191459895266863,-0.303642030474405,0.591244375331172,0.93422270303842,0.310705262178251,0.386518455422421,-0.0361570313587953,-0.177318504788345
"2630",0,-0.346763866306412,-1.17387929654563,-0.641454071129054,-1.66308035067652,-0.992685559626734,-0.416428649433891,-0.135962069060475,-0.0247411626405223,-0.640995384823577,-1.93416775881521,1.06960504576937,-1.60661454574275,-1.40155863315559,-0.540830462877054,-0.235959706874319,-0.0445734002443183,-0.741918245459386,-0.26973131945978,0.89003783744226,-1.18029468333559,-1.13471128329909,-0.574697546273115,-0.113860786417039,-0.0382639442739243,0.929686172226095,0.924647769019562,-1.2218689911233,-1.37552071011585,1.20154223856357,0.17013722254388,-0.048236570436645,-0.0330109162638679,1.83419368492302,0.851769596983231,-1.47909877630812,-0.394605113003119,1.1603029827845,0.0286504053458163,0,-0.0930309953194633,2.20895771667237,1.47858362970634,0.828506864471569,1.27280760797249,0.506974180875301,0.116654330388589,-0.0998707974396848,-0.0692112518235939,-0.410266899197836,-0.526508665253935,0.0255710898531705,0.604757054779594,-1.55967039733413,-0.767532904424768,-0.0435543764927392,-0.0191459895266863,-0.303642030474405,-1.17332181098952,-1.13339327126463,0.112658392690295,-1.1603681679367,-0.527680489439249,-0.177318504788345
"2631",0,0.767805440878689,1.4055628699672,0.908434369043451,-0.892763227258203,-0.992685559626734,-0.416428649433891,-0.135962069060475,-0.0247411626405223,2.95581331991878,0.999757862091843,1.06960504576937,0.0795836774414227,-1.40155863315559,-0.540830462877054,-0.1555961886108,-0.0445734002443183,0.986248904358571,-0.77966989822322,1.56338145586488,0.616574496719437,-1.29347794903808,-0.574697546273115,-0.231607506288594,-0.0382639442739243,-0.759253601238671,-1.20392045663452,1.1507788827907,-0.422683672213447,-1.3031392155474,-0.650039470011399,-0.106080643591261,-0.0330109162638679,-0.639535815693025,0.0525087347129891,1.09627321067543,-1.23546236318125,-1.56276425682162,-0.613950270925662,0,-0.0930309953194633,-0.145269946550987,1.01675972213601,1.05230491728436,-1.26160056962335,-1.13694573435793,-0.569033328961901,-0.0998707974396848,-0.0692112518235939,1.52669651747532,1.43048399386859,1.19219966462977,1.16729496510292,1.14027554013895,1.25875985150291,-0.202993708003753,-0.0191459895266863,-0.303642030474405,1.82924482116316,0.93422270303842,0.508752131666208,0.386518455422421,0.209604697681432,-0.136136397292256
"2632",0,-0.346763866306412,-0.958925782669563,0.524013130597061,-0.777153104933116,-0.992685559626734,-0.416428649433891,-0.135962069060475,-0.0247411626405223,-0.640995384823577,-0.283834597054994,0.573225755678888,-1.81738932364077,-1.40155863315559,0.198268875224692,2.77970488301997,0.0386153206471683,0.410193187752585,1.09010489057606,-0.624985304008629,-1.18029468333559,-0.975944617560112,3.93315386055457,3.08626943832205,-0.0382639442739243,1.03134441028672,1.08838378637757,-0.0355450541663019,-0.263877499229713,0.867584711348771,2.63066730020971,-0.048236570436645,-0.0330109162638679,-0.0211034405390152,1.33132611434538,1.09627321067543,0.950766487281889,0.819919577833732,-0.258062014696678,0,-0.0930309953194633,-0.481588184154324,-0.984477210668762,-1.12171262543579,0.79760607467327,0.0665678053471691,-0.744991858949947,-0.0998707974396848,-0.0692112518235939,-0.410266899197836,-1.38433934890509,-0.36330510173903,0.792269691554037,-1.39092377624206,-0.767532904424768,-0.202993708003753,-0.0191459895266863,-0.303642030474405,-0.758611418558065,0.704487594782526,-0.877575954749489,-1.1603681679367,-0.527680489439249,-0.177318504788345
"2633",0,-0.346763866306412,-0.0991117271652847,-0.175267190438608,0.551737763681986,-0.0981330258801679,-0.416428649433891,-0.135962069060475,-0.0247411626405223,-0.105166469586181,0.44964680817177,-1.66048104972828,-1.39583976784473,0.954850638278565,-0.0480975708092236,-0.1555961886108,-0.0445734002443183,-0.741918245459386,-0.9496494244777,-0.30438311881555,0.49601632124256,0.929255371307683,-0.0112161204196545,-0.113860786417039,-0.0382639442739243,-0.759253601238671,-1.36765647399252,0.642354338380556,0.688959538672687,-0.802202924725205,-0.650039470011399,-0.048236570436645,-0.0330109162638679,-0.639535815693025,-1.06645647246535,0.774351712302486,-0.394605113003119,-1.56276425682162,-0.831486854781667,0,-0.0930309953194633,-0.481588184154324,0.400994512042235,0.275870080598593,0.322404541374051,-1.01441671112243,-0.797595882078731,-0.0998707974396848,-0.0692112518235939,-0.410266899197836,0.902704617098525,-0.557558327984458,-0.332806129092624,-0.209697428597592,-0.767532904424768,-0.202993708003753,-0.0191459895266863,-0.303642030474405,0.027704841871553,0.245017378270736,0.508752131666208,0.0427658724537265,-0.527680489439249,-0.177318504788345
"2634",0,-0.346763866306412,-0.0991117271652847,0.524013130597061,0.994701386553687,0.796419507866398,-0.416428649433891,-0.157107785540608,-0.0247411626405223,-0.640995384823577,0.816387510785152,-0.0122174815696086,0.711908011135486,0.786535690318983,-0.540830462877054,-0.1555961886108,-0.0445734002443183,-0.741918245459386,-0.9496494244777,-0.624985304008629,1.2699814712849,0.436495078443909,-0.574697546273115,-0.109967411363346,-0.0382639442739243,-0.759253601238671,-1.36765647399252,1.1507788827907,1.00657188464015,0.719607383060412,-0.10325500830788,-0.048236570436645,-0.0330109162638679,-0.639535815693025,-1.07931728288653,-0.352373532002817,-0.73094801307437,1.1603029827845,0.8887876654733,0,-0.0930309953194633,-0.563634670618732,-0.984477210668762,-0.966425658098632,-1.26160056962335,0.926220333707951,0.57377943662225,-0.0998707974396848,-0.0692112518235939,-0.410266899197836,-1.03248643105838,0.997761568833671,0.41724441800515,0.802782297954812,-0.564903628832,-0.202993708003753,-0.0191459895266863,-0.303642030474405,0.227875950681732,0.93422270303842,0.112658392690295,-0.188446238531116,-0.527680489439249,-0.177318504788345
"2635",0,-0.346763866306412,-0.743972268793493,-0.641454071129054,0.773219575117836,1.86988254836228,1.63679146148519,-0.135962069060475,-0.0247411626405223,-0.640995384823577,0.816387510785152,-0.107225448569499,-0.552740656252641,1.12316558623815,1.67646755142818,-0.1555961886108,-0.0445734002443183,0.445099825550424,0.92012536432158,-0.624985304008629,-0.526887708770123,1.24678870278565,-0.0112161204196545,-0.113860786417039,0.0337041416019022,0.527433042140173,0.924647769019562,0.490175498930376,0.393509883416805,-0.969181688332602,-0.650039470011399,-0.127688142002309,-0.0330109162638679,-0.639535815693025,-1.06645647246535,1.09627321067543,0.950766487281889,-0.0310389345431809,-0.831486854781667,0,-0.0930309953194633,-0.481588184154324,0.554935814565679,0.431157047935746,0.322404541374051,1.27008134505226,-0.111908222728241,-0.0998707974396848,-0.0692112518235939,-0.428652626943057,0.374925240328461,0.414447281445371,0.0422191444562627,0.694855827745242,0.0429841979463036,-0.202993708003753,-0.0191459895266863,-0.303642030474405,-0.772979593369162,0.245017378270736,0.112658392690295,0.214642163938074,-0.215564651064601,-0.177318504788345
"2636",0,0.767805440878689,1.19060935609113,0.0578262499066152,0.773219575117836,1.86988254836228,3.39669441370154,0.791420999008737,-0.0247411626405223,-0.314012775301545,0.816387510785152,-0.171343179456834,-0.552740656252641,0.281590846440236,3.40103267366559,0.990568582474212,-0.0445734002443183,-0.741918245459386,-1.62956752949562,-1.12999301782559,-1.18029468333559,0.7704887055687,2.24270958299419,-0.113860786417039,-0.0382639442739243,-0.759253601238671,-1.53139249135053,-1.56081868739673,0.212541019721487,0.700605947741373,-0.376647239159639,-0.048236570436645,-0.0330109162638679,-0.639535815693025,-1.2263086449194,-0.191412782816345,0.950766487281889,-1.22238085187086,-0.831486854781667,0,-0.0930309953194633,-0.481588184154324,-0.52265330309843,0.843148058858068,-0.469598014124647,-1.48080674570224,-0.797595882078731,-0.0998707974396848,-0.0692112518235939,-0.410266899197836,0.198998781405106,0.608885377241471,-1.06647655428636,-1.55967039733413,-0.767532904424768,-0.202993708003753,-0.0191459895266863,-0.303642030474405,1.62907371235298,-1.59286348777642,-2.26390404116519,-1.1603681679367,-0.527680489439249,-0.177318504788345
"2637",0,-0.346763866306412,-0.314065241041354,0.0578262499066152,0.994701386553687,1.18679645830571,1.05015714407974,-0.135962069060475,-0.0247411626405223,-0.640995384823577,0.44964680817177,1.06960504576937,1.13345756693153,1.29148053419773,1.18373465936035,-0.1555961886108,-0.0445734002443183,0.410193187752585,1.09010489057606,1.05837374204791,1.10662972764353,0.452955374090734,-0.574697546273115,-0.113860786417039,-0.0382639442739243,1.17077636382959,1.08838378637757,1.1507788827907,0.688959538672687,-1.13616045194,-0.650039470011399,-0.048236570436645,-0.0330109162638679,-0.639535815693025,0.212360907167038,1.09627321067543,0.278080687139385,-1.20006460507172,-0.831486854781667,0,-0.0930309953194633,-0.481588184154324,0.862818419612568,0.741730982610052,1.11440709687275,-0.277293205997144,-0.797595882078731,-0.0998707974396848,-0.0692112518235939,-0.410266899197836,0.902704617098525,0.0255710898531705,0.604757054779594,0.465289055770677,-0.767532904424768,-0.202993708003753,-0.0191459895266863,-0.303642030474405,-0.572808484558983,-0.065144873555246,0.0714589310206299,-0.472863001999315,-0.527680489439249,-0.177318504788345
"2638",0,-0.296345888323845,-0.529018754917424,0.524013130597061,0.994701386553687,1.86988254836228,1.63679146148519,-0.135962069060475,-0.0247411626405223,-0.640995384823577,0.082906105558388,-0.667722469547314,-1.39583976784473,0.618220742359401,3.15466622763167,-0.1555961886108,-0.0445734002443183,-0.741918245459386,-1.62956752949562,-1.12999301782559,-1.18029468333559,-0.0233446231262145,2.40274523371458,-0.113860786417039,-0.0909846830221019,-0.759253601238671,-1.53139249135053,-1.56081868739673,-1.53432688309958,0.700605947741373,1.81049060765444,-0.048236570436645,-0.0330109162638679,-0.639535815693025,-0.427047782649156,0.176927601327306,0.278080687139385,1.1603029827845,0.758086701461748,0,-0.0930309953194633,-0.481588184154324,0.708877117089123,0.480293431054037,1.27280760797249,0.582359322363638,-0.111908222728241,-0.0998707974396848,-0.0692112518235939,-0.410266899197836,-1.38433934890509,-0.16886700594293,0.604757054779594,-1.39092377624206,-0.767532904424768,-0.202993708003753,-0.0191459895266863,-0.303642030474405,-0.572808484558983,0.93422270303842,-1.86781030218927,-1.1603681679367,-0.527680489439249,-0.177318504788345
"2639",0,0.0711004106966394,0.975655842215063,0.757106570942284,-1.22011672780482,-0.992685559626734,-0.394025457339603,-0.135962069060475,-0.0247411626405223,1.64788288183065,1.09924914346042,-1.41229140468304,0.501133233237465,-1.06492873723642,-0.540830462877054,-0.1555961886108,-0.0445734002443183,1.27427676266156,-0.26973131945978,-1.12999301782559,0.943277984002168,-0.658411286082146,-0.574697546273115,-0.113860786417039,-0.0382639442739243,-0.759253601238671,-1.36765647399252,-1.56081868739673,0.530153365688954,-0.635224161117807,-0.707686685911417,-0.048236570436645,-0.0330109162638679,-0.639535815693025,-1.20871284814611,-0.154562563623504,0.614423587210637,-1.33038696179595,-0.831486854781667,0,-0.0930309953194633,-0.481588184154324,-0.984477210668762,0.586444015272899,0.322404541374051,-1.48080674570224,-0.797595882078731,-0.0998707974396848,-0.0692112518235939,-0.410266899197836,-0.152854136441604,1.19219966462977,-0.895344039415955,-0.884683912965861,-0.362274353239232,-0.202993708003753,-0.0191459895266863,-0.303642030474405,1.82924482116316,0.93422270303842,0.508752131666208,1.58965249581285,3.15874544616415,-0.177318504788345
"2640",0,-0.346763866306412,-0.0991117271652847,0.757106570942284,0.994701386553687,0.259687987618459,-0.416428649433891,-0.135962069060475,-0.0247411626405223,-0.781913709094397,-0.467204948361685,0.0768464655884069,1.13345756693153,1.29148053419773,-0.294464016843139,-0.1555961886108,-0.0445734002443183,-0.741918245459386,-1.28960847698666,0.26167117800315,0.943277984002168,1.08802203704667,-0.574697546273115,-0.113860786417039,-0.0382639442739243,-0.759253601238671,0.105967682229532,1.1507788827907,1.00657188464015,1.20154223856357,1.53709837680268,-0.048236570436645,-0.0330109162638679,-0.639535815693025,-0.906604300011301,0.935312461488958,0.950766487281889,1.1603029827845,1.74892492560078,0,-0.0930309953194633,-0.481588184154324,-0.984477210668762,0.12058311326144,1.27280760797249,-1.13694573435793,-0.797595882078731,-0.0998707974396848,-0.0692112518235939,-0.410266899197836,-1.38433934890509,0.997761568833671,-0.145293492318181,-1.55967039733413,-0.767532904424768,-0.202993708003753,-0.0191459895266863,-0.303642030474405,-0.372637375748804,0.93422270303842,-2.06585717167723,-1.1603681679367,-0.527680489439249,-0.177318504788345
"2641",0,-0.346763866306412,-0.800486522629402,-0.175267190438608,-1.02475086153261,-0.992685559626734,-0.416428649433891,-0.135962069060475,-0.0247411626405223,-0.640995384823577,-1.01731600228176,1.06960504576937,-1.81738932364077,-1.40155863315559,-0.540830462877054,-0.1555961886108,-0.0445734002443183,-0.741918245459386,0.41018678555814,0.721701932836606,-1.18029468333559,-1.29347794903808,-0.574697546273115,-0.139185440603802,-0.0382639442739243,-0.759253601238671,0.760911751661556,-0.71344444671316,-1.53432688309958,-1.3031392155474,-0.650039470011399,-0.048236570436645,-0.0330109162638679,-0.639535815693025,1.33132611434538,-0.996216528748704,-1.5718052632525,-1.39257255434624,-0.33780757230297,0,-0.0930309953194633,0.294892544780987,1.92878248674558,1.36287885195866,1.27280760797249,-0.84784823701474,1.7165922022064,-0.0998707974396848,-0.0692112518235939,-0.410266899197836,0.726778158175171,-0.36330510173903,-1.0828566761904,-0.547190670781726,2.47453550505952,2.25623249403729,-0.0191459895266863,-0.303642030474405,-0.772979593369162,-0.214452838241053,0.706799001154165,1.75143313502799,2.17569853000325,0.697813577192196
"2642",0,-0.346763866306412,0.115841786710785,0.990200011287507,0.108774140810285,-0.455954039378794,-0.416428649433891,-0.135962069060475,-0.0247411626405223,0.33995244374252,0.816387510785152,-1.1641017596378,-0.974290212048683,0.954850638278565,-0.294464016843139,-0.1555961886108,-0.0445734002443183,1.27427676266156,0.622182727096203,-1.12999301782559,-1.01694293969422,0.929255371307683,0.118424726343724,-0.104271243238392,-0.0382639442739243,0.527433042140173,0.59717573430355,-0.205019902303017,0.530153365688954,0.867584711348771,0.31996339751303,-0.048236570436645,-0.0330109162638679,-0.0211034405390152,1.17147394189133,0.935312461488958,-0.562776563038745,0.649727875358349,0.602075245430805,0,-0.0930309953194633,-0.481588184154324,0.862818419612568,-0.34527778875002,-1.26160056962335,0.0665678053471691,1.03090454285591,-0.0998707974396848,-0.162770044224232,-0.410266899197836,0.726778158175171,-0.94661938912733,-0.707831402641512,0.802782297954812,-0.362274353239232,-0.202993708003753,-0.0191459895266863,-0.303642030474405,-0.172466266938626,0.56731446881005,0.112658392690295,-0.644739293483662,-0.527680489439249,-0.177318504788345
"2643",0,-0.346763866306412,1.4055628699672,0.990200011287507,0.773219575117836,-0.813775052877421,-0.416428649433891,-0.135962069060475,-0.0247411626405223,0.0129698342204877,0.999757862091843,-0.479653747975666,1.13345756693153,-0.842239286621272,-0.540830462877054,-0.1555961886108,-0.0445734002443183,-0.453890387156393,1.09010489057606,1.05837374204791,0.943277984002168,-1.29347794903808,-0.574697546273115,-0.113860786417039,-0.0382639442739243,-0.759253601238671,0.749647250107474,1.1507788827907,-0.0597408308913548,-1.3031392155474,-0.650039470011399,-0.048236570436645,-0.0330109162638679,-0.0211034405390152,1.17147394189133,1.09627321067543,0.278080687139385,-1.39257255434624,-0.831486854781667,0,-0.0930309953194633,2.88159419187904,0.862818419612568,-0.811138690761479,0.480805052473791,-0.00384993588732797,-0.797595882078731,-0.0998707974396848,0.876896856651462,3.46365993414848,1.86383184338135,-0.915895661333374,-1.83290722328817,0.634035676862745,1.05613057591014,-0.202993708003753,-0.0191459895266863,-0.303642030474405,0.227875950681732,0.704487594782526,0.904845870642121,1.58965249581285,0.946889884802112,-0.177318504788345
"2644",0,-0.346763866306412,-0.0991117271652847,0.524013130597061,-0.998634916368966,-0.992685559626734,-0.416428649433891,-0.135962069060475,-0.0247411626405223,0.0129698342204877,0.999757862091843,1.06960504576937,1.13345756693153,-0.89661378927684,-0.540830462877054,-0.1555961886108,-0.0445734002443183,-0.453890387156393,1.09010489057606,0.216694219019643,0.943277984002168,0.135422042612768,-0.574697546273115,-0.113860786417039,-0.0382639442739243,-0.759253601238671,-0.548976387202492,-1.05239414298659,1.00657188464015,-0.134287870295615,-0.650039470011399,-0.048236570436645,-0.0330109162638679,-0.639535815693025,-1.2263086449194,-0.130823222293511,0.950766487281889,-1.09822035295037,-0.831486854781667,0,-0.0930309953194633,-0.94236286754148,-0.984477210668762,0.586444015272899,1.11440709687275,-1.48080674570224,-0.797595882078731,-0.0998707974396848,-0.0692112518235939,-0.410266899197836,0.198998781405106,1.19219966462977,0.792269691554037,-0.209697428597592,1.25875985150291,-0.202993708003753,-0.0191459895266863,-0.303642030474405,0.027704841871553,0.704487594782526,0.112658392690295,1.40815210235523,3.40450717520438,5.94860606907544
"2645",0,-0.346763866306412,1.19060935609113,0.990200011287507,0.773219575117836,0.796419507866398,-0.416428649433891,-0.135962069060475,-0.0247411626405223,-0.640995384823577,-0.100464245748303,1.06960504576937,-0.552740656252641,-0.223353997438511,-0.540830462877054,-0.1555961886108,-0.0445734002443183,-0.1658625288534,1.09010489057606,-0.624985304008629,-1.18029468333559,-1.29347794903808,-0.574697546273115,-0.113860786417039,-0.0382639442739243,1.17077636382959,1.08838378637757,1.1507788827907,0.847765711656421,-0.134287870295615,-0.650039470011399,-0.048236570436645,-0.0330109162638679,-0.33031962811602,0.0525087347129891,-0.191412782816345,-0.226433662967493,0.990111280309114,0.8887876654733,0,-0.0930309953194633,-0.481588184154324,-0.984477210668762,-1.12969514793927,-1.26160056962335,0.238498311019326,1.03090454285591,-0.0998707974396848,-0.241494678983117,-0.410266899197836,-1.03248643105838,-0.55774319753513,0.41724441800515,1.14027554013895,0.0429841979463036,-0.202993708003753,-0.0191459895266863,-0.303642030474405,0.829919643017848,0.245017378270736,-0.0853884767976621,-0.816615584968009,-0.527680489439249,-0.177318504788345
"2646",0,-0.346763866306412,-1.17387929654563,-1.34073439216472,0.108774140810285,-0.992685559626734,-0.416428649433891,-0.135962069060475,-0.0247411626405223,-0.640995384823577,-1.93416775881521,-0.171343179456834,0.0795836774414227,-1.40155863315559,-0.540830462877054,-0.1555961886108,-0.0445734002443183,-0.741918245459386,-1.45958800324114,1.56338145586488,-0.690239452411488,-0.658411286082146,0.270524592507076,-0.113860786417039,-0.0382639442739243,-0.43758194039396,0.269703699587538,0.472879490243842,-1.53432688309958,1.03456347495617,1.26370614595092,-0.048236570436645,-0.0330109162638679,1.83419368492302,1.33132611434538,0.130508715556599,-0.226433662967493,0.990111280309114,-0.258062014696678,0,-0.0930309953194633,2.88159419187904,1.47858362970634,1.36287885195866,1.27280760797249,1.09815083938011,-0.797595882078731,-0.223118510746554,-0.0692112518235939,0.677253079042226,-1.38433934890509,-0.94661938912733,0.97039232198724,-1.05343053405793,-0.767532904424768,-0.202993708003753,-0.0191459895266863,-0.303642030474405,-1.17332181098952,-1.59286348777642,0.508752131666208,-1.1603681679367,-0.527680489439249,-0.177318504788345
"2647",0,-0.346763866306412,-1.17387929654563,-0.408360630783831,0.607776407338121,0.259687987618459,-0.416428649433891,-0.135962069060475,-0.0525224841811277,-0.553860842818613,-1.93416775881521,0.128976196919176,1.13345756693153,1.29148053419773,-0.0480975708092236,-0.1555961886108,-0.0445734002443183,-0.741918245459386,-1.62956752949562,0.721701932836606,1.43333321492626,0.929255371307683,-0.574697546273115,-0.113860786417039,-0.0382639442739243,-0.759253601238671,-1.53139249135053,0.811829186517271,1.00657188464015,0.700605947741373,-0.650039470011399,-0.048236570436645,-0.139400590825117,-0.639535815693025,-0.107343437741059,1.09627321067543,0.950766487281889,-0.201230637018563,-0.684161366873079,0,-0.0930309953194633,0.19104829105235,1.3246423271829,1.36287885195866,1.27280760797249,-0.277293205997144,-0.797595882078731,-0.0998707974396848,-0.0692112518235939,1.04245566330703,0.374925240328461,1.19219966462977,1.16729496510292,-0.209697428597592,-0.767532904424768,-0.202993708003753,-0.0191459895266863,-0.303642030474405,-1.17332181098952,-0.214452838241053,0.904845870642121,1.4177762043285,0.209604697681432,0.0712515470153818
"2648",0,-0.346763866306412,-1.2546837564384,-0.408360630783831,0.994701386553687,-0.455954039378794,-0.416428649433891,-0.135962069060475,-0.0247411626405223,-0.640995384823577,-1.56742705620183,1.06960504576937,-0.763515434150662,-1.40155863315559,-0.540830462877054,-0.1555961886108,-0.0445734002443183,-0.741918245459386,-0.0997517932053001,1.39504555125922,-0.444273920888097,-1.29347794903808,-0.574697546273115,-0.113860786417039,-0.0909846830221019,-0.759253601238671,0.924647769019562,0.472879490243842,-0.899102191164647,-0.969181688332602,-0.650039470011399,-0.048236570436645,-0.0330109162638679,-0.33031962811602,1.33132611434538,0.130508715556599,-1.73997671328813,0.309344470407584,0.975068022110427,0,-0.0930309953194633,-0.481588184154324,1.47858362970634,-0.189990821412867,-1.26160056962335,-0.621154217341457,2.17371730844006,-0.0998707974396848,-0.0692112518235939,-0.410266899197836,-0.152854136441604,0.803323473037571,-0.895344039415955,-0.209697428597592,2.47453550505952,1.02661939301677,-0.0191459895266863,-0.303642030474405,-1.17332181098952,-2.05233370428821,0.112658392690295,0.902147329875462,1.68417507192279,-0.177318504788345
"2649",0,-0.346763866306412,-1.17387929654563,-1.80692127285517,0.330255952246136,-0.992685559626734,-0.416428649433891,-0.135962069060475,-0.0247411626405223,-0.640995384823577,-1.93416775881521,0.821415400724128,-0.552740656252641,-1.06492873723642,0.691001767292522,-0.1555961886108,-0.0445734002443183,-0.741918245459386,0.24020725930366,0.385030123625297,-1.18029468333559,0.611722039829717,1.67922815714073,-0.113860786417039,-0.0382639442739243,0.527433042140173,0.760911751661556,-1.39134383926002,-1.53432688309958,1.03456347495617,1.37416417516616,-0.048236570436645,-0.0330109162638679,1.31421209795105,1.01162176943728,-0.0577291555077267,-0.562776563038745,1.1603029827845,0.8887876654733,0,-0.0930309953194633,0.19104829105235,0.708877117089123,0.897017949947205,1.11440709687275,0.754289828035795,-0.340470775845071,-0.245976619576617,-0.0692112518235939,-0.410266899197836,-1.38433934890509,-1.72437177231173,0.979782328328481,-1.05343053405793,-0.666401815079591,-0.202993708003753,-0.0191459895266863,-0.303642030474405,-1.17332181098952,-1.82259859603232,0.508752131666208,-1.1603681679367,-0.815757747347855,-0.177318504788345
"2650",0,-0.346763866306412,0.545748814462924,0.990200011287507,0.108774140810285,-0.992685559626734,-0.416428649433891,-0.135962069060475,-0.0247411626405223,0.666935053264552,0.999757862091843,-0.667722469547314,-0.552740656252641,0.113275898480654,-0.540830462877054,-0.1555961886108,-0.0445734002443183,0.986248904358571,1.09010489057606,-0.624985304008629,-1.01694293969422,1.24678870278565,-0.574697546273115,-0.113860786417039,-0.0382639442739243,-0.759253601238671,0.760911751661556,1.1507788827907,1.00657188464015,0.533627184133976,-0.650039470011399,-0.048236570436645,-0.0330109162638679,-0.639535815693025,-0.111904598555649,1.09627321067543,0.950766487281889,0.819919577833732,-0.831486854781667,0,-0.0930309953194633,-0.481588184154324,0.400994512042235,1.36287885195866,-0.786399036324126,0.926220333707951,-0.340470775845071,-0.0998707974396848,-0.0692112518235939,-0.410266899197836,0.374925240328461,0.997761568833671,-0.520318765867068,1.14027554013895,-0.362274353239232,-0.202993708003753,-0.0191459895266863,-0.303642030474405,-0.172466266938626,0.93422270303842,0.706799001154165,0.0427658724537265,-0.527680489439249,-0.177318504788345
"2651",0,-0.346763866306412,1.19060935609113,0.990200011287507,0.108774140810285,-0.0981330258801679,-0.416428649433891,-0.135962069060475,-0.0247411626405223,0.666935053264552,0.999757862091843,-0.171343179456834,1.13345756693153,1.29148053419773,-0.112355353776355,-0.1555961886108,-0.0445734002443183,0.410193187752585,1.09010489057606,0.721701932836606,1.43333321492626,0.929255371307683,-0.574697546273115,-0.113860786417039,-0.0382639442739243,-0.0539790462396704,0.105967682229532,0.94229147479027,1.00657188464015,-0.301266633903012,-0.63146647332905,-0.048236570436645,-0.0330109162638679,-0.639535815693025,-1.2263086449194,0.524316809641179,0.614423587210637,-1.56276425682162,-0.831486854781667,0,-0.0930309953194633,-0.481588184154324,0.0931119069953467,1.36287885195866,-0.469598014124647,-1.48080674570224,-0.797595882078731,-0.0998707974396848,-0.0692112518235939,-0.410266899197836,1.25455753494524,0.608885377241471,-1.83290722328817,-1.55967039733413,-0.767532904424768,-0.202993708003753,-0.0191459895266863,-0.303642030474405,1.22873149473262,-0.214452838241053,-2.26390404116519,-1.1603681679367,-0.527680489439249,-0.177318504788345
"2652",0,-0.346763866306412,-0.314065241041354,0.440079669617397,0.994701386553687,0.438598494367772,-0.416428649433891,-0.135962069060475,-0.0247411626405223,0.993917662786584,0.610840060955822,-0.915912114592555,-0.131191100456599,0.618220742359401,-0.540830462877054,-0.1555961886108,0.188762392482701,1.56230462096456,-0.0997517932053001,-1.12999301782559,0.12651926579534,0.611722039829717,-0.494279214174969,-0.113860786417039,-0.0382639442739243,-0.759253601238671,-1.53139249135053,-1.2218689911233,0.212541019721487,0.366648420526578,-0.10325500830788,-0.048236570436645,-0.0330109162638679,-0.639535815693025,-0.746752127557253,1.09627321067543,0.950766487281889,1.1603029827845,1.74892492560078,0,-0.144194107688465,-0.481588184154324,-0.984477210668762,0.275870080598593,0.95600658577301,-1.48080674570224,-0.797595882078731,-0.0998707974396848,-0.0692112518235939,-0.410266899197836,-1.38433934890509,0.608885377241471,-0.520318765867068,-1.63177390245883,-0.767532904424768,-0.202993708003753,-0.0191459895266863,-0.303642030474405,-0.172466266938626,0.704487594782526,-1.86781030218927,-1.27293464685505,-0.527680489439249,-0.177318504788345
"2653",0,-0.346763866306412,0.545748814462924,0.757106570942284,0.773219575117836,-0.813775052877421,-0.416428649433891,-0.135962069060475,-0.0247411626405223,0.666935053264552,0.999757862091843,1.06960504576937,1.13345756693153,0.281590846440236,-1.11489705480282,-0.1555961886108,-0.0445734002443183,1.27427676266156,0.41018678555814,-1.12999301782559,-1.01694293969422,1.24678870278565,-0.574697546273115,-0.113860786417039,-0.0382639442739243,1.17077636382959,0.269703699587538,-1.56081868739673,-1.53432688309958,0.19966965691918,1.26370614595092,-0.048236570436645,-0.0330109162638679,1.83419368492302,0.691917424529183,-1.47909877630812,-1.23938917239263,-0.0310389345431809,1.60206840992927,0,-0.0930309953194633,0.863684766259023,0.884288261297698,-0.966425658098632,-0.944799547423866,1.09815083938011,1.03090454285591,-0.0998707974396848,-0.0692112518235939,-0.410266899197836,1.25455753494524,1.19219966462977,1.16729496510292,1.14027554013895,-0.564903628832,-0.202993708003753,-0.0191459895266863,-0.303642030474405,0.227875950681732,0.93422270303842,0.904845870642121,0.214642163938074,-0.527680489439249,-0.177318504788345
"2654",0,-0.346763866306412,-0.958925782669563,-0.641454071129054,0.746747106429284,1.15424052136502,-0.416428649433891,-0.376757859572883,-0.0247411626405223,-0.640995384823577,0.328884944529962,-0.915912114592555,-1.1850649899467,0.954850638278565,0.444635321258607,-0.1555961886108,-0.0445734002443183,-0.741918245459386,0.7501458380671,-0.961657113219938,-0.363535965128757,0.929255371307683,-0.292956833346385,-0.113860786417039,-0.0382639442739243,-0.759253601238671,-0.385240369844486,0.642354338380556,1.00657188464015,-0.635224161117807,-0.650039470011399,-0.048236570436645,-0.0330109162638679,-0.639535815693025,0.532065252075134,0.452430213929543,0.614423587210637,0.479536172882967,-0.544774434739172,0,-0.0930309953194633,0.863684766259023,1.01675972213601,-1.12171262543579,-1.26160056962335,0.410428816691482,0.80234198973908,-0.0998707974396848,-0.0692112518235939,0.0739739549704533,0.902704617098525,-0.55774319753513,-1.45788194973929,-0.209697428597592,0.853501300317375,-0.202993708003753,-0.0191459895266863,-0.303642030474405,-0.870351064697149,-0.673923054752843,0.904845870642121,0.697893517730762,-0.0361570313587953,-0.524271360704675
"2655",0,-0.346763866306412,-1.17387929654563,-2.73929503423606,-0.334189482061415,1.15424052136502,-0.0936201478263008,-0.135962069060475,-0.0247411626405223,-0.640995384823577,-1.93416775881521,-2.90142927495448,0.922682789033507,0.618220742359401,-0.540830462877054,-0.1555961886108,-0.0445734002443183,-0.741918245459386,-1.62956752949562,0.0483583144139882,1.43333321492626,0.611722039829717,-0.574697546273115,-0.113860786417039,-0.0382639442739243,0.0747463872610022,-0.057768335128474,1.1507788827907,1.00657188464015,0.533627184133976,-0.650039470011399,-0.048236570436645,-0.0330109162638679,1.83419368492302,1.33132611434538,0.355968262356691,0.950766487281889,0.479536172882967,-0.831486854781667,0,0.165235727082779,0.527366528655686,-0.368712000574986,-0.655851723424326,1.27280760797249,0.0665678053471691,-0.797595882078731,-0.0998707974396848,-0.0692112518235939,-0.410266899197836,-1.38433934890509,-1.91880986810783,0.979782328328481,0.127795813586543,-0.767532904424768,-0.202993708003753,-0.0191459895266863,-0.303642030474405,-1.17332181098952,-2.7415390290559,-0.481482215773575,-0.13068714665762,-0.527680489439249,-0.177318504788345
"2656",0,-0.346763866306412,-0.314065241041354,-0.175267190438608,-0.998634916368966,-0.813775052877421,-0.416428649433891,-0.135962069060475,-0.0247411626405223,-0.640995384823577,-0.283834597054994,1.06960504576937,1.13345756693153,0.618220742359401,-0.540830462877054,-0.1555961886108,-0.0445734002443183,-0.741918245459386,0.0702277330491799,1.56338145586488,1.43333321492626,-0.0233446231262145,-0.574697546273115,-0.113860786417039,-0.0382639442739243,-0.759253601238671,0.0726612592576486,1.1507788827907,1.00657188464015,0.366648420526578,-0.462587857138464,-0.048236570436645,-0.0330109162638679,-0.184787124710283,1.17147394189133,1.09627321067543,0.950766487281889,-0.201230637018563,-0.831486854781667,0,-0.0930309953194633,-0.481588184154324,1.47858362970634,1.36287885195866,1.27280760797249,-0.793084723013613,-0.797595882078731,-0.0998707974396848,-0.0692112518235939,-0.410266899197836,-0.504707054288313,1.19219966462977,1.16729496510292,0.634035676862745,-0.362274353239232,-0.202993708003753,-0.0191459895266863,-0.303642030474405,-0.172466266938626,-0.444187946496948,-0.0853884767976621,0.214642163938074,0.209604697681432,-0.177318504788345
"2657",0,-0.346763866306412,0.975655842215063,0.524013130597061,-1.12000237063355,-0.992685559626734,-0.416428649433891,-0.135962069060475,-0.0247411626405223,0.666935053264552,0.999757862091843,0.0768464655884069,1.13345756693153,-1.06492873723642,-0.540830462877054,-0.1555961886108,-0.111531751188364,-0.741918245459386,-0.43971084571426,-1.12999301782559,0.12651926579534,-0.0233446231262145,-0.574697546273115,-0.113860786417039,-0.0382639442739243,-0.907319069493334,-1.53139249135053,-1.56081868739673,-0.263877499229713,0.032690893311783,-0.650039470011399,-0.048236570436645,-0.0330109162638679,-0.639535815693025,-1.2263086449194,-1.47909877630812,0.614423587210637,-0.711805744444711,-0.831486854781667,0,-0.0930309953194633,-0.481588184154324,-0.984477210668762,-0.0347038540757136,0.79760607467327,-1.30887624003008,-0.705387214763012,-0.0998707974396848,-0.0692112518235939,-0.410266899197836,-0.328780595364958,1.19219966462977,0.792269691554037,0.465289055770677,1.05613057591014,-0.202993708003753,-0.0191459895266863,-0.303642030474405,1.62907371235298,0.474752486526631,0.112658392690295,1.60643037954042,3.15874544616415,0.697813577192196
"2658",0,-0.346763866306412,-1.17387929654563,-0.874547511474277,0.994701386553687,-0.0981330258801679,-0.343726652033213,-0.135962069060475,-0.0247411626405223,-0.640995384823577,-1.93416775881521,0.998325671938028,1.13345756693153,-0.223353997438511,-0.540830462877054,-0.1555961886108,-0.0445734002443183,-0.741918245459386,-0.77966989822322,1.56338145586488,0.12651926579534,-1.28203716986921,-0.574697546273115,-0.113860786417039,-0.0382639442739243,-0.759253601238671,-0.385240369844486,1.1507788827907,-0.899102191164647,-1.3031392155474,-0.650039470011399,-0.048236570436645,-0.0330109162638679,-0.639535815693025,0.212360907167038,0.935312461488958,0.445116102147558,-0.201230637018563,0.222103900401039,0,-0.0930309953194633,0.161946239134744,1.3246423271829,1.36287885195866,1.27280760797249,-0.441521623241497,2.85940496779055,20.1184173064608,-0.0692112518235939,-0.410266899197836,-0.504707054288313,0.997761568833671,0.0422191444562627,-0.209697428597592,2.47453550505952,5.94507179709886,10.1533601460061,-0.303642030474405,-1.24176849275267,-1.36312837952053,0.706799001154165,1.58965249581285,2.91298371712393,-0.177318504788345
"2659",0,-0.346763866306412,-0.743972268793493,-1.1076409518195,0.108774140810285,0.438598494367772,-0.416428649433891,-0.135962069060475,-0.0247411626405223,-0.640995384823577,0.082906105558388,1.06960504576937,1.13345756693153,-0.391668945398093,-0.540830462877054,-0.1555961886108,-0.0445734002443183,-0.741918245459386,0.180056138635003,0.89003783744226,-1.18029468333559,-1.29347794903808,-0.574697546273115,-0.113860786417039,-0.0382639442739243,-0.759253601238671,0.59717573430355,-0.205019902303017,-0.899102191164647,-1.3031392155474,-0.650039470011399,-0.048236570436645,-0.0330109162638679,-0.639535815693025,1.01162176943728,1.09627321067543,0.950766487281889,0.819919577833732,-0.544774434739172,0,-0.117801524208428,-0.481588184154324,-0.52265330309843,0.12058311326144,0.164004030274312,1.27008134505226,-0.408979329457567,-0.0998707974396848,-0.0692112518235939,-0.410266899197836,-1.38433934890509,-0.16886700594293,0.0422191444562627,0.802782297954812,-0.767532904424768,-0.202993708003753,-0.0191459895266863,-0.303642030474405,-1.17332181098952,0.245017378270736,0.310705262178251,-0.0142967180691979,-0.527680489439249,-0.177318504788345
"2660",0,0.767805440878689,0.760702328338993,0.757106570942284,0.994701386553687,0.259687987618459,-0.416428649433891,-0.135962069060475,-0.0247411626405223,1.32090027230862,0.633017159478461,-1.1641017596378,0.711908011135486,-0.0550390494789284,-0.540830462877054,-0.1555961886108,-0.0445734002443183,0.122165329449593,-1.28960847698666,-1.12999301782559,0.605346543399962,-0.34087795460418,-0.574697546273115,-0.113860786417039,-0.0382639442739243,-0.759253601238671,-1.36765647399252,1.1507788827907,1.00657188464015,-0.635224161117807,-0.48284005942538,-0.0111937918009328,-0.0330109162638679,-0.639535815693025,-1.2263086449194,-0.191412782816345,0.782595037246263,1.1603029827845,0.315362825388311,0,-0.117472729823407,-0.481588184154324,-1.27605698063642,-1.12171262543579,-1.26160056962335,0.754289828035795,1.03090454285591,-0.0998707974396848,-0.0692112518235939,-0.410266899197836,-0.328780595364958,-0.36330510173903,-0.250457600969416,1.14027554013895,0.0429841979463036,-0.202993708003753,-0.0912709356995593,-0.303642030474405,0.766482698327419,0.0152822700148413,-0.283435346285619,-0.644739293483662,-0.527680489439249,-0.177318504788345
"2661",0,-0.346763866306412,-0.0991117271652847,0.524013130597061,-0.777153104933116,-0.992685559626734,-0.416428649433891,-0.135962069060475,-0.0247411626405223,0.178462380516212,0.386999290009213,-0.171343179456834,0.922682789033507,-1.40155863315559,-0.540830462877054,-0.1555961886108,-0.0445734002443183,-0.128820516296808,-0.77966989822322,-0.793321208614283,0.616574496719437,-0.817177951821129,-0.574697546273115,-0.113860786417039,-0.0909846830221019,-0.759253601238671,-1.53139249135053,-0.0355450541663019,1.00657188464015,-0.03322935796071,-0.412217882039244,-0.048236570436645,-0.0330109162638679,-0.639535815693025,-1.06645647246535,0.452430213929543,0.278080687139385,0.990111280309114,0.602075245430805,0,-0.0930309953194633,-0.481588184154324,-0.984477210668762,-0.532505427200033,-1.26160056962335,-0.621154217341457,1.94515475532323,-0.0998707974396848,-0.0692112518235939,-0.410266899197836,-0.328780595364958,-1.14105748492343,-0.520318765867068,0.465289055770677,1.25875985150291,-0.202993708003753,-0.0191459895266863,-0.303642030474405,0.628218168302089,0.461290796555644,0.112658392690295,0.386518455422421,-0.281918760399022,-0.177318504788345
"2662",0,-0.346763866306412,-1.17387929654563,0.524013130597061,-1.66308035067652,-0.0981330258801679,-0.123111490731166,-0.135962069060475,-0.0247411626405223,-0.640995384823577,-0.833945650975067,0.325036110633647,-2.02816410153879,1.12316558623815,0.691001767292522,-0.1555961886108,-0.0445734002443183,-0.741918245459386,0.41018678555814,0.0483583144139882,-0.853591196052854,1.24678870278565,0.666648488959375,-0.113860786417039,0.127220760069906,1.49244802467431,0.924647769019562,-0.543969598576446,0.0537348467377536,1.36852100217096,0.990313915099158,-0.048236570436645,0.248661569062573,3.07105843523104,1.33132611434538,1.09627321067543,0.950766487281889,0.649727875358349,0.8887876654733,0,-0.0930309953194633,0.19104829105235,0.0931119069953467,0.12058311326144,1.11440709687275,-0.96501522868577,-0.797595882078731,-0.0998707974396848,0.095185431457744,-0.410266899197836,-1.38433934890509,-0.36330510173903,0.0422191444562627,-1.55967039733413,-0.767532904424768,-0.202993708003753,-0.0191459895266863,-0.303642030474405,-1.17332181098952,0.93422270303842,-1.47171656321336,-1.1603681679367,-0.527680489439249,-0.177318504788345
"2663",0,-0.346763866306412,0.115841786710785,0.0578262499066152,0.551737763681986,-0.634864546128108,-0.416428649433891,-0.117705139066542,-0.0318401196839718,-0.314012775301545,0.999757862091843,0.573225755678888,0.501133233237465,0.449905794399818,-0.540830462877054,-0.1555961886108,-0.0445734002443183,-0.741918245459386,-0.77966989822322,-0.624985304008629,0.289871009436705,0.7704887055687,-0.574697546273115,-0.113860786417039,-0.0382639442739243,-0.759253601238671,-1.04018443927651,-0.0355450541663019,1.00657188464015,0.032690893311783,-0.650039470011399,-0.048236570436645,-0.0330109162638679,-0.639535815693025,-0.586899955103205,0.452430213929543,0.278080687139385,0.990111280309114,1.17550008551579,0,-0.0930309953194633,-0.481588184154324,-0.984477210668762,-1.12171262543579,-1.21606240324728,0.217492256647513,2.40227986155689,-0.0998707974396848,-0.0692112518235939,-0.410266899197836,-0.680633513211668,-0.36330510173903,-0.707831402641512,0.465289055770677,2.06927695387398,1.02661939301677,-0.0191459895266863,-0.303642030474405,0.027704841871553,0.93422270303842,0.904845870642121,1.4177762043285,0.455366426721658,-0.177318504788345
"2664",0,-0.346763866306412,-0.529018754917424,0.0578262499066152,0.551737763681986,-0.634864546128108,-0.416428649433891,-0.135962069060475,-0.0247411626405223,-0.640995384823577,0.44964680817177,-0.667722469547314,0.324068076969148,0.618220742359401,-0.540830462877054,-0.195778627677288,-0.0445734002443183,-0.453890387156393,1.09010489057606,-0.294726739525028,0.943277984002168,1.24678870278565,-0.574697546273115,-0.113860786417039,-0.0382639442739243,-0.759253601238671,-0.385240369844486,-0.205019902303017,-0.10507132624598,0.867584711348771,-0.650039470011399,-0.048236570436645,-0.0330109162638679,-0.639535815693025,-1.2263086449194,-1.47909877630812,-1.73997671328813,0.649727875358349,0.0286504053458163,0,-0.0930309953194633,-0.481588184154324,-0.984477210668762,-1.12171262543579,-1.26160056962335,0.238498311019326,0.116654330388589,-0.0998707974396848,-0.0692112518235939,-0.410266899197836,-1.20841288998173,-1.33549558071953,-1.0828566761904,0.465289055770677,-0.159645077646464,-0.202993708003753,-0.0191459895266863,-0.303642030474405,-0.372637375748804,0.93422270303842,0.706799001154165,0.214642163938074,-0.527680489439249,-0.177318504788345
"2665",0,-0.346763866306412,1.4055628699672,0.990200011287507,0.108774140810285,1.86988254836228,0.463522826674285,-0.0518391477637725,-0.0247411626405223,-0.640995384823577,0.633017159478461,0.573225755678888,-0.503952271771423,-0.0550390494789284,-0.294464016843139,-0.1555961886108,-0.0445734002443183,-0.741918245459386,-0.43971084571426,1.39504555125922,-1.01694293969422,-1.29347794903808,-0.574697546273115,-0.113860786417039,-0.0382639442739243,-0.759253601238671,-1.36765647399252,0.811829186517271,0.0965604437694919,-1.3031392155474,-0.696783491030144,-0.048236570436645,-0.0179575742192926,-0.635557855099443,-1.2263086449194,0.440567456712806,0.950766487281889,-1.39257255434624,-0.831486854781667,0,-0.0930309953194633,-0.481588184154324,-0.984477210668762,-0.360470540957942,0.63920556357353,0.410428816691482,-0.797595882078731,-0.0998707974396848,-0.0692112518235939,0.558214809138742,-0.152854136441604,-0.75218129333123,0.902623015263729,0.634035676862745,-0.767532904424768,-0.202993708003753,-0.0191459895266863,-0.303642030474405,1.22873149473262,0.93422270303842,0.904845870642121,-0.129110419030621,-0.527680489439249,-0.177318504788345
"2666",0,2.42619751107503,0.760702328338993,0.524013130597061,0.773219575117836,0.0807774808691453,-0.416428649433891,-0.135962069060475,-0.0247411626405223,1.64788288183065,0.44964680817177,-1.1641017596378,-0.552740656252641,1.29148053419773,-0.540830462877054,-0.1555961886108,-0.0445734002443183,-0.741918245459386,-1.62956752949562,-1.12999301782559,-0.0368324778460259,0.611722039829717,-0.732102823265803,-0.113860786417039,-0.0382639442739243,-0.759253601238671,-1.36765647399252,0.108900777300363,1.00657188464015,0.366648420526578,-0.650039470011399,-0.048236570436645,-0.0330109162638679,-0.639535815693025,-0.427047782649156,0.935312461488958,0.915360931621499,0.990111280309114,1.17550008551579,0,-0.0930309953194633,-0.481588184154324,-0.984477210668762,-1.12171262543579,-0.70166579036783,0.754289828035795,1.25946709597274,-0.0998707974396848,-0.0692112518235939,-0.410266899197836,0.0230723224817513,-0.36330510173903,0.792269691554037,1.14027554013895,0.322234017912178,-0.202993708003753,-0.0912709356995593,2.7937310463969,2.02941592997334,0.474752486526631,-0.481482215773575,-0.988491876452356,-0.527680489439249,-0.177318504788345
"2667",0,-0.346763866306412,-1.17387929654563,-1.79037575238259,1.08192390537838,0.975330014615711,-0.416428649433891,-0.135962069060475,-0.064995348517452,-0.640995384823577,-1.20068635358845,-0.171343179456834,1.13345756693153,1.29148053419773,0.937368213326437,-0.1555961886108,-0.0445734002443183,-0.1658625288534,-0.963521414594314,1.56338145586488,1.43333321492626,0.929255371307683,-0.574697546273115,-0.113860786417039,-0.0382639442739243,-0.759253601238671,-1.04018443927651,0.133929793970413,1.00657188464015,0.700605947741373,-0.650039470011399,-0.048236570436645,-0.0330109162638679,-0.639535815693025,-1.2263086449194,0.452430213929543,0.950766487281889,0.139152767932202,-0.831486854781667,0,-0.0554500326439114,-0.481588184154324,-0.886064421092367,-0.189990821412867,1.27280760797249,-0.105362700324987,-0.797595882078731,-0.0998707974396848,-0.0692112518235939,-0.410266899197836,-1.38433934890509,-1.14105748492343,1.16729496510292,0.0268135799956607,-0.767532904424768,-0.202993708003753,-0.0191459895266863,-0.303642030474405,-1.17332181098952,-2.05233370428821,0.508752131666208,0.00562762246486888,-0.527680489439249,-0.177318504788345
"2668",0,-0.286941546867609,-1.17387929654563,-2.73929503423606,1.18941058894367,1.33315102811434,-0.416428649433891,-0.135962069060475,-0.0247411626405223,-0.640995384823577,-1.93416775881521,-2.405049984864,1.13345756693153,0.281590846440236,-0.679753772453797,-0.1555961886108,-0.111531751188364,-0.741918245459386,-1.62956752949562,1.05837374204791,1.2699814712849,-0.975944617560112,-0.574697546273115,-0.113860786417039,-0.0382639442739243,-0.759253601238671,0.269703699587538,0.621852502307254,-0.263877499229713,0.533627184133976,0.443529453395639,-0.048236570436645,-0.0330109162638679,2.14340987250002,1.33132611434538,0.935312461488958,0.614423587210637,1.1603029827845,0.442606497258906,0,-0.0930309953194633,0.19104829105235,0.0931119069953467,0.586444015272899,0.79760607467327,1.27008134505226,0.116654330388589,-0.0998707974396848,-0.0692112518235939,-0.410266899197836,-1.38433934890509,-1.91880986810783,-0.332806129092624,1.14027554013895,-0.159645077646464,-0.202993708003753,-0.0191459895266863,-0.303642030474405,-1.17332181098952,-2.7415390290559,0.706799001154165,1.58965249581285,-0.0361570313587953,-0.177318504788345
"2669",0,-0.346763866306412,-0.314065241041354,0.290919690251838,0.994701386553687,1.86988254836228,1.05015714407974,-0.135962069060475,-0.0247411626405223,-0.640995384823577,0.44964680817177,1.06960504576937,0.290358455339444,-0.223353997438511,-0.540830462877054,-0.268798431973332,-0.0445734002443183,-0.741918245459386,-0.26973131945978,1.39504555125922,-1.18029468333559,-1.29347794903808,-0.574697546273115,-0.113860786417039,-0.0382639442739243,-0.759253601238671,0.105967682229532,1.1507788827907,1.00657188464015,1.20154223856357,-0.10325500830788,-0.048236570436645,-0.0330109162638679,-0.356571452946724,-0.502564287552488,0.613390963116015,0.782595037246263,1.1603029827845,1.17550008551579,0,-0.0930309953194633,-0.481588184154324,-0.984477210668762,-0.861634380978554,-1.10320005852361,1.09815083938011,0.57377943662225,0.13019855939687,-0.0692112518235939,-0.410266899197836,-1.38433934890509,-0.55774319753513,-0.145293492318181,1.14027554013895,-0.362274353239232,-0.202993708003753,-0.0191459895266863,-0.303642030474405,-0.172466266938626,0.93422270303842,0.706799001154165,0.0427658724537265,-0.527680489439249,-0.276510310268536
"2670",0,-0.346763866306412,-1.17387929654563,-1.57382783250995,-0.112707670625565,-0.992685559626734,-0.416428649433891,-0.135962069060475,-0.0247411626405223,-0.640995384823577,-0.650575299668376,1.06960504576937,0.711908011135486,-1.233243685196,-0.540830462877054,-0.1555961886108,-0.0445734002443183,0.122165329449593,1.09010489057606,-0.624985304008629,0.289871009436705,0.452955374090734,-0.574697546273115,-0.113860786417039,-0.0382639442739243,0.527433042140173,1.08838378637757,0.642354338380556,1.00657188464015,1.03456347495617,0.17013722254388,-0.048236570436645,-0.0330109162638679,-0.639535815693025,-0.107343437741059,1.09627321067543,0.606763485172245,-0.881997446920094,0.315362825388311,0,0.00561056250695646,-0.481588184154324,-0.830535908145318,1.36287885195866,-0.311197503024907,-0.96501522868577,0.34521688350542,-0.0998707974396848,-0.0692112518235939,-0.410266899197836,-0.504707054288313,0.803323473037571,-0.895344039415955,0.127795813586543,-0.159645077646464,-0.202993708003753,-0.0191459895266863,-0.303642030474405,-1.17332181098952,-0.673923054752843,-0.481482215773575,-0.225896206334259,-0.527680489439249,-0.177318504788345
"2671",0,-0.346763866306412,0.330795300586854,0.290919690251838,0.108774140810285,-0.455954039378794,-0.416428649433891,-0.135962069060475,-0.0247411626405223,-0.640995384823577,0.633017159478461,-0.915912114592555,0.0795836774414227,0.618220742359401,-0.540830462877054,-0.1555961886108,-0.0445734002443183,-0.741918245459386,-1.62956752949562,-0.961657113219938,0.289871009436705,0.611722039829717,-0.574697546273115,-0.113860786417039,-0.0382639442739243,-0.759253601238671,-1.3662771004935,0.642354338380556,1.00657188464015,-1.13616045194,-0.650039470011399,-0.048236570436645,-0.0330109162638679,-0.639535815693025,-1.2263086449194,-0.0304520336298728,0.278080687139385,0.479536172882967,0.0286504053458163,0,-0.0930309953194633,-0.481588184154324,-0.984477210668762,-1.12171262543579,-1.26160056962335,-0.4492237116693,1.94515475532323,-0.0998707974396848,-0.0692112518235939,-0.410266899197836,0.0230723224817513,-1.72437177231173,-1.45788194973929,-0.209697428597592,1.86664767828122,-0.202993708003753,-0.0191459895266863,-0.303642030474405,0.828389277112268,0.93422270303842,0.471725916369836,0.730271038391115,0.229850867933391,-0.238623901814176
"2672",0,5.22608266961909,1.83546989771934,-0.408360630783831,-0.746702795469897,-0.992685559626734,-0.416428649433891,-0.135962069060475,-0.0247411626405223,0.33995244374252,0.266276456865079,1.06960504576937,1.13345756693153,-0.391668945398093,-0.540830462877054,-0.1555961886108,-0.0445734002443183,-0.741918245459386,-1.45958800324114,1.05837374204791,1.43333321492626,-0.499644620343163,-0.574697546273115,-0.113860786417039,-0.0382639442739243,-0.759253601238671,-0.22150435248648,1.1507788827907,0.530153365688954,-0.969181688332602,-0.650039470011399,-0.048236570436645,-0.0330109162638679,-0.639535815693025,-0.427047782649156,1.09627321067543,0.446252137175011,-1.22238085187086,-0.831486854781667,0,-0.0930309953194633,-0.481588184154324,-0.984477210668762,-0.189990821412867,1.27280760797249,1.09815083938011,0.116654330388589,-0.0998707974396848,-0.0692112518235939,0.0739739549704533,0.0230723224817513,-0.16886700594293,0.979782328328481,1.14027554013895,0.245613473539072,-0.202993708003753,-0.0191459895266863,3.82618873868734,1.82924482116316,0.474752486526631,-0.679529085261532,-0.472863001999315,-0.527680489439249,-0.177318504788345
"2673",0,-0.346763866306412,0.975655842215063,0.524013130597061,0.108774140810285,-0.813775052877421,-0.416428649433891,-0.135962069060475,-0.0247411626405223,0.666935053264552,0.749961676682386,-1.90867069477352,-0.131191100456599,0.113275898480654,-0.540830462877054,-0.1555961886108,-0.073994983229481,-0.453890387156393,-1.24520536259161,-1.12999301782559,-0.0368324778460259,0.452955374090734,-0.574697546273115,-0.155993327455845,-0.0382639442739243,-0.759253601238671,-1.53139249135053,-0.882919294849875,0.688959538672687,-0.301266633903012,-0.650039470011399,-0.048236570436645,-0.0330109162638679,-0.639535815693025,-0.948603826746505,0.291469464743071,0.446252137175011,0.990111280309114,-0.544774434739172,0,-0.0930309953194633,-0.481588184154324,-0.984477210668762,-1.12171262543579,-1.26160056962335,0.926220333707951,0.80234198973908,-0.0998707974396848,-0.0692112518235939,1.04245566330703,0.293962088746434,-1.52993367651563,-1.0828566761904,0.971528919046879,0.44824274913184,-0.202993708003753,-0.0191459895266863,0.728815661816031,1.02856038592245,0.704487594782526,0.432027731794477,0.214642163938074,-0.527680489439249,-0.177318504788345
"2674",0,-0.346763866306412,-0.743972268793493,0.757106570942284,0.994701386553687,1.15424052136502,0.17020566797156,-0.135962069060475,0.0107058067236981,-0.150517932194963,0.44964680817177,-0.168400191750327,-1.39583976784473,0.618220742359401,2.41556688952993,-0.1555961886108,-0.0445734002443183,0.488907147981418,1.09010489057606,-0.961657113219938,-0.690239452411488,0.7704887055687,2.80619100884765,-0.113860786417039,-0.0382639442739243,0.617746676248713,1.08838378637757,0.981304034653986,1.00657188464015,1.36852100217096,1.81049060765444,-0.048236570436645,-0.0330109162638679,-0.33031962811602,-0.107343437741059,-0.0304520336298728,0.950766487281889,0.309344470407584,-0.831486854781667,0,-0.0930309953194633,-0.481588184154324,-0.984477210668762,0.275870080598593,1.11440709687275,-1.30887624003008,-0.797595882078731,-0.0998707974396848,-0.0692112518235939,-0.410266899197836,-0.977183073632682,0.803323473037571,-0.378323432673053,-1.55967039733413,-0.767532904424768,-0.202993708003753,-0.0191459895266863,-0.303642030474405,-0.372637375748804,0.93422270303842,-1.66976343270132,-1.1603681679367,-0.527680489439249,-0.177318504788345
"2675",0,-0.346763866306412,-0.529018754917424,0.0578262499066152,-0.247478345903761,-0.813775052877421,-0.416428649433891,-0.135962069060475,-0.0318401196839718,-0.314012775301545,0.633017159478461,-0.171343179456834,-0.131191100456599,-0.0550390494789284,-0.332631289763669,-0.1555961886108,0.0386153206471683,0.410193187752585,1.09010489057606,-0.624985304008629,-1.18029468333559,0.611722039829717,0.352542681269608,-0.113860786417039,-0.0382639442739243,0.527433042140173,0.59717573430355,-1.39134383926002,-1.53432688309958,0.19966965691918,0.990313915099158,-0.048236570436645,-0.0330109162638679,1.21576130976901,0.691917424529183,-1.47909877630812,-1.73997671328813,-0.711805744444711,1.46221250555829,0,-0.0930309953194633,0.501122271467203,1.01675972213601,-1.12171262543579,-1.26160056962335,-0.793084723013613,1.25946709597274,-0.0998707974396848,-0.0692112518235939,-0.410266899197836,1.25455753494524,-0.36330510173903,-1.0828566761904,0.0527343723494737,0.853501300317375,-0.202993708003753,-0.0191459895266863,-0.303642030474405,-0.172466266938626,0.704487594782526,0.706799001154165,0.386518455422421,-0.527680489439249,-0.177318504788345
"2676",0,-0.133253775826149,-1.17387929654563,-2.50620159389084,0.551737763681986,0.796419507866398,-0.416428649433891,-0.135962069060475,-0.0247411626405223,-0.640995384823577,-1.93416775881521,-0.667722469547314,0.484194982054528,-1.06492873723642,-0.540830462877054,-0.1555961886108,-0.0445734002443183,-0.741918245459386,-0.706662693113673,1.22670964665357,-0.363535965128757,-1.29347794903808,-0.0112161204196545,-0.113860786417039,-0.0909846830221019,-0.759253601238671,0.269703699587538,-0.0355450541663019,-1.53432688309958,0.032690893311783,3.17745176191323,-0.048236570436645,-0.0330109162638679,1.52497749734601,1.01162176943728,-1.47909877630812,-1.73997671328813,0.819919577833732,2.03563734564328,0,12.272245394612,4.89950361749906,1.67730717292222,0.586444015272899,-0.00340283431380971,1.27008134505226,0.116654330388589,-0.0998707974396848,3.74986562380231,5.40062335082163,1.07863107602188,1.19219966462977,1.16729496510292,0.465289055770677,-0.767532904424768,-0.202993708003753,-0.0191459895266863,0.67849848245625,-1.17332181098952,-2.7415390290559,0.508752131666208,-0.499078719273245,-0.527680489439249,-0.177318504788345
"2677",0,-0.346763866306412,-0.0991117271652847,0.0578262499066152,-1.66308035067652,-0.992685559626734,-0.416428649433891,-0.135962069060475,0.00131510914950845,0.0129698342204877,0.999757862091843,0.573225755678888,0.501133233237465,-1.06492873723642,-0.540830462877054,-0.1555961886108,-0.0445734002443183,-0.741918245459386,1.09010489057606,0.0483583144139882,0.830831191801901,1.08802203704667,-0.574697546273115,-0.113860786417039,-0.0909846830221019,-0.759253601238671,-0.22150435248648,0.981304034653986,1.00657188464015,1.36852100217096,0.17013722254388,-0.048236570436645,-0.0330109162638679,-0.639535815693025,-1.2263086449194,-1.47909877630812,-1.73997671328813,0.649727875358349,0.8887876654733,0,-0.0930309953194633,-0.481588184154324,-0.984477210668762,-1.12171262543579,-1.26160056962335,0.238498311019326,1.25946709597274,-0.217479616389787,-0.0692112518235939,-0.410266899197836,-0.856559972135023,-0.461408388544902,-0.520318765867068,1.14027554013895,0.853501300317375,-0.202993708003753,-0.0191459895266863,-0.303642030474405,0.628218168302089,0.474752486526631,0.112658392690295,0.214642163938074,-0.281918760399022,-0.177318504788345
"2678",0,2.99694405524889,1.83546989771934,0.757106570942284,-1.44159853924067,-0.992685559626734,-0.416428649433891,-0.135962069060475,-0.0247411626405223,1.97486549135268,0.65426732986602,-1.1641017596378,0.922682789033507,-1.06492873723642,-0.540830462877054,-0.1555961886108,-0.0445734002443183,1.85033247926755,-0.9496494244777,-1.12999301782559,1.43333321492626,-0.658411286082146,-0.574697546273115,-0.142084630627993,-0.0382639442739243,-0.43758194039396,-1.04018443927651,-1.56081868739673,0.688959538672687,0.032690893311783,-0.650039470011399,-0.106080643591261,-0.0330109162638679,-0.639535815693025,-1.2263086449194,-0.835255779562232,0.782595037246263,-1.56276425682162,-0.831486854781667,0,-0.0930309953194633,-0.481588184154324,-0.984477210668762,0.741730982610052,0.322404541374051,-1.48080674570224,-0.797595882078731,-0.0998707974396848,-0.0692112518235939,0.0739739549704533,1.07863107602188,1.19219966462977,0.0422191444562627,0.127795813586543,0.44824274913184,-0.202993708003753,-0.0191459895266863,2.38594400666358,1.62907371235298,0.704487594782526,0.251134838859628,1.58965249581285,2.42146025904347,-0.177318504788345
"2679",0,-0.346763866306412,-0.743972268793493,0.290919690251838,0.994701386553687,1.51206153486365,0.17020566797156,-0.135962069060475,-0.0247411626405223,-0.640995384823577,0.266276456865079,0.325036110633647,-0.552740656252641,1.12316558623815,1.43010110539427,-0.1555961886108,-0.0445734002443183,1.56230462096456,0.7501458380671,-1.12999301782559,-1.18029468333559,0.452955374090734,2.80619100884765,0.185326941420578,-0.0382639442739243,1.49244802467431,1.08838378637757,0.642354338380556,0.212541019721487,1.36852100217096,2.90405953106147,-0.048236570436645,-0.0330109162638679,-0.639535815693025,-0.267195610195108,-0.191412782816345,-0.394605113003119,0.819919577833732,2.03563734564328,0,-0.0930309953194633,-0.481588184154324,-0.984477210668762,-1.12171262543579,-1.26160056962335,1.09815083938011,1.03090454285591,-0.0998707974396848,-0.0692112518235939,-0.408010068231445,-0.856559972135023,0.414447281445371,-0.895344039415955,0.971528919046879,0.245613473539072,-0.202993708003753,-0.0191459895266863,-0.303642030474405,-0.97315070217934,0.0152822700148413,0.366097400030434,1.24589991284416,-0.0361570313587953,-0.177318504788345
"2680",0,-0.0438328829847445,0.330795300586854,0.757106570942284,-1.88456216211237,-0.992685559626734,-0.416428649433891,-0.135962069060475,-0.0247411626405223,-0.640995384823577,-1.75079740750852,1.06960504576937,-0.34196587835462,-1.40155863315559,-0.540830462877054,-0.1555961886108,-0.0445734002443183,-0.741918245459386,-0.319304252043114,1.39504555125922,1.2699814712849,-1.29347794903808,-0.574697546273115,-0.113860786417039,-0.0382639442739243,-0.759253601238671,0.105967682229532,1.1507788827907,0.530153365688954,-1.3031392155474,-0.650039470011399,-0.049335153206293,-0.0330109162638679,-0.639535815693025,-1.2263086449194,-0.513334281189288,0.950766487281889,-1.22238085187086,-0.831486854781667,0,-0.0930309953194633,-0.61176502622352,-0.984477210668762,-0.500564756087173,1.27280760797249,-0.4492237116693,-0.708901337565629,-0.0998707974396848,-0.0692112518235939,-0.410266899197836,0.198998781405106,0.608885377241471,1.16729496510292,0.49931813942595,0.853501300317375,3.48584559505782,-0.0191459895266863,-0.303642030474405,0.027704841871553,0.229077022005465,0.904845870642121,1.58965249581285,3.40450717520438,10.3242664789781
"2681",0,-0.346763866306412,0.975655842215063,0.990200011287507,-0.735936277870413,-0.992685559626734,-0.416428649433891,-0.135962069060475,-0.0247411626405223,1.64788288183065,0.999757862091843,0.325036110633647,1.13345756693153,-1.233243685196,-0.540830462877054,-0.1555961886108,0.113688856564934,0.986248904358571,-0.77966989822322,-0.119977590191666,1.2699814712849,-0.975944617560112,-0.624527031075002,-0.113860786417039,-0.0382639442739243,-0.759253601238671,-1.53139249135053,0.0449848047584512,0.37134719270522,-1.3031392155474,-0.650039470011399,-0.048236570436645,-0.0330109162638679,-0.639535815693025,-0.794363463680891,0.774351712302486,-0.226433662967493,-1.67799712771763,-0.831486854781667,0,-0.0930309953194633,-0.481588184154324,-0.0608293955280974,1.20759188462151,-0.469598014124647,-1.48080674570224,-0.797595882078731,-0.0998707974396848,-0.265131383081457,-0.410266899197836,1.43048399386859,0.997761568833671,1.16729496510292,0.465289055770677,-0.159645077646464,-0.202993708003753,-0.0191459895266863,-0.303642030474405,1.22873149473262,0.93422270303842,0.706799001154165,0.902147329875462,0.701128155761885,-0.177318504788345
"2682",0,-0.346763866306412,2.26537692547148,0.524013130597061,0.108774140810285,0.41189905450611,-0.416428649433891,-0.135962069060475,-0.0247411626405223,-0.640995384823577,0.999757862091843,-0.915912114592555,0.290358455339444,0.281590846440236,-0.540830462877054,-0.1555961886108,-0.0445734002443183,0.410193187752585,1.09010489057606,-0.456649399402975,-1.18029468333559,-1.29347794903808,-0.574697546273115,-0.113860786417039,0.0960485539139038,1.17077636382959,1.08838378637757,1.1507788827907,0.530153365688954,-0.802202924725205,-0.650039470011399,-0.048236570436645,-0.0330109162638679,-0.639535815693025,-1.06645647246535,-0.67429503037576,-0.0582622129318667,1.1603029827845,0.0286504053458163,0,-0.0930309953194633,-0.279686279772928,-0.984477210668762,-1.12171262543579,-1.26160056962335,0.926220333707951,0.34521688350542,-0.0998707974396848,-0.0692112518235939,0.558214809138742,1.07863107602188,-0.36330510173903,0.135834296485212,1.14027554013895,-0.159645077646464,-0.279747357078313,-0.0191459895266863,0.728815661816031,0.828389277112268,0.93422270303842,0.610634816596981,0.214642163938074,-0.212359556969171,-0.177318504788345
"2683",0,-0.346763866306412,0.760702328338993,0.990200011287507,0.994701386553687,0.796419507866398,-0.123111490731166,-0.135962069060475,-0.0247411626405223,2.62883071039675,1.12414475494419,-0.667722469547314,-1.39583976784473,1.29148053419773,0.444635321258607,-0.1555961886108,-0.0445734002443183,3.00244391247952,0.41018678555814,-1.12999301782559,0.12651926579534,0.929255371307683,0.834006018360537,-0.113860786417039,-0.0382639442739243,1.49244802467431,1.08838378637757,0.981304034653986,1.00657188464015,0.700605947741373,-0.650039470011399,-0.048236570436645,-0.0330109162638679,-0.639535815693025,-1.06645647246535,-0.835255779562232,0.782595037246263,0.649727875358349,-0.831486854781667,0,-0.0930309953194633,-0.481588184154324,-1.68035370142131,-0.0790828047853567,1.27280760797249,-0.4492237116693,-0.797595882078731,-0.0998707974396848,-0.0692112518235939,-0.410266899197836,-0.504707054288313,0.396049855045284,-0.397321623639952,-1.55967039733413,-0.767532904424768,-0.202993708003753,-0.0191459895266863,-0.303642030474405,0.628218168302089,0.93422270303842,-2.06585717167723,-1.1603681679367,-0.527680489439249,-0.177318504788345
"2684",0,1.88237474806379,0.760702328338993,0.524013130597061,-0.777153104933116,0.259687987618459,-0.416428649433891,-0.198766627024833,-0.0247411626405223,0.933670490296165,0.620127423913394,1.06960504576937,1.13345756693153,1.29148053419773,-0.540830462877054,-0.1555961886108,-0.0445734002443183,-0.249977025114006,1.09010489057606,1.56338145586488,1.43333321492626,1.24678870278565,-0.0112161204196545,-0.113860786417039,-0.0382639442739243,-0.759253601238671,-0.735984276275037,-1.56081868739673,-0.263877499229713,1.36852100217096,0.63161174649787,-0.048236570436645,-0.0330109162638679,-0.639535815693025,-1.2263086449194,-1.47909877630812,-0.394605113003119,1.1603029827845,0.0976148914396146,0,-0.0930309953194633,-0.366203778428646,-0.984477210668762,-0.480284168698802,1.11440709687275,1.27008134505226,-0.797595882078731,-0.0998707974396848,-0.0692112518235939,-0.410266899197836,-0.703429610160283,0.803323473037571,1.16729496510292,-0.378444049689659,-0.767532904424768,-0.202993708003753,-0.0191459895266863,0.728815661816031,1.4289026035428,0.474752486526631,-1.86781030218927,-1.1603681679367,-0.527680489439249,-0.177318504788345
"2685",0,1.88237474806379,0.115841786710785,0.990200011287507,-0.112707670625565,-0.992685559626734,-0.648973700812233,-0.135962069060475,-0.0247411626405223,2.30184810087471,0.999757862091843,-0.915912114592555,-0.131191100456599,0.281590846440236,-0.540830462877054,-0.1555961886108,-0.0445734002443183,1.27427676266156,0.24020725930366,-1.12999301782559,-1.18029468333559,0.452955374090734,-0.292956833346385,-0.113860786417039,-0.0382639442739243,1.81411968551902,0.59717573430355,-1.56081868739673,-1.53432688309958,-0.134287870295615,0.716921684247398,-0.048236570436645,0.054630489118728,1.21576130976901,0.851769596983231,-0.788433039806925,-1.1376270029029,0.0678075410110625,1.17550008551579,0,-0.0930309953194633,0.19104829105235,1.17070102465946,-1.12171262543579,-1.26160056962335,0.926220333707951,0.116654330388589,-0.0998707974396848,-0.0692112518235939,-0.410266899197836,0.726778158175171,-0.55774319753513,0.41724441800515,0.465289055770677,-0.767532904424768,-0.202993708003753,-0.0191459895266863,-0.303642030474405,-0.772979593369162,0.245017378270736,0.508752131666208,-0.536462748507666,-0.527680489439249,-0.177318504788345
"2686",0,4.11151336243399,2.05042341159541,-0.641454071129054,-0.777153104933116,0.438598494367772,-0.123111490731166,-0.135962069060475,0.0676255668164689,0.666935053264552,0.999757862091843,1.06960504576937,1.13345756693153,1.29148053419773,0.185713182082985,-0.1555961886108,-0.0445734002443183,1.85033247926755,-0.183217693340623,-0.793321208614283,1.2699814712849,0.929255371307683,-0.292956833346385,-0.113860786417039,-0.0382639442739243,0.45957842804295,-0.712712404560498,-0.71344444671316,0.790284859274056,-0.635224161117807,-0.650039470011399,-0.048236570436645,-0.0330109162638679,-0.639535815693025,-1.2263086449194,0.452430213929543,0.278080687139385,-1.56276425682162,-0.695577665014729,0,-0.0930309953194633,-0.481588184154324,0.0931119069953467,1.20759188462151,-0.944799547423866,-1.48080674570224,-0.905869489617957,-0.0998707974396848,-0.0692112518235939,1.04245566330703,1.43048399386859,-0.55774319753513,-1.83290722328817,-1.55967039733413,-0.767532904424768,-0.202993708003753,-0.0191459895266863,5.89110412326821,2.02941592997334,-1.82259859603232,-2.26390404116519,-0.952375552262623,-0.527680489439249,-0.177318504788345
"2687",0,-0.346763866306412,-0.464124780431025,-1.57382783250995,0.108774140810285,1.69097204161296,1.63679146148519,-0.135962069060475,-0.0247411626405223,-0.640995384823577,-1.38405670489514,0.174919672465687,-1.39583976784473,0.786535690318983,1.48533428598661,-0.1555961886108,-0.0445734002443183,-0.741918245459386,-0.9496494244777,1.05837374204791,-1.18029468333559,0.929255371307683,1.397487444214,-0.113860786417039,-0.0909846830221019,-0.759253601238671,-1.53139249135053,0.642354338380556,0.688959538672687,1.36852100217096,1.53709837680268,-0.048236570436645,-0.0330109162638679,-0.639535815693025,-1.2263086449194,-1.47909877630812,-1.23546236318125,-0.201230637018563,1.46221250555829,0,-0.0930309953194633,-0.145269946550987,-0.52265330309843,-1.12171262543579,-1.26160056962335,0.238498311019326,1.03090454285591,-0.0998707974396848,-0.0692112518235939,2.01093737164361,1.43048399386859,-0.55774319753513,-1.26118969704775,0.465289055770677,0.0429841979463036,-0.202993708003753,-0.0191459895266863,-0.303642030474405,-0.300955619214983,-1.36312837952053,0.310705262178251,1.4177762043285,-0.281918760399022,-0.177318504788345
"2688",0,-0.346763866306412,0.115841786710785,-0.146993277459874,-0.334189482061415,1.9752977745458,2.81006009629609,-0.135962069060475,-0.0247411626405223,-0.314012775301545,0.350846402370437,1.06960504576937,1.13345756693153,0.618220742359401,1.22151255588439,-0.1555961886108,-0.0445734002443183,0.410193187752585,1.09010489057606,0.216694219019643,-1.01694293969422,-1.29347794903808,-0.574697546273115,-0.113860786417039,-0.0382639442739243,1.17077636382959,0.760911751661556,-1.56081868739673,-1.53432688309958,-1.3031392155474,-0.378059514339464,-0.048236570436645,-0.0330109162638679,-0.33031962811602,1.01162176943728,0.452430213929543,-1.23546236318125,-1.56276425682162,-0.831486854781667,0,-0.0930309953194633,-0.481588184154324,-0.214770698051542,1.20759188462151,1.27280760797249,-0.4492237116693,-0.797595882078731,0.0899024573426487,-0.0692112518235939,-0.410266899197836,-1.38433934890509,-1.14105748492343,1.16729496510292,0.127795813586543,-0.767532904424768,-0.141800529946763,-0.0338432573430967,-0.303642030474405,0.027704841871553,0.474752486526631,-0.877575954749489,-0.988491876452356,-0.527680489439249,-0.177318504788345
"2689",0,-0.346763866306412,1.83546989771934,1.14236786339398,-0.998634916368966,-0.813775052877421,-0.416428649433891,-0.135962069060475,-0.0247411626405223,0.0129698342204877,0.999757862091843,1.06960504576937,1.13345756693153,0.954850638278565,0.444635321258607,-0.1555961886108,-0.0445734002443183,-0.741918245459386,0.92012536432158,0.721701932836606,-1.18029468333559,-0.272022383594799,0.270524592507076,-0.113860786417039,-0.0382639442739243,-0.759253601238671,-0.385240369844486,0.811829186517271,-0.665078969436452,-1.3031392155474,-0.650039470011399,-0.048236570436645,-0.0330109162638679,-0.639535815693025,-0.906604300011301,-0.151770774935015,-1.06729091314562,-1.56276425682162,-0.840856815158972,0,-0.0930309953194633,-0.481588184154324,-0.830535908145318,0.741730982610052,0.63920556357353,-1.48080674570224,-0.797595882078731,-0.0998707974396848,-0.0692112518235939,1.52669651747532,0.726778158175171,0.803323473037571,0.229731781230706,-1.55967039733413,-0.767532904424768,-0.202993708003753,-0.0191459895266863,-0.303642030474405,1.62907371235298,0.93422270303842,-1.01952131994767,-1.1603681679367,-0.527680489439249,-0.177318504788345
"2690",0,-0.346763866306412,-0.0991117271652847,0.290919690251838,-2.54900759641992,-0.992685559626734,-0.416428649433891,-0.0816079022995838,-0.0247411626405223,-0.640995384823577,0.266276456865079,-0.171343179456834,-2.23893887943681,-1.50555837539371,-0.540830462877054,-0.1555961886108,-0.0445734002443183,0.122165329449593,1.09010489057606,-0.793321208614283,-1.18029468333559,-1.29347794903808,-0.574697546273115,-0.113860786417039,-0.0382639442739243,0.849104702984884,0.924647769019562,-1.56081868739673,-1.53432688309958,-1.3031392155474,-0.650039470011399,-0.048236570436645,-0.0330109162638679,1.52497749734601,1.01162176943728,-1.47909877630812,-1.06729091314562,-1.39257255434624,-0.831486854781667,0,-0.0930309953194633,1.20000300386236,1.74214766378678,1.36287885195866,1.27280760797249,0.754289828035795,-0.797595882078731,-0.0998707974396848,-0.0692112518235939,1.04245566330703,1.63949132092035,1.19219966462977,0.499917748912572,0.803722528060564,0.245613473539072,-0.202993708003753,-0.0339023568911823,-0.303642030474405,0.027704841871553,0.245017378270736,0.904845870642121,0.902147329875462,-0.527680489439249,-0.177318504788345
"2691",0,-0.487175362220157,-0.743972268793493,0.0578262499066152,-0.139019660243882,-0.455954039378794,-0.416428649433891,-0.135962069060475,-0.0247411626405223,-0.640995384823577,0.633017159478461,0.0768464655884069,0.290358455339444,0.954850638278565,-0.0480975708092236,-0.1555961886108,-0.0445734002443183,0.410193187752585,1.09010489057606,-0.793321208614283,0.12651926579534,1.24678870278565,1.397487444214,-0.113860786417039,-0.0382639442739243,0.205761381295462,0.924647769019562,0.811829186517271,1.00657188464015,-0.134287870295615,-0.650039470011399,-0.048236570436645,-0.0330109162638679,-0.639535815693025,-0.746752127557253,0.739490942210351,0.950766487281889,-0.0310389345431809,-0.831486854781667,0,-0.0930309953194633,-0.481588184154324,0.554935814565679,0.897017949947205,0.164004030274312,1.27008134505226,-0.797595882078731,-0.0998707974396848,-0.0692112518235939,-0.410266899197836,0.550851699251816,0.220009185649271,-0.520318765867068,1.14027554013895,-0.362274353239232,-0.202993708003753,-0.0191459895266863,-0.303642030474405,-0.772979593369162,0.245017378270736,0.112658392690295,0.214642163938074,-0.281918760399022,-0.177318504788345
"2692",0,-0.372291912505792,-1.17387929654563,-2.27310815354561,0.108774140810285,0.0807774808691453,3.69001157240427,-0.135962069060475,-0.0247411626405223,-0.640995384823577,-1.75079740750852,0.317189104103728,0.501133233237465,-0.0550390494789284,1.9228339974621,-0.0559154802247408,-0.0445734002443183,-0.1658625288534,0.0960937353243853,0.0483583144139882,-1.18029468333559,1.08802203704667,0.552265305433806,-0.113860786417039,-0.0382639442739243,2.13579134636373,1.40262222857385,-0.374494750439731,-0.422683672213447,1.36852100217096,0.716921684247398,-0.048236570436645,-0.0330109162638679,1.83419368492302,1.8041522334584,1.09627321067543,0.950766487281889,1.35220990784475,2.03563734564328,0,-0.0930309953194633,-0.145269946550987,-0.368712000574986,-0.500564756087173,0.79760607467327,-0.105362700324987,-0.797595882078731,-0.0998707974396848,-0.0514063168742666,-0.410266899197836,-1.38433934890509,-1.33549558071953,0.979782328328481,-1.39092377624206,-0.767532904424768,-0.202993708003753,-0.0191459895266863,-0.303642030474405,-1.17332181098952,-2.05233370428821,-0.698201781317109,-1.73786811920472,-0.527680489439249,-0.177318504788345
"2693",0,-0.346763866306412,-1.17387929654563,-2.50620159389084,0.330255952246136,1.69097204161296,1.34347430278246,-0.135962069060475,-0.0247411626405223,-0.640995384823577,-1.93416775881521,-1.1641017596378,1.13345756693153,1.29148053419773,1.43010110539427,-0.1555961886108,-0.0445734002443183,-0.741918245459386,-0.748993420195784,1.22670964665357,1.43333321492626,1.24678870278565,1.11574673128727,-0.113860786417039,-0.0382639442739243,0.849104702984884,0.924647769019562,1.1507788827907,1.00657188464015,1.36852100217096,0.443529453395639,-0.048236570436645,-0.0330109162638679,0.906545122192,0.691917424529183,0.613390963116015,0.950766487281889,1.1603029827845,0.315362825388311,0,-0.0930309953194633,-0.481588184154324,-0.984477210668762,-0.500564756087173,1.27280760797249,1.27008134505226,1.03090454285591,-0.0998707974396848,-0.0692112518235939,-0.410266899197836,-1.38433934890509,-1.14105748492343,1.16729496510292,1.14027554013895,0.853501300317375,-0.202993708003753,-0.0191459895266863,-0.303642030474405,-1.17332181098952,-2.5118039208,0.112658392690295,1.58965249581285,0.701128155761885,-0.177318504788345
"2694",0,5.22608266961909,1.83546989771934,0.0578262499066152,0.773219575117836,1.69097204161296,0.463522826674285,-0.135962069060475,-0.0247411626405223,2.10135683670768,0.166901664043762,-1.90867069477352,0.0795836774414227,1.29148053419773,0.691001767292522,-0.1555961886108,-0.0445734002443183,-0.741918245459386,-1.62956752949562,-0.961657113219938,1.2699814712849,0.135422042612768,-0.165538708673911,-0.113860786417039,-0.0382639442739243,-0.759253601238671,-1.53139249135053,-0.374494750439731,1.00657188464015,-1.13616045194,-0.650039470011399,-0.048236570436645,-0.0330109162638679,-0.639535815693025,-1.2263086449194,-0.996216528748704,0.950766487281889,-0.0166473867734227,-0.831486854781667,0,-0.0930309953194633,-0.481588184154324,-0.984477210668762,-1.12171262543579,1.11440709687275,1.27008134505226,-0.797595882078731,-0.0998707974396848,-0.0692112518235939,0.0739739549704533,-0.152854136441604,-0.324652904582396,1.16729496510292,-0.378444049689659,-0.767532904424768,-0.202993708003753,-0.0191459895266863,1.76127335410647,1.22873149473262,0.245017378270736,-1.47171656321336,-1.1603681679367,-0.527680489439249,-0.177318504788345
"2695",0,-0.346763866306412,-1.17387929654563,-2.73929503423606,-0.112707670625565,1.69097204161296,0.17020566797156,-0.135962069060475,-0.0247411626405223,-0.640995384823577,-1.93416775881521,-0.0425227298487928,1.13345756693153,1.13927642855366,1.18373465936035,-0.1555961886108,-0.0445734002443183,-0.741918245459386,-0.316056596226687,1.39504555125922,1.43333321492626,0.839601340490865,0.552265305433806,-0.209893290510575,-0.0382639442739243,1.17077636382959,1.08838378637757,1.1507788827907,1.00657188464015,1.36852100217096,0.17013722254388,-0.048236570436645,-0.0330109162638679,0.28811274703799,0.0525087347129891,-0.513334281189288,0.950766487281889,1.1603029827845,-0.831486854781667,0,-0.0930309953194633,-0.481588184154324,-1.00225276272995,-0.500564756087173,1.27280760797249,1.27008134505226,-0.797595882078731,-0.0998707974396848,-0.0692112518235939,-0.410266899197836,-1.38433934890509,-1.14105748492343,1.16729496510292,1.14027554013895,0.0429841979463036,-0.202993708003753,-0.0191459895266863,-0.303642030474405,-1.17332181098952,-2.5118039208,0.310705262178251,1.58965249581285,0.209604697681432,-0.177318504788345
"2696",0,-0.346763866306412,0.760702328338993,0.990200011287507,0.994701386553687,1.51206153486365,-0.416428649433891,-0.135962069060475,-0.0247411626405223,0.33995244374252,0.816387510785152,-0.419532824502074,-1.81738932364077,0.252325825734874,-0.540830462877054,-0.1555961886108,-0.0445734002443183,2.42638819587353,-0.0997517932053001,-1.12999301782559,-1.18029468333559,-1.29347794903808,-0.778665537395807,-0.113860786417039,-0.0382639442739243,1.81411968551902,0.760911751661556,-1.39134383926002,-1.53432688309958,-1.3031392155474,-0.650039470011399,-0.048236570436645,-0.0330109162638679,-0.33031962811602,1.17147394189133,-0.67429503037576,-1.73997671328813,-1.56276425682162,-0.831486854781667,0,-0.0930309953194633,-0.481588184154324,0.708877117089123,0.275870080598593,-1.26160056962335,-1.48080674570224,-0.797595882078731,-0.0998707974396848,-0.0692112518235939,-0.410266899197836,0.834073232748511,0.414447281445371,-1.83290722328817,-1.55967039733413,-0.767532904424768,-0.202993708003753,-0.0912709356995593,-0.303642030474405,1.62907371235298,-0.673923054752843,-2.26390404116519,-1.1603681679367,-0.527680489439249,-0.44648749993588
"2697",0,-0.346763866306412,-1.17387929654563,-1.57382783250995,0.330255952246136,-0.476392555613525,-0.416428649433891,-0.135962069060475,-0.064995348517452,-0.640995384823577,-1.75079740750852,-0.232419945155977,-1.1850649899467,-1.40155863315559,1.9228339974621,2.77970488301997,-0.0445734002443183,-0.741918245459386,-0.26973131945978,1.39504555125922,-1.24166144971591,-0.0233446231262145,3.54257015025262,2.19433177352249,-0.0382639442739243,-0.115910279549249,1.08838378637757,-0.543969598576446,-1.53432688309958,0.867584711348771,2.35727506935795,-0.048236570436645,30.2820138527215,3.38027462280804,1.33132611434538,0.130508715556599,0.278080687139385,1.1603029827845,0.315362825388311,0,18.4548835895778,4.56318537989573,1.17070102465946,0.741730982610052,1.11440709687275,1.24925943283479,-0.797595882078731,-0.0998707974396848,-0.0692112518235939,-0.410266899197836,-1.38433934890509,-1.72437177231173,0.979782328328481,-0.715937291873794,-0.767532904424768,-0.0745216431125238,-0.0191459895266863,-0.303642030474405,-1.17332181098952,-0.903658163008738,0.112658392690295,-1.1603681679367,-0.527680489439249,-0.177318504788345
"2698",0,0.767805440878689,1.4055628699672,-0.874547511474277,-1.14099297082472,-0.70200811124154,-0.416428649433891,-0.135962069060475,-0.0247411626405223,2.30184810087471,0.999757862091843,0.573225755678888,-0.34196587835462,-1.40155863315559,-0.540830462877054,-0.1555961886108,-0.0445734002443183,1.85033247926755,-0.26973131945978,-1.12999301782559,1.43333321492626,-1.29347794903808,-0.574697546273115,-0.113860786417039,-0.0382639442739243,-0.43758194039396,-1.04206783765449,-0.882919294849875,0.530153365688954,-1.3031392155474,-0.650039470011399,-0.048236570436645,-0.0330109162638679,-0.87047395232043,-1.2263086449194,-0.0304520336298728,-0.562776563038745,-1.60874775165908,-0.831486854781667,0,-0.0486296289126582,-0.481588184154324,-0.830535908145318,0.897017949947205,-0.786399036324126,-1.48080674570224,-0.797595882078731,-0.0998707974396848,-0.0692112518235939,0.0739739549704533,1.25455753494524,0.997761568833671,-0.0824354234400611,0.127795813586543,0.650872024724607,-0.202993708003753,-0.0721480760967669,-0.303642030474405,1.02856038592245,0.0152822700148413,0.112658392690295,0.902147329875462,2.17569853000325,-0.177318504788345
"2699",0,-0.346763866306412,-0.314065241041354,0.990200011287507,-0.555671293497266,-0.992685559626734,-0.416428649433891,-0.135962069060475,-0.0247411626405223,-0.640995384823577,0.816387510785152,1.06960504576937,1.13345756693153,0.113275898480654,-0.540830462877054,-0.1555961886108,-0.0445734002443183,0.122165329449593,1.09010489057606,1.39504555125922,-0.363535965128757,0.7704887055687,0.270524592507076,-0.113860786417039,-0.0382639442739243,0.849104702984884,-0.22150435248648,-0.882919294849875,-1.53432688309958,-0.46824539751041,1.26370614595092,-0.048236570436645,-0.0330109162638679,0.906545122192,-0.267195610195108,-1.47909877630812,-1.73997671328813,-0.371422339493946,1.17550008551579,0,-0.0930309953194633,0.19104829105235,0.708877117089123,-1.12171262543579,-1.26160056962335,0.410428816691482,0.57377943662225,-0.0998707974396848,-0.0692112518235939,0.0324738966616762,0.902704617098525,-1.72437177231173,0.0850526975123714,0.971528919046879,-0.767532904424768,-0.202993708003753,-0.0191459895266863,-0.303642030474405,-0.172466266938626,0.704487594782526,0.310705262178251,-0.644739293483662,-0.527680489439249,-0.177318504788345
"2700",0,0.767805440878689,0.666325032272638,-2.04001471320039,-2.54900759641992,-0.992685559626734,-0.416428649433891,-0.135962069060475,0.266556939817351,2.62883071039675,0.999757862091843,0.821415400724128,-2.02816410153879,-1.40155863315559,-0.540830462877054,-0.1555961886108,0.188762392482701,1.56230462096456,0.205459004022968,1.05837374204791,0.0806378531351419,-1.29347794903808,-0.574697546273115,-0.113860786417039,-0.0382639442739243,-0.43758194039396,-1.53139249135053,-0.0355450541663019,-0.10507132624598,-1.3031392155474,-0.650039470011399,-0.049335153206293,-0.0330109162638679,-0.639535815693025,-1.2263086449194,0.613390963116015,-0.73094801307437,-1.56276425682162,-0.831486854781667,0,-0.0930309953194633,-0.481588184154324,-0.676594605621874,1.20759188462151,-0.944799547423866,-1.48080674570224,-0.797595882078731,-0.0998707974396848,-0.0692112518235939,-0.410266899197836,0.902704617098525,1.19219966462977,0.508430944777633,0.802782297954812,1.66401840268845,-0.202993708003753,-0.0191459895266863,-0.303642030474405,0.42804705949191,0.0152822700148413,0.112658392690295,0.558394746906768,2.17569853000325,0.781183586445954
"2701",0,-0.346763866306412,0.862936274132242,0.990200011287507,0.994701386553687,1.86988254836228,0.463522826674285,-0.135962069060475,-0.064995348517452,-0.640995384823577,-0.833945650975067,-0.667722469547314,-0.00105846507081987,1.29148053419773,0.888666318789152,-0.1555961886108,-0.0445734002443183,-0.741918245459386,-1.62956752949562,-0.161619617385,0.12651926579534,1.08802203704667,0.270524592507076,-0.113860786417039,-0.0382639442739243,0.205761381295462,0.924647769019562,1.1507788827907,1.00657188464015,-0.134287870295615,-0.650039470011399,-0.048236570436645,-0.0330109162638679,-0.33031962811602,0.0525087347129891,1.09627321067543,0.950766487281889,0.990111280309114,-0.258062014696678,0,-0.0930309953194633,-0.155026236567586,-0.257425634413242,1.36287885195866,0.322404541374051,0.926220333707951,0.57377943662225,-0.0998707974396848,-0.0692112518235939,-0.410266899197836,0.550851699251816,1.19219966462977,-1.83290722328817,-1.55967039733413,-0.0341936690927048,0.0755663599609478,-0.0191459895266863,-0.303642030474405,1.22873149473262,-0.155594297885246,-2.26390404116519,-1.1603681679367,-0.527680489439249,-0.280012657755475
"2702",0,-0.346763866306412,0.330795300586854,0.435577151595514,0.773219575117836,0.975330014615711,1.05015714407974,-0.135962069060475,-0.064995348517452,-0.640995384823577,0.633017159478461,-0.230664146008563,-0.552740656252641,-0.0550390494789284,0.22739002923118,-0.1555961886108,-0.0445734002443183,-0.453890387156393,1.09010489057606,-0.793321208614283,0.12651926579534,-0.499644620343163,-0.574697546273115,-0.180985126392483,-0.0382639442739243,1.81411968551902,0.924647769019562,0.981304034653986,0.847765711656421,1.20154223856357,0.17013722254388,-0.048236570436645,-0.0330109162638679,1.83419368492302,0.219484278782445,-0.67429503037576,-0.205398316426198,0.479536172882967,0.315362825388311,0,-0.0930309953194633,-0.481588184154324,-0.984477210668762,-1.12171262543579,-0.944799547423866,1.09815083938011,-0.569033328961901,-0.0998707974396848,-0.0692112518235939,-0.341381194153087,-0.328780595364958,-0.36330510173903,0.604757054779594,-0.209697428597592,-0.767532904424768,-0.202993708003753,-0.0191459895266863,-0.303642030474405,0.42804705949191,0.704487594782526,-0.283435346285619,-1.1603681679367,-0.527680489439249,-0.177318504788345
"2703",0,-0.346763866306412,0.975655842215063,0.524013130597061,0.994701386553687,1.56852618696416,2.33578208471348,-0.135962069060475,-0.0247411626405223,0.0662145102027358,0.999757862091843,0.0768464655884069,-1.1850649899467,-0.559983893357675,2.16920044349601,-0.1555961886108,-0.0445734002443183,0.410193187752585,0.92012536432158,0.721701932836606,-0.200184221487392,-1.29347794903808,-0.574697546273115,-0.113860786417039,-0.0382639442739243,2.45746300720844,1.08838378637757,1.1507788827907,1.00657188464015,0.533627184133976,-0.650039470011399,-0.048236570436645,-0.0330109162638679,0.182543006163901,-0.585359119313555,-1.47909877630812,-0.899119463109996,0.990111280309114,-0.831486854781667,0,-0.0930309953194633,-0.481588184154324,-0.984477210668762,-1.12171262543579,-0.152796991925168,0.926220333707951,-0.797595882078731,-0.0998707974396848,-0.161413009194697,-0.410266899197836,-0.504707054288313,-1.14105748492343,0.792269691554037,-0.378444049689659,-0.767532904424768,-0.202993708003753,-0.0191459895266863,-0.303642030474405,0.818481351450617,0.93422270303842,0.508752131666208,-0.988491876452356,-0.527680489439249,-0.177318504788345
"2704",0,0.767805440878689,1.62051638384327,-1.57382783250995,-2.54900759641992,-0.992685559626734,-0.416428649433891,-0.135962069060475,-0.0247411626405223,1.11479936621754,0.633017159478461,-2.90142927495448,-1.55531702178963,-1.40155863315559,-0.718709070984854,-0.1555961886108,-0.0445734002443183,0.410193187752585,-0.26973131945978,-1.12999301782559,-1.01694293969422,-0.34087795460418,-0.292956833346385,-0.113860786417039,-0.0382639442739243,0.109962074336252,-0.22150435248648,-1.39134383926002,-0.597804659476601,1.36852100217096,0.716921684247398,-0.048236570436645,-0.0330109162638679,0.597328934614995,0.372213079621086,-0.352373532002817,0.950766487281889,1.1603029827845,1.17550008551579,0,-0.0930309953194633,1.16938730949909,0.556286110154529,0.431157047935746,1.27280760797249,1.27008134505226,-0.111908222728241,-0.0998707974396848,-0.0884368507056315,0.0739739549704533,1.43048399386859,1.19219966462977,1.16729496510292,0.127795813586543,-0.767532904424768,-0.202993708003753,-0.0191459895266863,-0.303642030474405,0.828389277112268,0.474752486526631,-0.481482215773575,-0.816615584968009,-0.527680489439249,-0.177318504788345
"2705",0,-0.346763866306412,-0.529018754917424,0.0927759569779082,-0.555671293497266,-0.634864546128108,-0.416428649433891,-0.135962069060475,-0.0247411626405223,-0.640995384823577,0.633017159478461,1.06960504576937,1.13345756693153,0.255962836733241,-0.540830462877054,-0.1555961886108,0.0761520886060514,0.698221046055578,1.09010489057606,0.0483583144139882,-0.526887708770123,0.631830503188919,0.270524592507076,-0.113860786417039,-0.0382639442739243,0.527433042140173,0.760911751661556,-1.39134383926002,-1.53432688309958,0.700605947741373,1.12184267878367,-0.048236570436645,-0.0330109162638679,0.906545122192,0.691917424529183,-1.47909877630812,-1.73997671328813,-0.201230637018563,1.46221250555829,0,-0.0930309953194633,-0.145269946550987,1.47858362970634,-0.0433203394773004,-1.05223690215049,0.0665678053471691,1.7165922022064,-0.0998707974396848,-0.0692112518235939,-0.288461009714485,0.550851699251816,1.19219966462977,0.41724441800515,0.686569091094857,0.642847129651905,-0.202993708003753,-0.0191459895266863,-0.317740423019523,-0.572808484558983,-0.214452838241053,0.706799001154165,0.558394746906768,-0.527680489439249,-0.177318504788345
"2706",0,-0.346763866306412,-1.17387929654563,-1.34073439216472,0.994701386553687,-0.455954039378794,-0.416428649433891,-0.166072600963002,-0.0247411626405223,-0.640995384823577,-1.01731600228176,1.06960504576937,-0.552740656252641,-0.878697631297799,-0.540830462877054,-0.1555961886108,-0.0445734002443183,-0.741918245459386,0.0702277330491799,1.22670964665357,-1.18029468333559,-1.29347794903808,-0.574697546273115,-0.113860786417039,-0.0382639442739243,-0.759253601238671,0.760911751661556,0.981304034653986,-0.263877499229713,-0.802202924725205,-0.650039470011399,-0.048236570436645,-0.0330109162638679,-0.639535815693025,1.01162176943728,0.713201197017333,0.278080687139385,0.990111280309114,0.315362825388311,0,-0.123749246486326,-0.481588184154324,1.47858362970634,-0.189990821412867,-1.26160056962335,0.317290084490979,1.7165922022064,-0.0998707974396848,-0.0692112518235939,-0.459205275470615,0.198998781405106,0.608885377241471,-0.895344039415955,0.548140654096696,2.27190622946675,-0.202993708003753,-0.0191459895266863,-0.303642030474405,-0.97315070217934,-0.903658163008738,0.112658392690295,1.4177762043285,2.6672219880837,0.697813577192196
"2707",0,-0.346763866306412,-0.0991117271652847,0.990200011287507,0.994701386553687,1.86988254836228,0.756839985377011,-0.135962069060475,-0.0247411626405223,-0.640995384823577,0.42840058752512,0.821415400724128,-0.34196587835462,-0.559983893357675,-0.294464016843139,-0.328288655523827,-0.0445734002443183,2.71441605417653,1.09010489057606,1.22670964665357,-0.0368324778460259,-1.29347794903808,-0.574697546273115,-0.113860786417039,0.189565172381908,2.13579134636373,1.08838378637757,1.1507788827907,1.00657188464015,1.20154223856357,0.278521530731364,-0.0111937918009328,-0.0330109162638679,-0.639535815693025,-1.2263086449194,-0.980479676879242,-1.40363381321687,1.1603029827845,0.315362825388311,0,-0.0930309953194633,-0.481588184154324,-0.0608293955280974,-0.34527778875002,-1.26160056962335,0.926220333707951,0.80234198973908,-0.0998707974396848,-0.0692112518235939,-0.410266899197836,0.726778158175171,0.0255710898531705,-0.145293492318181,1.14027554013895,-0.362274353239232,-0.202993708003753,-0.0191459895266863,-0.303642030474405,-0.172466266938626,0.93422270303842,0.904845870642121,0.0427658724537265,-0.677447949204159,-0.348883720603331
"2708",0,-0.346763866306412,-0.743972268793493,-0.175267190438608,0.773219575117836,1.86988254836228,2.51674293759336,-0.135962069060475,-0.0247411626405223,-0.628565154264309,0.44964680817177,0.573225755678888,-0.131191100456599,1.12316558623815,2.16920044349601,-0.1555961886108,-0.0445734002443183,-0.741918245459386,0.24020725930366,-0.793321208614283,-1.01694293969422,1.24678870278565,0.270524592507076,-0.113860786417039,-0.0382639442739243,-0.759253601238671,-0.757638401053364,-0.574797328479131,-0.263877499229713,1.20154223856357,-0.10325500830788,-0.048236570436645,-0.0539306280597664,-0.639535815693025,-1.2263086449194,0.291469464743071,0.18696574491988,1.1603029827845,2.03563734564328,0,-0.0930309953194633,-0.481588184154324,-0.830535908145318,1.36287885195866,0.79760607467327,-0.782170376382633,-0.0697833515295214,-0.0998707974396848,-0.0692112518235939,-0.410266899197836,-1.38433934890509,0.803323473037571,-0.707831402641512,-1.55967039733413,-0.767532904424768,-0.202993708003753,-0.0191459895266863,-0.497359181093165,-0.772979593369162,0.93422270303842,-1.86781030218927,-1.1603681679367,-0.527680489439249,-0.177318504788345
"2709",0,-0.346763866306412,0.330795300586854,0.990200011287507,-0.258740367266063,-0.634864546128108,-0.237709375637714,-0.135962069060475,-0.0247411626405223,0.0129698342204877,0.816387510785152,1.06960504576937,0.831103087817121,0.449905794399818,-0.540830462877054,-0.367156843450631,-0.0445734002443183,1.27427676266156,0.7501458380671,-0.456649399402975,-0.200184221487392,1.24678870278565,-0.574697546273115,-0.113860786417039,-0.0382639442739243,0.527433042140173,0.433439716945544,-1.56081868739673,-1.53432688309958,-0.134287870295615,1.26370614595092,-0.048236570436645,-0.0330109162638679,1.21576130976901,0.691917424529183,-1.47909877630812,-1.5718052632525,0.309344470407584,1.46221250555829,0,-0.0930309953194633,0.19104829105235,1.3246423271829,0.12058311326144,0.79760607467327,0.541034289799717,1.25946709597274,-0.0998707974396848,-0.0692112518235939,-0.410266899197836,1.25455753494524,1.19219966462977,1.16729496510292,0.971528919046879,-0.362274353239232,-0.108684314978643,-0.0191459895266863,-0.303642030474405,-0.172466266938626,0.474752486526631,-0.0853884767976621,-0.988491876452356,-0.90048393292766,-0.177318504788345
"2710",0,1.88237474806379,1.63834770918715,0.0578262499066152,0.773219575117836,1.69097204161296,0.17020566797156,-0.135962069060475,-0.0247411626405223,3.60977853896284,0.999757862091843,1.06960504576937,0.501133233237465,0.618220742359401,0.198268875224692,-0.1555961886108,-0.0445734002443183,2.71441605417653,1.09010489057606,0.385030123625297,-1.18029468333559,-1.29347794903808,-0.283299110513752,-0.155347725964389,-0.0382639442739243,1.23920800536092,1.08838378637757,1.1507788827907,-0.422683672213447,-1.3031392155474,-0.60318799616146,-0.048236570436645,-0.0330109162638679,-0.875081958433357,-0.586899955103205,0.385131658974802,0.782595037246263,-1.56276425682162,-1.35025588155565,0,-0.0930309953194633,-0.481588184154324,-0.676594605621874,-0.500564756087173,1.27280760797249,-0.793084723013613,-0.797595882078731,-0.0998707974396848,-0.0692112518235939,1.52669651747532,1.43048399386859,1.19219966462977,0.604757054779594,-1.55967039733413,-0.767532904424768,-0.202993708003753,-0.0191459895266863,1.5275900038639,1.82924482116316,0.704487594782526,-1.2736696937254,-1.1603681679367,-0.527680489439249,-0.177318504788345
"2711",0,-0.346763866306412,0.330795300586854,0.757106570942284,0.0650624220146972,-0.455954039378794,-0.416428649433891,-0.135962069060475,-0.0247411626405223,-0.640995384823577,0.999757862091843,1.06960504576937,1.13345756693153,1.29148053419773,-0.294464016843139,-0.1555961886108,-0.0445734002443183,0.698221046055578,0.92012536432158,0.0483583144139882,-0.0368324778460259,1.24678870278565,0.226137155398925,-0.113860786417039,-0.0382639442739243,1.81411968551902,0.433439716945544,-1.56081868739673,-1.53432688309958,1.20154223856357,0.716921684247398,-0.048236570436645,-0.0330109162638679,1.21576130976901,1.33132611434538,-1.47909877630812,-1.73997671328813,0.649727875358349,1.17550008551579,0,-0.0930309953194633,1.20000300386236,1.47858362970634,-0.966425658098632,-0.944799547423866,1.27008134505226,0.116654330388589,-0.0998707974396848,-0.0692112518235939,1.04245566330703,1.43048399386859,-0.16886700594293,0.792269691554037,0.971528919046879,-0.767532904424768,-0.202993708003753,-0.0191459895266863,-0.303642030474405,0.628218168302089,0.245017378270736,0.112658392690295,-0.644739293483662,-0.527680489439249,-0.177318504788345
"2712",0,-0.346763866306412,-1.17387929654563,-0.175267190438608,0.994701386553687,-0.634864546128108,-0.106023406514024,-0.135962069060475,-0.0247411626405223,-0.640995384823577,-0.650575299668376,1.06960504576937,-0.763515434150662,0.281590846440236,0.71597673453009,-0.1555961886108,-0.0445734002443183,-0.1658625288534,1.09010489057606,0.0483583144139882,-0.526887708770123,1.24678870278565,1.96096887006746,-0.113860786417039,-0.0382639442739243,1.17077636382959,1.08838378637757,0.642354338380556,0.37134719270522,1.36852100217096,3.45084399276499,-0.048236570436645,-0.0330109162638679,-0.33031962811602,0.532065252075134,1.09627321067543,0.950766487281889,0.479536172882967,0.0286504053458163,0,-0.0930309953194633,-0.481588184154324,-0.984477210668762,-0.811138690761479,1.27280760797249,-1.13694573435793,-0.797595882078731,-0.0998707974396848,-0.0692112518235939,-0.410266899197836,-1.38433934890509,-0.55774319753513,0.41724441800515,-1.58982566674151,-0.880109880583605,-0.196852987307694,-0.0191459895266863,-0.303642030474405,-1.17332181098952,-0.214452838241053,-0.546571938322457,-1.1603681679367,-0.527680489439249,0.0313602426531891
"2713",0,-0.235741169404863,-1.21708517393619,-2.73929503423606,-0.777153104933116,1.15424052136502,1.05015714407974,-0.135962069060475,-0.0247411626405223,-0.640995384823577,-1.93416775881521,-0.419532824502074,0.0795836774414227,0.449905794399818,0.652343637119472,-0.222152872679687,-0.0445734002443183,-0.741918245459386,0.24020725930366,0.553366028230951,0.360072105971232,1.24678870278565,-0.292956833346385,-0.113860786417039,-0.0382639442739243,1.17077636382959,1.08838378637757,0.674739238785408,0.37134719270522,1.20154223856357,0.443529453395639,0.0494476001845072,-0.0330109162638679,-0.0211034405390152,0.0525087347129891,-0.191412782816345,0.278080687139385,0.819919577833732,0.315362825388311,0,-0.0930309953194633,-0.481588184154324,-0.984477210668762,-1.12171262543579,0.63920556357353,-0.793084723013613,-0.797595882078731,-0.0998707974396848,-0.0692112518235939,-0.410266899197836,-1.38433934890509,-1.91880986810783,0.604757054779594,-1.00222607672725,-0.767532904424768,-0.202993708003753,-0.0191459895266863,-0.303642030474405,-1.17332181098952,-2.7415390290559,-0.0853884767976621,-1.1603681679367,-0.527680489439249,-0.177318504788345
"2714",0,-0.346763866306412,0.760702328338993,0.757106570942284,0.330255952246136,-0.0981330258801679,-0.123111490731166,-0.135962069060475,-0.0247411626405223,0.0129698342204877,0.999757862091843,0.325036110633647,-0.34196587835462,0.618220742359401,0.198268875224692,-0.1555961886108,-0.0445734002443183,1.56230462096456,0.41018678555814,-1.12999301782559,-1.18029468333559,-1.29347794903808,-0.574697546273115,-0.279245182717323,-0.0382639442739243,-0.115910279549249,1.08838378637757,0.981304034653986,-0.58148984519718,-1.3031392155474,-0.650039470011399,-0.048236570436645,-0.0330109162638679,-0.639535815693025,-1.06645647246535,-0.191412782816345,0.782595037246263,-0.42040913698966,-0.831486854781667,0,-0.0930309953194633,-0.481588184154324,-0.984477210668762,-1.12171262543579,-0.311197503024907,0.410428816691482,-0.797595882078731,-0.0998707974396848,-0.0692112518235939,-0.410266899197836,-0.504707054288313,-0.75218129333123,0.41724441800515,0.127795813586543,-0.767532904424768,-0.202993708003753,-0.0191459895266863,0.728815661816031,0.828389277112268,0.245017378270736,-0.283435346285619,-0.988491876452356,-0.527680489439249,-0.177318504788345
"2715",0,-0.346763866306412,-0.529018754917424,-0.175267190438608,0.330255952246136,0.796419507866398,-0.416428649433891,-0.135962069060475,0.0344703379829887,0.33995244374252,0.816387510785152,-1.1641017596378,-1.39583976784473,0.954850638278565,-0.0480975708092236,-0.1555961886108,-0.0445734002443183,1.39684575440393,0.58016631181262,-0.961657113219938,-1.01694293969422,0.929255371307683,-0.0112161204196545,-0.113860786417039,0.127220760069906,1.49244802467431,0.59717573430355,0.811829186517271,0.0537348467377536,0.867584711348771,-0.650039470011399,-0.048236570436645,-0.0330109162638679,-0.639535815693025,-1.06645647246535,0.774351712302486,0.950766487281889,-1.39257255434624,-0.831486854781667,0,-0.0930309953194633,-0.481588184154324,0.554935814565679,0.245926088987202,0.322404541374051,0.238498311019326,-0.797595882078731,-0.0998707974396848,-0.0692112518235939,-0.340332436796474,0.550851699251816,-0.75218129333123,-1.27036931296484,0.634035676862745,-0.767532904424768,-0.202993708003753,-0.0191459895266863,-0.303642030474405,-0.572808484558983,0.245017378270736,0.904845870642121,0.386518455422421,-0.527680489439249,-0.177318504788345
"2716",0,-0.346763866306412,-0.529018754917424,0.0578262499066152,0.773219575117836,1.86988254836228,1.93010862018791,-0.135962069060475,-0.064995348517452,-0.640995384823577,0.082906105558388,0.573225755678888,0.501133233237465,1.29148053419773,0.444635321258607,-0.1555961886108,-0.0445734002443183,-0.741918245459386,-1.62956752949562,-1.12999301782559,0.28564738933837,0.266124714468695,-0.574697546273115,-0.0937747094597115,-0.0382639442739243,-0.759253601238671,-1.56457815591132,-1.05239414298659,1.00657188464015,-0.46824539751041,-0.650039470011399,-0.048236570436645,-0.0179575742192926,-0.334809173343644,0.425848330100121,1.09627321067543,0.950766487281889,1.1603029827845,1.17550008551579,0,-0.0930309953194633,-0.481588184154324,0.554935814565679,1.36287885195866,0.322404541374051,-0.621154217341457,-0.569033328961901,-0.0998707974396848,-0.0469719164387186,-0.410266899197836,-0.504707054288313,1.19219966462977,-1.27036931296484,-1.55967039733413,-0.767532904424768,-0.202993708003753,-0.115134277125818,-0.303642030474405,-0.572808484558983,0.93422270303842,-2.06585717167723,-1.1603681679367,-0.527680489439249,-0.177318504788345
"2717",0,-0.346763866306412,0.545748814462924,0.990200011287507,0.994701386553687,0.438598494367772,-0.416428649433891,-0.135962069060475,-0.0247411626405223,1.32090027230862,0.633017159478461,-0.915912114592555,1.13345756693153,0.113275898480654,-0.540830462877054,-0.1555961886108,-0.0445734002443183,0.122165329449593,-1.11962895073218,0.385030123625297,0.943277984002168,-0.817177951821129,-0.574697546273115,-0.113860786417039,-0.0382639442739243,-0.759253601238671,-1.53139249135053,0.303404642107127,0.847765711656421,-0.969181688332602,-0.964687527569096,-0.048236570436645,-0.0330109162638679,-0.732276837310731,-1.2263086449194,-1.31813802712165,0.446252137175011,0.649727875358349,-0.544774434739172,0,-0.0930309953194633,-0.481588184154324,-0.984477210668762,-1.12171262543579,-1.10320005852361,1.27008134505226,0.34521688350542,-0.0998707974396848,-0.0692112518235939,-0.410266899197836,-0.152854136441604,-0.36330510173903,-0.97042633671202,0.465289055770677,0.650872024724607,-0.202993708003753,-0.0191459895266863,-0.303642030474405,0.828389277112268,0.93422270303842,0.904845870642121,1.58965249581285,0.455366426721658,-0.177318504788345
"2718",0,-0.346763866306412,0.330795300586854,0.290919690251838,0.108774140810285,1.15424052136502,1.05015714407974,-0.135962069060475,-0.0247411626405223,0.234229270288327,0.816387510785152,-0.915912114592555,-0.763515434150662,-0.0550390494789284,0.198268875224692,-0.1555961886108,-0.0445734002443183,0.410193187752585,0.92012536432158,-0.28831349479732,-0.200184221487392,-1.29347794903808,-0.574697546273115,-0.113860786417039,-0.0382639442739243,0.849104702984884,0.878680561742746,1.1507788827907,1.00657188464015,-0.969181688332602,-0.650039470011399,-0.048236570436645,-0.0330109162638679,-0.0211034405390152,0.0525087347129891,-1.31813802712165,0.278080687139385,-0.881997446920094,-0.831486854781667,0,-0.141006560864066,-0.481588184154324,-0.984477210668762,-0.872613981557569,0.63920556357353,-0.793084723013613,-0.797595882078731,-0.0998707974396848,-0.0692112518235939,-0.410266899197836,-0.856559972135023,-0.94661938912733,1.16729496510292,-1.22217715515,-0.767532904424768,-0.202993708003753,-0.0191459895266863,-0.303642030474405,0.628218168302089,0.704487594782526,-0.679529085261532,-1.1603681679367,-0.811392711845774,-0.177318504788345
"2719",0,-0.346763866306412,0.545748814462924,-0.175267190438608,0.551737763681986,0.796419507866398,-0.416428649433891,-0.135962069060475,-0.0247411626405223,-0.640995384823577,0.633017159478461,0.821415400724128,-0.763515434150662,-0.0550390494789284,-0.540830462877054,-0.1555961886108,-0.0152492710856271,0.195003023797908,0.7501458380671,-0.456649399402975,-1.18029468333559,-1.29347794903808,-0.574697546273115,-0.113860786417039,-0.0382639442739243,1.81411968551902,1.08838378637757,-0.0355450541663019,-0.263877499229713,-0.802202924725205,-0.650039470011399,-0.049335153206293,-0.0330109162638679,0.597328934614995,0.691917424529183,0.452430213929543,0.614423587210637,0.686801213261439,0.315362825388311,0,-0.0930309953194633,-0.481588184154324,-0.984477210668762,-1.12171262543579,-1.26160056962335,0.754289828035795,1.03090454285591,-0.0998707974396848,-0.0692112518235939,-0.410266899197836,-0.680633513211668,-0.36330510173903,0.41724441800515,0.971528919046879,0.0429841979463036,-0.202993708003753,-0.0191459895266863,0.0198381128333148,1.82924482116316,0.474752486526631,0.112658392690295,-0.644739293483662,-0.527680489439249,-0.177318504788345
"2720",0,-0.346763866306412,-0.743972268793493,0.0578262499066152,0.108774140810285,-0.634864546128108,-0.416428649433891,-0.135962069060475,-0.0247411626405223,-0.640995384823577,-0.467204948361685,1.06960504576937,0.857177511250149,-0.559983893357675,-0.465488158116636,-0.1555961886108,-0.0445734002443183,-0.741918245459386,0.0702277330491799,1.56338145586488,0.964891705015091,-0.0233446231262145,-0.574697546273115,-0.113860786417039,-0.0382639442739243,-0.759253601238671,0.433439716945544,1.1507788827907,1.00657188464015,-0.635224161117807,-0.650039470011399,-0.048236570436645,-0.0330109162638679,-0.639535815693025,0.532065252075134,1.09627321067543,0.950766487281889,-0.541614041969328,-0.831486854781667,0,-0.0930309953194633,-0.481588184154324,0.128518966575204,1.36287885195866,1.27280760797249,-0.105362700324987,-0.797595882078731,-0.0998707974396848,-0.0692112518235939,-0.410266899197836,-0.856559972135023,1.19219966462977,1.34628155366034,0.634035676862745,-0.767532904424768,-0.202993708003753,-0.0191459895266863,-0.303642030474405,-0.772979593369162,-0.903658163008738,0.112658392690295,0.0427658724537265,-0.527680489439249,-0.177318504788345
"2721",0,-0.346763866306412,0.975655842215063,0.524013130597061,-0.112707670625565,0.617509001117085,-0.416428649433891,-0.135962069060475,-0.0247411626405223,-0.640995384823577,-0.283834597054994,0.0768464655884069,-0.552740656252641,0.113275898480654,-0.540830462877054,-0.1555961886108,-0.0445734002443183,-0.741918245459386,0.24020725930366,0.385030123625297,-1.01694293969422,-1.29347794903808,-0.574697546273115,-0.113860786417039,-0.0382639442739243,-0.759253601238671,0.924647769019562,1.1507788827907,-0.112737514045448,-0.969181688332602,-0.650039470011399,-0.048236570436645,-0.0330109162638679,-0.639535815693025,-0.476576347091696,-1.15717727793518,-0.0582622129318667,-0.541614041969328,-0.831486854781667,0,-0.0930309953194633,-0.481588184154324,-0.984477210668762,-1.36113012133958,-1.26160056962335,0.371032021116229,-0.797595882078731,-0.0998707974396848,-0.0692112518235939,-0.410266899197836,-0.152854136441604,-0.94661938912733,-0.332806129092624,0.465289055770677,-0.767532904424768,-0.239423868273299,-0.0191459895266863,-0.303642030474405,0.828389277112268,0.93422270303842,0.706799001154165,-0.472863001999315,-0.527680489439249,-0.177318504788345
"2722",0,2.99694405524889,2.1342347284544,0.757106570942284,-2.10604397354822,-0.992685559626734,-0.204680390928052,-0.135962069060475,-0.0247411626405223,0.666935053264552,0.633017159478461,-0.419532824502074,0.0795836774414227,-1.40155863315559,-0.397830425818219,-0.1555961886108,-0.0364582152705978,-0.1658625288534,-0.26973131945978,-0.969045575570709,0.829655920977908,-1.29347794903808,-0.574697546273115,-0.113860786417039,-0.0382639442739243,-0.759253601238671,-1.53139249135053,-1.56081868739673,1.00657188464015,-0.969181688332602,-0.650039470011399,-0.048236570436645,-0.0330109162638679,-0.639535815693025,-1.2263086449194,-0.835255779562232,0.782595037246263,-1.56276425682162,-0.831486854781667,0,-0.0930309953194633,-0.481588184154324,-0.984477210668762,0.437875018390091,0.79760607467327,-1.48080674570224,-0.797595882078731,-0.0998707974396848,-0.0692112518235939,-0.410266899197836,-0.152854136441604,1.19219966462977,0.792269691554037,0.465289055770677,1.46138912709568,-0.202993708003753,-0.0191459895266863,2.7937310463969,2.02941592997334,0.93422270303842,0.112658392690295,0.386518455422421,1.19265161384234,-0.177318504788345
"2723",0,-0.346763866306412,0.115841786710785,0.0578262499066152,-0.777153104933116,-0.992685559626734,-0.416428649433891,-0.135962069060475,-0.0247411626405223,1.29310187970441,0.434619002467558,-0.915912114592555,0.922682789033507,-1.233243685196,-0.681071788242501,-0.1555961886108,-0.0445734002443183,1.85033247926755,-0.9496494244777,-0.955600098637324,0.943277984002168,-0.658411286082146,-0.574697546273115,-0.113860786417039,-0.0382639442739243,-0.759253601238671,-1.53139249135053,-0.395367370465228,1.00657188464015,-1.13616045194,-0.650039470011399,-0.048236570436645,-0.0330109162638679,-0.639535815693025,-1.2263086449194,-0.513334281189288,-0.0582622129318667,-1.56276425682162,-0.831486854781667,0,-0.0930309953194633,-0.481588184154324,-0.984477210668762,0.741730982610052,0.00560351917457189,-1.48080674570224,-0.797595882078731,-0.0998707974396848,-0.0692112518235939,-0.410266899197836,-0.328780595364958,0.997761568833671,-0.707831402641512,-0.884683912965861,0.44824274913184,-0.202993708003753,-0.0191459895266863,-0.303642030474405,0.227875950681732,0.93422270303842,0.706799001154165,0.902147329875462,2.42146025904347,-0.177318504788345
"2724",0,-0.346763866306412,0.545748814462924,0.990200011287507,0.994701386553687,0.617509001117085,-0.416428649433891,-0.135962069060475,-0.0247411626405223,-0.640995384823577,0.816387510785152,-0.667722469547314,-0.974290212048683,0.954850638278565,-0.0480975708092236,-0.1555961886108,-0.12016755277347,-0.741918245459386,1.09010489057606,-0.28831349479732,-1.01694293969422,1.24678870278565,1.67922815714073,-0.113860786417039,-0.0980157101479449,-0.759253601238671,-0.057768335128474,1.1507788827907,1.00657188464015,1.36852100217096,1.53944676592019,-0.048236570436645,-0.0330109162638679,-0.639535815693025,-1.2263086449194,-0.513334281189288,-0.562776563038745,0.139152767932202,2.60906218572827,0,-0.0930309953194633,-0.145269946550987,-0.52265330309843,-1.12171262543579,-1.26160056962335,-0.105362700324987,2.40227986155689,-0.0998707974396848,-0.0692112518235939,1.52669651747532,0.902704617098525,-0.94661938912733,-1.83290722328817,0.29654243467861,1.66401840268845,-0.202993708003753,-0.0191459895266863,-0.303642030474405,0.628218168302089,0.93422270303842,0.904845870642121,1.58965249581285,0.946889884802112,-0.177318504788345
"2725",0,-0.346763866306412,-0.314065241041354,0.290919690251838,0.818854373209268,1.86988254836228,2.22342577889064,-0.135962069060475,0.00131510914950845,0.0129698342204877,0.266276456865079,-1.41229140468304,-2.02816410153879,0.618220742359401,1.55664493334221,-0.1555961886108,-0.0445734002443183,-0.453890387156393,-1.11962895073218,-0.793321208614283,1.2699814712849,0.294188708351751,0.0933811123662914,-0.216241241703814,-0.0909846830221019,-0.759253601238671,-1.18617569515375,0.303404642107127,-0.10507132624598,-1.3031392155474,-0.650039470011399,-0.048236570436645,-0.0330109162638679,-0.639535815693025,-1.2263086449194,-0.835255779562232,0.614423587210637,-1.22238085187086,-0.831486854781667,0,-0.0930309953194633,-0.481588184154324,-0.984477210668762,-1.12171262543579,0.79760607467327,0.238498311019326,-0.797595882078731,-0.0998707974396848,-0.0692112518235939,-0.410266899197836,-0.644584585720696,-1.11834758873042,0.0422191444562627,0.29654243467861,-0.767532904424768,-0.202993708003753,-0.0191459895266863,-0.369671249342921,-0.11755143502155,0.245017378270736,0.112658392690295,-0.988491876452356,-0.527680489439249,-0.177318504788345
"2726",0,5.22608266961909,2.26537692547148,0.524013130597061,-2.10604397354822,-0.992685559626734,-0.416428649433891,-0.135962069060475,-0.0247411626405223,1.64788288183065,0.999757862091843,0.312623792544943,-0.131191100456599,-1.40155863315559,-0.540830462877054,-0.1555961886108,-0.0445734002443183,-0.741918245459386,-1.62956752949562,0.89003783744226,0.453222753078071,-1.29347794903808,-0.574697546273115,-0.113860786417039,-0.0909846830221019,-0.759253601238671,-1.53139249135053,0.981304034653986,-0.422683672213447,-1.3031392155474,-0.479666964890172,-0.048236570436645,-0.0330109162638679,-0.639535815693025,-0.427047782649156,1.09627321067543,-1.40363381321687,-1.21559575922465,-0.860902590239417,0,-0.0562605784512585,-0.145269946550987,0.862818419612568,0.586444015272899,-1.26160056962335,-0.829302726738475,-0.797595882078731,-0.286049258073677,-0.0692112518235939,2.4951782258119,1.43048399386859,1.19219966462977,1.16729496510292,0.465289055770677,-0.159645077646464,-0.202993708003753,-0.0191459895266863,4.85864643097778,2.02941592997334,0.93422270303842,0.904845870642121,1.4177762043285,0.701128155761885,-0.177318504788345
"2727",0,-0.346763866306412,-1.17387929654563,-2.04001471320039,0.330255952246136,1.51206153486365,-0.123111490731166,-0.135962069060475,-0.0247411626405223,-0.640995384823577,-1.38405670489514,0.821415400724128,1.13345756693153,1.29148053419773,-0.540830462877054,-0.1555961886108,-0.0445734002443183,0.698221046055578,1.09010489057606,1.56338145586488,1.43333321492626,0.929255371307683,-0.574697546273115,-0.113860786417039,-0.0382639442739243,-0.759253601238671,-1.53139249135053,0.581795410940062,1.00657188464015,1.03456347495617,-0.650039470011399,-0.048236570436645,-0.0330109162638679,-0.639535815693025,-1.2263086449194,-0.835255779562232,0.302166740982567,0.819919577833732,-0.831486854781667,0,-0.0930309953194633,-0.481588184154324,-0.984477210668762,-0.500564756087173,1.27280760797249,0.238498311019326,-0.797595882078731,-0.0998707974396848,-0.0692112518235939,-0.410266899197836,-1.67647430153259,-1.14105748492343,1.16729496510292,-0.209697428597592,-0.767532904424768,-0.202993708003753,-0.0191459895266863,-0.303642030474405,-1.17332181098952,-2.28206881254411,0.112658392690295,1.58965249581285,0.701128155761885,-0.177318504788345
"2728",0,-0.346763866306412,0.545748814462924,0.0578262499066152,-1.44159853924067,-0.992685559626734,-0.416428649433891,-0.0661305944270152,-0.0247411626405223,0.33995244374252,0.816387510785152,0.325036110633647,0.922682789033507,-1.40155863315559,-0.540830462877054,-0.1555961886108,-0.0445734002443183,-0.741918245459386,-1.62956752949562,0.385030123625297,0.589132509217538,-1.29347794903808,-0.574697546273115,-0.113860786417039,-0.0382639442739243,-0.759253601238671,-1.53139249135053,0.642354338380556,0.37134719270522,-1.3031392155474,-0.650039470011399,-0.048236570436645,-0.0179575742192926,-0.655115851070651,-1.12194419418816,-0.352373532002817,0.950766487281889,0.309344470407584,0.0286504053458163,0,-0.0930309953194633,-0.481588184154324,-0.984477210668762,-1.12171262543579,-0.786399036324126,0.926220333707951,2.40227986155689,-0.0998707974396848,-0.0692112518235939,-0.410266899197836,-0.680633513211668,-0.55774319753513,-0.520318765867068,0.971528919046879,1.66401840268845,-0.202993708003753,-0.0191459895266863,-0.303642030474405,0.598101869457836,0.245017378270736,0.112658392690295,-0.129110419030621,-0.527680489439249,-0.177318504788345
"2729",0,0.767805440878689,1.19060935609113,0.524013130597061,-2.54900759641992,-0.992685559626734,-0.416428649433891,-0.135962069060475,-0.0247411626405223,0.666935053264552,0.816387510785152,0.573225755678888,-0.974290212048683,-1.40155863315559,-0.540830462877054,-0.1555961886108,-0.0445734002443183,0.986248904358571,0.473912106275311,0.0483583144139882,0.12651926579534,-1.29347794903808,-0.574697546273115,-0.113860786417039,-0.0382639442739243,0.205761381295462,-0.712712404560498,-0.543969598576446,0.212541019721487,-1.03939367262618,-0.650039470011399,-0.048236570436645,-0.0330109162638679,-0.639535815693025,-1.2263086449194,-0.0304520336298728,-0.394605113003119,-1.56276425682162,-0.831486854781667,0,-0.0930309953194633,-0.960443375754451,-0.830535908145318,1.05230491728436,-0.152796991925168,-1.48080674570224,-0.473803630173618,-0.0998707974396848,-0.0692112518235939,0.0739739549704533,1.25455753494524,1.19219966462977,1.16729496510292,1.14027554013895,0.44824274913184,-0.202993708003753,-0.0191459895266863,-0.303642030474405,0.94216284405032,-0.903658163008738,0.112658392690295,1.07402362135981,0.455366426721658,-0.177318504788345
"2730",0,-0.346763866306412,-0.794408796215495,0.524013130597061,0.809169723151469,1.86988254836228,3.69001157240427,-0.135962069060475,-0.0247411626405223,-0.640995384823577,-1.56742705620183,-1.41229140468304,-1.39583976784473,0.113275898480654,3.40103267366559,5.71500595465075,-0.0445734002443183,-0.741918245459386,-1.62956752949562,-0.580142664253809,-1.18029468333559,-0.162490686664775,3.93315386055457,9.1189094533411,-0.0382639442739243,-0.759253601238671,-1.53139249135053,-1.56081868739673,-1.53432688309958,0.032690893311783,3.45084399276499,16.5692619449875,-0.0330109162638679,0.160765195966733,-0.906604300011301,0.935312461488958,0.446252137175011,0.990111280309114,1.46221250555829,0,-0.0930309953194633,-0.114170465690061,-0.52265330309843,0.013425704280205,0.95600658577301,-0.0102469470603294,-0.340470775845071,-0.0431203137102426,-0.0692112518235939,-0.410266899197836,-1.38433934890509,-0.94661938912733,1.16729496510292,-1.39092377624206,-0.767532904424768,-0.202993708003753,-0.0191459895266863,-0.303642030474405,-0.772979593369162,0.93422270303842,-1.07562282423745,-1.1603681679367,-0.527680489439249,-0.177318504788345
"2731",0,-0.346763866306412,-1.17387929654563,-0.641454071129054,0.108774140810285,-0.992685559626734,-0.416428649433891,-0.135962069060475,-0.0247411626405223,-0.640995384823577,-1.20068635358845,1.06960504576937,0.0795836774414227,-1.40155863315559,-0.540830462877054,-0.1555961886108,-0.0445734002443183,-0.741918245459386,0.41018678555814,1.56329112086705,-0.853591196052854,-1.13471128329909,0.834006018360537,-0.113860786417039,-0.0382639442739243,0.849104702984884,1.08838378637757,-0.205019902303017,-1.37552071011585,1.03456347495617,2.90405953106147,-0.048236570436645,-0.0330109162638679,2.45262606007703,1.33132611434538,0.452430213929543,0.782595037246263,1.1603029827845,1.74892492560078,0,-0.0930309953194633,1.5363212414657,1.17070102465946,1.05230491728436,1.27280760797249,0.845120926939024,-0.797595882078731,-0.0998707974396848,-0.0692112518235939,-0.410266899197836,-1.38433934890509,-1.33549558071953,1.16729496510292,-0.0409508075055244,-0.767532904424768,-0.202993708003753,-0.0191459895266863,-0.303642030474405,-1.17332181098952,-1.13339327126463,0.904845870642121,-0.472863001999315,-0.389170584355336,-0.177318504788345
"2732",0,1.88237474806379,1.19060935609113,0.524013130597061,-1.44159853924067,-0.992685559626734,-0.416428649433891,-0.135962069060475,-0.0247411626405223,0.993917662786584,0.816387510785152,0.00572639910742094,1.13345756693153,-0.720491740313888,-0.540830462877054,-0.1555961886108,-0.0445734002443183,0.410193187752585,-0.434250488873641,-1.12999301782559,0.779926240360802,-0.658411286082146,-0.574697546273115,-0.128961257049214,-0.0382639442739243,-0.759253601238671,-1.36765647399252,-1.56081868739673,0.37134719270522,-0.635224161117807,-0.650039470011399,-0.048236570436645,-0.0330109162638679,-0.639535815693025,-1.2263086449194,-1.31813802712165,0.614423587210637,-1.39257255434624,-0.831486854781667,0,-0.0930309953194633,-0.481588184154324,-0.984477210668762,0.275870080598593,-0.152796991925168,-1.48080674570224,-0.797595882078731,-0.0998707974396848,-0.0692112518235939,0.0739739549704533,0.198998781405106,0.997761568833671,0.0422191444562627,-0.121325196159756,0.403945240941697,-0.202993708003753,-0.0191459895266863,1.68302672562808,1.82924482116316,0.704487594782526,-0.113263737622195,0.902147329875462,1.19265161384234,-0.177318504788345
"2733",0,-0.346763866306412,1.19060935609113,0.990200011287507,0.994701386553687,0.438598494367772,-0.416428649433891,-0.135962069060475,-0.0318401196839718,-0.314012775301545,0.44964680817177,-1.1641017596378,-0.34196587835462,1.29148053419773,0.198268875224692,-0.1555961886108,-0.0445734002443183,-0.741918245459386,-1.62956752949562,-0.961657113219938,0.453222753078071,1.08802203704667,-0.292956833346385,-0.113860786417039,-0.0382639442739243,-0.759253601238671,-1.53139249135053,0.981304034653986,1.00657188464015,0.366648420526578,-0.650039470011399,-0.048236570436645,-0.0539306280597664,-0.639535815693025,-1.2263086449194,0.774351712302486,0.950766487281889,1.1603029827845,0.602075245430805,0,-0.0930309953194633,-0.481588184154324,-0.984477210668762,-1.12171262543579,-1.26160056962335,-0.105362700324987,2.40227986155689,-0.0998707974396848,-0.0692112518235939,0.0739739549704533,0.726778158175171,-1.14105748492343,-0.895344039415955,0.634035676862745,2.27190622946675,-0.202993708003753,-0.0191459895266863,-0.303642030474405,1.02856038592245,0.93422270303842,0.904845870642121,1.4177762043285,0.701128155761885,-0.177318504788345
"2734",0,-0.346763866306412,0.330795300586854,0.990200011287507,-0.998634916368966,-0.992685559626734,-0.416428649433891,-0.165390289578184,-0.0247411626405223,0.666935053264552,0.999757862091843,-0.667722469547314,-0.131191100456599,0.449905794399818,-0.0480975708092236,-0.1555961886108,0.301372696359349,2.42638819587353,1.17951581818108,-1.12999301782559,0.616574496719437,0.929255371307683,-0.292956833346385,-0.113860786417039,-0.0382639442739243,1.17077636382959,0.760911751661556,-0.374494750439731,0.688959538672687,-0.134287870295615,-0.650039470011399,-0.048236570436645,-0.0330109162638679,-0.639535815693025,0.532065252075134,1.09627321067543,0.278080687139385,-1.56276425682162,-0.831486854781667,0,-0.0930309953194633,-0.481588184154324,1.01675972213601,0.741730982610052,1.11440709687275,-1.30887624003008,-0.966531069316522,-0.0998707974396848,0.0672076087036742,-0.266659708270767,1.43048399386859,-0.55774319753513,0.792269691554037,-1.22217715515,-0.767532904424768,-0.202993708003753,-0.0502487751124888,-0.303642030474405,0.42804705949191,0.93422270303842,-0.283435346285619,-1.1603681679367,-0.527680489439249,-0.177318504788345
"2735",0,-0.346763866306412,-0.175169966249679,-0.408360630783831,0.330255952246136,1.86988254836228,3.10337725499881,-0.135962069060475,-0.0247411626405223,0.33995244374252,0.816387510785152,0.325036110633647,-0.552740656252641,1.07383978359304,2.41556688952993,-0.1555961886108,-0.0445734002443183,-0.453890387156393,0.41018678555814,1.05837374204791,1.43333321492626,1.24678870278565,1.13073259559015,-0.113860786417039,-0.0382639442739243,-0.759253601238671,-1.53139249135053,-1.56081868739673,-0.899102191164647,1.24470019874695,0.716921684247398,-0.048236570436645,-0.0330109162638679,-0.639535815693025,-1.2263086449194,-1.47909877630812,-0.0582622129318667,1.1603029827845,-0.831486854781667,0,-0.0930309953194633,-0.481588184154324,-0.984477210668762,-0.966425658098632,1.11440709687275,0.582359322363638,-0.797595882078731,-0.0998707974396848,-0.0692112518235939,-0.410266899197836,-1.38433934890509,-0.16886700594293,0.979782328328481,-1.55967039733413,-0.767532904424768,-0.209211324271262,-0.0191459895266863,-0.303642030474405,-0.0737911934167996,0.474752486526631,-0.481482215773575,-1.1603681679367,-0.527680489439249,-0.177318504788345
"2736",0,-0.47137243297829,0.115841786710785,-0.408360630783831,0.773219575117836,0.975330014615711,-0.123111490731166,-0.289411679810216,-0.0247411626405223,-0.314012775301545,0.682202983856172,-0.667722469547314,-0.974290212048683,0.618220742359401,0.444635321258607,-0.1555961886108,0.0761520886060514,0.698221046055578,0.766820498643397,-1.12999301782559,-1.18029468333559,-0.499644620343163,1.11574673128727,-0.113860786417039,-0.0382639442739243,0.527433042140173,0.760911751661556,-1.56081868739673,-1.53432688309958,-0.301266633903012,1.53709837680268,-0.048236570436645,-0.0330109162638679,1.21576130976901,0.212360907167038,-1.47909877630812,-1.73997671328813,0.479536172882967,-0.258062014696678,0,-0.0930309953194633,1.87263947906903,0.400994512042235,-1.12171262543579,-0.311197503024907,0.410428816691482,-0.373317569411521,-0.0998707974396848,-0.0692112518235939,1.04245566330703,1.25455753494524,0.0018238967860869,0.979782328328481,-0.884683912965861,-0.767532904424768,-0.202993708003753,-0.0191459895266863,-0.303642030474405,0.828389277112268,0.474752486526631,-1.2736696937254,-1.1603681679367,-0.527680489439249,-0.177318504788345
"2737",0,-0.346763866306412,-0.445368395502305,0.757106570942284,-0.777153104933116,-0.992685559626734,-0.416428649433891,-0.135962069060475,-0.0247411626405223,-0.314012775301545,0.633017159478461,0.0768464655884069,1.13345756693153,-1.233243685196,-0.540830462877054,-0.1555961886108,-0.0445734002443183,-0.1658625288534,0.0702277330491799,-0.961657113219938,1.43333321492626,-1.29347794903808,-0.574697546273115,-0.113860786417039,-0.0382639442739243,-0.759253601238671,-1.04018443927651,0.303404642107127,0.972113883261996,-1.3031392155474,-0.75538862716828,-0.0111937918009328,-0.0330109162638679,-0.639535815693025,-1.2263086449194,0.130508715556599,0.782595037246263,-0.541614041969328,-0.831486854781667,0,-0.0930309953194633,-0.507127866955299,-0.984477210668762,-0.811138690761479,0.63920556357353,1.09815083938011,-0.340470775845071,-0.0998707974396848,-0.0692112518235939,-0.410266899197836,-1.20841288998173,0.0255710898531705,-0.332806129092624,0.971528919046879,-0.159645077646464,-0.202993708003753,-0.0191459895266863,-0.303642030474405,-0.772979593369162,0.704487594782526,0.904845870642121,0.730271038391115,-0.527680489439249,-0.177318504788345
"2738",0,-0.346763866306412,-1.17387929654563,-2.50620159389084,0.330255952246136,0.617509001117085,0.205033514498603,-0.135962069060475,-0.0247411626405223,-0.640995384823577,-1.93416775881521,-1.1641017596378,1.13345756693153,-0.559983893357675,-0.540830462877054,-0.1555961886108,-0.0445734002443183,-0.753131028517001,-1.45958800324114,1.22670964665357,0.0652910880741078,-1.29347794903808,-0.574697546273115,-0.113860786417039,-0.0382639442739243,0.527433042140173,0.760911751661556,0.642354338380556,-1.21671453713211,0.867584711348771,0.990313915099158,-0.048236570436645,-0.0330109162638679,1.01602646239894,1.33132611434538,1.09627321067543,0.950766487281889,1.1603029827845,1.74892492560078,0,-0.0930309953194633,-0.481588184154324,-0.0608293955280974,0.12058311326144,0.79760607467327,1.27008134505226,-0.797595882078731,-0.225892752966878,-0.0627386868698196,-0.531009044182115,-1.38433934890509,-1.91880986810783,0.979782328328481,0.29654243467861,-0.767532904424768,-0.409438208519487,-0.0191459895266863,-0.303642030474405,-1.17332181098952,-2.28206881254411,0.904845870642121,0.386518455422421,-0.527680489439249,-0.177318504788345
"2739",0,-0.346763866306412,-0.958925782669563,-1.1076409518195,0.551737763681986,1.69097204161296,0.17020566797156,-0.135962069060475,-0.0247411626405223,0.0129698342204877,0.266276456865079,0.573225755678888,-0.552740656252641,0.954850638278565,1.18373465936035,-0.1555961886108,-0.0445734002443183,0.122165329449593,0.7501458380671,1.05837374204791,-0.363535965128757,0.573915741410647,0.834006018360537,-0.113860786417039,-0.0382639442739243,-0.0855128574897748,0.0387605180585095,0.981304034653986,1.00657188464015,1.20154223856357,-0.10325500830788,-0.048236570436645,-0.0330109162638679,-0.884556084478868,-1.2263086449194,0.130508715556599,0.950766487281889,0.139152767932202,-0.831486854781667,0,-0.0930309953194633,-0.481588184154324,-0.676594605621874,1.05230491728436,0.95600658577301,0.582359322363638,-0.74589824193398,-0.0998707974396848,-0.0692112518235939,-0.410266899197836,-0.680633513211668,1.19219966462977,0.792269691554037,0.465289055770677,-0.767532904424768,-0.202993708003753,-0.0191459895266863,-0.303642030474405,-1.17332181098952,0.0152822700148413,0.310705262178251,-0.129110419030621,-0.527680489439249,-0.177318504788345
"2740",0,-0.346763866306412,0.545748814462924,0.990200011287507,0.994701386553687,1.25501441823265,1.63679146148519,-0.135962069060475,-0.0247411626405223,-0.215196443779583,0.999757862091843,0.0768464655884069,-0.552740656252641,-0.0550390494789284,0.444635321258607,-0.1555961886108,-0.0445734002443183,-0.1658625288534,1.09010489057606,-0.119977590191666,-1.18029468333559,-1.29347794903808,-0.574697546273115,-0.113860786417039,-0.0382639442739243,0.420081200658255,1.08838378637757,1.1507788827907,1.00657188464015,0.032690893311783,-0.650039470011399,-0.048236570436645,-0.0330109162638679,-0.0211034405390152,0.691917424529183,-0.0376132652383392,-0.226433662967493,1.1603029827845,0.0286504053458163,0,-0.0930309953194633,-0.481588184154324,-0.984477210668762,-1.12171262543579,-1.10320005852361,1.27008134505226,-0.111908222728241,-0.0998707974396848,-0.0692112518235939,0.0661100881028931,0.0230723224817513,0.220009185649271,0.41724441800515,1.14027554013895,-0.362274353239232,-0.202993708003753,-0.0758585761396516,-0.303642030474405,0.828389277112268,0.93422270303842,0.508752131666208,-0.129110419030621,-0.527680489439249,-0.177318504788345
"2741",0,1.88237474806379,2.26537692547148,0.990200011287507,-0.112707670625565,-0.634864546128108,-0.416428649433891,-0.110040317933663,-0.0247411626405223,-0.640995384823577,-0.467204948361685,-0.171343179456834,1.13345756693153,-0.0550390494789284,-0.555267762699694,-0.1555961886108,-0.111531751188364,-0.741918245459386,-0.9496494244777,1.22670964665357,1.2699814712849,-1.13471128329909,-0.574697546273115,-0.208247242412557,-0.0382639442739243,-0.759253601238671,0.59717573430355,1.1507788827907,0.37134719270522,-1.13616045194,-0.650039470011399,-0.048236570436645,-0.0539306280597664,-0.639535815693025,-0.113733395626301,-0.191412782816345,0.782595037246263,0.819919577833732,-0.544774434739172,0,-0.0930309953194633,-0.481588184154324,-0.368712000574986,-0.657115168675434,-0.786399036324126,1.27008134505226,0.57377943662225,-0.0998707974396848,-0.0692112518235939,2.01093737164361,1.25455753494524,-0.36330510173903,0.792269691554037,0.971528919046879,-0.362274353239232,-0.202993708003753,-0.0191459895266863,1.76127335410647,1.22873149473262,0.0152822700148413,-0.481482215773575,-0.300986710514968,-0.527680489439249,-0.177318504788345
"2742",0,-0.346763866306412,-0.314065241041354,0.757106570942284,0.773219575117836,0.628018091495613,-0.123111490731166,-0.135962069060475,-0.0247411626405223,0.0129698342204877,0.266276456865079,-2.15686033981876,-0.131191100456599,0.954850638278565,2.16920044349601,-0.1555961886108,-0.0445734002443183,0.122165329449593,0.7501458380671,-0.28831349479732,0.207823586893574,0.452955374090734,2.52445029592092,-0.113860786417039,-0.0382639442739243,-0.759253601238671,0.120102415579925,0.981304034653986,1.00657188464015,1.03456347495617,-0.10325500830788,-0.048236570436645,-0.0330109162638679,-0.639535815693025,-0.427047782649156,1.09627321067543,0.109909237103759,0.990111280309114,-0.258062014696678,0,-0.268048147053998,-0.481588184154324,1.01675972213601,-0.966425658098632,-0.944799547423866,1.27008134505226,-0.569033328961901,-0.0998707974396848,-0.0692112518235939,-0.410266899197836,0.374925240328461,0.220009185649271,-0.332806129092624,0.971528919046879,-0.767532904424768,-0.202993708003753,-0.0912709356995593,-0.303642030474405,-0.572808484558983,0.245017378270736,0.508752131666208,0.136470822787456,-0.527680489439249,-0.177318504788345
"2743",0,2.99694405524889,2.26537692547148,0.524013130597061,0.108774140810285,1.33315102811434,1.63679146148519,-0.135962069060475,-0.0247411626405223,-0.640995384823577,-0.650575299668376,-0.915912114592555,0.501133233237465,1.12316558623815,0.691001767292522,-0.1555961886108,-0.0445734002443183,-0.741918245459386,-1.62956752949562,-0.624985304008629,1.2699814712849,-0.658411286082146,-0.574697546273115,-0.113860786417039,-0.0382639442739243,-0.759253601238671,-1.53139249135053,-0.0355450541663019,0.0537348467377536,-1.3031392155474,-0.650039470011399,-0.048236570436645,-0.0330109162638679,2.14340987250002,1.01162176943728,1.09627321067543,0.446252137175011,0.479536172882967,1.74892492560078,0,-0.143286603202144,0.527366528655686,1.01675972213601,0.897017949947205,0.164004030274312,-0.105362700324987,-0.0494625900875561,0.00270485902351625,-0.0692112518235939,0.558214809138742,1.43048399386859,0.482117950432546,-1.83290722328817,-1.55967039733413,-0.767532904424768,-0.202993708003753,-0.0191459895266863,4.85864643097778,1.62907371235298,-0.717946650145493,-2.26390404116519,-1.1603681679367,-0.527680489439249,-0.177318504788345
"2744",0,-0.346763866306412,-1.17387929654563,-0.641454071129054,0.657827232827606,0.153778043259012,-0.416428649433891,-0.135962069060475,-0.0247411626405223,-0.640995384823577,-0.100464245748303,0.821415400724128,0.290358455339444,1.12316558623815,-0.0480975708092236,-0.1555961886108,-0.0364582152705978,-0.1658625288534,1.09010489057606,-0.456649399402975,-1.18029468333559,0.452955374090734,1.11574673128727,-0.113860786417039,-0.0382639442739243,0.849104702984884,0.59717573430355,-1.56081868739673,-1.53432688309958,0.152106446872156,1.53709837680268,-0.048236570436645,-0.0330109162638679,1.83419368492302,0.691917424529183,-1.35634880339626,-1.73997671328813,-0.371422339493946,1.17550008551579,0,-0.0930309953194633,0.893516004264514,1.17070102465946,-0.72022646129448,-1.26160056962335,0.754289828035795,0.116654330388589,-0.0998707974396848,-0.0692112518235939,-0.410266899197836,1.25455753494524,0.0255710898531705,-0.520318765867068,0.971528919046879,-0.564903628832,-0.202993708003753,-0.0191459895266863,-0.386057715121258,-0.772979593369162,-0.214452838241053,0.310705262178251,-0.644739293483662,-0.527680489439249,-0.177318504788345
"2745",0,-0.346763866306412,-0.629869639292598,-0.408360630783831,-0.777153104933116,-0.813775052877421,-0.76393610578283,-0.135962069060475,-0.0247411626405223,-0.359933744788487,0.082906105558388,1.06960504576937,0.16491730631178,0.113275898480654,-0.540830462877054,-0.1555961886108,-0.0445734002443183,0.122165329449593,1.09010489057606,1.56338145586488,0.689360519676776,-0.817177951821129,-0.574697546273115,-0.12302286816592,-0.0382639442739243,0.527433042140173,1.08838378637757,1.1507788827907,1.00657188464015,-0.802202924725205,-0.650039470011399,-0.048236570436645,-0.0330109162638679,0.235662731345671,1.33132611434538,1.09627321067543,0.278080687139385,-1.56276425682162,-0.831486854781667,0,-0.0930309953194633,-0.145269946550987,1.47858362970634,1.36287885195866,1.11440709687275,-1.48080674570224,-0.797595882078731,-0.0998707974396848,-0.0692112518235939,-0.410266899197836,0.198998781405106,1.19219966462977,1.16729496510292,-1.55967039733413,-0.767532904424768,-0.202993708003753,-0.0191459895266863,-0.303642030474405,-0.772979593369162,-0.444187946496948,0.112658392690295,-0.988491876452356,-0.527680489439249,-0.177318504788345
"2746",0,-0.346763866306412,-1.17387929654563,-2.27310815354561,0.330255952246136,0.438598494367772,0.756839985377011,-0.135962069060475,-0.0247411626405223,-0.640995384823577,-1.93416775881521,-0.171343179456834,0.501133233237465,-0.0550390494789284,1.69745548553388,1.80127119247638,-0.0445734002443183,-0.741918245459386,-0.43971084571426,1.56338145586488,-0.690239452411488,0.929255371307683,2.24270958299419,-0.113860786417039,0.0960485539139038,1.17077636382959,1.08838378637757,-0.205019902303017,-0.422683672213447,1.36852100217096,0.990313915099158,-0.048236570436645,-0.0330109162638679,2.76184224765403,1.9368554320778,1.09627321067543,0.950766487281889,1.1603029827845,1.17550008551579,0,-0.0930309953194633,0.19104829105235,0.247053209518791,0.275870080598593,1.27280760797249,0.0665678053471691,-0.494455233699777,-0.0998707974396848,-0.0692112518235939,-0.410266899197836,-1.38433934890509,-1.52993367651563,1.16729496510292,-0.547190670781726,-0.767532904424768,-0.202993708003753,-0.0191459895266863,-0.309274011125908,-1.17332181098952,-2.5118039208,-0.306539994810677,-0.816615584968009,-0.527680489439249,-0.177318504788345
"2747",0,-0.57414395263122,-0.958925782669563,-1.34073439216472,0.551737763681986,1.86988254836228,3.10337725499881,-0.135962069060475,-0.0247411626405223,-0.314012775301545,0.816387510785152,1.06960504576937,-0.552740656252641,1.29148053419773,2.16920044349601,-0.1555961886108,-0.0445734002443183,2.13836033757054,0.92012536432158,-0.456649399402975,-0.363535965128757,0.919220926141645,2.24270958299419,-0.113860786417039,-0.0382639442739243,0.205761381295462,0.433439716945544,1.1507788827907,1.00657188464015,1.51157021759581,1.53709837680268,-0.048236570436645,-0.0330109162638679,-0.639535815693025,-1.2263086449194,-1.47909877630812,0.109909237103759,-0.0282805629810186,-0.831486854781667,0,-0.0930309953194633,-0.481588184154324,-0.984477210668762,-1.12171262543579,0.79760607467327,0.410428816691482,-0.797595882078731,-0.0998707974396848,-0.0692112518235939,-0.410266899197836,-1.38433934890509,-0.94661938912733,1.16729496510292,-0.715937291873794,-0.767532904424768,-0.202993708003753,-0.0191459895266863,-0.303642030474405,-1.17332181098952,-0.673923054752843,0.904845870642121,-0.644739293483662,-0.527680489439249,-0.177318504788345
"2748",0,-0.346763866306412,-0.314065241041354,0.290919690251838,0.330255952246136,0.463516775758615,0.463522826674285,-0.135962069060475,-0.0247411626405223,0.35090213681138,0.999757862091843,-0.667722469547314,0.290358455339444,1.29148053419773,1.43010110539427,-0.1555961886108,-0.0445734002443183,1.27427676266156,0.7501458380671,-1.12999301782559,-0.526887708770123,1.24678870278565,0.834006018360537,-0.268509311777109,-0.0382639442739243,0.655202643396221,0.924647769019562,0.642354338380556,0.847765711656421,0.533627184133976,-0.650039470011399,-0.048236570436645,-0.0330109162638679,-0.523358547279949,0.372213079621086,1.09627321067543,0.950766487281889,0.139152767932202,-0.831486854781667,0,-0.0930309953194633,-0.145269946550987,1.47858362970634,-0.34527778875002,-0.786399036324126,1.27008134505226,0.116654330388589,-0.0998707974396848,-0.0692112518235939,-0.410266899197836,1.25455753494524,0.0255710898531705,-0.356057466797645,1.14027554013895,0.650872024724607,-0.202993708003753,-0.0191459895266863,-0.303642030474405,-0.172466266938626,0.93422270303842,0.904845870642121,0.386518455422421,-0.527680489439249,-0.177318504788345
"2749",0,-0.346763866306412,-0.0991117271652847,0.290919690251838,-0.112707670625565,-0.634864546128108,-0.416428649433891,-0.135962069060475,-0.0247411626405223,0.0129698342204877,0.633017159478461,0.821415400724128,0.922682789033507,0.618220742359401,-0.540830462877054,-0.150554722950322,-0.0445734002443183,-0.1658625288534,1.09010489057606,-0.28831349479732,-1.18029468333559,-0.182111288865197,0.552265305433806,-0.113860786417039,0.0337041416019022,0.527433042140173,1.08838378637757,-1.05239414298659,-1.53432688309958,-0.802202924725205,0.990313915099158,-0.048236570436645,-0.0330109162638679,0.28811274703799,1.01162176943728,-1.47909877630812,-1.58130373480971,-0.201230637018563,1.17550008551579,0,-0.138925720232432,0.19104829105235,1.47858362970634,-1.12171262543579,-0.944799547423866,0.926220333707951,0.255920318116108,-0.0998707974396848,-0.0692112518235939,0.0739739549704533,1.25455753494524,0.997761568833671,1.16729496510292,0.29654243467861,-0.767532904424768,-0.202993708003753,-0.0191459895266863,-0.303642030474405,0.227875950681732,0.474752486526631,-0.283435346285619,-0.988491876452356,-0.527680489439249,-0.177318504788345
"2750",0,-0.346763866306412,0.545748814462924,0.757106570942284,0.994701386553687,0.438598494367772,-0.416428649433891,-0.135962069060475,-0.0247411626405223,0.993917662786584,0.999757862091843,0.0768464655884069,0.0795836774414227,1.29148053419773,-0.465353959221111,-0.1555961886108,-0.0445734002443183,0.122165329449593,-0.26973131945978,-0.961657113219938,0.779926240360802,0.7704887055687,-0.574697546273115,-0.113860786417039,-0.0382639442739243,-0.759253601238671,-0.947061163485419,0.303404642107127,1.00657188464015,0.867584711348771,-0.376647239159639,-0.014845341259091,-0.0330109162638679,-0.639535815693025,-1.2263086449194,-0.67429503037576,-0.394605113003119,0.990111280309114,1.74892492560078,0,-0.0930309953194633,-0.481588184154324,-0.676594605621874,-0.729204316696917,-1.26160056962335,0.0665678053471691,1.7165922022064,-0.0998707974396848,-0.0692112518235939,-0.410266899197836,1.07863107602188,0.414447281445371,-0.895344039415955,0.971528919046879,0.650872024724607,-0.202993708003753,-0.0191459895266863,-0.303642030474405,0.500386197276901,0.93422270303842,0.904845870642121,1.07402362135981,-0.281918760399022,-0.177318504788345
"2751",0,0.767805440878689,0.545748814462924,0.243941760476082,0.551737763681986,0.259687987618459,-0.416428649433891,-0.135962069060475,-0.0247411626405223,0.722786061638365,0.999757862091843,-1.41229140468304,-0.552740656252641,1.12316558623815,-0.540830462877054,-0.1555961886108,-0.0445734002443183,-0.453890387156393,0.58016631181262,0.216694219019643,1.2699814712849,0.135422042612768,-0.574697546273115,-0.113860786417039,-0.0382639442739243,-0.759253601238671,-1.36765647399252,0.537097668112846,0.56307322489907,-1.3031392155474,-0.650039470011399,-0.049335153206293,-0.0330109162638679,-0.639535815693025,0.0525087347129891,0.452430213929543,0.109909237103759,-1.56276425682162,-0.72568233274346,0,-0.32774553892017,-0.404663474951223,1.01675972213601,-0.34527778875002,-0.0119842757672818,-1.30887624003008,-0.797595882078731,-0.0998707974396848,-0.249405564574492,-0.410266899197836,1.07863107602188,-1.72437177231173,-0.145293492318181,-0.884683912965861,-0.767532904424768,-0.202993708003753,-0.0191459895266863,-0.303642030474405,0.628218168302089,0.474752486526631,0.508752131666208,-0.988491876452356,-0.527680489439249,-0.177318504788345
"2752",0,-0.346763866306412,-0.664624259093561,0.0578262499066152,0.108774140810285,1.69097204161296,1.63679146148519,-0.135962069060475,-0.064995348517452,-0.640995384823577,-0.650575299668376,0.0768464655884069,0.290358455339444,1.12316558623815,1.67646755142818,-0.1555961886108,-0.0445734002443183,-0.832409864601578,-1.62956752949562,-1.12999301782559,-1.01694293969422,0.7704887055687,0.834006018360537,-0.113860786417039,-0.0909846830221019,-0.759253601238671,-1.04018443927651,-0.519622728175407,0.0537348467377536,1.36852100217096,-0.376647239159639,-0.21072781324913,-0.0330109162638679,-0.639535815693025,-0.0308360350148905,1.09627321067543,0.950766487281889,1.1603029827845,0.602075245430805,0,-0.0930309953194633,-0.481588184154324,-0.984477210668762,-0.189990821412867,0.63920556357353,-1.30887624003008,-0.797595882078731,-0.0998707974396848,-0.0692112518235939,-0.410266899197836,-1.38433934890509,0.803323473037571,-0.895344039415955,-1.82417759318026,-0.814729184656377,-0.193488613759673,-0.0191459895266863,-0.303642030474405,-0.572808484558983,0.704487594782526,-2.26390404116519,-1.1603681679367,-0.527680489439249,-0.177318504788345
"2753",0,-0.346763866306412,-0.743972268793493,0.290919690251838,-1.88456216211237,-0.992685559626734,-0.416428649433891,-0.135962069060475,-0.0247411626405223,-0.640995384823577,0.082906105558388,0.821415400724128,-0.93939589907475,-1.40155863315559,-0.540830462877054,-0.1555961886108,-0.0445734002443183,-0.741918245459386,0.24020725930366,0.216694219019643,-1.18029468333559,-1.29347794903808,-0.574697546273115,-0.113860786417039,-0.0382639442739243,-0.759253601238671,0.760911751661556,-0.71344444671316,-1.53432688309958,-1.3031392155474,-0.650039470011399,-0.048236570436645,-0.0330109162638679,-0.639535815693025,1.33132611434538,0.613390963116015,0.950766487281889,0.819919577833732,0.315362825388311,0,-0.0930309953194633,-0.481588184154324,1.3246423271829,1.20759188462151,0.164004030274312,0.754289828035795,1.94515475532323,-0.0998707974396848,-0.0692112518235939,-0.410266899197836,0.902704617098525,0.220009185649271,-1.45788194973929,0.971528919046879,1.05613057591014,-0.202993708003753,-0.0191459895266863,-0.303642030474405,-0.772979593369162,0.474752486526631,0.706799001154165,0.730271038391115,-0.281918760399022,-0.177318504788345
"2754",0,-0.346763866306412,-0.958925782669563,-0.408360630783831,-0.0367246180892384,0.617509001117085,-0.416428649433891,-0.135962069060475,-0.0247411626405223,-0.640995384823577,-0.100464245748303,0.30475117773562,-1.1850649899467,-0.89661378927684,-0.540830462877054,-0.1555961886108,-0.0445734002443183,-0.453890387156393,1.09010489057606,-0.624985304008629,-1.18029468333559,-1.29347794903808,-0.574697546273115,-0.113860786417039,-0.0382639442739243,0.527433042140173,0.59717573430355,-0.892053988597026,-1.53432688309958,-1.3031392155474,-0.650039470011399,-0.048236570436645,-0.0224795858586595,0.431277263140978,1.17147394189133,0.935312461488958,0.270180370162023,-0.711805744444711,-0.831486854781667,0,-0.293028442997427,-0.145269946550987,1.47858362970634,0.586444015272899,-0.167531452519824,1.09815083938011,0.116654330388589,-0.0998707974396848,-0.0692112518235939,-0.416187390501138,0.0230723224817513,0.803323473037571,-0.895344039415955,0.802782297954812,-0.362274353239232,-0.202993708003753,-0.0191459895266863,-0.303642030474405,-1.17332181098952,-0.903658163008738,0.904845870642121,0.902147329875462,-0.281918760399022,-0.177318504788345
"2755",0,-0.346763866306412,0.115841786710785,0.346233212248885,-1.66308035067652,-1.20532616037974,-0.416428649433891,-0.135962069060475,-0.0247411626405223,-0.640995384823577,0.266276456865079,1.06960504576937,0.922682789033507,-0.0575630319155571,-0.540830462877054,-0.1555961886108,-0.0445734002443183,-0.1658625288534,1.09010489057606,-0.119977590191666,-0.363535965128757,0.929255371307683,-0.574697546273115,-0.113860786417039,-0.0382639442739243,2.13579134636373,1.08838378637757,-0.882919294849875,-1.53432688309958,1.03456347495617,0.17013722254388,-0.048236570436645,-0.0330109162638679,1.3599328420975,1.33132611434538,-0.513334281189288,-1.73997671328813,0.819919577833732,0.8887876654733,0,-0.0930309953194633,0.863684766259023,1.47858362970634,-0.042774699334996,-0.944799547423866,1.27008134505226,0.57377943662225,-0.0998707974396848,-0.0692112518235939,-0.410266899197836,1.02420029768719,1.19219966462977,1.16729496510292,0.29654243467861,-0.767532904424768,-0.202993708003753,-0.0191459895266863,-0.303642030474405,-0.106951926007987,0.474752486526631,0.508752131666208,-0.300986710514968,-0.660095533455712,-0.177318504788345
"2756",0,0.767805440878689,0.760702328338993,0.757106570942284,-2.10604397354822,-0.992685559626734,-0.416428649433891,-0.135962069060475,-0.0247411626405223,2.62883071039675,0.633017159478461,0.573225755678888,-0.763515434150662,-1.40155863315559,-0.540830462877054,-0.1555961886108,-0.0445734002443183,0.698221046055578,-1.11962895073218,1.10597881639534,0.12651926579534,-1.29347794903808,-0.768323754624455,-0.170238839733917,-0.0382639442739243,-0.759253601238671,-1.2266799353979,0.811829186517271,-0.899102191164647,-1.3031392155474,-0.650039470011399,-0.048236570436645,-0.0330109162638679,-1.28854359021482,-0.906604300011301,1.09627321067543,-1.73997671328813,-1.56276425682162,-0.831486854781667,0,-0.0930309953194633,-0.481588184154324,0.554935814565679,0.741730982610052,-1.10320005852361,-1.48080674570224,-0.797595882078731,-0.0998707974396848,-0.0692112518235939,0.558214809138742,1.43048399386859,1.19219966462977,1.16729496510292,0.802782297954812,0.853501300317375,-0.202993708003753,-0.0191459895266863,-0.303642030474405,0.227875950681732,-0.673923054752843,0.508752131666208,1.58965249581285,1.63013664028336,0.486191914741017
"2757",0,-0.346763866306412,0.760702328338993,0.927185406634268,-1.66308035067652,-0.992685559626734,-0.416428649433891,-0.0867467479756813,-0.0232776152893404,0.442201198668068,0.816387510785152,-0.667722469547314,0.711908011135486,-1.233243685196,-0.540830462877054,-0.1555961886108,-0.0445734002443183,-0.1658625288534,-0.43971084571426,-1.12999301782559,0.453222753078071,-0.34087795460418,-0.574697546273115,-0.113860786417039,-0.0382639442739243,-0.759253601238671,-1.53139249135053,-1.56081868739673,-0.10507132624598,-0.46824539751041,-0.650039470011399,-0.048236570436645,-0.0330109162638679,-0.639535815693025,-1.5043623153702,-0.996216528748704,0.950766487281889,-1.22238085187086,-0.831486854781667,0,-0.0930309953194633,-0.481588184154324,-0.984477210668762,1.05230491728436,0.79760607467327,-1.48080674570224,-0.797595882078731,-0.646202046869104,-0.0692112518235939,-0.410266899197836,0.550851699251816,1.19219966462977,-0.145293492318181,-0.209697428597592,2.06927695387398,-0.202993708003753,-0.0191459895266863,-0.303642030474405,0.828389277112268,0.93422270303842,0.112658392690295,0.902147329875462,1.19265161384234,0.185404457585446
"2758",0,-0.346763866306412,-0.743972268793493,-0.874547511474277,0.773219575117836,0.259687987618459,-0.416428649433891,-0.135962069060475,-0.0247411626405223,-0.640995384823577,0.082906105558388,0.821415400724128,-0.974290212048683,0.954850638278565,0.198268875224692,-0.1555961886108,-0.0445734002443183,-0.741918245459386,1.09010489057606,-0.119977590191666,-1.18029468333559,-0.658411286082146,1.96096887006746,-0.113860786417039,-0.0382639442739243,1.81411968551902,-0.876448421918504,-1.56081868739673,-1.53432688309958,-0.635224161117807,1.53709837680268,-0.048236570436645,-0.0330109162638679,1.21576130976901,-0.107343437741059,-1.47909877630812,-1.73997671328813,-0.456692406077762,1.46221250555829,0,-0.0930309953194633,0.527366528655686,1.01675972213601,-1.12171262543579,-1.26160056962335,0.0315828260851706,-0.569033328961901,-0.0998707974396848,-0.0692112518235939,-0.410266899197836,0.374925240328461,0.220009185649271,-0.332806129092624,0.29654243467861,-0.767532904424768,-0.227633101977989,-0.0912709356995593,-0.303642030474405,-0.97315070217934,0.245017378270736,0.235358585119382,-0.250993009191607,-0.527680489439249,-0.177318504788345
"2759",0,-0.346763866306412,-1.17387929654563,0.0578262499066152,-1.22011672780482,-0.992685559626734,-0.416428649433891,-0.135962069060475,-0.0247411626405223,-0.640995384823577,-1.13105957003518,1.06960504576937,-2.02816410153879,-1.40155863315559,-0.540830462877054,-0.1555961886108,-0.0445734002443183,-0.716375083579142,0.495635586730549,1.05837374204791,-1.18029468333559,-1.29347794903808,-0.574697546273115,-0.113860786417039,-0.0382639442739243,-0.759253601238671,0.105967682229532,-0.0355450541663019,-1.53432688309958,-1.3031392155474,-0.650039470011399,-0.048236570436645,-0.0330109162638679,-0.639535815693025,0.851769596983231,-0.191412782816345,-0.394605113003119,-1.05218914939548,-0.831486854781667,0,-0.0930309953194633,-0.145269946550987,1.47858362970634,1.0153193027007,0.00560351917457189,-1.15163831629758,0.691989781516769,-0.0998707974396848,-0.0692112518235939,-0.410266899197836,0.0230723224817513,0.414447281445371,-1.64539458651373,-1.55967039733413,2.06927695387398,3.48584559505782,-0.0191459895266863,-0.303642030474405,-1.17332181098952,-0.903658163008738,0.508752131666208,1.58965249581285,2.42146025904347,2.44807774115328
"2760",0,-0.346763866306412,-1.17387929654563,-0.641454071129054,0.330255952246136,-0.455954039378794,-0.416428649433891,-0.135962069060475,-0.0247411626405223,-0.640995384823577,-0.283834597054994,0.573225755678888,0.711908011135486,-0.728298841317257,-0.540830462877054,-0.1555961886108,-0.0445734002443183,-0.453890387156393,0.7501458380671,1.05837374204791,-1.18029468333559,-1.29347794903808,-0.574697546273115,-0.113860786417039,-0.0382639442739243,0.16454875998473,1.08838378637757,-0.543969598576446,-1.53432688309958,-1.3031392155474,-0.335191057184311,-0.048236570436645,-0.0330109162638679,0.501648206714161,1.33132611434538,-0.513334281189288,-1.06729091314562,-0.425746183947898,-0.701853220957272,0,-0.0930309953194633,0.19104829105235,1.47858362970634,1.36287885195866,0.586665152094271,1.09815083938011,-0.340470775845071,-0.0998707974396848,-0.0692112518235939,-0.410266899197836,-0.152854136441604,1.19219966462977,0.604757054779594,1.14027554013895,1.25875985150291,-0.202993708003753,-0.0191459895266863,-0.303642030474405,-1.17332181098952,-1.13339327126463,0.310705262178251,0.558394746906768,0.701128155761885,-0.177318504788345
"2761",0,-0.346763866306412,-0.0991117271652847,-2.04001471320039,-0.334189482061415,0.329171957681682,-0.416428649433891,-0.135962069060475,-0.0247411626405223,0.666935053264552,0.910194389653214,0.325036110633647,0.145254402947791,0.786535690318983,-0.540830462877054,-0.1555961886108,-0.0445734002443183,0.410193187752585,0.7501458380671,-1.12999301782559,0.12651926579534,-0.0233446231262145,-0.574697546273115,-0.113860786417039,-0.0598124768661009,-0.43758194039396,0.59717573430355,0.319126484583216,0.847765711656421,-1.3031392155474,-0.650039470011399,-0.048236570436645,-0.0330109162638679,-0.639535815693025,0.295283320618366,0.774351712302486,0.950766487281889,-1.39257255434624,-0.831486854781667,0,-0.0930309953194633,-0.481588184154324,1.01675972213601,0.897017949947205,0.00560351917457189,-0.621154217341457,-0.567957455923555,-0.0998707974396848,-0.0692112518235939,0.0739739549704533,0.902704617098525,0.0255710898531705,-0.332806129092624,0.127795813586543,-0.767532904424768,-0.202993708003753,-0.0191459895266863,-0.303642030474405,-0.240482881013462,0.245017378270736,0.904845870642121,-0.129110419030621,-0.527680489439249,-0.177318504788345
"2762",0,-0.346763866306412,-0.743972268793493,0.524013130597061,-1.88456216211237,-0.992685559626734,-0.416428649433891,-0.135962069060475,-0.0247411626405223,-0.640995384823577,0.44964680817177,0.300908094191073,0.290358455339444,-1.40155863315559,-0.649100070382664,-0.1555961886108,0.188762392482701,1.56230462096456,0.41018678555814,-0.793321208614283,0.779926240360802,-1.29347794903808,-0.574697546273115,-0.113860786417039,-0.0382639442739243,1.17077636382959,-0.22150435248648,-1.13651579126546,0.37134719270522,-1.00154643482133,-0.650039470011399,-0.048236570436645,-0.0330109162638679,-0.639535815693025,-1.2263086449194,-1.47909877630812,0.782595037246263,-1.56276425682162,-0.831486854781667,0,-0.0930309953194633,-0.481588184154324,-0.830535908145318,-0.34527778875002,0.702718198368998,-1.48080674570224,-0.797595882078731,-0.0998707974396848,-0.0692112518235939,-0.410266899197836,-0.152854136441604,0.823194647842159,1.16729496510292,0.802782297954812,1.05613057591014,-0.202993708003753,-0.0191459895266863,-0.303642030474405,-0.772979593369162,0.0152822700148413,0.112658392690295,1.24405471812277,2.17569853000325,-0.177318504788345
"2763",0,-0.346763866306412,-1.17387929654563,-1.1076409518195,0.773219575117836,-0.992685559626734,-0.416428649433891,-0.135962069060475,-0.0247411626405223,-0.640995384823577,-1.93416775881521,0.573225755678888,0.501133233237465,-1.40155863315559,-0.540830462877054,-0.1555961886108,-0.111531751188364,-0.741918245459386,-0.77966989822322,1.56338145586488,-0.690239452411488,-1.29347794903808,-0.574697546273115,-0.113860786417039,-0.0382639442739243,-0.43758194039396,0.59717573430355,0.642354338380556,-1.53432688309958,-0.301266633903012,2.35727506935795,-0.048236570436645,-0.0330109162638679,1.83419368492302,1.33132611434538,-0.0304520336298728,-1.40363381321687,0.990111280309114,2.03563734564328,0,2.99828810216341,4.22686714229239,1.47858362970634,1.36287885195866,1.27280760797249,1.27008134505226,0.57377943662225,-0.0998707974396848,-0.0692112518235939,1.52669651747532,0.0230723224817513,-0.16886700594293,1.16729496510292,0.802782297954812,0.0698425888529996,-0.202993708003753,-0.0191459895266863,-0.303642030474405,-1.17332181098952,-1.13339327126463,0.904845870642121,0.558394746906768,-0.527680489439249,-0.177318504788345
"2764",0,0.767805440878689,1.13146950561731,0.990200011287507,-0.112707670625565,0.267090698636461,-0.416428649433891,-0.135962069060475,-0.0247411626405223,2.62883071039675,0.633017159478461,-1.90867069477352,-0.552740656252641,0.954850638278565,-0.540830462877054,-0.1555961886108,-0.0445734002443183,1.32774634217253,1.09010489057606,-0.961657113219938,0.943277984002168,0.452955374090734,-0.574697546273115,-0.113860786417039,-0.0382639442739243,-0.759253601238671,-0.22150435248648,1.1507788827907,0.847765711656421,-0.749736174726416,-0.650039470011399,-0.048236570436645,-0.0887427223330369,-0.639535815693025,-0.107343437741059,1.09627321067543,-0.0582622129318667,-1.56276425682162,-0.831486854781667,0,-0.393239018730452,-0.481588184154324,1.17070102465946,0.586444015272899,1.27280760797249,-1.48080674570224,-0.797595882078731,-0.0998707974396848,-0.0692112518235939,0.558214809138742,1.43048399386859,0.698506741271539,0.41724441800515,-1.55967039733413,-0.767532904424768,-0.202993708003753,-0.0530252164939746,-0.303642030474405,1.22873149473262,0.704487594782526,-1.47171656321336,-1.1603681679367,-0.527680489439249,-0.177318504788345
"2765",0,-0.346763866306412,-0.314065241041354,0.524013130597061,-2.54900759641992,-1.31588270706383,-0.416428649433891,-0.135962069060475,-0.0247411626405223,-0.640995384823577,0.423759244971067,-1.1641017596378,-2.23893887943681,-1.40155863315559,-0.540830462877054,-0.1555961886108,-0.0445734002443183,0.122165329449593,0.58016631181262,-1.12999301782559,-1.18029468333559,-1.29347794903808,-0.574697546273115,-0.113860786417039,-0.0382639442739243,1.17077636382959,0.433439716945544,-0.882919294849875,-0.595937724955491,-1.3031392155474,-0.650039470011399,-0.048236570436645,-0.0330109162638679,1.83419368492302,1.33132611434538,1.09627321067543,0.950766487281889,0.649727875358349,-0.544774434739172,0,-0.0930309953194633,0.863684766259023,1.47858362970634,0.12058311326144,-0.944799547423866,0.706537092211517,0.57377943662225,0.0154718088131878,-0.0692112518235939,0.558214809138742,1.43048399386859,-0.0996648032988556,0.0422191444562627,0.407287668158014,0.0429841979463036,-0.202993708003753,-0.0191459895266863,-0.303642030474405,-0.172466266938626,0.704487594782526,0.310705262178251,-0.177658356663122,-0.527680489439249,-0.177318504788345
"2766",0,1.88237474806379,2.05042341159541,0.990200011287507,-0.555671293497266,-0.684480707814217,-0.416428649433891,-0.135962069060475,0.16709125331691,1.64788288183065,0.816387510785152,0.0768464655884069,1.13345756693153,-1.06492873723642,-0.540830462877054,-0.1555961886108,-0.0445734002443183,0.873431461681715,-0.0997517932053001,-0.793321208614283,1.40056972375221,-0.975944617560112,-0.574697546273115,-0.113860786417039,-0.0382639442739243,-0.43758194039396,-1.53139249135053,-0.124076855658385,1.00657188464015,-1.3031392155474,-0.650039470011399,-0.048236570436645,-0.0330109162638679,-0.639535815693025,-1.2263086449194,0.774351712302486,-0.0582622129318667,-1.56276425682162,-0.831486854781667,0,-0.0930309953194633,-0.145269946550987,0.862818419612568,1.20759188462151,-0.0196833847346681,-1.48080674570224,-0.797595882078731,-0.353008712909703,-0.0692112518235939,3.46365993414848,1.43048399386859,1.20687109274392,0.41724441800515,0.465289055770677,-0.159645077646464,-0.202993708003753,-0.0191459895266863,2.08841408503549,1.62907371235298,0.93422270303842,1.08228652341339,1.58965249581285,1.19265161384234,-0.177318504788345
"2767",0,-0.33770801043594,-0.0991117271652847,0.990200011287507,-2.32752578498407,-0.992685559626734,-0.416428649433891,-0.135962069060475,-0.0247411626405223,-0.640995384823577,0.082906105558388,-0.171343179456834,-2.23893887943681,-1.40155863315559,0.937368213326437,4.73657226410715,-0.0445734002443183,-0.741918245459386,0.7501458380671,0.0483583144139882,-1.18029468333559,-0.975944617560112,3.65141314762784,13.7352945732202,-0.0382639442739243,0.205761381295462,1.08838378637757,0.133929793970413,-1.37552071011585,0.700605947741373,2.63066730020971,-0.048236570436645,-0.0330109162638679,0.545955966560012,1.01162176943728,0.565054803202508,-0.112398095170673,1.1603029827845,0.315362825388311,0,-0.0930309953194633,-0.481588184154324,-0.830535908145318,0.586444015272899,1.27280760797249,-0.277293205997144,-0.797595882078731,-0.0998707974396848,-0.0692112518235939,-0.410266899197836,-1.38433934890509,0.608885377241471,0.0422191444562627,-1.55967039733413,-0.767532904424768,-0.202993708003753,-0.0191459895266863,-0.303642030474405,0.227875950681732,0.704487594782526,-2.06585717167723,-1.1603681679367,-0.527680489439249,-0.0573203955251075
"2768",0,0.767805440878689,0.975655842215063,0.290919690251838,-0.703575073648712,-0.992685559626734,-0.416428649433891,-0.135962069060475,-0.0247411626405223,2.62883071039675,0.935389040873368,-0.259365754876477,0.711908011135486,-1.40155863315559,-0.540830462877054,-0.1555961886108,-0.0445734002443183,0.698221046055578,-0.9496494244777,-0.793321208614283,1.2699814712849,-1.10865398310518,-0.574697546273115,-0.113860786417039,-0.0382639442739243,-0.759253601238671,-1.53139249135053,-0.374494750439731,0.0537348467377536,-1.3031392155474,-0.650039470011399,-0.048236570436645,-0.0539306280597664,-0.639535815693025,-0.906604300011301,0.935312461488958,-1.06729091314562,-1.64236929815645,-0.831486854781667,0,-0.0930309953194633,-0.481588184154324,-0.0608293955280974,1.20759188462151,-1.26160056962335,-1.48080674570224,-0.797595882078731,-0.0998707974396848,-0.0692112518235939,0.0739739549704533,1.43048399386859,0.608885377241471,0.41724441800515,0.634035676862745,1.66401840268845,-0.00790676108211261,-0.0721480760967669,-0.303642030474405,1.82924482116316,0.0152822700148413,0.112658392690295,0.558394746906768,0.455366426721658,-0.177318504788345
"2769",0,2.99694405524889,1.4055628699672,0.0578262499066152,-1.88456216211237,-0.992685559626734,-0.416428649433891,-0.135962069060475,-0.0247411626405223,0.453230884747299,-0.100464245748303,-0.171343179456834,-0.34196587835462,-1.40155863315559,-0.540830462877054,-0.1555961886108,-0.0445734002443183,-0.741918245459386,-1.28960847698666,1.22670964665357,-0.526887708770123,-1.29347794903808,-0.574697546273115,-0.113860786417039,-0.0382639442739243,-0.759253601238671,0.433439716945544,-0.103170913586563,-1.37552071011585,-1.3031392155474,-0.650039470011399,-0.049335153206293,-0.0330109162638679,-0.317992396608533,-0.671185046982812,0.0325776074090737,0.782595037246263,-1.05218914939548,-0.831486854781667,0,-0.0930309953194633,-0.481588184154324,-0.984477210668762,-1.12171262543579,-0.152796991925168,0.926220333707951,-0.569033328961901,-0.0998707974396848,-0.0692112518235939,0.558214809138742,-0.680633513211668,-1.14105748492343,-0.636104112658094,0.29654243467861,0.650872024724607,-0.0771991473701325,-0.0530252164939746,4.85864643097778,1.22873149473262,0.0152822700148413,0.508752131666208,1.58965249581285,1.43841334288257,-0.177318504788345
"2770",0,-0.346763866306412,-1.17387929654563,-1.57382783250995,0.994701386553687,-0.634864546128108,-0.416428649433891,-0.135962069060475,-0.0247411626405223,-0.640995384823577,-1.93416775881521,0.0768464655884069,0.711908011135486,-1.40155863315559,-0.540830462877054,-0.1555961886108,-0.111531751188364,-0.741918245459386,-0.9496494244777,1.42868491157858,-0.363535965128757,-1.57204450453742,-0.574697546273115,-0.113860786417039,-0.0382639442739243,-0.43758194039396,0.433439716945544,0.472879490243842,-1.71333029956956,-0.635224161117807,0.990313915099158,-0.048236570436645,-0.0330109162638679,1.83419368492302,1.33132611434538,-0.996216528748704,-0.999171400806625,1.1603029827845,2.03563734564328,0,6.08960719964629,4.89950361749906,1.47858362970634,1.36287885195866,1.11440709687275,1.27008134505226,-0.340470775845071,-0.0998707974396848,3.74986562380231,1.52669651747532,-0.152854136441604,0.220009185649271,1.16729496510292,0.29654243467861,-0.767532904424768,-0.202993708003753,-0.0191459895266863,-0.303642030474405,-1.17332181098952,-1.13339327126463,0.904845870642121,-0.472863001999315,-0.527680489439249,-0.177318504788345
"2771",0,0.767805440878689,1.10210405909104,0.290919690251838,-0.555671293497266,-0.0981330258801679,-0.683900094602589,-0.135962069060475,-0.0247411626405223,0.993917662786584,0.999757862091843,-0.171343179456834,0.922682789033507,1.29148053419773,-0.540830462877054,-0.1555961886108,0.0386153206471683,0.410193187752585,1.09010489057606,-0.28831349479732,0.644909272395193,1.24678870278565,0.552265305433806,-0.113860786417039,-0.0382639442739243,-0.115910279549249,0.59717573430355,1.1507788827907,1.00657188464015,1.36852100217096,0.716921684247398,-0.048236570436645,-0.0330109162638679,-0.639535815693025,-1.2263086449194,-0.996216528748704,-1.06729091314562,0.990111280309114,0.8887876654733,0,-0.0930309953194633,-0.481588184154324,-0.984477210668762,-1.12171262543579,-1.10320005852361,0.635868652971507,0.57377943662225,-0.0998707974396848,-0.0692112518235939,-0.152925307355408,0.550851699251816,-0.327757561349488,0.41724441800515,0.924376573931252,-0.362274353239232,-0.409375705290795,-0.0191459895266863,-0.303642030474405,1.02856038592245,0.93422270303842,0.508752131666208,0.214642163938074,-0.527680489439249,-0.177318504788345
"2772",0,-0.346763866306412,0.115841786710785,-0.874547511474277,-0.112707670625565,1.69097204161296,-0.416428649433891,-0.135962069060475,-0.0247411626405223,-0.640995384823577,0.816387510785152,0.834790246619117,1.13345756693153,0.281590846440236,-0.540830462877054,-0.1555961886108,-0.0445734002443183,-0.741918245459386,0.92012536432158,0.89003783744226,0.626019528137611,-1.29347794903808,-0.574697546273115,-0.113860786417039,-0.0382639442739243,-0.43011260049986,-0.385240369844486,0.981304034653986,0.784902630452384,-1.3031392155474,-0.650039470011399,-0.048236570436645,-0.0330109162638679,-0.639535815693025,-1.2263086449194,-0.196820624967294,0.278080687139385,-1.56276425682162,-0.831486854781667,0,-0.0930309953194633,-0.533137264009122,-0.984477210668762,-0.500564756087173,1.11440709687275,-1.48080674570224,-0.797595882078731,-0.0998707974396848,-0.0692112518235939,-0.719391908722167,-1.38433934890509,0.220009185649271,0.229731781230706,-1.30548738042675,-0.767532904424768,-0.202993708003753,-0.0191459895266863,-0.303642030474405,0.828389277112268,0.93422270303842,-1.07562282423745,-1.1603681679367,-0.527680489439249,-0.0942559617396482
"2773",0,-0.346763866306412,-0.314065241041354,0.541827018018036,-0.555671293497266,-0.992685559626734,-0.404331354132574,-0.135962069060475,-0.0247411626405223,0.666935053264552,0.44964680817177,-1.1641017596378,0.922682789033507,-0.728298841317257,-0.540830462877054,-0.1555961886108,-0.0445734002443183,1.27427676266156,0.24020725930366,-0.67362798445368,0.12651926579534,0.294188708351751,-0.574697546273115,-0.139961340384307,-0.0286402707100998,-0.115910279549249,1.08838378637757,1.1507788827907,1.00657188464015,-0.134287870295615,-0.650039470011399,-0.048236570436645,-0.0330109162638679,-0.639535815693025,-0.267195610195108,1.09627321067543,0.950766487281889,-0.180739717884602,-0.258062014696678,0,-0.0930309953194633,-0.481588184154324,0.247053209518791,0.586444015272899,-1.10320005852361,-0.4492237116693,1.03090454285591,-0.0998707974396848,-0.298512581928184,-0.410266899197836,0.0230723224817513,0.374690196899901,-0.332806129092624,0.634035676862745,0.44824274913184,-0.202993708003753,-0.115134277125818,-0.303642030474405,-0.20986803471135,0.93422270303842,0.310705262178251,0.214642163938074,-0.155946768589294,-0.177318504788345
"2774",0,-0.346763866306412,-1.17387929654563,-0.874547511474277,-0.308456549947059,-0.634864546128108,-0.416428649433891,-0.135962069060475,-0.0247411626405223,-0.640995384823577,-0.283834597054994,0.821415400724128,-0.552740656252641,0.34426822522386,-0.540830462877054,-0.1555961886108,-0.0445734002443183,0.242101864152868,1.09010489057606,-0.624985304008629,-1.18029468333559,0.611722039829717,-0.0112161204196545,-0.113860786417039,-0.0382639442739243,0.849104702984884,0.59717573430355,-1.56081868739673,-1.53432688309958,-0.46824539751041,1.26370614595092,-0.048236570436645,-0.0330109162638679,1.83419368492302,0.372213079621086,-1.47909877630812,-1.73997671328813,-0.881997446920094,1.55901400454496,0,-0.0930309953194633,-0.481588184154324,1.47858362970634,-1.12171262543579,-1.26160056962335,-0.016455820502291,1.94515475532323,-0.0998707974396848,-0.0692112518235939,-0.410266899197836,0.550851699251816,-0.16886700594293,-1.0828566761904,0.802782297954812,0.44824274913184,-0.202993708003753,-0.0191459895266863,-0.303642030474405,-1.17332181098952,-0.444187946496948,0.310705262178251,0.386518455422421,-0.281918760399022,-0.177318504788345
"2775",0,-0.346763866306412,-0.436394182839609,0.757106570942284,0.551737763681986,-0.455954039378794,-0.416428649433891,-0.135962069060475,-0.0247411626405223,-0.640995384823577,0.44964680817177,-0.915912114592555,-1.81738932364077,0.449905794399818,-0.540830462877054,-0.1555961886108,-0.0445734002443183,0.0253211423302967,1.09010489057606,0.0483583144139882,-1.18029468333559,0.294188708351751,-0.292956833346385,-0.113860786417039,-0.0382639442739243,0.527433042140173,0.760911751661556,-1.56081868739673,-1.53432688309958,-0.134287870295615,0.716921684247398,-0.048236570436645,-0.0330109162638679,-0.0211034405390152,0.691917424529183,-1.47909877630812,-1.73997671328813,-0.711805744444711,1.17550008551579,0,-0.0930309953194633,0.19104829105235,1.01675972213601,-1.12171262543579,-1.26160056962335,0.238498311019326,0.34521688350542,0.0873648743478135,-0.0692112518235939,-0.410266899197836,0.902704617098525,-1.33549558071953,-0.707831402641512,0.802782297954812,-0.564903628832,-0.202993708003753,-0.0191459895266863,-0.303642030474405,-0.572808484558983,0.704487594782526,0.508752131666208,-0.472863001999315,-0.527680489439249,-0.177318504788345
"2776",0,-0.377817923524123,0.115841786710785,0.990200011287507,-0.112707670625565,-0.992685559626734,-0.416428649433891,-0.135962069060475,-0.0247411626405223,-0.314012775301545,0.999757862091843,-2.405049984864,0.290358455339444,0.113275898480654,-0.540830462877054,-0.1555961886108,-0.0445734002443183,0.410193187752585,0.92012536432158,-0.28831349479732,0.943277984002168,0.294188708351751,-0.574697546273115,-0.113860786417039,-0.0382639442739243,-0.759253601238671,-0.057768335128474,0.133929793970413,-0.10507132624598,1.20154223856357,0.276818069085215,-0.048236570436645,-0.0330109162638679,-0.639535815693025,-1.07497308018781,-1.47909877630812,-1.73997671328813,0.309344470407584,0.602075245430805,0,-0.0930309953194633,-0.481588184154324,-0.984477210668762,-1.12171262543579,-1.26160056962335,-0.277293205997144,0.80234198973908,-0.0998707974396848,-0.0692112518235939,1.04245566330703,0.198998781405106,-1.72437177231173,-1.83290722328817,-0.209697428597592,0.0429841979463036,-0.202993708003753,-0.0191459895266863,-0.143633468987964,0.227875950681732,0.761073881077086,0.904845870642121,0.902147329875462,-0.281918760399022,-0.177318504788345
"2777",0,-0.346763866306412,-1.17387929654563,-0.175267190438608,-0.112707670625565,-0.992685559626734,0.509894352428258,-0.135962069060475,-0.0247411626405223,-0.640995384823577,-1.38405670489514,1.06960504576937,-0.763515434150662,-0.0550390494789284,2.16920044349601,-0.1555961886108,-0.0445734002443183,-0.741918245459386,0.7501458380671,1.22670964665357,-1.18029468333559,1.24678870278565,2.80619100884765,-0.113860786417039,-0.0382639442739243,1.49244802467431,1.08838378637757,-0.0535394057928139,-0.10507132624598,1.36852100217096,1.81049060765444,-0.048236570436645,-0.0330109162638679,1.83419368492302,1.33132611434538,1.09627321067543,0.950766487281889,1.1603029827845,2.32234976568577,0,-0.0930309953194633,-0.145269946550987,-0.368712000574986,0.431157047935746,1.27280760797249,-0.105362700324987,-0.797595882078731,-0.0998707974396848,-0.0692112518235939,-0.410266899197836,-1.38433934890509,-0.16886700594293,0.979782328328481,-1.55967039733413,-0.767532904424768,-0.202993708003753,-0.0191459895266863,-0.303642030474405,-1.15271183982926,-0.673923054752843,-0.0853884767976621,-1.1603681679367,-0.527680489439249,0.0322417291921436
"2778",0,-0.346763866306412,0.330795300586854,0.241680533530964,-0.334189482061415,-0.634864546128108,-0.416428649433891,-0.135962069060475,-0.064995348517452,-0.640995384823577,0.266276456865079,1.06960504576937,1.13345756693153,-0.453050424012317,-0.540830462877054,-0.1555961886108,-0.0445734002443183,-0.741918245459386,-0.285167784046638,1.56338145586488,1.27398684746934,-0.658411286082146,-0.574697546273115,-0.113860786417039,-0.0382639442739243,-0.759253601238671,-0.876448421918504,1.1507788827907,0.925039218807958,-0.46824539751041,-0.650039470011399,-0.048236570436645,-0.0330109162638679,-0.639535815693025,-1.06645647246535,0.935312461488958,0.950766487281889,-0.371422339493946,-0.831486854781667,0,-0.156245480495942,-0.481588184154324,-0.368712000574986,1.36287885195866,1.27280760797249,0.582359322363638,-0.797595882078731,-0.0998707974396848,-0.0692112518235939,-0.410266899197836,0.198998781405106,1.19219966462977,1.16729496510292,0.465289055770677,-0.767532904424768,-0.202993708003753,-0.0191459895266863,-0.303642030474405,0.027704841871553,0.0152822700148413,0.112658392690295,0.730271038391115,-0.527680489439249,-0.177318504788345
"2779",0,-0.346763866306412,1.19060935609113,0.290919690251838,-0.777153104933116,-0.992685559626734,-0.416428649433891,-0.135962069060475,0.100780795649949,0.993917662786584,0.999757862091843,-0.171343179456834,1.13345756693153,1.29148053419773,0.937368213326437,-0.1555961886108,-0.0445734002443183,1.27427676266156,1.09010489057606,-0.961657113219938,0.289871009436705,1.08802203704667,0.270524592507076,-0.113860786417039,-0.0382639442739243,-0.43758194039396,0.59717573430355,0.811829186517271,0.530153365688954,1.03456347495617,-0.650039470011399,-0.048236570436645,-0.0677629935268027,-0.639535815693025,-0.586899955103205,1.09627321067543,0.950766487281889,-0.711805744444711,-0.831486854781667,0,-0.0930309953194633,0.354604270291868,1.17070102465946,0.431157047935746,0.0232395412662798,0.238498311019326,-0.797595882078731,-0.0998707974396848,-0.126887893090277,0.482957405760212,1.43048399386859,-0.75218129333123,0.0422191444562627,0.465289055770677,-0.767532904424768,-0.202993708003753,-0.0191459895266863,0.728815661816031,1.02856038592245,0.93422270303842,0.706799001154165,-0.300986710514968,-0.527680489439249,-0.177318504788345
"2780",0,-0.265156088780706,-1.17387929654563,0.290919690251838,0.773219575117836,-0.634864546128108,-0.416428649433891,-0.135962069060475,-0.0247411626405223,-0.640995384823577,-1.20068635358845,1.06960504576937,0.711908011135486,-1.233243685196,-0.540830462877054,-0.1555961886108,-0.0445734002443183,-0.741918245459386,0.92012536432158,1.56338145586488,0.616574496719437,-1.29347794903808,-0.574697546273115,-0.113860786417039,-0.0382639442739243,1.17077636382959,-0.057768335128474,1.1507788827907,0.688959538672687,-1.3031392155474,-0.650039470011399,-0.048236570436645,-0.0330109162638679,-0.639535815693025,-1.2263086449194,0.130508715556599,0.782595037246263,-1.06928433390679,-0.831486854781667,0,-0.0930309953194633,-0.481588184154324,-0.984477210668762,-0.189990821412867,1.27280760797249,-0.793084723013613,-0.797595882078731,-0.0998707974396848,-0.0692112518235939,-0.410266899197836,-1.38433934890509,-1.72437177231173,1.16729496510292,0.29654243467861,-0.767532904424768,-0.202993708003753,-0.0191459895266863,-0.303642030474405,-1.17332181098952,0.704487594782526,0.904845870642121,-0.244150781439108,-0.527680489439249,-0.177318504788345
"2781",0,-0.346763866306412,-0.743972268793493,0.757106570942284,-2.54900759641992,-0.992685559626734,-0.416428649433891,-0.135962069060475,-0.0247411626405223,-0.640995384823577,-0.467204948361685,0.573225755678888,-2.23893887943681,-1.40155863315559,-0.540830462877054,-0.1555961886108,-0.0445734002443183,-0.741918245459386,0.41018678555814,0.216694219019643,-1.18029468333559,-1.29347794903808,-0.574697546273115,-0.113860786417039,-0.0382639442739243,-0.115910279549249,1.08838378637757,-0.71344444671316,-1.53432688309958,-1.3031392155474,-0.650039470011399,-0.048236570436645,-0.0330109162638679,1.22286406222639,1.33132611434538,-0.191412782816345,-0.394605113003119,-1.39257255434624,-0.831486854781667,0,0.490842999319559,2.20895771667237,1.47858362970634,0.536289877067258,1.27280760797249,0.926220333707951,-0.797595882078731,-0.0998707974396848,-0.0692112518235939,1.04245566330703,1.25455753494524,0.0255710898531705,-0.707831402641512,1.14027554013895,0.44824274913184,-0.130247595357046,-0.0191459895266863,-0.303642030474405,-0.372637375748804,-0.214452838241053,0.904845870642121,0.923772317566995,-0.281918760399022,-0.177318504788345
"2782",0,-0.346763866306412,-0.958925782669563,0.524013130597061,0.330255952246136,-0.813775052877421,-0.416428649433891,-0.135962069060475,-0.0247411626405223,-0.640995384823577,0.266276456865079,1.06960504576937,1.13345756693153,0.618220742359401,-0.540830462877054,-0.1555961886108,-0.0445734002443183,-0.453890387156393,0.24020725930366,1.22670964665357,0.616574496719437,1.24678870278565,0.834006018360537,-0.113860786417039,-0.0177637689065176,-0.679386948150905,-0.22150435248648,1.1507788827907,-1.21671453713211,0.032690893311783,1.23612944303223,-0.048236570436645,-0.0330109162638679,-0.639535815693025,-0.427047782649156,0.774351712302486,-1.73997671328813,-0.201230637018563,1.17550008551579,0,-0.0930309953194633,-0.481588184154324,0.449894331266039,0.0343871513625432,-1.26160056962335,1.09815083938011,-0.111908222728241,-0.0998707974396848,-0.0692112518235939,-0.410266899197836,-0.152854136441604,0.803323473037571,0.494082020813481,0.29654243467861,-0.767532904424768,-0.202993708003753,-0.0191459895266863,-0.303642030474405,-0.772979593369162,0.93422270303842,0.310705262178251,-0.816615584968009,-0.527680489439249,-0.177318504788345
"2783",0,-0.346763866306412,1.62051638384327,0.290919690251838,0.330255952246136,0.438598494367772,0.0638668100621931,-0.135962069060475,-0.0247411626405223,-0.640995384823577,-0.336998493537896,-0.915912114592555,1.13345756693153,-0.559983893357675,-0.540830462877054,-0.1555961886108,-0.0445734002443183,-0.741918245459386,-1.62956752949562,-0.793321208614283,1.43333321492626,-1.13471128329909,-0.574697546273115,-0.113860786417039,-0.0598124768661009,-0.43758194039396,-1.04018443927651,-0.0355450541663019,0.688959538672687,-0.46824539751041,0.176109217080071,-0.048236570436645,-0.0330109162638679,0.684195510742515,1.33132611434538,1.09627321067543,0.950766487281889,0.990111280309114,0.8887876654733,0,-0.0930309953194633,0.527366528655686,0.708877117089123,1.20759188462151,-0.786399036324126,-1.48080674570224,-0.797595882078731,-0.157321379324217,-0.0692112518235939,-0.410266899197836,0.374925240328461,-0.16886700594293,-1.83290722328817,-1.55967039733413,-0.767532904424768,-0.202993708003753,-0.0191459895266863,-0.303642030474405,1.4289026035428,-1.82259859603232,-2.26390404116519,-1.1603681679367,-0.527680489439249,-0.177318504788345
"2784",0,-0.346763866306412,-1.17387929654563,-2.27310815354561,0.773219575117836,0.0807774808691453,-0.416428649433891,-0.135962069060475,-0.0247411626405223,-0.640995384823577,-1.93416775881521,0.325036110633647,0.922682789033507,-0.821181046902783,-0.540830462877054,-0.1555961886108,-0.0445734002443183,-0.741918245459386,-0.267379887617118,1.56338145586488,-0.526887708770123,-0.975944617560112,-0.292956833346385,-0.113860786417039,-0.0382639442739243,0.527433042140173,1.08838378637757,-0.0355450541663019,-1.21671453713211,0.561905034168178,2.35727506935795,-0.048236570436645,-0.0330109162638679,2.45262606007703,1.17147394189133,-0.67429503037576,0.446252137175011,1.1603029827845,0.315362825388311,0,-0.0930309953194633,4.56318537989573,1.47858362970634,1.36287885195866,1.27280760797249,0.926220333707951,-0.797595882078731,-0.106164230963328,-0.0692112518235939,3.94790078831677,0.726778158175171,-0.36330510173903,1.16729496510292,-0.209697428597592,-0.767532904424768,-0.202993708003753,-0.0191459895266863,0.143352126620966,-1.17332181098952,-2.28206881254411,0.706799001154165,-0.644739293483662,-0.527680489439249,-0.177318504788345
"2785",0,-0.346763866306412,-0.529018754917424,0.990200011287507,-0.255758345135133,-0.992685559626734,-0.416428649433891,-0.135962069060475,-0.0247411626405223,-0.640995384823577,-1.01731600228176,1.06960504576937,0.567035018375855,-1.40155863315559,-0.540830462877054,-0.1555961886108,-0.0445734002443183,-0.453890387156393,0.24020725930366,1.56338145586488,1.2699814712849,-1.29347794903808,-0.685489834055584,-0.113860786417039,0.00253193544590119,0.205761381295462,0.924647769019562,1.1507788827907,0.847765711656421,-1.3031392155474,-0.650039470011399,-0.048236570436645,-0.0330109162638679,-0.639535815693025,-0.906604300011301,1.09627321067543,1.08974786175023,-1.56276425682162,-1.27440962509737,0,-0.0930309953194633,-0.481588184154324,-0.984477210668762,1.20759188462151,1.27280760797249,-1.20426640266174,-0.797595882078731,-0.0998707974396848,-0.0692112518235939,-0.410266899197836,-1.20841288998173,1.19219966462977,1.16729496510292,-1.22217715515,-0.767532904424768,-0.167963181941024,-0.0191459895266863,-0.303642030474405,-0.97315070217934,-0.214452838241053,0.508752131666208,-0.300986710514968,-0.527680489439249,-0.177318504788345
"2786",0,-0.346763866306412,-0.314065241041354,0.290919690251838,-0.112707670625565,-0.992685559626734,-0.416428649433891,0.0402368501522875,-0.0247411626405223,-0.640995384823577,-1.75079740750852,0.325036110633647,1.13345756693153,-0.223353997438511,-0.540830462877054,-0.1555961886108,-0.0445734002443183,-0.741918245459386,-1.62956752949562,-1.12999301782559,1.10662972764353,0.454278193974014,-0.574697546273115,-0.119417664758313,-0.0382639442739243,-0.759253601238671,-1.36765647399252,-0.543969598576446,1.00657188464015,0.434779644358827,0.716921684247398,-0.048236570436645,-0.0330109162638679,-0.33031962811602,0.851769596983231,1.09627321067543,0.950766487281889,0.139152767932202,0.0286504053458163,0,-0.0930309953194633,0.19104829105235,0.247053209518791,0.897017949947205,0.322404541374051,-1.48080674570224,-0.797595882078731,-0.0998707974396848,-0.0692112518235939,-0.410266899197836,-1.20841288998173,1.19219966462977,-1.45788194973929,-1.55967039733413,-0.767532904424768,-0.202993708003753,-0.0191459895266863,-0.303642030474405,-0.372637375748804,0.245017378270736,-2.06585717167723,-1.1603681679367,-0.527680489439249,-0.177318504788345
"2787",0,-0.346763866306412,-1.26082654803706,-2.73929503423606,0.551737763681986,0.617509001117085,-0.416428649433891,-0.135962069060475,-0.0247411626405223,-0.640995384823577,-1.93416775881521,-0.915912114592555,0.922682789033507,-0.89661378927684,1.18373465936035,5.19979695794381,-0.111531751188364,-0.741918245459386,-0.60969037196874,1.39504555125922,-0.526887708770123,-0.499644620343163,3.93315386055457,13.7352945732202,-0.0382639442739243,0.849104702984884,1.08838378637757,-0.71344444671316,-1.53432688309958,0.867584711348771,3.17745176191323,-0.048236570436645,-0.0330109162638679,2.76184224765403,1.33132611434538,0.452430213929543,0.278080687139385,1.1603029827845,1.04342081961941,0,-0.0930309953194633,1.5363212414657,0.400994512042235,-0.261535391987648,0.63920556357353,1.09815083938011,-0.340470775845071,-0.0998707974396848,-0.0692112518235939,-0.410266899197836,-1.38433934890509,-1.91880986810783,0.0422191444562627,0.802782297954812,-0.767532904424768,-0.202993708003753,-0.0191459895266863,-0.303642030474405,-1.17332181098952,-2.7415390290559,0.253806584381377,0.0427658724537265,-0.527680489439249,-0.177318504788345
"2788",0,0.767805440878689,0.545748814462924,-0.621938803215882,0.265923677409553,1.69097204161296,1.34347430278246,-0.135962069060475,0.13393602448343,1.32090027230862,0.999757862091843,-0.171343179456834,-0.763515434150662,-0.559983893357675,-0.0480975708092236,-0.242314956784321,-0.0445734002443183,0.122165329449593,1.09010489057606,0.216694219019643,-1.18029468333559,-1.29347794903808,-0.574697546273115,-0.113860786417039,-0.0382639442739243,-0.115910279549249,1.08838378637757,1.1507788827907,0.0537348467377536,-1.10138967016364,-0.650039470011399,-0.048236570436645,-0.0330109162638679,-0.639535815693025,-1.06645647246535,-0.996216528748704,0.446252137175011,-1.22238085187086,-0.831486854781667,0,-0.0930309953194633,-0.481588184154324,-0.984477210668762,-1.12171262543579,0.164004030274312,-0.793084723013613,-0.797595882078731,-0.0998707974396848,-0.0692112518235939,-0.410266899197836,-0.437847459703293,-0.168937813257894,0.792269691554037,-1.39092377624206,-0.767532904424768,-0.202993708003753,-0.0191459895266863,0.459337225796262,1.02856038592245,-0.673923054752843,-1.86781030218927,-1.1603681679367,-0.527680489439249,-0.177318504788345
"2789",0,-0.346763866306412,1.62051638384327,0.290919690251838,0.108774140810285,1.15424052136502,0.17020566797156,-0.135962069060475,-0.0247411626405223,-0.640995384823577,0.633017159478461,1.06960504576937,1.13345756693153,0.954850638278565,0.198268875224692,-0.1555961886108,-0.0445734002443183,-0.741918245459386,0.0702277330491799,0.0392364325804504,-0.363535965128757,-1.29347794903808,-0.574697546273115,-0.113860786417039,-0.0909846830221019,-0.759253601238671,-1.36765647399252,0.133929793970413,0.688959538672687,-1.13616045194,-1.01241496531858,-0.048236570436645,-0.0330109162638679,-0.639535815693025,-1.2263086449194,0.281212093284947,0.950766487281889,-0.881997446920094,-0.999982874659355,0,-0.0930309953194633,-0.481588184154324,-0.984477210668762,-0.341254002214881,0.63920556357353,-0.105362700324987,-0.797595882078731,-0.0998707974396848,-0.0692112518235939,-0.410266899197836,0.0779306793227427,-0.75218129333123,0.979782328328481,-0.715937291873794,-0.767532904424768,-0.2223462370482,-0.0191459895266863,0.728815661816031,1.82924482116316,0.93422270303842,0.706799001154165,-0.988491876452356,-0.527680489439249,-0.177318504788345
"2790",0,-0.346763866306412,-1.17387929654563,-1.34073439216472,-0.112707670625565,-0.813775052877421,-0.416428649433891,-0.135962069060475,-0.0247411626405223,-0.640995384823577,-1.01731600228176,0.821415400724128,0.0795836774414227,-1.233243685196,-0.540830462877054,-0.1555961886108,-0.0445734002443183,-0.741918245459386,-0.0997517932053001,0.89003783744226,-1.18029468333559,-1.29347794903808,-0.574697546273115,-0.112511808091251,-0.0382639442739243,-0.759253601238671,0.59717573430355,-0.882919294849875,-1.53432688309958,-1.3031392155474,-0.650039470011399,-0.048236570436645,-0.0330109162638679,-0.639535815693025,1.01162176943728,-0.996216528748704,-1.23546236318125,-1.56276425682162,-0.831486854781667,0,-0.0930309953194633,-0.481588184154324,0.708877117089123,0.837050266850769,1.27280760797249,-0.23205835054115,0.116654330388589,-0.0998707974396848,-0.0692112518235939,-0.410266899197836,-0.504707054288313,1.19219966462977,0.229731781230706,0.802782297954812,1.86664767828122,-0.202993708003753,-0.0912709356995593,-0.303642030474405,-1.17332181098952,-1.82259859603232,-0.481482215773575,1.24589991284416,2.6672219880837,-0.177318504788345
"2791",0,-0.346763866306412,-0.743972268793493,-0.408360630783831,0.108774140810285,-0.813775052877421,-0.416428649433891,-0.135962069060475,-0.0247411626405223,0.0511180504646616,-0.100464245748303,0.821415400724128,0.711908011135486,-0.0550390494789284,-0.540830462877054,-0.1555961886108,-0.0445734002443183,0.986248904358571,1.09010489057606,0.0483583144139882,0.12651926579534,-0.0233446231262145,-0.574697546273115,-0.113860786417039,-0.0382639442739243,0.849104702984884,1.08838378637757,0.66773061741544,0.740185625864725,0.366648420526578,-0.650039470011399,-0.048236570436645,-0.0330109162638679,-0.639535815693025,0.0525087347129891,1.09627321067543,0.950766487281889,1.1603029827845,-0.0746039844805026,0,-0.0930309953194633,-0.481588184154324,0.381259281884586,1.05230491728436,-1.10320005852361,0.754289828035795,0.57377943662225,-0.0998707974396848,-0.0692112518235939,-0.410266899197836,0.726778158175171,0.951346278013936,-0.520318765867068,0.802782297954812,0.0429841979463036,-0.202993708003753,-0.0191459895266863,-0.303642030474405,-0.372637375748804,0.474752486526631,0.112658392690295,0.188308842810055,-0.0361570313587953,-0.177318504788345
"2792",0,-0.346763866306412,-0.743972268793493,-0.175267190438608,0.330255952246136,-0.668723544880971,-0.416428649433891,-0.135962069060475,-0.0247411626405223,-0.640995384823577,0.082906105558388,0.821415400724128,-0.552740656252641,-1.233243685196,-0.540830462877054,-0.1555961886108,-0.0445734002443183,-0.453890387156393,1.09010489057606,-0.28831349479732,-1.18029468333559,-1.29347794903808,-0.574697546273115,-0.113860786417039,-0.0382639442739243,0.527433042140173,0.924647769019562,-0.586777693069989,-1.53432688309958,-1.08750331952266,-0.650039470011399,-0.048236570436645,-0.0330109162638679,0.28811274703799,1.33132611434538,0.130508715556599,0.0769089557118352,0.139152767932202,-0.258062014696678,0,-0.0930309953194633,0.19104829105235,1.75937090333879,1.20759188462151,0.480805052473791,0.359639534776047,2.40227986155689,-0.0998707974396848,0.0565975749930408,0.214262345576996,1.07863107602188,0.414447281445371,-0.520318765867068,0.29654243467861,2.47453550505952,2.25623249403729,-0.0191459895266863,-0.303642030474405,-0.572808484558983,-0.214452838241053,1.08410273370998,1.24589991284416,0.946889884802112,0.636131978528259
"2793",0,-0.346763866306412,-0.958925782669563,0.290919690251838,0.994701386553687,0.0807774808691453,-0.416428649433891,-0.135962069060475,-0.0247411626405223,1.54009656006678,0.633017159478461,1.06960504576937,1.13345756693153,-0.223353997438511,-0.540830462877054,-0.1555961886108,14.3709886317125,3.29047177078251,1.09010489057606,1.56338145586488,1.43333321492626,-0.975944617560112,-0.574697546273115,-0.113860786417039,-0.0382639442739243,0.535001714242838,-0.712712404560498,1.1507788827907,1.00657188464015,-0.969181688332602,-0.530651274139262,-0.048236570436645,-0.0539306280597664,-0.639535815693025,-0.906604300011301,1.09627321067543,0.950766487281889,-1.22238085187086,-0.831486854781667,0,-0.0930309953194633,-0.481588184154324,-0.984477210668762,1.36287885195866,1.27280760797249,-1.30887624003008,-0.797595882078731,-0.0998707974396848,0.194769258876232,-0.410266899197836,-1.38433934890509,0.803323473037571,1.16729496510292,-1.22217715515,-0.767532904424768,-0.202993708003753,-0.0191459895266863,-0.485478604866401,-1.17332181098952,0.245017378270736,0.904845870642121,-0.988491876452356,-0.527680489439249,-0.177318504788345
"2794",0,0.767805440878689,0.330795300586854,-0.175267190438608,0.773219575117836,0.975330014615711,-0.123111490731166,-0.135962069060475,0.0676255668164689,0.666935053264552,-0.283834597054994,-1.77547575148567,-2.23893887943681,1.23966624423234,0.691001767292522,-0.1555961886108,-0.0152492710856271,-0.104619632274497,-1.62956752949562,-1.12999301782559,0.289871009436705,1.08802203704667,-0.292956833346385,-0.113860786417039,-0.0382639442739243,-0.759253601238671,-0.876448421918504,-0.232527064999754,0.212541019721487,-0.802202924725205,-0.650039470011399,-0.048236570436645,-0.0330109162638679,-0.712172649590108,-1.0663386863799,-0.73913431882301,-0.394605113003119,-1.22238085187086,-0.831486854781667,0,-0.0930309953194633,-0.481588184154324,-0.984477210668762,-0.811138690761479,-0.152796991925168,1.27008134505226,0.57377943662225,-0.0998707974396848,-0.0692112518235939,-0.410266899197836,-1.38433934890509,-0.75218129333123,-0.145293492318181,1.14027554013895,0.245613473539072,-0.202993708003753,-0.0191459895266863,-0.303642030474405,1.4289026035428,0.0152822700148413,-0.877575954749489,-0.0794989032757769,-0.527680489439249,-0.177318504788345
"2795",0,-0.346763866306412,-0.0991117271652847,0.990200011287507,0.994701386553687,0.259687987618459,-0.416428649433891,-0.135962069060475,-0.0247411626405223,-0.640995384823577,-0.833945650975067,0.821415400724128,-0.552740656252641,1.12316558623815,0.391313278454617,-0.1555961886108,-0.0445734002443183,-0.741918245459386,-0.870646386779818,-1.12999301782559,-1.18029468333559,1.46786908176129,1.11574673128727,-0.113860786417039,-0.0382639442739243,-0.759253601238671,-1.53139249135053,-1.39134383926002,0.231748293606299,1.36852100217096,0.0791468768444535,-0.048236570436645,-0.0539306280597664,-0.639535815693025,-1.2263086449194,0.130508715556599,0.950766487281889,-0.201230637018563,-0.831486854781667,0,-0.0930309953194633,-0.481588184154324,-0.368712000574986,-0.966425658098632,0.79760607467327,0.754289828035795,-0.66835806912352,-0.0998707974396848,-0.0692112518235939,1.04245566330703,1.25455753494524,-0.94661938912733,-0.520318765867068,0.627395639760544,-0.767532904424768,-0.202993708003753,-0.0191459895266863,-0.303642030474405,-0.772979593369162,0.704487594782526,0.904845870642121,1.07402362135981,-0.281918760399022,-0.177318504788345
"2796",0,0.0318822447633871,0.545748814462924,0.990200011287507,0.994701386553687,1.15424052136502,-0.416428649433891,-0.135962069060475,-0.0247411626405223,1.64788288183065,0.816387510785152,-0.667722469547314,0.711908011135486,1.12316558623815,-0.540830462877054,-0.1555961886108,-0.0445734002443183,0.226825159295253,-1.11962895073218,-1.12999301782559,0.779926240360802,0.929255371307683,-0.574697546273115,-0.113860786417039,-0.0382639442739243,-0.759253601238671,-0.548976387202492,0.133929793970413,0.847765711656421,1.03456347495617,-0.376647239159639,-0.048236570436645,-0.0330109162638679,0.541624000182388,1.33132611434538,1.09627321067543,0.950766487281889,0.990111280309114,1.46221250555829,0,0.342605184568767,1.20000300386236,-0.214770698051542,0.431157047935746,0.95600658577301,-1.30887624003008,-0.797595882078731,-0.0998707974396848,-0.0692112518235939,-0.410266899197836,-1.20841288998173,0.997761568833671,-0.218923032488284,-1.55967039733413,-1.0416512328239,-0.202993708003753,-0.0191459895266863,-0.303642030474405,1.4289026035428,-0.214452838241053,-2.06585717167723,-1.1603681679367,-0.527680489439249,-0.177318504788345
"2797",0,-0.346763866306412,-0.529018754917424,0.524013130597061,0.994701386553687,1.51206153486365,0.463522826674285,-0.135962069060475,-0.0247411626405223,0.33995244374252,0.816387510785152,-0.419532824502074,0.711908011135486,1.75836416065665,0.937368213326437,-0.1555961886108,-0.0445734002443183,1.27427676266156,0.58016631181262,-1.12999301782559,0.453222753078071,1.8858214375748,1.397487444214,-0.113860786417039,-0.0382639442739243,1.09358349481196,0.433439716945544,-1.56081868739673,-1.37552071011585,1.36852100217096,0.443529453395639,-0.048236570436645,-0.0793890847053369,0.475480680882624,0.691917424529183,-1.47909877630812,-1.73997671328813,0.649727875358349,0.315362825388311,0,-0.0930309953194633,0.527366528655686,1.17070102465946,-0.966425658098632,-1.26160056962335,0.754289828035795,0.116654330388589,-0.0998707974396848,-0.0692112518235939,-0.410266899197836,0.550851699251816,-0.45853081899238,-0.145293492318181,0.582609919536494,-0.362274353239232,-0.202993708003753,-0.0191459895266863,-0.303642030474405,-0.772979593369162,-0.214452838241053,0.112658392690295,-0.472863001999315,-0.527680489439249,-0.177318504788345
"2798",0,-0.346763866306412,-1.17387929654563,-0.61942236407485,0.551737763681986,-0.634864546128108,-0.416428649433891,-0.135962069060475,-0.0247411626405223,-0.640995384823577,-1.56742705620183,0.705084516270495,0.290358455339444,-1.40155863315559,-0.540830462877054,-0.1555961886108,-0.0445734002443183,-0.741918245459386,-0.43971084571426,1.39504555125922,-1.01694293969422,-1.29347794903808,-0.399447738828925,-0.113860786417039,-0.0382639442739243,-0.591574808621338,0.59717573430355,0.133929793970413,-1.53432688309958,-1.3031392155474,-0.650039470011399,-0.048236570436645,-0.0330109162638679,-0.33031962811602,1.33132611434538,0.291469464743071,-0.394605113003119,-0.881997446920094,-0.831486854781667,0,-0.0930309953194633,-0.145269946550987,1.3246423271829,1.04113522241954,1.27280760797249,1.27008134505226,1.03090454285591,-0.0998707974396848,-0.0692112518235939,-0.410266899197836,-0.0432733792010838,0.608885377241471,-1.45788194973929,-0.884683912965861,2.27190622946675,1.02661939301677,-0.0191459895266863,-0.303642030474405,-1.09725206001119,-1.13339327126463,0.508752131666208,1.58965249581285,2.91298371712393,0.697813577192196
"2799",0,-0.346763866306412,-0.314065241041354,-0.874547511474277,-2.54900759641992,-0.992685559626734,-0.487070147607763,-0.135962069060475,-0.0247411626405223,-0.640995384823577,-0.0217152588414419,-0.419532824502074,-2.23893887943681,-1.40155863315559,-0.540830462877054,-0.1555961886108,-0.0445734002443183,0.122165329449593,1.09010489057606,-0.28831349479732,-1.18029468333559,-1.29347794903808,-0.574697546273115,-0.113860786417039,-0.0382639442739243,-0.115910279549249,1.08838378637757,-1.05239414298659,-1.53432688309958,-1.3031392155474,-0.650039470011399,-0.048236570436645,-0.0330109162638679,0.906545122192,1.33132611434538,0.130508715556599,0.278080687139385,-0.371422339493946,-0.544774434739172,0,-0.0930309953194633,-0.481588184154324,1.47858362970634,1.36287885195866,1.27280760797249,1.27008134505226,1.03090454285591,-0.0998707974396848,-0.0692112518235939,-0.410266899197836,0.726778158175171,1.19219966462977,0.604757054779594,1.14027554013895,1.05613057591014,-0.202993708003753,-0.0191459895266863,-0.27406207707545,-0.497132607670746,-0.673923054752843,0.310705262178251,0.558394746906768,-0.527680489439249,-0.177318504788345
"2800",0,2.99694405524889,0.330795300586854,0.290919690251838,0.994701386553687,1.15424052136502,0.17020566797156,-0.0759377756129573,-0.0247411626405223,2.62883071039675,0.999757862091843,0.0768464655884069,-0.974290212048683,-1.06492873723642,-0.540830462877054,-0.1555961886108,-0.0445734002443183,1.85033247926755,1.09010489057606,0.216694219019643,-1.01694293969422,-1.29347794903808,-0.574697546273115,-0.113860786417039,0.0337041416019022,0.527433042140173,0.269703699587538,1.1507788827907,0.847765711656421,-0.301266633903012,-0.292773225422036,-0.048236570436645,-0.0330109162638679,-0.639535815693025,-1.2263086449194,-1.31813802712165,-0.394605113003119,0.990111280309114,-0.0276352292981037,0,-0.0930309953194633,-0.375712704234222,-0.984477210668762,-1.12171262543579,-1.10320005852361,0.926220333707951,0.80234198973908,0.110321214603284,-0.0692112518235939,-0.57565747571843,0.550851699251816,0.608885377241471,1.16729496510292,0.971528919046879,-0.564903628832,-0.202993708003753,-0.0191459895266863,-0.303642030474405,0.828389277112268,0.0152822700148413,-0.679529085261532,-1.11834655188987,-0.527680489439249,-0.177318504788345
"2801",0,-0.346763866306412,-0.314065241041354,0.290919690251838,-0.112707670625565,-0.813775052877421,-0.416428649433891,-0.135962069060475,-0.0247411626405223,2.30184810087471,0.816387510785152,-0.419532824502074,0.290358455339444,-0.0550390494789284,-0.540830462877054,-0.1555961886108,-0.0445734002443183,1.56230462096456,0.0702277330491799,-1.12999301782559,0.508336986819847,0.135422042612768,-0.574697546273115,-0.148461681337624,-0.0382639442739243,-0.759253601238671,-1.53139249135053,-1.39134383926002,1.00657188464015,-0.802202924725205,-0.650039470011399,-0.048236570436645,-0.0330109162638679,-0.639535815693025,-1.2263086449194,0.774351712302486,0.950766487281889,0.649727875358349,0.0286504053458163,0,-0.0930309953194633,-0.481588184154324,-0.0608293955280974,-0.811138690761479,-0.627998525224387,-0.105362700324987,1.94515475532323,-0.0998707974396848,-0.0692112518235939,0.0739739549704533,1.25455753494524,-1.14105748492343,-0.895344039415955,0.465289055770677,1.66401840268845,-0.202993708003753,-0.0191459895266863,-0.497333721812194,0.227875950681732,0.245017378270736,0.904845870642121,1.07402362135981,-0.281918760399022,-0.177318504788345
"2802",0,-0.346763866306412,-1.17387929654563,-1.1076409518195,-0.334189482061415,-0.992685559626734,-0.416428649433891,-0.135962069060475,-0.064995348517452,-0.640995384823577,-0.650575299668376,1.06960504576937,-1.1850649899467,-1.40155863315559,-0.540830462877054,-0.1555961886108,-0.0445734002443183,-0.741918245459386,0.7501458380671,0.721701932836606,-1.18029468333559,-1.29347794903808,-0.346818004277716,-0.113860786417039,-0.0382639442739243,0.527433042140173,1.08838378637757,-0.71344444671316,-0.899102191164647,-0.565544817064037,-0.650039470011399,-0.048236570436645,-0.0330109162638679,1.03150152758194,1.33132611434538,1.09627321067543,1.104076890403,0.819919577833732,-0.831486854781667,0,-0.0930309953194633,-0.145269946550987,-0.0608293955280974,0.12058311326144,1.27280760797249,-0.277293205997144,-0.797595882078731,-0.0998707974396848,-0.0692112518235939,-0.410266899197836,-1.38433934890509,-1.33549558071953,1.16729496510292,-0.715937291873794,-0.767532904424768,-0.202993708003753,-0.0191459895266863,-0.303642030474405,-1.17332181098952,-0.673923054752843,0.310705262178251,-0.816615584968009,-0.527680489439249,-0.177318504788345
"2803",0,-0.412175806675255,-0.0991117271652847,0.524013130597061,-0.334189482061415,-0.992685559626734,-0.416428649433891,-0.135962069060475,-0.0247411626405223,-0.314012775301545,0.999757862091843,-0.171343179456834,0.0795836774414227,0.449905794399818,-0.540830462877054,-0.1555961886108,-0.0445734002443183,0.410193187752585,0.92012536432158,-0.624985304008629,-1.01694293969422,0.7704887055687,0.425779381862505,-0.113860786417039,-0.0382639442739243,0.849104702984884,-0.057768335128474,-1.56081868739673,-1.53432688309958,-0.301266633903012,1.53709837680268,-0.048236570436645,-0.0330109162638679,1.21576130976901,0.0525087347129891,-1.47909877630812,-1.73997671328813,-0.881997446920094,1.03960210331381,0,-0.0930309953194633,0.699182247370455,1.17070102465946,-1.12171262543579,-1.26160056962335,0.233555582651666,0.57377943662225,-0.0998707974396848,-0.0692112518235939,0.0739739549704533,1.43048399386859,0.220009185649271,0.0422191444562627,0.971528919046879,-0.362274353239232,-0.202993708003753,-0.0191459895266863,-0.303642030474405,-0.172466266938626,0.0152822700148413,0.310705262178251,-0.129110419030621,-0.527680489439249,-0.187776183393502
"2804",0,2.99694405524889,1.62051638384327,0.0578262499066152,-0.555671293497266,1.15424052136502,-0.123111490731166,-0.135962069060475,0.0676255668164689,0.666935053264552,0.999757862091843,0.72355533235421,1.13345756693153,0.954850638278565,-0.294464016843139,-0.1555961886108,-0.0445734002443183,0.410193187752585,1.09010489057606,0.0483583144139882,-0.690239452411488,-1.29347794903808,-0.574697546273115,-0.113860786417039,-0.0382639442739243,0.849104702984884,1.08838378637757,0.133929793970413,-1.53432688309958,-1.74819995279472,-0.650039470011399,-0.048236570436645,-0.0330109162638679,-0.639535815693025,0.134510232533851,1.09627321067543,-1.06729091314562,-1.56276425682162,-0.831486854781667,0,-0.0930309953194633,-0.481588184154324,-0.984477210668762,0.741730982610052,0.63920556357353,-1.48080674570224,-0.797595882078731,-0.0998707974396848,-0.0692112518235939,-0.410266899197836,-0.328780595364958,1.19219966462977,-0.520318765867068,-1.55967039733413,-0.767532904424768,-0.202993708003753,-0.0191459895266863,0.728815661816031,1.82924482116316,0.0152822700148413,-1.93869035812319,-1.1603681679367,-0.527680489439249,-0.177318504788345
"2805",0,-0.346763866306412,-0.689159030734993,0.0578262499066152,0.773219575117836,-0.634864546128108,-0.416428649433891,-0.135962069060475,-0.0247411626405223,0.993917662786584,0.586582527646017,0.0768464655884069,-0.34196587835462,0.786535690318983,-0.540830462877054,-0.1555961886108,-0.0445734002443183,1.27427676266156,0.92012536432158,-0.793321208614283,-1.18029468333559,0.611722039829717,0.552265305433806,-0.113860786417039,-0.0382639442739243,1.17077636382959,0.433439716945544,-1.8711921817146,-1.53432688309958,-0.134287870295615,0.990313915099158,-0.048236570436645,-0.0330109162638679,1.21576130976901,0.851769596983231,-1.47909877630812,-1.73997671328813,-0.371422339493946,1.17550008551579,0,-0.0930309953194633,-0.481588184154324,1.47858362970634,-1.12171262543579,-1.53881452885134,0.238498311019326,0.80234198973908,-0.0998707974396848,-0.0692112518235939,-0.410266899197836,0.374925240328461,0.0255710898531705,-0.332806129092624,1.14027554013895,-0.564903628832,-0.202993708003753,-0.0191459895266863,-0.303642030474405,-0.772979593369162,-0.444187946496948,0.904845870642121,-0.129110419030621,-0.527680489439249,-0.177318504788345
"2806",0,-0.346763866306412,-0.314065241041354,0.290919690251838,-0.122276230633762,0.0807774808691453,-0.416428649433891,-0.135962069060475,-0.0247411626405223,-0.640995384823577,-0.167282505244107,0.821415400724128,-0.974290212048683,1.29148053419773,0.444635321258607,-0.1555961886108,-0.0445734002443183,-0.741918245459386,-0.26973131945978,1.39504555125922,-0.690239452411488,1.4474970148445,-0.292956833346385,-0.113860786417039,-0.0382639442739243,-0.759253601238671,-1.53139249135053,0.642354338380556,1.00657188464015,1.20154223856357,-0.376647239159639,-0.048236570436645,-0.0330109162638679,0.117223362140373,-0.107343437741059,1.09627321067543,0.950766487281889,-0.881997446920094,-0.831486854781667,0,-0.0930309953194633,0.863684766259023,1.47858362970634,0.275870080598593,0.63920556357353,0.268445708396408,-0.673450655558477,-0.0998707974396848,-0.0692112518235939,0.558214809138742,1.07863107602188,-0.16886700594293,0.229731781230706,1.14027554013895,-0.767532904424768,-0.316385262011565,-0.0191459895266863,-0.303642030474405,-0.172466266938626,0.263707525152924,0.706799001154165,0.0427658724537265,-0.527680489439249,-0.177318504788345
"2807",0,-0.346763866306412,0.330795300586854,0.990200011287507,0.108774140810285,-0.0981330258801679,-0.416428649433891,-0.135962069060475,-0.0247411626405223,-0.640995384823577,-0.650575299668376,0.553756542517767,1.13345756693153,-0.223353997438511,-0.540830462877054,-0.192424876869427,-0.0445734002443183,-0.741918245459386,-1.11962895073218,1.185799219076,1.43333321492626,-0.0233446231262145,-0.574697546273115,-0.113860786417039,-0.0382639442739243,-0.759253601238671,-0.712712404560498,1.1507788827907,1.00657188464015,-0.134287870295615,-0.650039470011399,-0.048236570436645,-0.0539306280597664,-0.639535815693025,0.532065252075134,1.09627321067543,0.782595037246263,-1.22238085187086,-0.831486854781667,0,-0.0930309953194633,-0.481588184154324,1.17070102465946,1.36287885195866,0.95600658577301,-1.48080674570224,-0.797595882078731,-0.0998707974396848,-0.0692112518235939,-0.410266899197836,1.07863107602188,1.19219966462977,1.16729496510292,-1.05343053405793,-0.767532904424768,-0.202993708003753,-0.0912709356995593,-0.303642030474405,0.027704841871553,0.245017378270736,0.508752131666208,-0.300986710514968,-0.527680489439249,-0.229760618475228
"2808",0,-0.346763866306412,-1.17387929654563,-0.641454071129054,0.11462276024296,-0.992685559626734,-0.416428649433891,-0.135962069060475,-0.0247411626405223,-0.640995384823577,-1.93416775881521,0.325036110633647,0.0795836774414227,-1.40155863315559,0.444635321258607,0.394572052460566,-0.0445734002443183,-0.741918245459386,-1.28960847698666,1.56338145586488,-0.200184221487392,-0.31789432302657,3.65141314762784,-0.113860786417039,-0.0382639442739243,-0.759253601238671,-0.057768335128474,0.811829186517271,-1.53432688309958,0.815277754048871,2.23437935484029,-0.048236570436645,-0.0330109162638679,3.07105843523104,1.33132611434538,0.774351712302486,0.446252137175011,0.990111280309114,-0.544774434739172,0,-0.0930309953194633,1.8500524186497,1.17070102465946,1.05230491728436,1.27280760797249,0.900493443158454,-0.69182851902582,-0.120960298640209,-0.0692112518235939,-0.410266899197836,-1.38433934890509,-0.55774319753513,1.05105344200217,-0.715937291873794,-0.767532904424768,-0.202993708003753,-0.0191459895266863,-0.303642030474405,-1.17332181098952,0.474752486526631,0.310705262178251,-1.1603681679367,-0.527680489439249,-0.177318504788345
"2809",0,-0.346763866306412,0.330795300586854,0.524013130597061,0.330255952246136,1.33315102811434,2.47165344354867,-0.135962069060475,-0.0247411626405223,-0.640995384823577,-0.310345523907339,-0.235193042403172,0.711908011135486,1.29148053419773,2.66193333556384,-0.1555961886108,-0.0445734002443183,-0.741918245459386,-1.62956752949562,-1.12999301782559,0.289871009436705,1.24678870278565,0.270524592507076,-0.113860786417039,-0.0382639442739243,-0.759253601238671,-1.20392045663452,0.133929793970413,1.00657188464015,1.20154223856357,1.26370614595092,-0.048236570436645,-0.0330109162638679,-0.0561139819152667,1.01162176943728,1.09627321067543,0.950766487281889,0.649727875358349,0.836590460394219,0,-0.0930309953194633,-0.481588184154324,-0.52265330309843,1.36287885195866,0.79760607467327,-1.48080674570224,-0.812404173206208,-0.0998707974396848,-0.0692112518235939,-0.410266899197836,-0.504707054288313,1.19219966462977,-0.520318765867068,-1.55967039733413,-0.767532904424768,-0.273622330116164,-0.0191459895266863,-0.303642030474405,0.628218168302089,0.245017378270736,-1.86781030218927,-1.1603681679367,-0.527680489439249,-0.177318504788345
"2810",0,-0.346763866306412,0.330795300586854,0.0578262499066152,0.551737763681986,0.259687987618459,-0.416428649433891,-0.135962069060475,-0.0247411626405223,-0.640995384823577,0.266276456865079,-0.171343179456834,0.290358455339444,1.29148053419773,-0.540830462877054,-0.1555961886108,-0.0445734002443183,-0.741918245459386,-1.62956752949562,-0.500115853162814,-0.526887708770123,0.611722039829717,-0.574697546273115,-0.113860786417039,-0.0382639442739243,-0.759253601238671,-1.53139249135053,0.811829186517271,0.847765711656421,1.03456347495617,-0.376647239159639,-0.048236570436645,-0.0330109162638679,-0.639535815693025,-1.2263086449194,0.452430213929543,0.782595037246263,0.990111280309114,0.8887876654733,0,-0.0930309953194633,-0.481588184154324,-0.984477210668762,0.741730982610052,0.00560351917457189,-1.30887624003008,-0.569033328961901,-0.0998707974396848,-0.0692112518235939,-0.365366990369884,-0.504707054288313,1.19219966462977,-1.64539458651373,-1.55967039733413,-0.767532904424768,-0.202993708003753,-0.0191459895266863,-0.290416370064025,0.227875950681732,-1.13339327126463,-2.26390404116519,-1.1603681679367,-0.527680489439249,-0.177318504788345
"2811",0,-0.346763866306412,0.144603681100178,0.757106570942284,0.994701386553687,1.15424052136502,0.0906621318674287,-0.135962069060475,-0.0247411626405223,3.28279592944081,0.999757862091843,0.573225755678888,0.290358455339444,-0.391668945398093,-0.540830462877054,-0.1555961886108,-0.0445734002443183,2.13836033757054,1.09010489057606,-0.28831349479732,-1.18029468333559,-1.29347794903808,-0.642229906290187,-0.113860786417039,-0.0382639442739243,1.17077636382959,0.580814605693349,-0.71344444671316,-1.53432688309958,-1.3031392155474,-0.650039470011399,-0.048236570436645,-0.0330109162638679,-0.639535815693025,0.0525087347129891,1.09627321067543,-0.394605113003119,-1.56276425682162,-0.831486854781667,0,-0.0930309953194633,-0.481588184154324,-0.149770375236718,-0.189990821412867,1.27280760797249,0.238498311019326,-0.797595882078731,-0.0998707974396848,0.0471385884578608,-0.410266899197836,-0.328780595364958,-0.36330510173903,0.979782328328481,0.465289055770677,-0.767532904424768,-0.202993708003753,-0.0191459895266863,-0.303642030474405,0.227875950681732,0.474752486526631,-0.679529085261532,-1.1603681679367,-0.527680489439249,-0.177318504788345
"2812",0,0.767805440878689,1.4055628699672,0.990200011287507,0.773219575117836,-0.455954039378794,-0.416428649433891,-0.135962069060475,-0.0247411626405223,2.95581331991878,0.44964680817177,-1.66048104972828,0.501133233237465,-0.0550390494789284,-0.540830462877054,-0.1555961886108,-0.0445734002443183,0.122165329449593,-1.45958800324114,0.216694219019643,1.43333321492626,-0.499644620343163,-0.574697546273115,-0.113860786417039,-0.0382639442739243,-0.759253601238671,-1.04018443927651,1.1507788827907,1.00657188464015,-0.026218079499756,-0.376647239159639,-0.048236570436645,-0.0330109162638679,-0.639535815693025,-1.2263086449194,-1.47909877630812,-1.5718052632525,0.819919577833732,0.8887876654733,0,-0.0930309953194633,-0.481588184154324,-0.830535908145318,-1.12171262543579,-1.26160056962335,0.0665678053471691,1.7165922022064,0.133475664741819,-0.0692112518235939,0.558214809138742,1.25455753494524,-1.72437177231173,-1.83290722328817,0.634035676862745,1.05613057591014,-0.202993708003753,-0.0191459895266863,-0.303642030474405,1.4289026035428,0.93422270303842,0.706799001154165,1.4177762043285,-0.0361570313587953,-0.177318504788345
"2813",0,-0.346763866306412,-0.223212211530218,0.290919690251838,-1.88456216211237,-0.992685559626734,-0.416428649433891,-0.135962069060475,-0.0247411626405223,-0.640995384823577,-1.01731600228176,0.821415400724128,-1.60661454574275,-1.40155863315559,-0.540830462877054,-0.1555961886108,-0.0445734002443183,-0.741918245459386,0.41018678555814,0.0483583144139882,-1.18029468333559,-1.29347794903808,-0.574697546273115,-0.113860786417039,-0.0382639442739243,0.205761381295462,0.760911751661556,-1.56081868739673,-1.53432688309958,-1.3031392155474,-0.650039470011399,-0.048236570436645,-0.0330109162638679,1.09621642371884,0.851769596983231,-0.191412782816345,0.278080687139385,0.139152767932202,-0.544774434739172,0,-0.0930309953194633,1.20000300386236,1.47858362970634,1.05230491728436,-0.118314059606161,0.754289828035795,1.03090454285591,0.070776289315718,-0.0692112518235939,0.558214809138742,1.25455753494524,0.657121093665265,-0.895344039415955,0.634035676862745,0.650872024724607,-0.202993708003753,-0.0191459895266863,-0.303642030474405,-0.172466266938626,0.245017378270736,0.508752131666208,0.730271038391115,-0.281918760399022,-0.177318504788345
"2814",0,-0.346763866306412,-0.0991117271652847,0.0578262499066152,0.994701386553687,1.86988254836228,0.463522826674285,-0.191355430945013,-0.0247411626405223,-0.640995384823577,-0.5964811112079,-0.171343179456834,-0.163329791184145,1.29148053419773,1.67646755142818,-0.1555961886108,-0.0445734002443183,-0.741918245459386,-1.62956752949562,-0.456649399402975,0.12651926579534,1.24678870278565,0.834006018360537,-0.254424369049105,-0.0382639442739243,-0.759253601238671,-0.876448421918504,1.1507788827907,1.55313386028023,1.36852100217096,0.107618983609376,-0.048236570436645,-0.0539306280597664,-0.639535815693025,-1.2263086449194,0.349428187740275,0.614423587210637,-1.39257255434624,-0.831486854781667,0,-0.0930309953194633,-0.481588184154324,-0.984477210668762,0.7980186832408,0.322404541374051,-1.48080674570224,-0.797595882078731,-0.0998707974396848,-0.0692112518235939,-0.410266899197836,-0.856559972135023,1.19219966462977,-1.64539458651373,-1.55967039733413,-0.82966628801004,-0.202993708003753,-0.0191459895266863,-0.22142741934804,0.42804705949191,0.0152822700148413,-2.26390404116519,-1.1603681679367,-0.527680489439249,-0.177318504788345
"2815",0,-0.346763866306412,-1.17387929654563,-0.874547511474277,0.994701386553687,-0.0981330258801679,-0.416428649433891,-0.135962069060475,-0.0247411626405223,-0.836383221986756,-0.283834597054994,0.325036110633647,-0.763515434150662,0.954850638278565,-0.540830462877054,-0.1555961886108,-0.0445734002443183,-0.741918245459386,0.92012536432158,-0.793321208614283,-1.18029468333559,0.135422042612768,0.552265305433806,-0.113860786417039,-0.0382639442739243,0.205761381295462,0.59717573430355,-1.56081868739673,-1.53432688309958,-0.635224161117807,1.53709837680268,-0.048236570436645,-0.0330109162638679,0.597328934614995,0.633865413608566,-1.47909877630812,-1.73997671328813,-0.881997446920094,1.46221250555829,0,-0.0930309953194633,0.527366528655686,0.862818419612568,-1.12171262543579,-1.26160056962335,-0.793084723013613,1.25946709597274,-0.0998707974396848,-0.0692112518235939,-0.410266899197836,0.426650792450187,0.0255710898531705,-1.64539458651373,-0.378444049689659,1.05613057591014,-0.202993708003753,-0.0191459895266863,-0.303642030474405,-0.97315070217934,-0.673923054752843,0.706799001154165,0.637234566113085,0.209604697681432,-0.177318504788345
"2816",0,-0.346763866306412,-1.17387929654563,-1.80692127285517,-0.777153104933116,-0.992685559626734,-0.416428649433891,-0.135962069060475,-0.0247411626405223,-0.640995384823577,-1.93416775881521,-0.171343179456834,-0.552740656252641,-1.40155863315559,-0.593001750180242,-0.1555961886108,-0.0445734002443183,-0.741918245459386,-1.62956752949562,1.05837374204791,-0.200184221487392,-1.29347794903808,-0.574697546273115,-0.113860786417039,-0.0382639442739243,-0.759253601238671,-1.20392045663452,-0.00527244457978026,-1.21671453713211,-0.746442812342607,-0.650039470011399,-0.048236570436645,-0.0330109162638679,-0.639535815693025,0.532065252075134,0.130508715556599,-1.06729091314562,1.1603029827845,-0.258062014696678,0,-0.0930309953194633,3.21791242948238,1.49155601731669,-1.12171262543579,0.164004030274312,1.27008134505226,-0.340470775845071,-0.0998707974396848,-0.0692112518235939,3.94790078831677,1.25455753494524,0.414447281445371,0.979782328328481,1.14027554013895,-0.241078166718421,-0.202993708003753,-0.0191459895266863,-0.303642030474405,-1.02381089323303,-1.36312837952053,0.706799001154165,-0.129110419030621,-0.527680489439249,-0.177318504788345
"2817",0,-0.346763866306412,1.4055628699672,0.524013130597061,-0.777153104933116,-0.00749680801869653,-0.416428649433891,-0.135962069060475,-0.0247411626405223,0.33995244374252,1.13320459588918,0.821415400724128,1.13345756693153,1.29148053419773,-0.168365956858615,-0.1555961886108,-0.0445734002443183,-0.741918245459386,0.7501458380671,0.89003783744226,1.10662972764353,0.649466226242477,-0.292956833346385,-0.113860786417039,-0.0382639442739243,-0.759253601238671,-0.385240369844486,1.1507788827907,1.00657188464015,-0.802202924725205,-0.650039470011399,-0.0885116476043009,-0.0330109162638679,-0.639535815693025,0.239964171926173,1.09627321067543,0.950766487281889,-1.22238085187086,-0.831486854781667,0,-0.0930309953194633,-0.145269946550987,1.3246423271829,-0.500564756087173,0.164004030274312,0.926220333707951,-0.797595882078731,-0.0998707974396848,-0.0692112518235939,1.04245566330703,1.25455753494524,-1.14105748492343,-0.895344039415955,1.14027554013895,-0.564903628832,-0.202993708003753,-0.0191459895266863,0.728815661816031,1.22873149473262,0.93422270303842,0.904845870642121,0.902147329875462,-0.527680489439249,-0.177318504788345
"2818",0,-0.346763866306412,0.545748814462924,0.290919690251838,0.773219575117836,0.796419507866398,0.463522826674285,-0.00717235872410977,-0.0247411626405223,0.144612891308887,0.44964680817177,0.387215576056345,0.290358455339444,0.618220742359401,1.67646755142818,-0.1555961886108,-0.0445734002443183,0.122165329449593,0.7501458380671,0.0483583144139882,-0.557176705744642,-1.29347794903808,-0.574697546273115,-0.614328116492392,-0.0382639442739243,1.49244802467431,-0.22150435248648,-0.882919294849875,-1.21671453713211,-1.3031392155474,-0.650039470011399,-0.048236570436645,-0.0330109162638679,-0.0211034405390152,0.114019315269284,1.09627321067543,0.782595037246263,-1.56276425682162,-0.831486854781667,0,-0.0930309953194633,-0.481588184154324,-0.830535908145318,-0.34527778875002,0.79760607467327,-1.48080674570224,-0.797595882078731,-0.0998707974396848,-0.0692112518235939,-0.693488501357967,-1.38433934890509,0.0255710898531705,-0.707831402641512,-1.55967039733413,-0.767532904424768,-0.211914705140021,-0.0191459895266863,-0.303642030474405,0.027704841871553,0.245017378270736,-2.06585717167723,-1.1603681679367,-0.527680489439249,-0.177318504788345
"2819",0,-0.346763866306412,-0.314065241041354,0.524013130597061,-1.44159853924067,-0.992685559626734,-0.416428649433891,-0.135962069060475,-0.0247411626405223,-0.640995384823577,0.266276456865079,0.821415400724128,0.711908011135486,-1.40155863315559,-0.540830462877054,-0.1555961886108,-0.0445734002443183,-0.741918245459386,0.41018678555814,0.216694219019643,1.2699814712849,0.135422042612768,-0.574697546273115,-0.113860786417039,-0.0382639442739243,-0.759253601238671,-0.712712404560498,1.1507788827907,0.847765711656421,1.36852100217096,0.443529453395639,-0.048236570436645,-0.0330109162638679,-0.639535815693025,-1.2263086449194,-1.47909877630812,-0.73094801307437,0.479536172882967,2.03563734564328,0,-0.0930309953194633,-0.481588184154324,-1.01420618512947,-1.12171262543579,-1.26160056962335,-0.621154217341457,2.63084241467372,-0.0998707974396848,-0.202651922233129,-0.410266899197836,-0.856559972135023,-0.36330510173903,-1.0828566761904,-0.0409508075055244,2.68221818198419,4.71545869607834,-0.0191459895266863,-0.303642030474405,-0.172466266938626,0.624381797308387,0.706799001154165,0.902147329875462,2.17569853000325,-0.177318504788345
"2820",0,0.767805440878689,1.4055628699672,0.990200011287507,0.108774140810285,-0.992685559626734,-0.416428649433891,-0.135962069060475,-0.0247411626405223,2.95581331991878,0.44964680817177,-1.66048104972828,1.13345756693153,0.205799692651867,1.43010110539427,-0.1555961886108,-0.0445734002443183,2.13836033757054,0.58016631181262,-0.456649399402975,1.43333321492626,0.618016800063158,1.13306690214122,-0.113860786417039,-0.0382639442739243,-0.115910279549249,1.08838378637757,0.472879490243842,0.847765711656421,-0.301266633903012,-0.182698827233837,-0.048236570436645,-0.0330109162638679,-0.639535815693025,1.01162176943728,0.774351712302486,-1.40363381321687,-1.56276425682162,-0.15753093611125,0,-0.0930309953194633,0.19104829105235,1.00923755962078,1.36287885195866,-0.786399036324126,-1.48080674570224,-0.797595882078731,-0.0998707974396848,-0.0692112518235939,1.52669651747532,1.25455753494524,0.414447281445371,-0.0457108263193702,-1.55967039733413,-0.767532904424768,-0.202993708003753,-0.0191459895266863,-0.303642030474405,1.62907371235298,0.93422270303842,0.310705262178251,-1.1603681679367,-0.527680489439249,-0.177318504788345
"2821",0,-0.346763866306412,0.545748814462924,0.0578262499066152,0.994701386553687,1.86988254836228,1.05015714407974,-0.135962069060475,-0.0247411626405223,-0.640995384823577,-0.283834597054994,1.06960504576937,1.13345756693153,1.21351581298259,-0.294464016843139,-0.1555961886108,-0.0445734002443183,-0.741918245459386,-1.62956752949562,-0.961657113219938,0.943277984002168,0.749457780646229,-0.574697546273115,-0.113860786417039,-0.0382639442739243,-0.759253601238671,-1.04018443927651,0.0698204401110796,1.00657188464015,0.867584711348771,1.53709837680268,-0.048236570436645,-0.0330109162638679,-0.0211034405390152,1.33132611434538,1.09627321067543,0.950766487281889,0.479536172882967,1.17550008551579,0,-0.177270748156701,-0.481588184154324,-0.0608293955280974,0.580008509081118,-0.627998525224387,-1.48080674570224,-0.797595882078731,-0.0998707974396848,-0.0692112518235939,-0.410266899197836,0.550851699251816,1.19219966462977,-1.83290722328817,-1.55967039733413,-0.767532904424768,-0.236182814585465,-0.0912709356995593,-0.303642030474405,1.02856038592245,0.245017378270736,-2.26390404116519,-1.1603681679367,-0.527680489439249,-0.177318504788345
"2822",0,-0.346763866306412,-1.17387929654563,0.0578262499066152,0.330255952246136,-0.813775052877421,-0.64780534770469,-0.135962069060475,-0.0247411626405223,-0.640995384823577,-1.75079740750852,0.573225755678888,1.13345756693153,-0.89661378927684,-0.56520476838138,-0.1555961886108,-0.0445734002443183,-0.1658625288534,0.58016631181262,1.56338145586488,1.14230651373513,-0.975944617560112,-0.574697546273115,-0.113860786417039,-0.0382639442739243,4.06582131143199,1.08838378637757,1.1507788827907,1.00657188464015,-0.734011747192043,-0.650039470011399,-0.048236570436645,-0.0330109162638679,0.906545122192,-0.746752127557253,0.130508715556599,0.950766487281889,-1.22238085187086,-0.831486854781667,0,-0.0930309953194633,-0.481588184154324,-0.984477210668762,-0.189990821412867,1.02345018800907,-0.621154217341457,-0.797595882078731,-0.0998707974396848,-0.0692112518235939,-0.410266899197836,-1.38433934890509,-0.16886700594293,1.16729496510292,-0.715937291873794,-0.767532904424768,-0.202993708003753,-0.0191459895266863,-0.303642030474405,-1.17332181098952,-0.444187946496948,0.904845870642121,-0.644739293483662,-0.527680489439249,-0.177318504788345
"2823",0,-0.346763866306412,-1.17387929654563,-1.5668605658786,0.994701386553687,-0.992685559626734,-0.416428649433891,-0.135962069060475,-0.0247411626405223,-0.640995384823577,-1.93416775881521,1.06960504576937,0.0795836774414227,-1.40155863315559,-0.540830462877054,-0.1555961886108,-0.0445734002443183,-0.741918245459386,-0.60969037196874,1.56338145586488,-0.200184221487392,-1.29347794903808,-0.574697546273115,-0.113860786417039,-0.0382639442739243,-0.759253601238671,0.760911751661556,0.642354338380556,-1.53432688309958,0.533627184133976,1.26370614595092,-0.048236570436645,-0.0330109162638679,2.76184224765403,1.33132611434538,-1.15717727793518,-0.394605113003119,1.1603029827845,-0.544774434739172,0,15.3635644920949,4.89950361749906,1.47858362970634,1.36287885195866,1.27280760797249,0.926220333707951,-0.797595882078731,-0.0998707974396848,-0.0692112518235939,1.52669651747532,0.198998781405106,0.803323473037571,1.16729496510292,-0.378444049689659,-0.767532904424768,-0.202993708003753,-0.0191459895266863,-0.303642030474405,-1.17332181098952,-0.673923054752843,0.706799001154165,-0.988491876452356,-0.527680489439249,-0.177318504788345
"2824",0,-0.346763866306412,0.115841786710785,0.546465440363945,0.994701386553687,0.796419507866398,-0.416428649433891,-0.135962069060475,-0.0247411626405223,-0.640995384823577,0.633017159478461,-0.171343179456834,-0.131191100456599,1.12316558623815,-0.145986467475418,-0.1555961886108,-0.0445734002443183,-0.741918245459386,-0.59738055390345,-1.12999301782559,0.289871009436705,0.929255371307683,-0.574697546273115,-0.130734561725437,-0.0382639442739243,-0.759253601238671,-0.712712404560498,-0.0355450541663019,0.847765711656421,1.00023663984843,-0.10325500830788,-0.048236570436645,-0.0330109162638679,0.339628455542778,1.33132611434538,1.09627321067543,0.950766487281889,1.1603029827845,2.32234976568577,0,-0.0930309953194633,-0.145269946550987,-0.52265330309843,0.586444015272899,0.79760607467327,-1.30887624003008,-0.0682913784969464,-0.0998707974396848,-0.0692112518235939,-0.410266899197836,-0.441025527229253,1.19219966462977,-1.27036931296484,-1.55967039733413,-0.767532904424768,-0.202993708003753,-0.0191459895266863,-0.303642030474405,0.347659351111177,0.0152822700148413,-2.26390404116519,-1.1603681679367,-0.527680489439249,-0.177318504788345
"2825",0,2.99694405524889,2.26537692547148,0.990200011287507,-0.334189482061415,-0.992685559626734,-0.445356787321696,-0.135962069060475,-0.0247411626405223,0.0129698342204877,0.266276456865079,-0.171343179456834,1.13345756693153,-0.89661378927684,-0.540830462877054,-0.1555961886108,-0.0445734002443183,-0.741918245459386,-1.62956752949562,-0.793321208614283,1.43333321492626,-0.499644620343163,-0.574697546273115,-0.113860786417039,-0.0382639442739243,-0.759253601238671,-1.53139249135053,-1.05239414298659,1.00657188464015,-0.969181688332602,-0.650039470011399,-0.048236570436645,-0.0330109162638679,-0.639535815693025,-1.06645647246535,0.935312461488958,-0.0582622129318667,-1.56276425682162,-0.831486854781667,0,-0.0930309953194633,-0.481588184154324,1.01675972213601,0.987206119528753,-1.10320005852361,-1.48080674570224,-0.797595882078731,-0.0998707974396848,-0.0692112518235939,2.97941907998019,1.43048399386859,0.608885377241471,0.0422191444562627,0.465289055770677,1.86664767828122,-0.202993708003753,-0.0191459895266863,1.76127335410647,1.82924482116316,0.93422270303842,0.904845870642121,0.902147329875462,0.946889884802112,-0.177318504788345
"2826",0,-0.346763866306412,0.383460763952722,0.990200011287507,-0.555671293497266,-0.992685559626734,-0.416428649433891,-0.135962069060475,-0.0247411626405223,0.0129698342204877,0.816387510785152,1.06960504576937,1.13345756693153,-0.728298841317257,-0.540830462877054,-0.1555961886108,-0.0445734002443183,1.27427676266156,1.09010489057606,-0.456649399402975,1.43333321492626,-0.646078085893245,-0.646695978813556,-0.113860786417039,-0.0382639442739243,2.13579134636373,0.433439716945544,-0.0776404059005077,0.688959538672687,-1.3031392155474,-0.650039470011399,-0.048236570436645,-0.0215921147357923,-0.33031962811602,0.144830700282249,1.09627321067543,-0.562776563038745,-1.56276425682162,-0.831486854781667,0,-0.0930309953194633,-0.481588184154324,0.400994512042235,0.704463534688344,-0.944799547423866,-1.48080674570224,-0.797595882078731,0.297125598725556,-0.0692112518235939,-0.410266899197836,0.726778158175171,1.19219966462977,0.979782328328481,0.520789338246496,-0.159645077646464,0.170833237373946,-0.0191459895266863,-0.303642030474405,0.227875950681732,0.245017378270736,0.706799001154165,1.24589991284416,2.91298371712393,-0.177318504788345
"2827",0,-0.346763866306412,-1.17387929654563,-0.641454071129054,0.108774140810285,-0.992685559626734,-0.416428649433891,-0.135962069060475,-0.0247411626405223,-0.640995384823577,-0.987571521877117,0.821415400724128,-0.974290212048683,-1.233243685196,1.43010110539427,-0.1555961886108,-0.0445734002443183,-0.453890387156393,0.58016631181262,0.89003783744226,-1.18029468333559,0.452955374090734,3.36967243470111,2.19433177352249,-0.0382639442739243,1.20004921955493,1.08838378637757,-0.543969598576446,-0.740296018180913,1.36852100217096,1.81049060765444,-0.048236570436645,-0.0330109162638679,2.14340987250002,1.33132611434538,1.09627321067543,0.950766487281889,1.1603029827845,2.03563734564328,0,-0.0930309953194633,0.477216439935325,-0.830535908145318,-0.34527778875002,1.27280760797249,0.410428816691482,-0.797595882078731,-0.0998707974396848,-0.0692112518235939,-0.410266899197836,-1.38433934890509,-1.14105748492343,1.16729496510292,-0.715937291873794,-0.767532904424768,-0.202993708003753,-0.0191459895266863,-0.303642030474405,-1.17332181098952,0.0152822700148413,-0.0853884767976621,-1.1603681679367,-0.571169236025867,-0.177318504788345
"2828",0,-0.346763866306412,0.760702328338993,0.990200011287507,0.994701386553687,1.86988254836228,1.63679146148519,-0.135962069060475,-0.0247411626405223,-0.640995384823577,-0.441997588965977,-0.915912114592555,-0.552740656252641,0.954850638278565,1.84552477815066,-0.1555961886108,-0.0445734002443183,-0.741918245459386,-1.62956752949562,-1.12999301782559,-0.853591196052854,1.08802203704667,1.11574673128727,-0.113860786417039,-0.0382639442739243,-0.759253601238671,0.105967682229532,0.472879490243842,0.688959538672687,1.03456347495617,-0.650039470011399,-0.048236570436645,-0.0330109162638679,-0.639535815693025,0.0525087347129891,1.09627321067543,0.950766487281889,1.1603029827845,0.8887876654733,0,-0.15032572605106,-0.481588184154324,-0.543770152072417,1.20759188462151,0.164004030274312,0.754289828035795,0.116654330388589,-0.0998707974396848,-0.0692112518235939,-0.410266899197836,-0.152854136441604,1.19219966462977,-1.64539458651373,-1.55967039733413,-0.767532904424768,-0.202993708003753,-0.0191459895266863,-0.303642030474405,1.02856038592245,-0.444187946496948,-2.27552250541011,-1.1603681679367,-0.847440507050589,-0.177318504788345
"2829",0,-0.346763866306412,-0.529018754917424,0.0578262499066152,0.773219575117836,-0.0383676065716037,-0.416428649433891,-0.0950581695992542,-0.064995348517452,-0.640995384823577,0.816387510785152,1.06960504576937,-0.974290212048683,0.449905794399818,-0.540830462877054,-0.1555961886108,0.151225624523817,1.27427676266156,1.09010489057606,-0.28831349479732,-1.30528866507332,0.611722039829717,-0.292956833346385,-0.113860786417039,-0.0382639442739243,0.849104702984884,0.760911751661556,-1.21472754074878,-1.53432688309958,0.19966965691918,1.26370614595092,-0.048236570436645,-0.0330109162638679,1.83419368492302,0.372213079621086,-1.47909877630812,-1.73997671328813,0.649727875358349,1.46221250555829,0,-0.0930309953194633,1.05162274500452,0.862818419612568,-1.12171262543579,-0.944799547423866,1.09815083938011,0.474182630349853,-0.0998707974396848,-0.0692112518235939,0.0739739549704533,0.225180117103549,6.6438590831372e-05,0.604757054779594,0.465289055770677,-0.767532904424768,-0.202993708003753,-0.0721480760967669,-0.303642030474405,-0.572808484558983,0.704487594782526,-0.283435346285619,-0.644739293483662,-0.527680489439249,-0.177318504788345
"2830",0,0.0536517469853985,0.760702328338993,0.990200011287507,0.108774140810285,-0.813775052877421,-0.416428649433891,-0.135962069060475,-0.0247411626405223,-0.0386118772344228,0.999757862091843,-0.419532824502074,0.922682789033507,0.113275898480654,-0.540830462877054,-0.1555961886108,0.00107855268828527,0.122165329449593,1.09010489057606,-0.456649399402975,0.616574496719437,1.24678870278565,-0.292956833346385,-0.113860786417039,-0.0382639442739243,-0.759253601238671,0.433439716945544,1.1507788827907,1.00657188464015,1.20154223856357,1.26370614595092,-0.048236570436645,-0.0330109162638679,-1.06965272499329,-1.2263086449194,-0.996216528748704,-1.40363381321687,-0.541614041969328,1.73573059308495,0,-0.0930309953194633,-0.481588184154324,-0.0608293955280974,-1.12171262543579,-1.26160056962335,-0.96501522868577,2.85940496779055,-0.018054339568116,-0.0692112518235939,0.0739739549704533,1.43048399386859,-0.55774319753513,-1.0828566761904,-0.0409508075055244,2.11569371581316,-0.202993708003753,-0.022966639729792,-0.111793696043069,0.42804705949191,0.93422270303842,0.904845870642121,1.58965249581285,1.43841334288257,-0.177318504788345
"2831",0,-0.346763866306412,-0.529018754917424,0.757106570942284,0.330255952246136,-0.634864546128108,-0.416428649433891,-0.135962069060475,-0.0247411626405223,0.0129698342204877,0.294053155497682,0.640874314203135,1.13345756693153,0.583586311027359,-0.781294361611574,-0.1555961886108,-0.0445734002443183,0.698221046055578,0.92012536432158,-0.119977590191666,-0.526887708770123,1.08802203704667,-0.574697546273115,-0.113860786417039,-0.0382639442739243,-0.43758194039396,0.924647769019562,-1.39134383926002,-1.37552071011585,1.20154223856357,0.17013722254388,0.0541342826353131,-0.0330109162638679,0.28811274703799,1.33132611434538,-1.15717727793518,-1.73997671328813,0.473772823990936,0.602075245430805,0,-0.0930309953194633,0.527366528655686,1.47858362970634,-0.655851723424326,-1.26160056962335,0.582359322363638,0.57377943662225,-0.0998707974396848,-0.0692112518235939,-0.410266899197836,0.726778158175171,0.803323473037571,0.2202507203411,0.971528919046879,-0.767532904424768,-0.202993708003753,-0.0191459895266863,-0.303642030474405,-0.772979593369162,0.474752486526631,0.508752131666208,-0.472863001999315,-0.527680489439249,-0.177318504788345
"2832",0,-0.346763866306412,0.330795300586854,0.807317415826637,-0.777153104933116,-0.909535271945155,-0.416428649433891,-0.135962069060475,-0.0247411626405223,1.64788288183065,0.999757862091843,1.06960504576937,0.290358455339444,-1.40155863315559,-0.815568049476142,-0.1555961886108,-0.0445734002443183,2.71441605417653,0.7501458380671,0.721701932836606,0.616574496719437,-1.29347794903808,-0.829723598599263,-0.113860786417039,-0.0382639442739243,1.81411968551902,-1.04018443927651,-0.254794815767647,-0.422683672213447,-1.18584289911803,-0.650039470011399,-0.0762276538598208,-0.0330109162638679,-0.639535815693025,-0.427047782649156,1.09627321067543,-1.23546236318125,-1.56276425682162,-0.831486854781667,0,-0.0930309953194633,-0.481588184154324,0.590746511800777,1.05230491728436,-1.26160056962335,-1.48080674570224,-0.797595882078731,-0.0998707974396848,-0.203840637299684,-0.410266899197836,0.726778158175171,0.997761568833671,-0.0843462973197435,0.356166700460226,-0.159645077646464,-0.202993708003753,-0.0191459895266863,-0.303642030474405,0.027704841871553,0.93422270303842,0.904845870642121,1.58965249581285,2.17569853000325,0.843601894301481
"2833",0,-0.346763866306412,-0.743972268793493,0.524013130597061,0.773219575117836,-0.455954039378794,-0.416428649433891,-0.135962069060475,-0.0247411626405223,-0.640995384823577,0.082906105558388,0.573225755678888,0.711908011135486,0.786535690318983,-0.540830462877054,-0.1555961886108,-0.0445734002443183,-0.741918245459386,1.09010489057606,-0.456649399402975,-1.01694293969422,0.7704887055687,0.552265305433806,-0.113860786417039,-0.0382639442739243,0.205761381295462,0.71858375067121,-0.882919294849875,-1.53432688309958,-0.134287870295615,1.53709837680268,-0.048236570436645,-0.0330109162638679,0.906545122192,0.851769596983231,-1.47909877630812,-1.73997671328813,-0.881997446920094,1.46221250555829,0,-0.0930309953194633,0.527366528655686,1.01675972213601,-0.889173578999682,-1.26160056962335,-0.105362700324987,1.10405415187253,-0.0998707974396848,-0.0692112518235939,-0.410266899197836,0.726778158175171,0.220009185649271,0.0422191444562627,0.971528919046879,0.44824274913184,-0.202993708003753,-0.0191459895266863,-0.342592300738044,-0.372637375748804,0.704487594782526,0.840528045958216,0.214642163938074,-0.527680489439249,-0.416995028396018
"2834",0,-0.346763866306412,-0.958925782669563,0.290919690251838,-2.32752578498407,-0.992685559626734,-0.398066695832366,-0.135962069060475,-0.0247411626405223,-0.640995384823577,-0.650575299668376,0.573225755678888,-2.23893887943681,-1.40155863315559,-0.540830462877054,-0.1555961886108,-0.0445734002443183,-0.741918245459386,0.41018678555814,0.0483583144139882,-1.18029468333559,-1.29347794903808,-0.574697546273115,-0.113860786417039,-0.0382639442739243,-0.759253601238671,0.760911751661556,-0.71344444671316,-1.53432688309958,-1.3031392155474,-0.650039470011399,-0.048236570436645,-0.0330109162638679,-0.33031962811602,0.449356491527587,-0.835255779562232,-1.06729091314562,-0.881997446920094,-0.544774434739172,0,-0.0930309953194633,-0.481588184154324,1.17070102465946,1.20759188462151,0.480805052473791,0.238498311019326,1.94515475532323,-0.0998707974396848,-0.0692112518235939,-0.410266899197836,0.0230723224817513,0.220009185649271,-1.83290722328817,-0.884683912965861,2.27190622946675,4.71545869607834,-0.0191459895266863,-0.303642030474405,-0.97315070217934,0.0177095751711209,0.00611913696384248,1.24589991284416,1.68417507192279,-0.177318504788345
"2835",0,-0.346763866306412,1.4055628699672,0.990200011287507,0.994701386553687,0.131986817321036,-0.416428649433891,-0.135962069060475,-0.0247411626405223,-0.640995384823577,0.44964680817177,0.325036110633647,-0.552740656252641,1.29148053419773,0.691001767292522,-0.1555961886108,-0.0445734002443183,-0.741918245459386,-1.62956752949562,-1.12999301782559,-1.18029468333559,1.24678870278565,1.67922815714073,-0.113860786417039,-0.0382639442739243,-0.928668631590158,-1.36765647399252,-0.205019902303017,0.530153365688954,1.20154223856357,-0.10325500830788,-0.048236570436645,-0.0179575742192926,-0.418051487267075,-0.107343437741059,1.09627321067543,0.950766487281889,0.990111280309114,0.0286504053458163,0,-0.0930309953194633,-0.481588184154324,-0.984477210668762,-0.655851723424326,-0.627998525224387,0.410428816691482,2.63084241467372,-0.0998707974396848,-0.0692112518235939,0.0739739549704533,0.550851699251816,-1.91880986810783,-1.45788194973929,0.634035676862745,2.27190622946675,-0.202993708003753,-0.0721480760967669,0.728815661816031,1.31163647607933,0.93422270303842,0.904845870642121,1.24589991284416,0.946889884802112,-0.177318504788345
"2836",0,-0.346763866306412,-0.0991117271652847,0.757106570942284,-1.44159853924067,-1.03432436275384,-0.416428649433891,-0.135962069060475,-0.0247411626405223,-0.640995384823577,0.44964680817177,0.00551420263428121,0.290358455339444,-1.40155863315559,-0.540830462877054,-0.1555961886108,-0.0445734002443183,-0.741918245459386,0.7501458380671,0.0483583144139882,-0.853591196052854,-0.658411286082146,0.552265305433806,0.126422877541805,-0.0382639442739243,-0.759253601238671,-0.057768335128474,0.981304034653986,0.108911350064723,0.867584711348771,0.716921684247398,-0.048236570436645,-0.0330109162638679,-0.33031962811602,0.388726309424693,1.09627321067543,0.446252137175011,-1.56276425682162,-0.831486854781667,0,0.493525040191539,1.87263947906903,1.17070102465946,-0.500564756087173,0.95600658577301,0.0665678053471691,-0.797595882078731,-0.0998707974396848,-0.0692112518235939,-0.410266899197836,1.25455753494524,-1.14105748492343,-1.45788194973929,0.802782297954812,0.589093200061209,-0.202993708003753,-0.0191459895266863,-0.303642030474405,-0.572808484558983,0.245017378270736,0.904845870642121,1.58965249581285,1.19265161384234,-0.177318504788345
"2837",0,-0.346763866306412,0.115841786710785,0.990200011287507,0.994701386553687,1.15424052136502,-0.416428649433891,-0.135962069060475,-0.0247411626405223,-0.11264116653502,-0.467204948361685,-0.667722469547314,0.501133233237465,1.29148053419773,0.0498647360805166,-0.1555961886108,-0.0445734002443183,-0.741918245459386,-1.62956752949562,-1.12999301782559,-0.526887708770123,1.24678870278565,-0.292956833346385,-0.113860786417039,-0.0909846830221019,-0.759253601238671,-1.36765647399252,-0.71344444671316,0.37134719270522,0.700605947741373,-0.650039470011399,-0.048236570436645,-0.0330109162638679,-0.639535815693025,0.851769596983231,1.09627321067543,0.950766487281889,1.1603029827845,1.17550008551579,0,-0.0930309953194633,-0.481588184154324,0.247053209518791,1.05230491728436,0.63920556357353,0.238498311019326,-0.111908222728241,-0.0998707974396848,-0.0692112518235939,-0.410266899197836,-0.856559972135023,1.19219966462977,-1.27036931296484,-1.55967039733413,-0.390934581254977,-0.202993708003753,-0.0191459895266863,-0.303642030474405,0.628218168302089,-0.214452838241053,-2.26390404116519,-1.1603681679367,-0.527680489439249,-0.177318504788345
"2838",0,0.785693711803227,1.19060935609113,0.524013130597061,0.108774140810285,0.0807774808691453,-0.416428649433891,-0.135962069060475,-0.0247411626405223,1.97486549135268,0.816387510785152,-1.1641017596378,0.0795836774414227,1.12316558623815,-0.540830462877054,-0.155092780311583,-0.0445734002443183,2.42638819587353,0.397667517804607,-1.12999301782559,0.12651926579534,1.24678870278565,0.552265305433806,-0.113860786417039,-0.0382639442739243,1.81411968551902,0.760911751661556,0.642354338380556,1.00657188464015,1.36852100217096,1.26370614595092,-0.048236570436645,-0.0330109162638679,-0.639535815693025,-0.267195610195108,-0.0304520336298728,-1.06729091314562,0.990111280309114,1.57685367936172,0,-0.0930309953194633,-0.481588184154324,-0.984477210668762,-1.12171262543579,-1.32469562898459,0.410428816691482,1.48802964908957,-0.0998707974396848,-0.0692112518235939,-0.410266899197836,0.198998781405106,-0.36330510173903,0.229731781230706,1.14027554013895,-0.159645077646464,-0.202993708003753,-0.0191459895266863,0.714223767420888,1.62907371235298,0.474752486526631,-0.0853884767976621,-0.300986710514968,-0.527680489439249,-0.177318504788345
"2839",0,-0.346763866306412,0.115841786710785,0.290919690251838,-0.112707670625565,-0.277043532629481,-0.416428649433891,-0.135962069060475,-0.0247411626405223,0.993917662786584,0.999757862091843,-0.419532824502074,0.711908011135486,0.618220742359401,-0.540830462877054,-0.1555961886108,-0.0445734002443183,1.27427676266156,-0.26973131945978,-0.961657113219938,1.10662972764353,0.135422042612768,-0.574697546273115,-0.113860786417039,-0.0382639442739243,-0.759253601238671,-1.53139249135053,-0.71344444671316,0.847765711656421,-0.802202924725205,-0.650039470011399,-0.049335153206293,-0.0330109162638679,-0.639535815693025,-0.906604300011301,0.935312461488958,-0.0582622129318667,-1.6597493674547,-0.831486854781667,0,-0.036506204593266,-0.481588184154324,0.274222174319778,1.05230491728436,-1.26160056962335,-1.48080674570224,-0.797595882078731,-0.0998707974396848,0.15124826751584,1.52669651747532,1.43048399386859,0.751751776119325,-1.0828566761904,-0.547190670781726,0.245613473539072,-0.202993708003753,-0.0191459895266863,0.728815661816031,0.628218168302089,0.474752486526631,0.105859149553185,0.902147329875462,0.701128155761885,-0.177318504788345
"2840",0,-0.346763866306412,-0.314065241041354,-0.408360630783831,0.773219575117836,-0.277043532629481,-0.416428649433891,-0.135962069060475,-0.0247411626405223,-0.640995384823577,-0.467204948361685,0.325036110633647,-0.974290212048683,-1.233243685196,-0.540830462877054,-0.1555961886108,-0.0445734002443183,-0.453890387156393,0.92012536432158,1.22670964665357,0.0829717033647611,-1.13471128329909,-0.574697546273115,-0.113860786417039,-0.0382639442739243,-0.759253601238671,0.269703699587538,-0.205019902303017,0.0537348467377536,0.700605947741373,-0.376647239159639,-0.048236570436645,-0.0330109162638679,-0.639535815693025,-1.2263086449194,-1.47909877630812,-1.73997671328813,1.26922535171427,0.8887876654733,0,-0.0930309953194633,-0.481588184154324,-0.7840647592427,-1.12171262543579,-1.26160056962335,-0.750025235995087,2.40227986155689,-0.0998707974396848,-0.0692112518235939,-0.410266899197836,-0.328780595364958,-0.55774319753513,-1.46495055390318,-1.05343053405793,2.27190622946675,2.25623249403729,-0.0912709356995593,-0.303642030474405,-0.372637375748804,0.245017378270736,0.904845870642121,1.58965249581285,3.15874544616415,0.697813577192196
"2841",0,-0.346763866306412,-1.17387929654563,-1.34073439216472,0.773219575117836,-0.813775052877421,-0.416428649433891,-0.135962069060475,-0.0247411626405223,-0.640995384823577,-1.56742705620183,0.821415400724128,-0.0722162473109021,-1.40155863315559,-0.540830462877054,-0.1555961886108,-0.0445734002443183,-0.741918245459386,-0.26973131945978,1.39504555125922,-1.01694293969422,-1.29347794903808,-0.574697546273115,-0.113860786417039,-0.0382639442739243,0.862991058800398,1.08838378637757,-1.05239414298659,-1.53432688309958,-0.00495051157169514,0.990313915099158,-0.048236570436645,-0.0330109162638679,2.14340987250002,1.33132611434538,1.09627321067543,0.75642776586108,0.990111280309114,2.60906218572827,0,-0.0930309953194633,0.899570686159188,-0.0608293955280974,0.431157047935746,1.27280760797249,1.27008134505226,1.03090454285591,-0.0998707974396848,-0.0692112518235939,-0.410266899197836,-1.38433934890509,-1.72437177231173,1.16729496510292,0.127795813586543,-0.564903628832,-0.202993708003753,-0.0191459895266863,-0.303642030474405,-1.17332181098952,-1.19911569381819,0.831096249358025,-0.816615584968009,-0.527680489439249,-0.177318504788345
"2842",0,-0.346763866306412,0.760702328338993,0.0578262499066152,-0.0511416387933726,-0.455954039378794,-0.416428649433891,-0.135962069060475,-0.0247411626405223,-0.640995384823577,0.633017159478461,0.221269312061391,0.501133233237465,0.786535690318983,-0.540830462877054,-0.235159292436537,0.0386153206471683,0.410193187752585,1.09010489057606,-0.793321208614283,-1.01694293969422,1.24678870278565,0.270524592507076,-0.113860786417039,-0.0382639442739243,0.527433042140173,1.08838378637757,-1.56081868739673,-1.62192999609848,0.700605947741373,1.53709837680268,0.1090538591773,-0.0330109162638679,1.21576130976901,0.462258835506083,-1.47909877630812,-1.73997671328813,0.990111280309114,1.46221250555829,0,-0.0930309953194633,1.20000300386236,1.0705099191406,-1.12171262543579,-1.10320005852361,1.27008134505226,1.1067664903026,-0.0998707974396848,-0.0692112518235939,0.558214809138742,1.43048399386859,0.113523358226942,0.792269691554037,0.634035676862745,-0.323914393317682,-0.202993708003753,-0.0191459895266863,-0.303642030474405,0.42804705949191,0.93422270303842,0.310705262178251,-0.129110419030621,-0.527680489439249,-0.177318504788345
"2843",0,-0.346763866306412,-1.17387929654563,-0.874547511474277,0.773219575117836,-0.992685559626734,-0.416428649433891,-0.135962069060475,-0.0247411626405223,-0.640995384823577,-1.38405670489514,1.06960504576937,-0.131191100456599,-1.40155863315559,0.937368213326437,-0.1555961886108,-0.0445734002443183,-0.453890387156393,0.58016631181262,1.22670964665357,-0.853591196052854,0.294188708351751,3.65141314762784,-0.113860786417039,-0.0382639442739243,1.49244802467431,1.08838378637757,1.1507788827907,0.530153365688954,1.20154223856357,2.90405953106147,-0.048236570436645,-0.0330109162638679,0.28811274703799,0.372213079621086,0.665606713626421,0.950766487281889,1.1603029827845,2.03563734564328,0,-0.0930309953194633,-0.481588184154324,-0.984477210668762,-1.12171262543579,0.79760607467327,1.09815083938011,-0.797595882078731,-0.406366862784653,-0.0692112518235939,-0.410266899197836,-1.38433934890509,-1.33549558071953,1.16729496510292,-0.209697428597592,-0.767532904424768,-0.202993708003753,-0.0191459895266863,-0.303642030474405,-1.17332181098952,-0.673923054752843,0.706799001154165,-0.988491876452356,-0.76830614292363,-0.177318504788345
"2844",0,-0.346763866306412,0.330795300586854,0.229780400828637,-2.54900759641992,-0.992685559626734,-0.416428649433891,-0.135962069060475,-0.0247411626405223,-0.640995384823577,0.266276456865079,0.325036110633647,-2.23893887943681,-1.40155863315559,-0.540830462877054,-0.1555961886108,-0.0445734002443183,-0.1658625288534,1.09010489057606,0.216694219019643,-1.18029468333559,-1.29347794903808,-0.574697546273115,-0.113860786417039,-0.0382639442739243,-0.759253601238671,1.08838378637757,-0.71344444671316,-1.53432688309958,-1.3031392155474,-0.650039470011399,-0.048236570436645,-0.0330109162638679,0.597328934614995,1.33132611434538,0.130508715556599,-0.73094801307437,-1.56276425682162,-0.824824777008687,0,-0.0930309953194633,0.863684766259023,1.47858362970634,1.36287885195866,1.27280760797249,0.926220333707951,0.34521688350542,-0.0998707974396848,0.299258606849209,1.04245566330703,1.43048399386859,0.0255710898531705,0.196410075200648,1.14027554013895,1.46138912709568,-0.202993708003753,-0.0191459895266863,-0.303642030474405,0.228772974911069,0.474752486526631,0.112658392690295,0.386518455422421,-0.0361570313587953,-0.177318504788345
"2845",0,1.88237474806379,2.05042341159541,0.990200011287507,0.773219575117836,-0.455954039378794,-0.416428649433891,-0.135962069060475,-0.0247411626405223,0.666935053264552,0.999757862091843,-1.1641017596378,0.501133233237465,0.786535690318983,-0.540830462877054,-0.1555961886108,-0.111531751188364,-0.741918245459386,-0.43971084571426,0.89003783744226,1.43333321492626,-0.0233446231262145,-0.574697546273115,-0.113860786417039,-0.0382639442739243,-0.800270820913759,-0.385240369844486,1.1507788827907,0.847765711656421,-0.0724963224521579,-0.650039470011399,-0.048236570436645,-0.0330109162638679,-0.639535815693025,-1.2263086449194,-0.835255779562232,0.109909237103759,1.1603029827845,0.514078448819566,0,-0.0930309953194633,0.584340508977502,-0.984477210668762,-1.12171262543579,-1.26160056962335,0.926220333707951,1.7165922022064,-0.0998707974396848,-0.0692112518235939,3.94790078831677,0.198998781405106,-1.91880986810783,-0.707831402641512,0.802782297954812,1.05613057591014,-0.202993708003753,-0.0191459895266863,2.7937310463969,1.62907371235298,0.93422270303842,0.904845870642121,1.07402362135981,-0.281918760399022,-0.177318504788345
"2846",0,-0.346763866306412,-1.17387929654563,-2.73929503423606,-0.555671293497266,1.33315102811434,-0.416428649433891,-0.135962069060475,-0.0247411626405223,-0.618477026544358,-1.93416775881521,-2.15686033981876,0.922682789033507,0.618220742359401,-0.540830462877054,-0.1555961886108,-0.0445734002443183,-0.741918245459386,-1.28960847698666,1.05837374204791,1.43333321492626,0.929255371307683,-0.574697546273115,-0.113860786417039,-0.0382639442739243,0.527433042140173,0.760911751661556,0.811829186517271,0.688959538672687,1.03456347495617,-0.650039470011399,-0.048236570436645,-0.0179575742192926,0.0691760611481278,0.532065252075134,-0.577295521502095,-0.226433662967493,0.649727875358349,-0.831486854781667,0,-0.0930309953194633,-0.481588184154324,-0.984477210668762,-1.12171262543579,0.480805052473791,0.410428816691482,-0.797595882078731,-0.0998707974396848,-0.0692112518235939,-0.410266899197836,-1.38433934890509,-1.79363723224762,0.0422191444562627,0.127795813586543,-0.767532904424768,-0.202993708003753,-0.0191459895266863,-0.303642030474405,-1.04168381218285,-2.7415390290559,-0.481482215773575,0.386518455422421,-0.527680489439249,-0.177318504788345
"2847",0,-0.346763866306412,-0.743972268793493,0.0578262499066152,-0.669342640098048,-0.517902876528248,-0.416428649433891,-0.102488991695466,-0.0247411626405223,-0.640995384823577,0.082906105558388,-0.171343179456834,-2.23893887943681,-1.26775312541656,-0.540830462877054,-0.1555961886108,-0.0445734002443183,0.698221046055578,0.41018678555814,-0.961657113219938,-1.18029468333559,-1.29347794903808,-0.574697546273115,-0.113860786417039,-0.0382639442739243,0.527433042140173,0.105967682229532,-1.56081868739673,-1.53432688309958,-1.3031392155474,-0.650039470011399,-0.048236570436645,-0.0330109162638679,0.906545122192,0.212360907167038,-0.182585180494367,0.109909237103759,0.479536172882967,0.0286504053458163,0,-0.0930309953194633,-0.145269946550987,1.3246423271829,1.36287885195866,1.27280760797249,0.926220333707951,1.7165922022064,-0.0998707974396848,-0.0692112518235939,-0.410266899197836,0.550851699251816,0.608885377241471,-0.707831402641512,0.971528919046879,0.853501300317375,-0.202993708003753,-0.0191459895266863,-0.303642030474405,-0.572808484558983,0.704487594782526,0.508752131666208,0.214642163938074,-0.527680489439249,-0.702947098159973
"2848",0,-0.346763866306412,-1.17387929654563,-1.57382783250995,-0.777153104933116,-0.992685559626734,1.19736060282257,-0.135962069060475,-0.0247411626405223,-0.640995384823577,-1.20068635358845,1.06960504576937,-1.81738932364077,-1.40155863315559,2.90829978159776,-0.1555961886108,-0.0445734002443183,-0.741918245459386,-0.0997517932053001,0.216694219019643,-1.18029468333559,-0.0233446231262145,1.67922815714073,-0.113860786417039,-0.0382639442739243,0.964798601079678,0.924647769019562,-1.56081868739673,-1.37552071011585,1.20154223856357,-0.650039470011399,-0.048236570436645,-0.0330109162638679,2.45262606007703,0.212360907167038,-0.835255779562232,-0.226433662967493,0.990111280309114,-0.544774434739172,0,-0.0930309953194633,3.21791242948238,1.47858362970634,1.36287885195866,1.27280760797249,0.410428816691482,-0.569033328961901,-0.0998707974396848,-0.0692112518235939,1.04245566330703,-0.474929780439049,-0.55774319753513,-0.145293492318181,-1.55967039733413,-0.767532904424768,-0.202993708003753,-0.0191459895266863,-0.303642030474405,-0.989602386991898,-0.903658163008738,-1.2736696937254,-1.1603681679367,-0.527680489439249,-0.177318504788345
"2849",0,-0.346763866306412,-0.07854834108403,0.0578262499066152,-0.334189482061415,-0.813775052877421,-0.416428649433891,-0.135962069060475,-0.0247411626405223,0.520999258643721,0.633017159478461,-0.667722469547314,-0.34196587835462,0.786535690318983,-0.540830462877054,-0.1555961886108,-0.0445734002443183,1.27427676266156,1.09010489057606,-1.12999301782559,-0.200184221487392,1.24678870278565,0.552265305433806,-0.113860786417039,-0.0382639442739243,0.527433042140173,0.924647769019562,0.133929793970413,-0.899102191164647,1.36852100217096,1.53709837680268,-0.048236570436645,-0.0330109162638679,-0.639535815693025,-0.427047782649156,0.452430213929543,0.278080687139385,0.819919577833732,1.46221250555829,0,-0.0930309953194633,-0.481588184154324,-0.75578715440379,-1.12171262543579,-1.26160056962335,-0.621154217341457,1.7165922022064,-0.0998707974396848,-0.0692112518235939,-0.410266899197836,-1.03248643105838,-1.33549558071953,-1.83290722328817,-0.378444049689659,1.46138912709568,-0.202993708003753,-0.0191459895266863,-0.303642030474405,-0.172466266938626,0.474752486526631,0.904845870642121,1.58965249581285,0.455366426721658,-0.177318504788345
"2850",0,-0.346763866306412,-0.743972268793493,0.757106570942284,0.108774140810285,-0.813775052877421,-0.416428649433891,-0.135962069060475,-0.0247411626405223,-0.640995384823577,-0.650575299668376,0.821415400724128,0.922682789033507,0.113275898480654,-0.540830462877054,-0.1555961886108,-0.0445734002443183,-0.741918245459386,-0.77966989822322,1.39504555125922,-0.0368324778460259,1.24678870278565,-0.0112161204196545,-0.113860786417039,-0.0382639442739243,-0.828618538964216,-1.36765647399252,0.642354338380556,0.688959538672687,1.36852100217096,1.26370614595092,-0.048236570436645,-0.0330109162638679,-0.0957859629406621,-1.22726606774293,-0.835255779562232,0.446252137175011,0.990111280309114,2.03563734564328,0,-0.0930309953194633,-0.481588184154324,-0.984477210668762,-1.12171262543579,-1.26160056962335,0.926220333707951,1.7165922022064,-0.0998707974396848,-0.0692112518235939,-0.410266899197836,-1.38433934890509,-1.72437177231173,-0.332806129092624,1.14027554013895,1.25875985150291,-0.202993708003753,-0.0191459895266863,-0.303642030474405,-0.772979593369162,0.245017378270736,0.904845870642121,0.89821092570494,0.209604697681432,-0.177318504788345
"2851",0,4.11151336243399,1.84369698442589,0.290919690251838,-1.22011672780482,-0.992685559626734,-0.416428649433891,-0.135962069060475,-0.0247411626405223,-0.314012775301545,-0.283834597054994,0.821415400724128,1.13345756693153,-0.0550390494789284,-0.540830462877054,-0.1555961886108,-0.0445734002443183,-0.741918245459386,-1.62956752949562,-0.961657113219938,0.779926240360802,1.24678870278565,-0.403852787792053,-0.113860786417039,-0.0382639442739243,-0.759253601238671,-1.53139249135053,-1.39134383926002,0.498687379660919,0.867584711348771,-0.376647239159639,-0.048236570436645,-0.0330109162638679,-0.639535815693025,0.532065252075134,0.460475819450299,0.950766487281889,0.992337147251792,0.602075245430805,0,-0.0930309953194633,0.527366528655686,1.47858362970634,1.36287885195866,1.27280760797249,0.926220333707951,0.34521688350542,-0.0998707974396848,-0.0692112518235939,0.0739739549704533,0.90252053178616,0.608885377241471,-1.64539458651373,-1.55967039733413,-0.767532904424768,-0.202993708003753,-0.0191459895266863,2.7937310463969,2.02941592997334,-1.13339327126463,-2.26390404116519,-1.1603681679367,-0.527680489439249,-0.177318504788345
"2852",0,-0.346763866306412,-0.0982784686461183,0.290919690251838,0.994701386553687,-0.0981330258801679,-0.416428649433891,-0.135962069060475,-0.0247411626405223,1.32090027230862,-0.467204948361685,-0.915912114592555,0.711908011135486,0.113275898480654,-0.540830462877054,-0.1555961886108,-0.0445734002443183,-0.741918245459386,-1.62956752949562,-1.12999301782559,1.2699814712849,-0.199535741242753,-0.574697546273115,-0.113860786417039,-0.0382639442739243,-0.759253601238671,-1.53139249135053,0.472879490243842,0.212541019721487,-1.3031392155474,-0.650039470011399,-0.048236570436645,-0.0330109162638679,-1.05153904513617,-0.267195610195108,0.935312461488958,-1.5718052632525,-1.11955940422556,-0.831486854781667,0,-0.0930309953194633,-0.481588184154324,0.862818419612568,-0.500564756087173,-1.26160056962335,-1.129079132909,-0.797595882078731,-0.0998707974396848,-0.0692112518235939,-0.410266899197836,0.550851699251816,0.0255710898531705,-0.332806129092624,-0.209697428597592,0.0429841979463036,-0.202993708003753,-0.0191459895266863,-0.303642030474405,0.027704841871553,0.704487594782526,0.904845870642121,0.514750856421422,0.455366426721658,0.0214876106922328
"2853",0,-0.346763866306412,-0.314065241041354,0.141115982530134,0.108774140810285,0.0807774808691453,-0.416428649433891,-0.135962069060475,-0.0247411626405223,0.33995244374252,0.999757862091843,-0.667722469547314,-0.552740656252641,1.12316558623815,-0.540830462877054,-0.1555961886108,0.226299160441584,1.85033247926755,1.09010489057606,-0.624985304008629,-1.18029468333559,-0.0233446231262145,1.11574673128727,-0.113860786417039,-0.0382639442739243,1.17077636382959,0.760911751661556,-1.56081868739673,-1.85487902158949,-0.301266633903012,1.53709837680268,-0.048236570436645,-0.0330109162638679,0.597328934614995,0.532065252075134,-1.47909877630812,-1.73997671328813,-0.0310389345431809,0.602075245430805,0,-0.0930309953194633,0.274723479094691,0.554935814565679,-1.12171262543579,-1.26160056962335,1.09815083938011,-0.340470775845071,-0.0998707974396848,-0.0692112518235939,-0.410266899197836,0.312209839873117,-0.94661938912733,-0.145293492318181,0.802782297954812,-0.767532904424768,-0.202993708003753,-0.0191459895266863,-0.303642030474405,0.227875950681732,0.474752486526631,0.310705262178251,-0.816615584968009,-0.527680489439249,-0.177318504788345
"2854",0,-0.346763866306412,-1.17387929654563,-2.04001471320039,0.773219575117836,-0.813775052877421,-0.416428649433891,-0.135962069060475,-0.0247411626405223,-0.640995384823577,-1.93416775881521,-1.1641017596378,0.711908011135486,-1.40155863315559,-0.540830462877054,-0.1555961886108,-0.0445734002443183,-0.741918245459386,-1.62956752949562,0.89003783744226,0.453222753078071,-1.29347794903808,-0.574697546273115,-0.113860786417039,-0.0909846830221019,-0.759253601238671,-1.04018443927651,0.981304034653986,-1.05790836414838,-1.3031392155474,-0.650039470011399,-0.048236570436645,-0.267605534973144,-0.639535815693025,0.532065252075134,0.774351712302486,-0.394605113003119,-0.541614041969328,-0.831486854781667,0,-0.0930309953194633,1.20000300386236,1.47858362970634,0.586444015272899,1.27280760797249,0.410428816691482,-0.797595882078731,-0.0998707974396848,3.74986562380231,5.88486420498992,1.43048399386859,1.19219966462977,1.16729496510292,1.14027554013895,0.0429841979463036,-0.202993708003753,-0.0191459895266863,3.82618873868734,-0.842211523644134,-1.13339327126463,0.904845870642121,-0.300986710514968,-0.527680489439249,-0.177318504788345
"2855",0,-0.346763866306412,0.760702328338993,-0.175267190438608,0.108774140810285,1.15424052136502,-0.123111490731166,-0.135962069060475,-0.0247411626405223,-0.640995384823577,0.220396170144287,0.0768464655884069,0.501133233237465,1.29148053419773,0.444635321258607,-0.1555961886108,-0.0445734002443183,-0.741918245459386,-1.62956752949562,-1.12999301782559,0.779926240360802,0.294188708351751,-0.574697546273115,-0.113860786417039,-0.0382639442739243,-0.759253601238671,-1.20392045663452,0.43034119388483,0.688959538672687,-0.969181688332602,-0.650039470011399,-0.048236570436645,-0.0330109162638679,-0.639535815693025,0.212360907167038,1.09627321067543,-0.899119463109996,-1.56276425682162,-0.831486854781667,0,-0.0930309953194633,-0.481588184154324,-0.0608293955280974,1.20759188462151,1.27280760797249,0.926220333707951,-0.340470775845071,-0.0998707974396848,-0.0692112518235939,-0.410266899197836,-0.856559972135023,-0.75218129333123,0.792269691554037,1.14027554013895,-0.564903628832,-0.202993708003753,-0.0912709356995593,-0.303642030474405,1.02856038592245,0.93422270303842,0.310705262178251,-0.300986710514968,-0.527680489439249,-0.177318504788345
"2856",0,-0.346763866306412,-0.314065241041354,0.524013130597061,-1.66308035067652,-0.992685559626734,-0.416428649433891,-0.135962069060475,-0.0247411626405223,-0.640995384823577,0.44964680817177,-0.419532824502074,-2.02816410153879,-1.40155863315559,-0.540830462877054,-0.1555961886108,-0.0445734002443183,0.986248904358571,0.92012536432158,-0.961657113219938,-1.18029468333559,-1.29347794903808,-0.574697546273115,-0.113860786417039,-0.0382639442739243,1.49244802467431,0.433439716945544,-1.56081868739673,-1.53432688309958,-1.3031392155474,-0.650039470011399,-0.048236570436645,-0.0330109162638679,1.83419368492302,-0.107343437741059,0.130508715556599,0.950766487281889,0.819919577833732,-0.224289328467813,0,-0.0930309953194633,1.20000300386236,1.17070102465946,1.36287885195866,0.95600658577301,1.27008134505226,0.80234198973908,-0.0998707974396848,-0.0692112518235939,0.558214809138742,1.43048399386859,1.19219966462977,0.41724441800515,1.14027554013895,0.853501300317375,-0.202993708003753,-0.0191459895266863,-0.132568538609262,0.027704841871553,0.704487594782526,0.508752131666208,0.214642163938074,0.219254338833593,-0.177318504788345
"2857",0,-0.346763866306412,1.4055628699672,0.990200011287507,0.994701386553687,0.796419507866398,-0.123111490731166,-0.135962069060475,-0.0247411626405223,-0.640995384823577,0.44964680817177,-1.1641017596378,-1.39583976784473,0.956674849623836,1.18373465936035,-0.1555961886108,-0.0445734002443183,-0.741918245459386,-1.62956752949562,-0.28831349479732,0.779926240360802,1.08802203704667,-0.0112161204196545,-0.113860786417039,-0.0909846830221019,-0.759253601238671,-1.53139249135053,-0.0922847903059152,1.00657188464015,0.700605947741373,-0.650039470011399,-0.048236570436645,-0.0330109162638679,-0.639535815693025,-1.2263086449194,-1.47909877630812,-0.562776563038745,1.1603029827845,0.602075245430805,0,-0.0930309953194633,-0.145269946550987,-0.52265330309843,-1.12171262543579,-1.26160056962335,0.0665678053471691,2.63084241467372,0.00435488494232637,-0.0692112518235939,2.4951782258119,0.726778158175171,-0.747040156569873,-1.45788194973929,0.29654243467861,2.47453550505952,-0.202993708003753,-0.0191459895266863,0.728815661816031,0.828389277112268,0.93422270303842,0.904845870642121,1.58965249581285,0.748289962390353,-0.177318504788345
"2858",0,-0.346763866306412,-1.17387929654563,-0.408360630783831,0.773219575117836,0.0807774808691453,-0.416428649433891,-0.135962069060475,-0.0247411626405223,-0.640995384823577,-0.650575299668376,1.06960504576937,-0.131191100456599,0.618220742359401,-0.0480975708092236,-0.1555961886108,-0.0445734002443183,-0.453890387156393,0.92012536432158,-0.28831349479732,-1.01694293969422,0.230383538797041,0.552265305433806,-0.113860786417039,-0.0382639442739243,0.205761381295462,0.760911751661556,-1.56081868739673,-1.53432688309958,-0.46824539751041,0.990313915099158,-0.048236570436645,-0.0330109162638679,1.52497749734601,0.372213079621086,-1.47909877630812,-1.73997671328813,-0.584035789959005,1.46221250555829,0,-0.0930309953194633,0.863684766259023,1.28433969718395,-1.12171262543579,-1.26160056962335,-0.793084723013613,1.7165922022064,-0.0998707974396848,-0.0692112518235939,-0.410266899197836,1.25455753494524,-1.14105748492343,-1.14977094442433,0.127795813586543,0.766745933185433,-0.202993708003753,-0.0191459895266863,-0.303642030474405,-0.772979593369162,0.0152822700148413,1.29493843561477,1.07402362135981,-0.281918760399022,-0.177318504788345
"2859",0,-0.346763866306412,0.387847835385302,-0.408360630783831,-2.10604397354822,-0.992685559626734,-0.416428649433891,-0.135962069060475,-0.0247411626405223,0.33995244374252,0.999757862091843,1.06960504576937,1.13345756693153,0.281590846440236,-0.540830462877054,-0.1555961886108,-0.0445734002443183,0.698221046055578,1.09010489057606,0.89003783744226,0.616574496719437,1.24678870278565,-0.0112161204196545,-0.113860786417039,-0.0382639442739243,1.17077636382959,0.433439716945544,-1.56081868739673,-1.53432688309958,0.682293903890972,1.53709837680268,0.148230353575308,-0.0330109162638679,0.597328934614995,0.691917424529183,-1.47909877630812,-1.73997671328813,-0.201230637018563,1.46221250555829,0,-0.0930309953194633,0.863684766259023,1.29902050286278,-1.12171262543579,-1.26160056962335,-0.105362700324987,1.03090454285591,-0.0998707974396848,-0.0692112518235939,0.0739739549704533,1.43048399386859,0.0255710898531705,0.229731781230706,0.971528919046879,0.44824274913184,-0.202993708003753,-0.0191459895266863,-0.303642030474405,0.227875950681732,0.93422270303842,0.313820516664135,-0.300986710514968,-0.192665387489855,-0.177318504788345
"2860",0,-0.346763866306412,-0.743972268793493,-0.175267190438608,-0.555671293497266,-0.992685559626734,-0.416428649433891,-0.135962069060475,-0.0247411626405223,-0.640995384823577,0.266276456865079,-1.1641017596378,-0.552740656252641,-0.0550390494789284,-0.540830462877054,-0.1555961886108,-0.0445734002443183,0.0666385970954171,1.09010489057606,-0.624985304008629,0.289871009436705,0.452955374090734,-0.574697546273115,-0.113860786417039,-0.0382639442739243,-0.43758194039396,0.59717573430355,1.1507788827907,1.00657188464015,1.03456347495617,-0.10325500830788,-0.048236570436645,-0.0330109162638679,-0.639535815693025,-0.586899955103205,1.09627321067543,-0.394605113003119,0.139152767932202,0.602075245430805,0,-0.0930309953194633,-0.481588184154324,0.247053209518791,0.586444015272899,-1.11067744005774,-0.793084723013613,0.57377943662225,-0.0998707974396848,-0.0692112518235939,-0.410266899197836,0.374925240328461,-0.16886700594293,-1.83290722328817,-0.209697428597592,0.245613473539072,-0.202993708003753,-0.0191459895266863,-0.303642030474405,-0.572808484558983,-0.214452838241053,0.112658392690295,-0.129110419030621,-0.527680489439249,-0.177318504788345
"2861",0,-0.00634046134026193,1.19060935609113,0.990200011287507,0.994701386553687,0.474604359639543,-0.416428649433891,-0.135962069060475,-0.0247411626405223,1.32090027230862,0.999757862091843,-1.41229140468304,0.711908011135486,0.786535690318983,-0.540830462877054,-0.1555961886108,-0.0445734002443183,0.410193187752585,-0.77966989822322,-1.12999301782559,1.10662972764353,0.611722039829717,-0.574697546273115,-0.113860786417039,-0.0382639442739243,-0.759253601238671,-0.385240369844486,-0.0355450541663019,1.00657188464015,0.366648420526578,0.19079290831003,-0.048236570436645,-0.0330109162638679,-0.639535815693025,1.17147394189133,1.09627321067543,0.950766487281889,0.188726568820603,1.46221250555829,0,-0.214614263473876,-0.74502104421619,-0.830535908145318,1.05230491728436,0.480805052473791,-0.793084723013613,-0.797595882078731,-0.212964157442911,-0.0692112518235939,-0.410266899197836,0.374925240328461,1.19219966462977,-1.64539458651373,-1.55967039733413,-0.767532904424768,-0.202993708003753,-0.0191459895266863,-0.303642030474405,1.82924482116316,-0.673923054752843,-2.26390404116519,-1.1603681679367,-0.527680489439249,-0.177318504788345
"2862",0,0.767805440878689,0.115841786710785,-0.641454071129054,0.773219575117836,1.86988254836228,3.69001157240427,-0.135962069060475,-0.0247411626405223,0.666935053264552,0.999757862091843,1.06960504576937,-0.131191100456599,-0.223353997438511,-0.0480975708092236,-0.1555961886108,-0.0445734002443183,1.07662012995533,1.09010489057606,1.05837374204791,-0.690239452411488,-1.29347794903808,-0.574697546273115,-0.113860786417039,-0.0382639442739243,2.45746300720844,0.760911751661556,0.811829186517271,0.688959538672687,-1.3031392155474,-0.650039470011399,-0.048236570436645,-0.0330109162638679,-0.33031962811602,-1.06645647246535,-1.31813802712165,0.950766487281889,-1.56276425682162,-0.831486854781667,0,-0.0930309953194633,-0.537454000222035,-0.984477210668762,-0.966425658098632,1.27280760797249,-1.48080674570224,-0.797595882078731,-0.0998707974396848,-0.0692112518235939,-0.410266899197836,-0.856559972135023,0.0255710898531705,0.792269691554037,-1.29218799346806,-0.767532904424768,-0.202993708003753,-0.0191459895266863,-0.303642030474405,1.82924482116316,0.190722676757448,-1.66976343270132,-1.1603681679367,-0.527680489439249,-0.177318504788345
"2863",0,6.34065197680419,2.26537692547148,0.990200011287507,0.330255952246136,-0.455954039378794,-0.0139017296619362,-0.135962069060475,0.332867397484311,3.28279592944081,0.999757862091843,0.0768464655884069,-0.377585855479798,1.29148053419773,0.691001767292522,-0.1555961886108,-0.0445734002443183,2.13836033757054,0.7501458380671,-0.961657113219938,-1.18029468333559,-0.658411286082146,-0.292956833346385,-0.113860786417039,-0.0382639442739243,-0.115910279549249,0.924647769019562,0.00780099314327874,-1.53432688309958,-1.3031392155474,-0.650039470011399,-0.0885116476043009,-0.0330109162638679,-0.94550896027687,-0.107343437741059,1.09627321067543,-1.40363381321687,-1.56276425682162,-0.831486854781667,0,-0.0930309953194633,-0.481588184154324,-0.676594605621874,1.20759188462151,0.164004030274312,-1.48080674570224,-0.797595882078731,-0.0998707974396848,-0.0692112518235939,0.0739739549704533,-0.504707054288313,0.997761568833671,0.0422191444562627,-1.55967039733413,-0.767532904424768,-0.35211886038182,-0.0191459895266863,6.92356181555865,2.02941592997334,0.704487594782526,-2.06585717167723,-1.1603681679367,-0.527680489439249,-0.0517245539666289
"2864",0,-0.346763866306412,0.760702328338993,0.52324545673019,0.994701386553687,0.259687987618459,-0.416428649433891,-0.135962069060475,-0.0247411626405223,-0.314012775301545,0.633017159478461,-1.41229140468304,0.711908011135486,0.786535690318983,-0.540830462877054,-0.1555961886108,-0.0445734002443183,-0.741918245459386,-1.62956752949562,-1.12999301782559,1.10662972764353,-0.0233446231262145,-0.574697546273115,-0.113860786417039,-0.0382639442739243,-0.759253601238671,0.105967682229532,0.642354338380556,1.00657188464015,0.867584711348771,-0.10325500830788,-0.048236570436645,-0.0330109162638679,-0.639535815693025,1.33132611434538,1.09627321067543,0.950766487281889,0.649727875358349,1.46221250555829,0,-0.0930309953194633,-0.481588184154324,-0.676594605621874,1.20759188462151,-0.627998525224387,-1.48080674570224,-0.797595882078731,-0.14435462165369,-0.0692112518235939,-0.410266899197836,0.0230723224817513,0.608885377241471,-1.83290722328817,-1.55967039733413,-0.767532904424768,-0.202993708003753,-0.0191459895266863,-0.303642030474405,1.22873149473262,-0.444187946496948,-2.26390404116519,-1.1603681679367,-0.527680489439249,-0.177318504788345
"2865",0,-0.346763866306412,-1.17387929654563,-2.50620159389084,0.108774140810285,0.0807774808691453,-0.416428649433891,-0.307649041306478,-0.0247411626405223,-0.640995384823577,-1.7219601700058,-1.41229140468304,1.13345756693153,-1.06492873723642,-0.540830462877054,-0.35976050847037,-0.0445734002443183,-0.741918245459386,-0.557778575686129,1.56338145586488,-0.363535965128757,-1.59962214747453,-0.574697546273115,-0.113860786417039,-0.0382639442739243,-0.759253601238671,0.54980912335866,0.472879490243842,-1.53432688309958,-0.969181688332602,-0.650039470011399,-0.049335153206293,-0.0330109162638679,1.21576130976901,1.17147394189133,-1.15717727793518,-1.40363381321687,1.1603029827845,0.0286504053458163,0,-0.0930309953194633,3.21791242948238,1.17070102465946,0.275870080598593,1.11440709687275,1.09815083938011,-0.797595882078731,-0.0998707974396848,0.38861436178213,1.80360700712551,0.550851699251816,0.803323473037571,1.16729496510292,-0.209697428597592,-0.767532904424768,-0.0532773599328308,-0.0191459895266863,-0.303642030474405,-1.17332181098952,-1.80453936162223,0.310705262178251,-0.816615584968009,-0.527680489439249,-0.177318504788345
"2866",0,-0.346763866306412,0.760702328338993,-1.34073439216472,-2.54900759641992,-0.992685559626734,-0.416428649433891,-0.135962069060475,-0.0247411626405223,-0.640995384823577,0.999757862091843,-1.41229140468304,-1.45071543148292,-1.40155863315559,-0.540830462877054,-0.1555961886108,-0.0445734002443183,-0.453890387156393,1.09010489057606,-1.12999301782559,-1.18029468333559,-1.16651866479896,-0.574697546273115,-0.113860786417039,-0.0382639442739243,0.527433042140173,1.08838378637757,-1.56081868739673,-1.53432688309958,-1.3031392155474,-0.650039470011399,-0.048236570436645,0.237735788261539,1.23950547709842,1.17147394189133,0.452430213929543,0.446252137175011,-0.0310389345431809,-0.304063238617251,0,0.43825182853034,1.5363212414657,1.47858362970634,0.586444015272899,0.00560351917457189,0.926220333707951,0.34521688350542,-0.0998707974396848,-0.0692112518235939,1.04245566330703,1.43048399386859,0.414447281445371,0.0422191444562627,0.838682731131427,0.210206666759311,-0.202993708003753,-0.0191459895266863,-0.303642030474405,0.42804705949191,0.704487594782526,0.508752131666208,0.00276117836723598,-0.527680489439249,-0.177318504788345
"2867",0,-0.346763866306412,0.760702328338993,0.733633951910775,-0.531135179175527,-0.992685559626734,-0.416428649433891,-0.100380258184334,-0.0247411626405223,-0.640995384823577,0.692909079699663,0.573225755678888,1.13345756693153,-0.391668945398093,-0.540830462877054,-0.1555961886108,-0.0445734002443183,-0.741918245459386,0.58016631181262,0.89003783744226,0.943277984002168,1.24678870278565,-0.240919214289861,-0.12392672738272,-0.0382639442739243,-0.759253601238671,-0.548976387202492,0.642354338380556,0.0537348467377536,0.992580409778097,-0.10325500830788,-0.0164719233690216,-0.0330109162638679,-0.647624686518229,-1.2263086449194,-1.47909877630812,-1.73997671328813,0.479536172882967,1.17550008551579,0,-0.0930309953194633,-0.128536672021824,-0.214770698051542,-0.966425658098632,-1.26160056962335,0.582359322363638,1.03090454285591,-0.0998707974396848,-0.0692112518235939,0.0739739549704533,1.43048399386859,0.0255710898531705,-0.332806129092624,0.971528919046879,0.650872024724607,-0.202993708003753,-0.0191459895266863,-0.303642030474405,0.42804705949191,0.704487594782526,0.904845870642121,0.730271038391115,-0.281918760399022,-0.177318504788345
"2868",0,0.767805440878689,1.83546989771934,-1.1076409518195,-2.54900759641992,-0.992685559626734,0.0136060253309979,-0.135962069060475,-0.0247411626405223,1.97486549135268,0.999757862091843,-2.405049984864,-2.23893887943681,-0.399402069186348,0.691001767292522,-0.1555961886108,-0.0445734002443183,2.13836033757054,0.41018678555814,-1.12999301782559,-1.01694293969422,0.929255371307683,0.762015936098785,-0.113860786417039,-0.0382639442739243,2.13579134636373,0.924647769019562,-1.39134383926002,-0.10507132624598,1.36852100217096,0.17013722254388,-0.048236570436645,-0.0330109162638679,-0.33031962811602,1.17147394189133,1.09627321067543,0.950766487281889,-0.201230637018563,-0.831486854781667,0,-0.0930309953194633,-0.481588184154324,-0.214770698051542,1.36287885195866,0.79760607467327,-0.621154217341457,-0.797595882078731,-0.0998707974396848,-0.0692112518235939,-0.410266899197836,0.726778158175171,0.608885377241471,-1.83290722328817,-1.55967039733413,-0.429042747403157,-0.202993708003753,-0.0191459895266863,1.76127335410647,2.02941592997334,-1.36312837952053,-2.26390404116519,-1.1603681679367,-0.527680489439249,-0.346919743953276
"2869",0,1.88237474806379,-0.0991117271652847,-0.408360630783831,0.994701386553687,0.0807774808691453,-0.416428649433891,-0.135962069060475,-0.0247411626405223,0.795160354025247,0.266276456865079,0.325036110633647,1.13345756693153,-0.559983893357675,-0.697232314253082,-0.1555961886108,-0.0445734002443183,-0.741918245459386,-1.62956752949562,-0.28831349479732,0.782326437070524,-1.29347794903808,-0.574697546273115,-0.113860786417039,-0.0382639442739243,-1.0007425470567,-1.53139249135053,0.303404642107127,0.212541019721487,-1.3031392155474,-0.74013600956459,-0.048236570436645,-0.0330109162638679,-0.639535815693025,-1.2263086449194,0.291469464743071,0.446252137175011,-1.22238085187086,-0.831486854781667,0,-0.0930309953194633,-0.481588184154324,-0.950824251725606,-0.966425658098632,0.63920556357353,1.09815083938011,0.116654330388589,-0.0998707974396848,-0.0692112518235939,-0.410266899197836,-1.38433934890509,-1.91880986810783,-0.520318765867068,1.14027554013895,0.853501300317375,-0.202993708003753,-0.0191459895266863,-0.303642030474405,-0.97315070217934,0.245017378270736,0.904845870642121,0.730271038391115,-0.0361570313587953,-0.177318504788345
"2870",0,-0.346763866306412,-0.529018754917424,-0.408360630783831,0.994701386553687,0.975330014615711,-0.416428649433891,-0.320603380139519,-0.0247411626405223,0.33995244374252,0.266276456865079,-0.419532824502074,-0.974290212048683,1.29148053419773,-0.0480975708092236,-0.1555961886108,-0.0445734002443183,1.85033247926755,1.09010489057606,-0.119977590191666,0.779926240360802,0.452955374090734,-0.292956833346385,-0.217156379488639,-0.0382639442739243,-0.759253601238671,-0.712712404560498,1.1507788827907,0.847765711656421,-1.3031392155474,-0.650039470011399,-0.048236570436645,-0.0330109162638679,-0.639535815693025,-0.107343437741059,0.452430213929543,0.782595037246263,-1.22238085187086,-1.10551824148568,0,-0.0930309953194633,-0.481588184154324,0.554935814565679,-0.34527778875002,-0.311197503024907,0.410428816691482,-0.674675843808295,-0.0998707974396848,-0.0692112518235939,-0.410266899197836,0.550851699251816,-1.14105748492343,0.0422191444562627,0.634035676862745,-0.767532904424768,-0.202993708003753,-0.0191459895266863,-0.303642030474405,-0.542456597870597,0.93422270303842,0.508752131666208,-0.300986710514968,-0.527680489439249,-0.177318504788345
"2871",0,1.24615071332643,2.05042341159541,-0.408360630783831,-2.54900759641992,-0.992685559626734,-0.416428649433891,-0.135962069060475,-0.0247411626405223,2.30184810087471,0.44964680817177,0.0768464655884069,-0.34196587835462,-1.40155863315559,-0.588326747228144,-0.1555961886108,-0.0445734002443183,2.13836033757054,-0.26973131945978,0.216694219019643,1.43333321492626,0.294188708351751,-0.574697546273115,-0.113860786417039,-0.0382639442739243,0.205761381295462,0.760911751661556,1.1507788827907,1.00657188464015,0.700605947741373,-0.650039470011399,-0.048236570436645,-0.0330109162638679,-0.639535815693025,-1.2263086449194,-0.845620623573043,-0.73094801307437,0.819919577833732,-0.831486854781667,0,-0.0930309953194633,-0.481588184154324,-0.984477210668762,-1.12171262543579,-0.944799547423866,0.926220333707951,-0.111908222728241,-0.0998707974396848,-0.0692112518235939,1.04245566330703,0.550851699251816,-0.94661938912733,-1.45788194973929,1.24249504216815,1.66401840268845,-0.202993708003753,-0.0191459895266863,0.728815661816031,0.42804705949191,0.245017378270736,0.904845870642121,1.58965249581285,2.17569853000325,-0.177318504788345
"2872",0,-0.346763866306412,-1.17387929654563,-1.80692127285517,0.994701386553687,-0.277043532629481,-0.592850421765515,-0.135962069060475,-0.0247411626405223,-0.640995384823577,-1.93416775881521,-2.15686033981876,1.13345756693153,-0.391668945398093,-0.540830462877054,-0.1555961886108,-0.0445734002443183,-0.741918245459386,-1.80348668786421,0.553366028230951,1.10662972764353,-1.13471128329909,1.96096887006746,4.50252433346203,-0.0382639442739243,-0.759253601238671,-1.04018443927651,0.981304034653986,-0.899102191164647,0.19966965691918,3.45084399276499,2.03080862966328,-0.0330109162638679,0.28811274703799,1.17147394189133,-0.0304520336298728,-1.23546236318125,0.819919577833732,2.03563734564328,0,6.08960719964629,4.56318537989573,1.47858362970634,1.20759188462151,1.27280760797249,1.27008134505226,-0.111908222728241,-0.0998707974396848,3.74986562380231,4.43214164248506,0.198998781405106,-0.16886700594293,1.16729496510292,0.127795813586543,-0.767532904424768,-0.202993708003753,-0.0191459895266863,-0.303642030474405,-1.17332181098952,-1.59286348777642,0.904845870642121,-0.816615584968009,-0.527680489439249,-0.193639542034551
"2873",0,-0.455426973675567,-1.17387929654563,-0.874547511474277,0.815562819671533,0.796419507866398,1.05015714407974,-0.135962069060475,-0.0247411626405223,-0.640995384823577,-0.467204948361685,1.06960504576937,0.0795836774414227,0.954850638278565,3.15466622763167,-0.1555961886108,-0.111531751188364,-0.741918245459386,-0.150124263267228,1.56338145586488,1.43333321492626,0.929255371307683,2.52445029592092,-0.222177454944943,-0.0382639442739243,-0.759253601238671,-1.04018443927651,0.133929793970413,1.00657188464015,1.36852100217096,1.26370614595092,-0.048236570436645,-0.0330109162638679,-0.639535815693025,-1.2263086449194,-1.47909877630812,-1.40363381321687,1.1603029827845,0.315362825388311,0,-0.0930309953194633,-0.481588184154324,-0.984477210668762,-1.12171262543579,-0.627998525224387,1.27008134505226,-0.340470775845071,-0.0998707974396848,-0.0692112518235939,-0.410266899197836,-1.38433934890509,-1.72437177231173,0.229731781230706,0.29654243467861,-0.767532904424768,-0.202993708003753,-0.0191459895266863,-0.303642030474405,-1.17332181098952,0.474752486526631,0.706799001154165,-0.816615584968009,-0.527680489439249,-0.177318504788345
"2874",0,-0.346763866306412,1.62051638384327,0.990200011287507,0.773219575117836,1.33315102811434,0.756839985377011,-0.135962069060475,-0.0247411626405223,-0.640995384823577,0.395255103188996,0.573225755678888,-1.39583976784473,-1.06492873723642,-0.294464016843139,-0.1555961886108,-0.0445734002443183,-0.741918245459386,-0.753895093232169,0.89003783744226,1.2699814712849,-0.182111288865197,-0.574697546273115,-0.113860786417039,-0.0382639442739243,-0.759253601238671,-1.53139249135053,-1.56081868739673,0.0418672811851114,0.533627184133976,-0.10325500830788,-0.048236570436645,-0.0330109162638679,-0.639535815693025,-1.2263086449194,-1.47909877630812,-1.73997671328813,-0.711805744444711,1.17550008551579,0,-0.0930309953194633,-0.145269946550987,-0.52265330309843,-1.16165758437913,-1.26160056962335,-0.621154217341457,1.03090454285591,-0.0998707974396848,-0.0692112518235939,2.97941907998019,0.198998781405106,-1.52993367651563,-1.0828566761904,0.634035676862745,0.0429841979463036,-0.202993708003753,-0.0191459895266863,0.728815661816031,0.828389277112268,0.474752486526631,0.508752131666208,0.0427658724537265,-0.527680489439249,-0.177318504788345
"2875",0,-0.346763866306412,-1.17387929654563,-0.641454071129054,0.994701386553687,1.15424052136502,0.17020566797156,-0.135962069060475,-0.0247411626405223,-0.640995384823577,-1.38405670489514,0.821415400724128,-0.131191100456599,1.29148053419773,0.444635321258607,-0.1555961886108,-0.073994983229481,-0.453890387156393,0.7501458380671,0.216694219019643,-1.18029468333559,0.7704887055687,1.397487444214,-0.113860786417039,-0.0382639442739243,1.49244802467431,0.924647769019562,-1.39134383926002,-1.53432688309958,1.03456347495617,0.990313915099158,-0.048236570436645,-0.0330109162638679,0.597328934614995,1.17147394189133,-1.47909877630812,-1.73997671328813,0.990111280309114,0.602075245430805,0,-0.0930309953194633,0.67750876031242,0.862818419612568,-0.500564756087173,0.164004030274312,1.09815083938011,-0.797595882078731,-0.0998707974396848,-0.0692112518235939,-0.410266899197836,-0.504707054288313,1.19219966462977,1.16729496510292,-0.0409508075055244,-0.767532904424768,-0.202993708003753,-0.0191459895266863,-0.303642030474405,-1.17332181098952,-0.673923054752843,0.508752131666208,-0.816615584968009,-0.527680489439249,-0.177318504788345
"2876",0,-0.437434439302317,-0.958925782669563,-0.175973278739,-1.66308035067652,-0.992685559626734,-0.416428649433891,-0.141554511837704,-0.0247411626405223,-0.640995384823577,-0.100464245748303,-0.171343179456834,-2.23893887943681,-1.40155863315559,-0.469930629868557,-0.1555961886108,-0.0445734002443183,-0.453890387156393,1.09010489057606,-0.624985304008629,-1.27075218451965,-1.29347794903808,-0.574697546273115,-0.113860786417039,-0.0382639442739243,0.205761381295462,1.08838378637757,1.1507788827907,0.0537348467377536,-0.802202924725205,-0.650039470011399,-0.048236570436645,-0.0330109162638679,1.21576130976901,1.33132611434538,0.291469464743071,-0.0582622129318667,0.819919577833732,-0.544774434739172,0,-0.0930309953194633,0.863684766259023,1.47858362970634,-0.966425658098632,-1.26160056962335,-0.277293205997144,1.7165922022064,-0.0998707974396848,-0.0692112518235939,0.0739739549704533,0.902704617098525,-0.55774319753513,-1.83290722328817,0.306836693201995,1.66401840268845,-0.202993708003753,-0.0191459895266863,-0.303642030474405,-0.97315070217934,0.287378215291044,0.904845870642121,1.4177762043285,0.701128155761885,-0.177318504788345
"2877",0,-0.346763866306412,-0.529018754917424,0.524013130597061,-1.88456216211237,-0.992685559626734,-0.416428649433891,-0.135962069060475,-0.0247411626405223,-0.640995384823577,0.266276456865079,-0.0524917272940542,-2.23893887943681,-1.40155863315559,-0.540830462877054,-0.1555961886108,-0.0445734002443183,-0.741918245459386,0.92012536432158,-0.456649399402975,-1.18029468333559,-1.29347794903808,-0.574697546273115,-0.113860786417039,-0.0382639442739243,0.527433042140173,1.08838378637757,0.133929793970413,-0.58148984519718,-1.3031392155474,-0.650039470011399,-0.049335153206293,-0.0330109162638679,0.373643151269473,1.33132611434538,0.935312461488958,0.446252137175011,0.309344470407584,-0.544774434739172,0,-0.0930309953194633,0.19104829105235,1.47858362970634,-0.500564756087173,-1.26160056962335,0.0200178820859151,1.25946709597274,-0.0998707974396848,-0.0692112518235939,-0.410266899197836,0.902704617098525,0.220009185649271,-1.83290722328817,-0.547190670781726,2.27190622946675,-0.202993708003753,-0.0912709356995593,-0.303642030474405,-0.442729904810226,0.474752486526631,0.310705262178251,1.58965249581285,1.19265161384234,-0.177318504788345
"2878",0,-0.346763866306412,-0.314065241041354,0.757106570942284,-2.54900759641992,-1.55738328086082,-0.416428649433891,-0.135962069060475,-0.0247411626405223,-0.640995384823577,0.082906105558388,-0.667722469547314,-2.23893887943681,-1.40155863315559,-0.540830462877054,-0.1555961886108,-0.0445734002443183,-0.741918245459386,1.09010489057606,-0.624985304008629,-1.18029468333559,-1.29347794903808,-0.648211011370728,-0.113860786417039,0.00253193544590119,0.205761381295462,1.08838378637757,-0.882919294849875,-0.422683672213447,-1.3031392155474,-0.650039470011399,-0.0762276538598208,-0.0330109162638679,0.28811274703799,1.33132611434538,1.09627321067543,0.614423587210637,0.309344470407584,-0.544774434739172,0,-0.0930309953194633,0.527366528655686,1.47858362970634,0.357185818942714,-1.26160056962335,-0.105362700324987,1.48802964908957,-0.0998707974396848,-0.0692112518235939,-0.410266899197836,1.07863107602188,-0.16886700594293,-1.83290722328817,-1.22217715515,2.47453550505952,-0.202993708003753,-0.0191459895266863,-0.303642030474405,-0.572808484558983,0.474752486526631,0.904845870642121,1.58965249581285,1.92993680096302,0.697813577192196
"2879",0,-0.346763866306412,-0.743972268793493,0.290919690251838,0.741195741604825,-0.277043532629481,-0.416428649433891,-0.107588081177432,-0.0247411626405223,-0.640995384823577,-1.93416775881521,1.06960504576937,1.13345756693153,0.449905794399818,-0.540830462877054,-0.1555961886108,-0.111531751188364,-0.741918245459386,-1.62956752949562,1.05837374204791,1.43333321492626,1.08802203704667,-0.574697546273115,-0.113860786417039,-0.0382639442739243,-0.759253601238671,-1.36765647399252,0.811829186517271,1.00657188464015,0.533627184133976,-0.650039470011399,-0.048236570436645,-0.0330109162638679,-0.639535815693025,-0.387832325859233,1.09627321067543,0.950766487281889,-0.541614041969328,-0.831486854781667,0,-0.0930309953194633,-0.481588184154324,-0.52265330309843,1.36287885195866,0.95600658577301,-1.13694573435793,-0.797595882078731,-0.0998707974396848,-0.0692112518235939,-0.410266899197836,-0.152854136441604,1.19219966462977,1.16729496510292,-1.05343053405793,-0.767532904424768,-0.202993708003753,-0.0191459895266863,-0.303642030474405,-0.372637375748804,0.245017378270736,0.904845870642121,-0.472863001999315,-0.527680489439249,-0.177318504788345
"2880",0,2.99694405524889,2.05042341159541,-0.175267190438608,-2.32752578498407,-0.992685559626734,-0.416428649433891,-0.135962069060475,-0.0247411626405223,1.97486549135268,0.44964680817177,0.0768464655884069,-0.374525300326807,-1.40155863315559,-0.540830462877054,-0.1555961886108,-0.0445734002443183,0.698221046055578,-0.77966989822322,0.385030123625297,0.289871009436705,-1.29347794903808,-0.574697546273115,-0.113860786417039,-0.0382639442739243,-0.759253601238671,-1.20392045663452,0.811829186517271,0.0537348467377536,-1.3031392155474,-0.650039470011399,-0.048236570436645,-0.0539306280597664,-0.639535815693025,-0.746752127557253,0.452430213929543,0.782595037246263,0.649727875358349,-0.544774434739172,0,-0.0930309953194633,-0.481588184154324,-0.984477210668762,-1.12171262543579,-1.10320005852361,1.09815083938011,0.80234198973908,-0.0998707974396848,-0.0692112518235939,1.52669651747532,0.550851699251816,-0.94661938912733,0.0422191444562627,1.14027554013895,0.0429841979463036,-0.202993708003753,-0.0191459895266863,3.82618873868734,1.22873149473262,0.245017378270736,0.112658392690295,-0.644739293483662,-0.527680489439249,-0.0821263214731258
"2881",0,-0.346763866306412,-0.0991117271652847,0.0578262499066152,0.994701386553687,1.33315102811434,0.756839985377011,-0.135962069060475,-0.0247411626405223,-0.640995384823577,0.266276456865079,0.325036110633647,-0.552740656252641,-0.0550390494789284,0.937368213326437,-0.175533152199696,-0.0445734002443183,-0.1658625288534,0.92012536432158,-0.624985304008629,-1.18029468333559,-0.814750524215884,-0.574697546273115,-0.113860786417039,0.0337041416019022,0.527433042140173,1.08838378637757,0.472879490243842,0.37134719270522,-0.301266633903012,-0.650039470011399,-0.048236570436645,-0.0330109162638679,0.597328934614995,1.33132611434538,0.935312461488958,0.446252137175011,0.819919577833732,-0.831486854781667,0,-0.187068671521991,-0.481588184154324,-0.984477210668762,-0.927689136362504,0.379375864997164,1.09815083938011,-0.797595882078731,-0.0998707974396848,-0.0692112518235939,-0.445171295774846,-0.856559972135023,-1.14105748492343,0.604757054779594,0.167832697115966,-0.767532904424768,-0.202993708003753,-0.0191459895266863,-0.303642030474405,0.027704841871553,0.0152822700148413,0.310705262178251,-0.988491876452356,-0.967702125929706,-0.318730837687403
"2882",0,-0.346763866306412,0.115841786710785,0.757106570942284,-0.555671293497266,-0.992685559626734,-0.416428649433891,-0.135962069060475,-0.0247411626405223,-0.098158664277566,0.816387510785152,0.573225755678888,1.13345756693153,-0.223353997438511,-0.540830462877054,-0.1555961886108,-0.0445734002443183,0.410193187752585,0.58016631181262,-1.12999301782559,-0.0368324778460259,0.618240713669664,-0.292956833346385,-0.113860786417039,-0.0382639442739243,1.17077636382959,0.433439716945544,-1.56081868739673,-1.53432688309958,0.867584711348771,1.53709837680268,-0.048236570436645,-0.0330109162638679,1.52497749734601,0.793044044229115,-1.47909877630812,-1.73997671328813,0.479536172882967,1.46221250555829,0,-0.0930309953194633,1.5363212414657,1.01675972213601,-1.12171262543579,-1.26160056962335,0.582359322363638,1.03090454285591,-0.0998707974396848,-0.0692112518235939,0.558214809138742,1.25455753494524,0.0255710898531705,-0.332806129092624,0.971528919046879,0.0429841979463036,-0.202993708003753,-0.0191459895266863,-0.303642030474405,-0.172466266938626,0.0152822700148413,0.310705262178251,-0.129110419030621,-0.527680489439249,-0.177318504788345
"2883",0,-0.346763866306412,-0.958925782669563,-0.874547511474277,0.773219575117836,1.86988254836228,1.63679146148519,-0.135962069060475,-0.0247411626405223,-0.314012775301545,0.194666040202484,-0.520263122262687,-0.34196587835462,0.9445688577168,1.43010110539427,-0.1555961886108,-0.0445734002443183,1.56230462096456,1.09010489057606,-0.28831349479732,0.616574496719437,0.287224196863049,0.21013321537702,-0.113860786417039,-0.0382639442739243,0.911755638909556,1.08838378637757,0.57931092943524,1.00657188464015,0.366648420526578,-0.376647239159639,-0.048236570436645,-0.0330109162638679,-0.639535815693025,-1.06645647246535,-0.835255779562232,-0.0582622129318667,1.1603029827845,1.74892492560078,0,-0.0184659854959412,-0.481588184154324,-0.984477210668762,-1.12171262543579,-0.786399036324126,1.27008134505226,0.80234198973908,-0.0998707974396848,-0.0692112518235939,-0.410266899197836,-1.38433934890509,-1.33549558071953,0.792269691554037,0.802782297954812,-0.564903628832,-0.131419815994621,-0.0191459895266863,-0.303642030474405,-1.09393706068744,-0.214452838241053,0.706799001154165,-0.644739293483662,-0.527680489439249,-0.177318504788345
"2884",0,0.767805440878689,0.975655842215063,0.990200011287507,-0.133538283336377,-0.813775052877421,-0.416428649433891,-0.135962069060475,-0.0247411626405223,1.64788288183065,0.999757862091843,-0.419532824502074,0.501133233237465,-0.395503893733121,-0.540830462877054,-0.1555961886108,-0.0445734002443183,-0.453890387156393,-0.60969037196874,-1.12999301782559,0.289871009436705,-0.0233446231262145,-0.574697546273115,-0.113860786417039,-0.0382639442739243,-0.759253601238671,-1.53139249135053,-0.374494750439731,0.847765711656421,0.366648420526578,-0.650039470011399,-0.048236570436645,-0.0330109162638679,-0.639535815693025,-1.2263086449194,-0.513334281189288,0.278080687139385,0.819919577833732,1.17550008551579,0,-0.0930309953194633,-0.481588184154324,-0.789827531930965,-1.12171262543579,-1.26160056962335,-1.13694573435793,2.40227986155689,-0.0998707974396848,-0.0692112518235939,-0.410266899197836,-0.152854136441604,-0.75218129333123,-1.0828566761904,-0.0409508075055244,2.06927695387398,0.211334928862463,-0.0191459895266863,-0.303642030474405,0.227875950681732,0.958562145268097,0.904845870642121,1.07402362135981,1.19265161384234,-0.177318504788345
"2885",0,-0.346763866306412,-0.314065241041354,0.0578262499066152,0.994701386553687,0.259687987618459,-0.721213732818389,-0.135962069060475,-0.0247411626405223,-0.640995384823577,0.816387510785152,-1.66048104972828,-1.39583976784473,0.954850638278565,-0.540830462877054,-0.1555961886108,-0.0445734002443183,-0.741918245459386,0.92012536432158,-1.12999301782559,-0.690239452411488,1.08802203704667,0.552265305433806,-0.113860786417039,-0.0382639442739243,0.849104702984884,1.08838378637757,-0.882919294849875,0.00735866560455349,1.36852100217096,0.443529453395639,-0.048236570436645,-0.0330109162638679,-0.639535815693025,0.372213079621086,0.452430213929543,0.109909237103759,1.02007342188815,1.46221250555829,0,-0.0930309953194633,-0.481588184154324,-0.984477210668762,-1.12171262543579,-1.26160056962335,0.410428816691482,0.34521688350542,-0.0998707974396848,-0.0692112518235939,-0.410266899197836,-1.03248643105838,-0.36330510173903,-1.83290722328817,0.971528919046879,-0.564903628832,-0.202993708003753,-0.0191459895266863,-0.303642030474405,-0.308244139732577,0.245017378270736,0.706799001154165,-0.300986710514968,-0.527680489439249,-0.177318504788345
"2886",0,-0.346763866306412,0.603832079740638,0.757106570942284,0.552712478807089,1.86988254836228,3.69001157240427,-0.135962069060475,-0.0247411626405223,-0.314012775301545,0.816387510785152,-0.419532824502074,-0.552740656252641,0.954850638278565,2.66193333556384,-0.1555961886108,-0.0445734002443183,-0.560520953152044,-1.62956752949562,-1.12999301782559,-0.350597094908138,1.09798960976408,1.96096887006746,-0.113860786417039,-0.0177637689065176,-1.00971484074471,-1.53139249135053,0.133929793970413,1.1734169290343,1.36852100217096,0.443529453395639,-0.048236570436645,-0.0330109162638679,-0.639535815693025,-1.06645647246535,1.09627321067543,0.950766487281889,1.1603029827845,2.32234976568577,0,-0.0930309953194633,-0.481588184154324,-0.984477210668762,0.897017949947205,1.11440709687275,-0.793084723013613,-0.569033328961901,-0.0998707974396848,-0.0692112518235939,-0.410266899197836,-0.504707054288313,1.19219966462977,-0.520318765867068,-1.55967039733413,-0.767532904424768,-0.202993708003753,-0.0191459895266863,-0.303642030474405,0.628218168302089,0.704487594782526,-2.26390404116519,-1.1603681679367,-0.527680489439249,-0.177318504788345
"2887",0,-0.346763866306412,-0.18624744278227,0.290919690251838,0.108774140810285,-0.634864546128108,-0.416428649433891,-0.135962069060475,-0.0247411626405223,-0.640995384823577,0.615262670349097,1.06960504576937,0.144133368390954,0.618220742359401,-0.540830462877054,-0.1555961886108,-0.0445734002443183,-0.1658625288534,1.09010489057606,-0.33873883332575,-1.18029468333559,0.611722039829717,0.552265305433806,-0.113860786417039,-0.0382639442739243,1.17077636382959,0.78155954455465,-1.56081868739673,-1.53432688309958,0.366648420526578,0.990313915099158,-0.048236570436645,-0.0330109162638679,0.28811274703799,0.851769596983231,-1.47909877630812,-1.73997671328813,-0.371422339493946,1.74892492560078,0,-0.0930309953194633,0.527366528655686,1.0445992442337,-1.12171262543579,-1.10320005852361,0.582359322363638,0.57377943662225,-0.0998707974396848,-0.118403030965656,0.0739739549704533,0.902704617098525,-0.16886700594293,0.604757054779594,1.14027554013895,-0.362274353239232,-0.202993708003753,-0.0391425295684976,-0.303642030474405,-0.172466266938626,0.474752486526631,0.310705262178251,-0.472863001999315,-0.527680489439249,-0.177318504788345
"2888",0,-0.346763866306412,-0.743972268793493,0.524013130597061,-0.112707670625565,-0.380637714115844,-0.416428649433891,-0.135962069060475,-0.0247411626405223,-0.411991184342019,0.44964680817177,-1.1641017596378,-0.890698720483886,-0.391668945398093,-0.540830462877054,-0.1555961886108,-0.0445734002443183,-0.741918245459386,0.41018678555814,-1.12999301782559,-1.01694293969422,0.611722039829717,-0.0112161204196545,-0.113860786417039,-0.0382639442739243,0.205761381295462,0.433439716945544,-1.56081868739673,-1.21671453713211,1.20154223856357,0.633459296233962,-0.048236570436645,-0.0330109162638679,-0.33031962811602,0.851769596983231,0.774351712302486,0.278080687139385,0.819919577833732,0.553304904481353,0,-0.0930309953194633,-0.481588184154324,-0.984477210668762,-1.12171262543579,-1.26160056962335,0.582359322363638,0.116654330388589,-0.0998707974396848,-0.0692112518235939,-0.410266899197836,-1.38433934890509,-1.45543504891823,-1.83290722328817,0.127795813586543,-0.159645077646464,-0.202993708003753,-0.0191459895266863,-0.303642030474405,-0.772979593369162,0.474752486526631,0.112658392690295,1.24589991284416,-0.527680489439249,-0.177318504788345
"2889",0,0.178276771078426,1.4055628699672,0.990200011287507,0.773219575117836,-0.634864546128108,-0.416428649433891,-0.135962069060475,0.13393602448343,1.32090027230862,0.999757862091843,-0.915912114592555,0.711908011135486,0.281590846440236,-0.540830462877054,-0.1555961886108,-0.0445734002443183,0.268932232226798,-0.26973131945978,-0.624985304008629,1.2699814712849,-0.182111288865197,-0.574697546273115,-0.113860786417039,-0.0382639442739243,-0.759253601238671,-1.36765647399252,1.1507788827907,1.00657188464015,-0.46824539751041,-0.650039470011399,-0.049335153206293,-0.0330109162638679,-0.894194805356838,-1.2263086449194,-0.996216528748704,0.446252137175011,1.1603029827845,-0.00602436561218866,0,-0.0930309953194633,-0.481588184154324,-0.0608293955280974,-1.12171262543579,-0.944799547423866,0.926220333707951,1.03090454285591,-0.0998707974396848,-0.0692112518235939,0.0739739549704533,1.43048399386859,-0.58199001429683,-0.520318765867068,0.971528919046879,0.650872024724607,-0.202993708003753,-0.0721480760967669,-0.303642030474405,1.22873149473262,0.93422270303842,0.904845870642121,0.558394746906768,-0.281918760399022,-0.177318504788345
"2890",0,-0.346763866306412,-1.17387929654563,-2.50620159389084,0.994701386553687,1.51206153486365,-0.123111490731166,-0.135962069060475,-0.0247411626405223,-0.640995384823577,-1.93416775881521,-0.419532824502074,1.13345756693153,0.954850638278565,-0.540830462877054,-0.1555961886108,-0.0445734002443183,0.122165329449593,-0.457266620685715,1.56338145586488,1.43333321492626,-0.817177951821129,-0.574697546273115,-0.113860786417039,0.0648763477579032,0.849104702984884,1.08838378637757,1.1507788827907,1.00657188464015,-0.362412159586509,-0.521478186015784,-0.048236570436645,-0.0330109162638679,-0.471688856438945,-1.2263086449194,0.774351712302486,0.950766487281889,-0.313300976445069,-0.831486854781667,0,-0.0930309953194633,-0.481588184154324,-0.984477210668762,0.275870080598593,1.27280760797249,-0.105362700324987,-0.797595882078731,-0.0998707974396848,-0.0692112518235939,-0.410266899197836,-1.38433934890509,-0.94661938912733,0.895726130888421,0.465289055770677,-0.767532904424768,-0.202993708003753,-0.0191459895266863,-0.394616790108756,-1.17332181098952,-2.28206881254411,0.706799001154165,1.24589991284416,-0.0361570313587953,-0.177318504788345
"2891",0,-0.346763866306412,1.19060935609113,0.757106570942284,-0.555671293497266,-0.992685559626734,-0.416428649433891,-0.135962069060475,-0.0247411626405223,-0.640995384823577,0.44964680817177,-0.667722469547314,0.501133233237465,0.281590846440236,-0.540830462877054,-0.1555961886108,-0.111531751188364,-0.741918245459386,0.189402291401479,-0.119977590191666,-1.01694293969422,0.0481108147699915,0.270524592507076,-0.113860786417039,-0.0382639442739243,0.527433042140173,0.433439716945544,-1.56081868739673,-1.53432688309958,-0.635224161117807,1.53709837680268,-0.048236570436645,-0.0943673911467006,1.83419368492302,-0.107343437741059,-1.47909877630812,-1.73997671328813,-0.711805744444711,1.46221250555829,0,-0.0930309953194633,1.87263947906903,0.247053209518791,-1.12171262543579,-0.469598014124647,1.09815083938011,-0.111908222728241,-0.0998707974396848,-0.0692112518235939,1.07986959432911,1.07863107602188,0.0255710898531705,1.16729496510292,0.127795813586543,-0.767532904424768,-0.202993708003753,-0.0191459895266863,-0.303642030474405,1.22873149473262,0.0152822700148413,-1.66976343270132,-1.1603681679367,-0.527680489439249,-0.177318504788345
"2892",0,-0.346763866306412,2.05042341159541,0.990200011287507,-0.998634916368966,-0.992685559626734,-0.416428649433891,-0.135962069060475,-0.0247411626405223,0.33995244374252,0.999757862091843,-1.41229140468304,1.13345756693153,-0.89661378927684,-0.540830462877054,-0.1555961886108,-0.0152492710856271,0.155843852121241,0.41018678555814,-0.119977590191666,1.47787329605565,0.135422042612768,-0.574697546273115,-0.113860786417039,-0.0382639442739243,-0.334497771861991,-1.53139249135053,-1.56081868739673,0.37134719270522,-0.134287870295615,-0.709573730894465,-0.048236570436645,-0.0330109162638679,-0.639535815693025,-1.2263086449194,-0.511682754544074,0.782595037246263,-0.881997446920094,-0.831486854781667,0,-0.0930309953194633,-0.481588184154324,-0.984477210668762,-0.189990821412867,1.11440709687275,-1.13694573435793,-0.797595882078731,-0.0998707974396848,-0.0692112518235939,0.0739739549704533,0.550851699251816,0.997761568833671,0.604757054779594,-1.22217715515,0.853501300317375,1.02661939301677,-0.0191459895266863,-0.303642030474405,1.4289026035428,0.474752486526631,0.706799001154165,1.58965249581285,2.43301690752299,2.44807774115328
"2893",0,-0.346763866306412,-0.529018754917424,0.757106570942284,0.330255952246136,-0.813775052877421,-0.416428649433891,-0.135962069060475,-0.0247411626405223,-0.640995384823577,0.44964680817177,0.573225755678888,0.0795836774414227,-0.728298841317257,-0.540830462877054,-0.1555961886108,-0.0445734002443183,-0.741918245459386,0.7501458380671,0.721701932836606,-0.690239452411488,-1.13471128329909,-0.574697546273115,-0.113860786417039,-0.0382639442739243,-0.759253601238671,-0.876448421918504,1.1507788827907,0.37134719270522,1.36852100217096,0.990313915099158,-0.048236570436645,-0.0330109162638679,-0.639535815693025,-0.427047782649156,1.09627321067543,0.950766487281889,0.489165215061375,-0.831486854781667,0,-0.0930309953194633,0.527366528655686,1.47858362970634,0.275870080598593,0.480805052473791,0.410428816691482,-0.797595882078731,-0.0998707974396848,-0.0692112518235939,1.04245566330703,1.43048399386859,-0.75218129333123,0.119620965126497,0.357786409293225,0.0429841979463036,-0.202993708003753,-0.0191459895266863,-0.303642030474405,0.027704841871553,0.245017378270736,0.508752131666208,-0.329069581838874,-0.527680489439249,-0.177318504788345
"2894",0,-0.334838917600868,0.545748814462924,0.990200011287507,-0.796521598800378,-0.992685559626734,-0.416428649433891,-0.135962069060475,-0.0247411626405223,-0.314012775301545,0.816387510785152,-0.171343179456834,0.922682789033507,-1.40155863315559,-0.540830462877054,-0.1555961886108,-0.0445734002443183,-0.1658625288534,-0.261423289613335,-1.12999301782559,0.616574496719437,-0.975944617560112,-0.574697546273115,-0.113860786417039,-0.0382639442739243,-0.759253601238671,-1.36765647399252,-1.56081868739673,0.530153365688954,-0.635224161117807,-0.650039470011399,-0.048236570436645,-0.0330109162638679,-0.639535815693025,-1.2263086449194,-0.513334281189288,0.446252137175011,-1.56276425682162,-0.831486854781667,0,-0.0968193596102272,-0.481588184154324,-0.984477210668762,0.897017949947205,0.00560351917457189,-1.48080674570224,-0.797595882078731,-0.0998707974396848,-0.0692112518235939,-0.410266899197836,0.902704617098525,1.19219966462977,0.0422191444562627,0.127795813586543,1.46138912709568,-0.202993708003753,-0.0191459895266863,-0.303642030474405,0.828389277112268,0.704487594782526,0.112658392690295,0.902147329875462,2.42146025904347,0.697813577192196
"2895",0,-0.346763866306412,0.760702328338993,0.487736021417196,0.330255952246136,1.69097204161296,1.05015714407974,-0.135962069060475,0.0676255668164689,0.666935053264552,0.999757862091843,0.0830683458405515,-0.131191100456599,0.786535690318983,0.691001767292522,-0.183594186666429,0.338909464318233,2.71441605417653,0.24020725930366,-1.12999301782559,-1.11705636230811,-1.29347794903808,-0.574697546273115,-0.113860786417039,-0.0382639442739243,1.81411968551902,0.760911751661556,-0.409410647302774,-1.53432688309958,-1.3031392155474,-0.650039470011399,-0.048236570436645,-0.0330109162638679,-0.639535815693025,0.372213079621086,0.935312461488958,-1.73997671328813,-1.56276425682162,-0.831486854781667,0,-0.0930309953194633,-0.481588184154324,-0.470786223561564,1.20759188462151,-0.469598014124647,-1.48080674570224,-0.797595882078731,-0.0998707974396848,-0.0692112518235939,-0.410266899197836,-1.03248643105838,1.19219966462977,-0.520318765867068,-1.36531144120863,-0.767532904424768,-0.202993708003753,-0.0191459895266863,-0.303642030474405,1.62907371235298,0.245017378270736,-2.06585717167723,-1.1603681679367,-0.527680489439249,-0.177318504788345
"2896",0,-0.346763866306412,-1.17387929654563,-0.408360630783831,-0.334189482061415,-0.769624988251212,-0.416428649433891,-0.135962069060475,-0.0247411626405223,-0.314012775301545,-0.467204948361685,-2.405049984864,0.290358455339444,-0.728298841317257,-0.540830462877054,-0.1555961886108,-0.0445734002443183,1.27427676266156,0.7501458380671,-0.961657113219938,-0.853591196052854,0.611722039829717,-0.574697546273115,-0.113860786417039,-0.0382639442739243,1.49244802467431,0.105967682229532,-1.56081868739673,-1.53432688309958,0.700605947741373,0.17013722254388,-0.048236570436645,-0.0330109162638679,0.28811274703799,0.691917424529183,-1.47909877630812,-1.73997671328813,0.309344470407584,1.46221250555829,0,-0.193719594913238,-0.145269946550987,1.3246423271829,-0.966425658098632,-1.10320005852361,1.09815083938011,1.03090454285591,-0.0998707974396848,-0.0692112518235939,-0.410266899197836,-0.328780595364958,0.803323473037571,0.604757054779594,1.14027554013895,0.0429841979463036,-0.202993708003753,-0.0191459895266863,-0.303642030474405,-1.17332181098952,-0.673923054752843,0.508752131666208,-0.242545147120104,-0.527680489439249,-0.177318504788345
"2897",0,-0.346763866306412,0.115841786710785,0.290919690251838,0.994701386553687,1.69097204161296,0.17020566797156,-0.135962069060475,-0.0247411626405223,-0.3082884961849,-0.0256349632171774,-0.433952225555478,0.290358455339444,1.29148053419773,1.67646755142818,0.120041358121125,-0.0445734002443183,-0.741918245459386,-1.11962895073218,-0.961657113219938,-0.0368324778460259,1.24678870278565,2.24270958299419,-0.113860786417039,-0.0382639442739243,-0.759253601238671,-0.83210316177521,0.981304034653986,1.00657188464015,1.36852100217096,2.90405953106147,-0.048236570436645,-0.0330109162638679,-0.639535815693025,-1.06645647246535,-0.352373532002817,0.782595037246263,0.819919577833732,-0.544774434739172,0,-0.0930309953194633,-0.481588184154324,-0.984477210668762,-0.500564756087173,1.27280760797249,0.238498311019326,-0.797595882078731,-0.0998707974396848,-0.0692112518235939,-0.410266899197836,-1.38433934890509,0.414447281445371,0.604757054779594,-1.39092377624206,-0.767532904424768,-0.202993708003753,-0.0191459895266863,-0.303642030474405,0.227875950681732,0.93422270303842,-1.66976343270132,-1.1603681679367,-0.527680489439249,-0.177318504788345
"2898",0,-0.346763866306412,0.760702328338993,-0.175267190438608,-1.66308035067652,-0.813775052877421,-0.416428649433891,-0.135962069060475,-0.0247411626405223,-0.314012775301545,0.999757862091843,1.06960504576937,1.13345756693153,-1.233243685196,-0.540830462877054,-0.1555961886108,-0.0445734002443183,-0.741918245459386,1.09010489057606,1.56338145586488,1.43333321492626,-1.29347794903808,-0.574697546273115,-0.113860786417039,-0.0382639442739243,-0.43758194039396,0.924647769019562,1.1507788827907,1.00657188464015,-0.635224161117807,-0.650039470011399,-0.048236570436645,-0.0330109162638679,-0.639535815693025,1.01162176943728,1.09627321067543,0.950766487281889,-0.881997446920094,-0.831486854781667,0,-0.0930309953194633,-0.145269946550987,1.47858362970634,1.36287885195866,1.27280760797249,-0.277293205997144,-0.797595882078731,-0.0998707974396848,-0.0692112518235939,-0.410266899197836,1.43048399386859,1.19219966462977,1.16729496510292,-0.209697428597592,-0.767532904424768,-0.202993708003753,-0.0191459895266863,-0.258943018632824,0.027704841871553,0.0152822700148413,0.112658392690295,-0.0490215861370702,-0.0361570313587953,-0.177318504788345
"2899",0,-0.346763866306412,-1.17387929654563,-2.04001471320039,0.551737763681986,0.259687987618459,-0.032309312111114,-0.135962069060475,-0.0247411626405223,-0.640995384823577,-1.93416775881521,0.0768464655884069,0.290358455339444,-1.40155863315559,0.198268875224692,5.17961722899264,-0.0445734002443183,-0.741918245459386,-0.0997517932053001,1.22670964665357,-1.18029468333559,-0.975944617560112,3.93315386055457,13.7352945732202,-0.0382639442739243,1.45766835976452,1.08838378637757,-1.2218689911233,-1.53432688309958,0.366648420526578,3.17745176191323,-0.048236570436645,10.9682598085777,3.99870699796205,0.0525087347129891,-0.996216528748704,-0.394605113003119,1.1603029827845,0.315362825388311,0,21.5462026870607,4.89950361749906,1.47858362970634,1.36287885195866,1.27280760797249,0.582359322363638,-0.797595882078731,-0.0998707974396848,7.56894249942821,3.94790078831677,-0.504707054288313,-1.52993367651563,0.979782328328481,-1.05343053405793,-0.767532904424768,-0.202993708003753,-0.0191459895266863,-0.303642030474405,-1.17332181098952,-1.59286348777642,0.508752131666208,-1.1603681679367,-0.527680489439249,-0.177318504788345
"2900",0,-0.346763866306412,1.4055628699672,-1.1076409518195,-2.54900759641992,-0.992685559626734,-0.416428649433891,-0.135962069060475,-0.0247411626405223,-0.640995384823577,-0.283834597054994,0.821415400724128,-0.499747570947377,-1.40155863315559,-0.540830462877054,-0.1555961886108,-0.0445734002443183,-0.741918245459386,0.24020725930366,1.56338145586488,-0.363535965128757,-1.29347794903808,-0.574697546273115,-0.113860786417039,-0.0177637689065176,-0.582796332916194,0.105967682229532,1.1507788827907,-0.422683672213447,-1.25789174292923,-0.650039470011399,-0.048236570436645,-0.0330109162638679,-0.639535815693025,-1.2263086449194,0.291469464743071,0.614423587210637,-1.56276425682162,-1.18447761616191,0,-0.0930309953194633,-0.481588184154324,-0.984477210668762,-0.189990821412867,1.27280760797249,-1.13694573435793,-0.797595882078731,-0.0998707974396848,-0.0692112518235939,0.327335115407969,1.07863107602188,1.19219966462977,1.16729496510292,0.634035676862745,1.66401840268845,3.48584559505782,-0.0758585761396516,-0.303642030474405,1.05929089823079,-0.376347309613411,0.706799001154165,1.3820672471111,3.40450717520438,9.4491343969976
"2901",0,-0.346763866306412,-1.17387929654563,-2.27310815354561,0.551737763681986,-0.992685559626734,-0.416428649433891,-0.135962069060475,-0.0247411626405223,-0.640995384823577,-1.75079740750852,0.325036110633647,0.711908011135486,-1.233243685196,-0.540830462877054,-0.1555961886108,-0.0445734002443183,-0.741918245459386,-0.77966989822322,1.56338145586488,-0.526887708770123,-1.29347794903808,-0.459864693645839,-0.113860786417039,-0.0382639442739243,-0.759253601238671,0.269703699587538,-0.205019902303017,-1.53432688309958,-1.3031392155474,-0.650039470011399,-0.048236570436645,-0.0330109162638679,-0.639535815693025,0.691917424529183,-0.191412782816345,-1.5718052632525,-1.56276425682162,-0.831486854781667,0,-0.0930309953194633,-0.481588184154324,0.247053209518791,1.36287885195866,1.27280760797249,0.926220333707951,0.34521688350542,-0.0998707974396848,-0.0692112518235939,-0.410266899197836,-0.680633513211668,1.19219966462977,-1.0828566761904,-0.209697428597592,2.47453550505952,3.48584559505782,-0.0191459895266863,-0.303642030474405,-1.17332181098952,-1.82259859603232,-0.102876434016286,1.4177762043285,2.91298371712393,5.0734739870949
"2902",0,-0.346763866306412,-0.0991117271652847,-0.175267190438608,0.773219575117836,-0.0981330258801679,-0.273736930428353,-0.135962069060475,-0.0247411626405223,-0.640995384823577,0.633017159478461,0.325036110633647,-0.34196587835462,-0.391668945398093,-0.540830462877054,-0.232447148969978,-0.0445734002443183,-0.453890387156393,0.92012536432158,0.385030123625297,-1.01694293969422,-1.29347794903808,-0.574697546273115,-0.113860786417039,0.0337041416019022,0.527433042140173,1.08838378637757,1.1507788827907,0.688959538672687,-0.969181688332602,-0.650039470011399,-0.048236570436645,-0.0330109162638679,-0.639535815693025,-0.267195610195108,-0.996216528748704,-0.73094801307437,0.139152767932202,-0.831486854781667,0,-0.0930309953194633,-0.481588184154324,-0.984477210668762,-1.12171262543579,-1.10320005852361,0.926220333707951,-0.797595882078731,-0.0998707974396848,-0.0692112518235939,-0.410266899197836,-0.504707054288313,0.0255710898531705,0.0422191444562627,0.802782297954812,-0.767532904424768,-0.202993708003753,-0.0191459895266863,-0.303642030474405,-0.172466266938626,0.704487594782526,0.904845870642121,0.386518455422421,-0.527680489439249,-0.177318504788345
"2903",0,-0.346763866306412,-1.17387929654563,-1.34073439216472,0.994701386553687,-0.813775052877421,-0.416428649433891,-0.135962069060475,-0.0247411626405223,-0.855837556536702,-1.38405670489514,1.06960504576937,-1.10566278908836,-0.728298841317257,3.15466622763167,-0.1555961886108,-0.0445734002443183,-0.453890387156393,0.7501458380671,0.721701932836606,-1.18029468333559,0.294188708351751,3.36967243470111,-0.113860786417039,-0.0382639442739243,2.13579134636373,1.08838378637757,0.642354338380556,0.37134719270522,1.36852100217096,2.63066730020971,-0.048236570436645,-0.0330109162638679,0.28811274703799,0.691917424529183,0.291469464743071,0.278080687139385,1.1603029827845,0.8887876654733,0,-0.0930309953194633,-0.481588184154324,-0.984477210668762,-1.12171262543579,0.63920556357353,0.582359322363638,-0.569033328961901,-0.0998707974396848,-0.0692112518235939,-0.708455066500643,-1.38433934890509,-1.52993367651563,1.16729496510292,-0.547190670781726,-0.767532904424768,-0.202993708003753,-0.0191459895266863,-0.303642030474405,-1.17332181098952,-1.13339327126463,0.310705262178251,-0.988491876452356,-0.527680489439249,-0.177318504788345
"2904",0,-0.346763866306412,-1.17387929654563,-2.50620159389084,0.994701386553687,-0.813775052877421,-0.208004608118561,-0.135962069060475,-0.0247411626405223,-0.640995384823577,-1.93416775881521,-1.1641017596378,0.290358455339444,-1.40155863315559,-0.540830462877054,-0.1555961886108,-0.111531751188364,-0.741918245459386,-1.11962895073218,1.13025874332698,-0.526887708770123,-1.29347794903808,-0.574697546273115,-0.113860786417039,-0.0382639442739243,-0.43758194039396,0.760911751661556,-0.205019902303017,-1.53432688309958,0.366648420526578,1.81049060765444,-0.048236570436645,-0.137102372529376,1.83419368492302,0.851769596983231,-1.47909877630812,-1.23546236318125,1.1603029827845,-0.258062014696678,0,-0.0930309953194633,2.20895771667237,1.47858362970634,0.897017949947205,1.27280760797249,0.754289828035795,-0.797595882078731,-0.0998707974396848,-0.0692112518235939,1.042486654806,0.0230723224817513,-0.94661938912733,1.16729496510292,-0.547190670781726,-0.767532904424768,-0.248904781279279,-0.0758585761396516,-0.303642030474405,-1.21363917036562,-2.5118039208,0.508752131666208,-0.812894235443871,-0.527680489439249,-0.177318504788345
"2905",0,-0.346763866306412,0.330795300586854,0.990200011287507,0.773219575117836,-0.455954039378794,-0.416428649433891,-0.135962069060475,-0.0247411626405223,-0.640995384823577,0.633017159478461,0.413820972829725,0.501133233237465,0.786535690318983,-0.294464016843139,-0.1555961886108,-0.0445734002443183,-0.47908092578521,0.41018678555814,0.721701932836606,0.12651926579534,1.24678870278565,1.11574673128727,-0.113860786417039,-0.0382639442739243,-0.506289938676502,-1.20392045663452,0.490898613657937,1.00657188464015,1.36852100217096,1.53709837680268,-0.048236570436645,-0.0330109162638679,-0.639535815693025,-1.2263086449194,-1.15717727793518,-1.06729091314562,0.649727875358349,1.74892492560078,0,-0.0930309953194633,-0.481588184154324,-0.984477210668762,-1.12171262543579,-1.26160056962335,0.582359322363638,1.27671718991653,-0.0998707974396848,-0.0692112518235939,0.0739739549704533,0.902704617098525,-1.14105748492343,-1.0828566761904,0.802782297954812,1.25875985150291,-0.00409236962860592,-0.0191459895266863,-0.303642030474405,-0.172466266938626,0.704487594782526,0.904845870642121,1.55508795890304,1.43841334288257,-0.177318504788345
"2906",0,-0.346763866306412,0.545748814462924,0.990200011287507,0.994701386553687,1.15424052136502,0.756839985377011,-0.135962069060475,-0.0247411626405223,-0.640995384823577,0.266276456865079,-0.419532824502074,-0.552740656252641,-0.0550390494789284,0.444635321258607,-0.198232495777991,-0.0445734002443183,0.410193187752585,1.09010489057606,1.05837374204791,-0.690239452411488,-1.29347794903808,-0.574697546273115,-0.113860786417039,-0.0382639442739243,1.17077636382959,1.08838378637757,1.1507788827907,0.847765711656421,-1.13616045194,-0.650039470011399,-0.048236570436645,-0.0330109162638679,-0.639535815693025,-1.2263086449194,-1.47909877630812,0.278080687139385,-0.541614041969328,-0.831486854781667,0,-0.0930309953194633,-0.481588184154324,-0.984477210668762,-1.12171262543579,0.164004030274312,-0.4492237116693,-0.797595882078731,-0.0998707974396848,-0.0692112518235939,-0.410266899197836,-0.680633513211668,-0.55774319753513,1.16729496510292,-1.05343053405793,-0.767532904424768,-0.202993708003753,-0.0191459895266863,-0.303642030474405,0.611736701148088,0.93422270303842,-1.07562282423745,-1.1603681679367,-0.527680489439249,-0.177318504788345
"2907",0,0.611988739992778,0.330795300586854,0.290919690251838,-0.998634916368966,-0.992685559626734,-0.416428649433891,-0.135962069060475,-0.0247411626405223,1.97486549135268,0.999757862091843,0.821415400724128,0.256035245218888,-0.559983893357675,-0.540830462877054,-0.1555961886108,-0.0445734002443183,0.986248904358571,1.09010489057606,-0.165251499665267,0.12651926579534,0.7704887055687,-0.292956833346385,-0.113860786417039,-0.0382639442739243,0.527433042140173,0.433439716945544,-1.56081868739673,-1.53432688309958,0.867584711348771,1.26370614595092,-0.048236570436645,-0.0330109162638679,1.83419368492302,0.691917424529183,-1.47909877630812,-1.73997671328813,-0.201230637018563,1.46221250555829,0,-0.0930309953194633,1.87263947906903,1.01675972213601,-1.12171262543579,-1.26160056962335,0.926220333707951,0.80234198973908,-0.0998707974396848,-0.0692112518235939,1.17384130046829,1.43048399386859,-0.36330510173903,0.0422191444562627,1.14027554013895,-0.0157046952443009,-0.268326092397992,-0.0191459895266863,0.610381301199351,1.82924482116316,0.93422270303842,0.508752131666208,0.0427658724537265,-0.527680489439249,-0.177318504788345
"2908",0,-0.346763866306412,-0.958925782669563,0.0578262499066152,0.551737763681986,-0.813775052877421,-0.416428649433891,-0.135962069060475,-0.0247411626405223,-0.640995384823577,-0.186920513280513,0.821415400724128,-0.763515434150662,-1.40155863315559,-0.540830462877054,-0.1555961886108,-0.0445734002443183,-0.453890387156393,1.0003230429402,0.0483583144139882,-1.18029468333559,-1.29347794903808,-0.574697546273115,-0.113860786417039,-0.0382639442739243,-0.43758194039396,1.08838378637757,1.1507788827907,1.00657188464015,0.366648420526578,-0.10325500830788,-0.048236570436645,-0.0384347443813074,0.116764888662978,1.33132611434538,0.264483703867562,-0.899119463109996,0.309344470407584,2.03563734564328,0,-0.0930309953194633,-0.145269946550987,1.47858362970634,-0.500564756087173,-1.26160056962335,-0.105362700324987,2.17371730844006,-0.0998707974396848,-0.0692112518235939,-0.410266899197836,0.550851699251816,0.220009185649271,-0.145293492318181,1.14027554013895,0.853501300317375,-0.202993708003753,-0.0191459895266863,-0.303642030474405,-0.961898616740666,-0.214452838241053,0.706799001154165,-0.300986710514968,-0.527680489439249,-0.177318504788345
"2909",0,-0.346763866306412,0.580829620863033,0.0578262499066152,-0.334189482061415,-0.992685559626734,-0.416428649433891,-0.135962069060475,-0.0247411626405223,0.0129698342204877,0.999757862091843,-0.323563832186664,0.0795836774414227,-1.06492873723642,-0.540830462877054,-0.233180196867014,-0.0445734002443183,-0.741918245459386,1.09010489057606,-0.28831349479732,0.12651926579534,0.929255371307683,-0.096459542403857,-0.113860786417039,-0.0382639442739243,-0.43758194039396,0.760911751661556,0.791999589487537,1.00657188464015,-0.802202924725205,-0.650039470011399,-0.048236570436645,-0.0330109162638679,-0.639535815693025,-0.746752127557253,1.09627321067543,0.950766487281889,-0.881997446920094,-0.831486854781667,0,-0.0930309953194633,-0.481588184154324,0.708877117089123,0.741730982610052,1.11440709687275,0.410428816691482,-0.797595882078731,-0.0998707974396848,-0.0692112518235939,0.558214809138742,1.43048399386859,0.180248769998516,-1.45788194973929,1.14027554013895,-0.362274353239232,-0.202993708003753,-0.0191459895266863,-0.303642030474405,0.628218168302089,0.704487594782526,0.310705262178251,0.730271038391115,-0.281918760399022,-0.177318504788345
"2910",0,-0.346763866306412,-0.743972268793493,-0.175267190438608,0.994701386553687,0.296023300282669,-0.416428649433891,-0.135962069060475,0.00596725360244689,-0.339608431352807,0.0928288861152676,0.0768464655884069,-0.552740656252641,0.618220742359401,1.67646755142818,-0.1555961886108,-0.0445734002443183,0.410193187752585,1.09010489057606,-0.209747309709847,-0.853591196052854,0.929255371307683,1.96096887006746,-0.113860786417039,-0.0382639442739243,0.309023349761366,1.08838378637757,0.916523938719692,0.847765711656421,0.155460195277747,-0.10325500830788,-0.048236570436645,-0.0330109162638679,-0.639535815693025,-0.746752127557253,1.09627321067543,0.782595037246263,-1.56276425682162,-0.831486854781667,0,-0.0930309953194633,-0.62412547079087,0.0839380026886196,1.20759188462151,0.95600658577301,-1.48080674570224,-0.797595882078731,-0.0998707974396848,-0.0692112518235939,-0.234118786709272,0.198998781405106,0.837955047927849,1.16729496510292,-0.884683912965861,-0.831973986587447,-0.246827888365973,-0.0191459895266863,-0.40637322471651,-0.97315070217934,0.474752486526631,-0.0853884767976621,-0.816615584968009,-0.527680489439249,-0.177318504788345
"2911",0,-0.346763866306412,0.975655842215063,0.450670119402249,-0.269574634169003,0.617509001117085,0.756839985377011,0.0294284801289683,0.00131510914950845,0.0129698342204877,1.1182900563273,-0.171343179456834,-0.552740656252641,-0.559983893357675,0.198268875224692,-0.1555961886108,-0.0445734002443183,0.408891538184664,1.09010489057606,-0.961657113219938,-1.18029468333559,-1.29347794903808,-0.408949476097978,-0.113860786417039,-0.0382639442739243,1.02555395269525,1.08838378637757,1.1507788827907,0.847765711656421,-0.802202924725205,-0.59980002551894,-0.048236570436645,0.140100451884079,1.21576130976901,0.691917424529183,-0.0304520336298728,0.614423587210637,0.990111280309114,-0.544774434739172,0,-0.0930309953194633,-0.481588184154324,-0.984477210668762,-1.12171262543579,-0.311197503024907,1.27008134505226,-0.340470775845071,-0.0715951970207176,-0.0692112518235939,-0.410266899197836,-0.680633513211668,-1.14105748492343,0.604757054779594,0.971528919046879,-0.564903628832,-0.202993708003753,-0.0191459895266863,-0.181769946392796,1.4289026035428,0.704487594782526,-0.481482215773575,-0.816615584968009,-0.527680489439249,-0.177318504788345
"2912",0,-0.346763866306412,0.760702328338993,0.524013130597061,-0.00333444832564556,0.617509001117085,-0.123111490731166,-0.135962069060475,-0.0247411626405223,1.64788288183065,0.999757862091843,-0.419532824502074,-1.39583976784473,0.618220742359401,-0.540830462877054,-0.1555961886108,-0.0445734002443183,1.56230462096456,1.09010489057606,-0.119977590191666,-0.200184221487392,1.08802203704667,0.552265305433806,0.10045303850212,-0.0382639442739243,-0.759253601238671,0.269703699587538,1.1507788827907,0.977426763611634,0.19966965691918,-0.376647239159639,-0.048236570436645,-0.0966656094424419,-0.639535815693025,-0.107343437741059,1.09627321067543,0.950766487281889,-1.56276425682162,-0.831486854781667,0,-0.0930309953194633,-0.145269946550987,1.3246423271829,0.897017949947205,1.11440709687275,-0.192206122200742,-0.797595882078731,-0.0998707974396848,0.362089222919897,1.52669651747532,1.43048399386859,-0.36330510173903,0.41724441800515,0.971528919046879,-0.767532904424768,-0.202993708003753,-0.0191459895266863,0.728815661816031,0.650716793776288,0.426584465524264,0.310705262178251,-0.472863001999315,-0.527680489439249,-0.177318504788345
"2913",0,-0.346763866306412,0.330795300586854,-0.175267190438608,0.994701386553687,0.259687987618459,-0.416428649433891,-0.135962069060475,-0.0247411626405223,-0.314012775301545,0.266276456865079,0.0768464655884069,0.501133233237465,1.29148053419773,-0.540830462877054,-0.1555961886108,-0.0445734002443183,-0.741918245459386,-1.62956752949562,-1.12999301782559,-0.200184221487392,1.24678870278565,-0.574697546273115,-0.113860786417039,-0.0382639442739243,0.527433042140173,-0.728697652267585,0.133929793970413,0.847765711656421,0.867584711348771,-0.10325500830788,0.019644470688111,-0.0330109162638679,-0.33031962811602,0.0525087347129891,0.774351712302486,0.950766487281889,0.479536172882967,0.315362825388311,0,-0.0930309953194633,-0.481588184154324,-0.676594605621874,1.20759188462151,-0.152796991925168,-1.48080674570224,-0.797595882078731,-0.0998707974396848,-0.306708104085719,-0.410266899197836,0.198998781405106,0.997761568833671,-1.83290722328817,-1.55967039733413,-0.767532904424768,-0.202993708003753,-0.0191459895266863,-0.162067003685781,1.22873149473262,-0.356587525417558,-2.26390404116519,-1.1603681679367,-0.527680489439249,-0.177318504788345
"2914",0,-0.346763866306412,-0.529018754917424,0.290919690251838,0.994701386553687,1.86988254836228,2.22342577889064,-0.135962069060475,-0.0247411626405223,-0.640995384823577,-1.38405670489514,-0.685573721611946,0.0795836774414227,1.29148053419773,0.937368213326437,-0.1555961886108,-0.0445734002443183,-0.741918245459386,-1.62956752949562,-1.12999301782559,0.12651926579534,0.929255371307683,-0.292956833346385,-0.113860786417039,-0.0382639442739243,0.205761381295462,0.433439716945544,0.642354338380556,1.00657188464015,1.20154223856357,0.443529453395639,-0.048236570436645,-0.0330109162638679,-0.170069105500229,0.851769596983231,0.774351712302486,0.950766487281889,0.479536172882967,0.0286504053458163,0,-0.0930309953194633,-0.481588184154324,-0.984477210668762,0.275870080598593,0.63920556357353,-1.48080674570224,-0.797595882078731,-0.0998707974396848,-0.0692112518235939,-0.641652288986126,-1.38433934890509,0.997761568833671,-0.332806129092624,-1.55967039733413,-0.767532904424768,-0.186113940614643,-0.0191459895266863,-0.303642030474405,-0.772979593369162,0.93422270303842,-1.66976343270132,-1.07237644143311,-0.527680489439249,-0.177318504788345
"2915",0,-0.346763866306412,-0.529018754917424,0.757106570942284,0.330255952246136,-0.634864546128108,-0.416428649433891,-0.135962069060475,-0.0247411626405223,-0.314012775301545,0.44964680817177,1.06960504576937,1.13345756693153,-1.40155863315559,-0.540830462877054,-0.1555961886108,-0.0445734002443183,1.85033247926755,1.09010489057606,1.56338145586488,1.12833242393972,-1.42213439349997,-0.574697546273115,-0.113860786417039,-0.0909846830221019,-0.759253601238671,-1.04018443927651,0.981304034653986,1.00657188464015,-1.13616045194,-0.744950307805946,-0.048236570436645,-0.0330109162638679,-0.738587043009799,-1.2263086449194,0.774351712302486,0.950766487281889,-0.541614041969328,-0.831486854781667,0,-0.0930309953194633,-0.481588184154324,-0.984477210668762,0.275870080598593,1.27280760797249,0.410428816691482,-0.797595882078731,-0.0998707974396848,-0.0692112518235939,-0.410266899197836,-0.504707054288313,0.414447281445371,1.16729496510292,-0.0409508075055244,-0.767532904424768,-0.202993708003753,-0.0191459895266863,-0.303642030474405,-0.372637375748804,0.704487594782526,-0.283435346285619,-0.988491876452356,-0.527680489439249,-0.177318504788345
"2916",0,-0.346763866306412,1.4055628699672,-0.408360630783831,-2.10604397354822,-0.992685559626734,-0.416428649433891,-0.135962069060475,-0.0247411626405223,0.0129698342204877,0.999757862091843,-0.915912114592555,-0.131191100456599,-1.06492873723642,-0.540830462877054,-0.1555961886108,-0.0445734002443183,-0.741918245459386,1.09010489057606,-1.12999301782559,0.453222753078071,0.308488770993449,-0.574697546273115,-0.113860786417039,-0.0382639442739243,-0.89072609821137,-0.712712404560498,0.133929793970413,0.37134719270522,1.20154223856357,-0.650039470011399,-0.048236570436645,-0.0330109162638679,-0.639535815693025,-1.2263086449194,-0.513334281189288,-0.341166485801487,0.819919577833732,0.0286504053458163,0,-0.0930309953194633,-0.481588184154324,-1.36226718471056,-1.12171262543579,-1.26160056962335,-0.621154217341457,1.94515475532323,-0.0998707974396848,-0.0692112518235939,-0.410266899197836,-1.38433934890509,-1.72437177231173,-1.0828566761904,-0.0409508075055244,1.86664767828122,-0.202993708003753,-0.0191459895266863,-0.303642030474405,0.828389277112268,0.704487594782526,0.761489450183686,1.4177762043285,0.701128155761885,-0.177318504788345
"2917",0,0.691247827980484,0.115841786710785,0.0578262499066152,0.551737763681986,0.0807774808691453,-0.416428649433891,-0.135962069060475,-0.0247411626405223,3.28279592944081,0.633017159478461,-1.41229140468304,-1.39583976784473,0.554795293860429,-0.540830462877054,-0.1555961886108,-0.0445734002443183,2.42638819587353,-1.45958800324114,-1.12999301782559,-0.363535965128757,0.611722039829717,-0.574697546273115,-0.113860786417039,-0.0382639442739243,1.17077636382959,0.269703699587538,-0.71344444671316,0.847765711656421,-0.802202924725205,-0.650039470011399,-0.048236570436645,-0.0330109162638679,-0.639535815693025,-0.107343437741059,0.492423449182259,0.278080687139385,-1.22238085187086,-0.831486854781667,0,-0.0930309953194633,-0.481588184154324,-0.214770698051542,0.897017949947205,0.00560351917457189,0.754289828035795,0.29795858160654,-0.095185925115119,-0.0692112518235939,-0.410266899197836,0.550851699251816,-0.94661938912733,-0.707831402641512,0.802782297954812,0.650872024724607,-0.202993708003753,-0.0191459895266863,0.163115556462625,-0.172466266938626,0.93422270303842,0.112658392690295,0.0427658724537265,-0.281918760399022,-0.177318504788345
"2918",0,-0.346763866306412,-0.0991117271652847,0.0578262499066152,0.773219575117836,1.69097204161296,1.05015714407974,-0.135962069060475,-0.0247411626405223,-0.640995384823577,-0.467204948361685,-1.1641017596378,-1.39583976784473,0.786535690318983,1.36286100253671,-0.1555961886108,-0.0445734002443183,-0.741918245459386,-1.45132563238938,-1.12999301782559,-0.853591196052854,1.24678870278565,0.296175104393312,-0.113860786417039,-0.0382639442739243,-0.277382794605371,-1.20392045663452,-0.882919294849875,0.37134719270522,0.366648420526578,-0.650039470011399,-0.048236570436645,-0.0330109162638679,1.52497749734601,1.33132611434538,0.774351712302486,0.950766487281889,0.479536172882967,-0.258062014696678,0,-0.0930309953194633,0.19104829105235,-0.984477210668762,0.586444015272899,-0.152796991925168,-1.48080674570224,-0.797595882078731,-0.0998707974396848,-0.0692112518235939,-0.179422395328675,-0.856559972135023,0.803323473037571,-1.64539458651373,-1.55967039733413,-0.767532904424768,-0.202993708003753,-0.0191459895266863,-0.303642030474405,0.42804705949191,-1.13339327126463,-2.26390404116519,-1.1603681679367,-0.40911842866605,-0.177318504788345
"2919",0,-0.346763866306412,-0.0991117271652847,-0.408360630783831,0.551737763681986,0.0807774808691453,-0.416428649433891,-0.135962069060475,-0.0247411626405223,3.60977853896284,0.877432048123925,0.821415400724128,-0.131191100456599,-0.46663431239393,-0.540830462877054,-0.1555961886108,-0.0445734002443183,3.57849962908551,-0.26973131945978,-1.12999301782559,-1.18029468333559,-1.29347794903808,-0.426181000958202,-0.113860786417039,-0.0382639442739243,1.81411968551902,-0.217633292553359,-1.39134383926002,-1.53432688309958,-1.3031392155474,-0.650039470011399,-0.048236570436645,-0.0330109162638679,-0.639535815693025,-0.263124039268981,0.613390963116015,-1.23546236318125,-1.56276425682162,-0.831486854781667,0,-0.0930309953194633,-0.481588184154324,-0.984477210668762,-0.34527778875002,-0.562635650610942,-0.621154217341457,-0.797595882078731,-0.0998707974396848,-0.0692112518235939,-0.410266899197836,-0.328780595364958,-0.36330510173903,0.604757054779594,0.802782297954812,-0.564903628832,-0.202993708003753,-0.0191459895266863,-0.747054201786522,-0.372637375748804,0.0152822700148413,0.310705262178251,-0.427753377236827,-0.527680489439249,-0.177318504788345
"2920",0,-0.346763866306412,-0.958925782669563,-0.175267190438608,0.994701386553687,0.975330014615711,-0.416428649433891,-0.135962069060475,-0.0247411626405223,-0.640995384823577,0.268080697384371,0.821415400724128,-0.552740656252641,0.113275898480654,-0.294464016843139,-0.1555961886108,-0.0445734002443183,0.122165329449593,0.92012536432158,-0.961657113219938,-1.18029468333559,-1.29347794903808,-0.574697546273115,-0.113860786417039,-0.0382639442739243,1.49244802467431,0.760911751661556,-0.205019902303017,-0.263877499229713,-1.3031392155474,-0.650039470011399,-0.049335153206293,-0.0330109162638679,0.597328934614995,1.33132611434538,1.09627321067543,0.950766487281889,-0.881997446920094,-0.831486854781667,0,-0.0930309953194633,-0.481588184154324,-0.984477210668762,-1.12171262543579,0.00560351917457189,-0.105362700324987,-0.797595882078731,-0.0998707974396848,-0.0692112518235939,-0.410266899197836,-1.20841288998173,-0.75218129333123,0.979782328328481,-0.715937291873794,-0.767532904424768,-0.202993708003753,-0.0191459895266863,-0.334706497218827,-0.97315070217934,0.474752486526631,-0.481482215773575,-1.1603681679367,-0.527680489439249,-0.0370045636143807
"2921",0,-0.346763866306412,-0.0991117271652847,0.0578262499066152,0.108774140810285,-0.0981330258801679,-0.416428649433891,-0.135962069060475,-0.0247411626405223,-0.640995384823577,0.44964680817177,-1.90867069477352,-1.1850649899467,1.29148053419773,-0.540830462877054,-0.1555961886108,-0.0445734002443183,-0.741918245459386,-0.145791925482399,-0.961657113219938,0.779926240360802,0.929255371307683,-0.612290312223836,-0.113860786417039,-0.0382639442739243,-0.565725623553231,-0.057768335128474,1.1507788827907,1.00657188464015,-0.301266633903012,-0.650039470011399,-0.048236570436645,-0.0330109162638679,-0.639535815693025,-0.107343437741059,1.09627321067543,0.950766487281889,-1.39257255434624,-0.831486854781667,0,-0.0930309953194633,-0.145269946550987,1.01675972213601,-0.500564756087173,-0.152796991925168,0.410428816691482,-0.797595882078731,-0.0998707974396848,-0.0692112518235939,0.558214809138742,0.902704617098525,-0.775979205151724,-0.895344039415955,1.14027554013895,-0.767532904424768,-0.202993708003753,-0.0191459895266863,-0.303642030474405,0.027704841871553,-0.673923054752843,-0.481482215773575,-0.129110419030621,-0.527680489439249,-0.33141283605102
"2922",0,-0.346763866306412,0.115841786710785,-0.408360630783831,0.108774140810285,-0.277043532629481,-0.416428649433891,-0.135962069060475,-0.0247411626405223,0.0129698342204877,0.816387510785152,-0.380881041044258,-0.552740656252641,0.113275898480654,-0.540830462877054,-0.1555961886108,-0.0445734002443183,-0.741918245459386,-0.60969037196874,-1.12999301782559,-0.690239452411488,0.611722039829717,-0.574697546273115,-0.113860786417039,-0.0909846830221019,-0.759253601238671,-1.55152596645625,-1.56081868739673,-0.263877499229713,-0.195459081563687,-0.650039470011399,-0.048236570436645,-0.0330109162638679,-0.639535815693025,-1.2263086449194,-0.513334281189288,0.614423587210637,-1.39257255434624,-0.831486854781667,0,-0.0930309953194633,-0.481588184154324,-0.368712000574986,1.05230491728436,-0.311197503024907,-1.48080674570224,-0.797595882078731,-0.0998707974396848,-0.0692112518235939,0.0739739549704533,1.43048399386859,0.220009185649271,-0.520318765867068,0.29654243467861,0.853501300317375,-0.202993708003753,-0.0191459895266863,-0.0885751062022388,1.4289026035428,0.93422270303842,0.310705262178251,0.902147329875462,2.42146025904347,-0.177318504788345
"2923",0,-0.346763866306412,-1.17387929654563,-0.408360630783831,-0.555671293497266,-0.992685559626734,-0.416428649433891,-0.0889934919141221,-0.0247411626405223,-0.640995384823577,-1.75079740750852,0.821415400724128,-0.763515434150662,-1.40155863315559,-0.540830462877054,-0.1555961886108,-0.111531751188364,-0.741918245459386,0.24020725930366,1.05837374204791,-1.18029468333559,-1.29347794903808,-0.574697546273115,-0.113860786417039,-0.0382639442739243,0.309642974844491,0.867495824591624,-0.374494750439731,-1.53432688309958,-1.3031392155474,-0.650039470011399,-0.048236570436645,-0.0330109162638679,1.52497749734601,1.33132611434538,-0.513334281189288,-0.215906656995293,0.990111280309114,0.0286504053458163,0,-0.0930309953194633,1.5363212414657,1.47858362970634,1.36287885195866,1.27280760797249,1.09815083938011,-0.340470775845071,-0.0998707974396848,-0.0692112518235939,-0.410266899197836,-1.38433934890509,-0.36330510173903,0.907930202517316,-0.884683912965861,-0.607291925078094,-0.202993708003753,-0.0191459895266863,-0.303642030474405,-1.17332181098952,-0.673923054752843,0.112658392690295,-1.1603681679367,-0.527680489439249,-0.177318504788345
"2924",0,-0.346763866306412,0.330795300586854,0.290919690251838,0.994701386553687,0.259687987618459,-0.416428649433891,-0.135962069060475,-0.0247411626405223,0.666935053264552,0.999757862091843,-1.1641017596378,-1.39583976784473,0.471066255430235,0.937368213326437,-0.1555961886108,-0.0445734002443183,-0.1658625288534,0.92012536432158,0.0483583144139882,-0.526887708770123,0.7704887055687,2.80619100884765,-0.113860786417039,-0.0382639442739243,-0.759253601238671,0.433439716945544,1.1507788827907,0.115374654332445,1.03456347495617,1.53709837680268,-0.048236570436645,-0.0330109162638679,-0.639535815693025,-1.2263086449194,-1.47909877630812,-1.73997671328813,0.87908051124396,1.46221250555829,0,-0.056224113151915,-0.481588184154324,-0.984477210668762,-1.12171262543579,-1.10320005852361,0.754289828035795,0.116654330388589,-0.0998707974396848,-0.0692112518235939,-0.410266899197836,-1.38433934890509,-1.14105748492343,0.792269691554037,-0.0139396433767594,-0.767532904424768,-0.202993708003753,-0.0191459895266863,0.728815661816031,1.22873149473262,0.0152822700148413,-1.07562282423745,-1.1603681679367,-0.527680489439249,-0.177318504788345
"2925",0,-0.346763866306412,-1.17387929654563,-0.408360630783831,0.994701386553687,1.33315102811434,1.63679146148519,-0.135962069060475,-0.0247411626405223,-0.640995384823577,-1.56742705620183,-0.667722469547314,-0.131191100456599,1.12316558623815,2.16920044349601,0.210245472496906,-0.0445734002443183,-0.741918245459386,-1.62956752949562,-1.12999301782559,-1.18029468333559,0.7704887055687,1.67922815714073,-0.113860786417039,-0.0382639442739243,-0.759253601238671,-1.36765647399252,-0.374494750439731,-0.10507132624598,1.36852100217096,0.716921684247398,-0.048236570436645,-0.0330109162638679,-0.169055287295099,-0.107343437741059,1.09627321067543,0.950766487281889,0.990111280309114,0.602075245430805,0,-0.189846215056884,-0.481588184154324,-0.984477210668762,-1.12171262543579,0.95600658577301,-0.96501522868577,-0.797595882078731,-0.0998707974396848,-0.0692112518235939,-0.410266899197836,-1.38433934890509,-0.75218129333123,1.16729496510292,-1.39092377624206,-0.767532904424768,-0.202993708003753,-0.0191459895266863,-0.303642030474405,-1.17332181098952,0.93422270303842,-0.679529085261532,-1.1603681679367,-0.527680489439249,0.0927780428975099
"2926",0,-0.346763866306412,-1.05286325557402,-2.73929503423606,-0.334189482061415,1.51206153486365,0.345904835646525,-0.135962069060475,-0.0247411626405223,-0.640995384823577,-1.93416775881521,-2.405049984864,1.13345756693153,1.29148053419773,0.198268875224692,-0.1555961886108,-0.0152492710856271,-0.7575710596416,-1.45958800324114,0.44527299544383,1.43333321492626,1.24678870278565,-0.0112161204196545,-0.113860786417039,-0.0382639442739243,0.205761381295462,1.08838378637757,1.1507788827907,1.06837209294066,1.36852100217096,-0.376647239159639,-0.048236570436645,-0.0330109162638679,-0.0211034405390152,0.0525087347129891,-0.67429503037576,0.950766487281889,1.1603029827845,-0.831486854781667,0,-0.0930309953194633,-0.481588184154324,-0.984477210668762,-1.12171262543579,1.11440709687275,1.27008134505226,-0.569033328961901,-0.0998707974396848,-0.0692112518235939,-0.410266899197836,-1.38433934890509,-1.91880986810783,0.41724441800515,1.14027554013895,0.44824274913184,-0.0579502741662557,-0.0191459895266863,-0.303642030474405,-1.17332181098952,-2.33982438944056,-0.283435346285619,1.23612708399432,0.946889884802112,-0.177318504788345
"2927",0,-0.346763866306412,0.0314753496308221,0.0578262499066152,-0.671484007416038,-0.992685559626734,-0.416428649433891,-0.135962069060475,-0.0247411626405223,0.0129698342204877,0.816387510785152,0.325036110633647,0.922682789033507,0.786535690318983,-0.540830462877054,-0.221996339214163,-0.0445734002443183,1.56230462096456,0.58016631181262,-1.12999301782559,0.289871009436705,1.08802203704667,-0.574697546273115,-0.113860786417039,-0.0382639442739243,0.780321099175623,0.924647769019562,-0.374494750439731,0.688959538672687,0.533627184133976,-0.650039470011399,-0.048236570436645,-0.0330109162638679,-0.639535815693025,-0.267195610195108,1.09627321067543,0.950766487281889,-1.39257255434624,-0.831486854781667,0,-0.164537290138466,-0.481588184154324,-0.214770698051542,1.36287885195866,1.27280760797249,0.926220333707951,-0.54218730799514,-0.0998707974396848,-0.0692112518235939,-0.410266899197836,0.550851699251816,1.19219966462977,0.609716526213818,1.14027554013895,0.0429841979463036,-0.202993708003753,-0.0191459895266863,-0.303642030474405,-0.0620425870032242,-1.13339327126463,0.112658392690295,0.902147329875462,0.209604697681432,-0.177318504788345
"2928",0,7.45522128398929,2.26537692547148,0.990200011287507,0.994701386553687,0.617509001117085,-0.416428649433891,-0.135962069060475,0.0344703379829887,0.33995244374252,-0.467204948361685,-1.90867069477352,0.501133233237465,1.29148053419773,-0.540830462877054,-0.1555961886108,-0.0445734002443183,-0.741918245459386,-1.62956752949562,-1.34461511090017,1.43333321492626,-0.34087795460418,-0.574697546273115,-0.113860786417039,-0.0382639442739243,-0.759253601238671,-1.53139249135053,-0.882919294849875,1.00657188464015,-0.635224161117807,-0.650039470011399,-0.048236570436645,-0.0539306280597664,-0.639535815693025,-1.2263086449194,-1.47909877630812,0.109909237103759,0.990111280309114,0.602075245430805,0,-0.0930309953194633,-0.481588184154324,-0.984477210668762,-1.12171262543579,-1.10320005852361,0.754289828035795,2.63084241467372,-0.0998707974396848,-0.0692112518235939,-0.410266899197836,-0.504707054288313,-0.16886700594293,-0.196542412616874,1.14027554013895,1.25875985150291,-0.202993708003753,-0.0191459895266863,3.82618873868734,2.02941592997334,0.93422270303842,-0.283435346285619,-0.644739293483662,-0.527680489439249,-0.177318504788345
"2929",0,-0.346763866306412,0.760702328338993,0.0578262499066152,-0.112707670625565,-0.992685559626734,-0.416428649433891,-0.135962069060475,-0.0247411626405223,1.64788288183065,0.974595877740723,-1.90867069477352,0.711908011135486,-1.06492873723642,-0.540830462877054,-0.1555961886108,-0.0445734002443183,-0.1658625288534,-1.14027015506542,-1.12999301782559,1.10662972764353,-0.658411286082146,-0.574697546273115,-0.113860786417039,-0.0909846830221019,-0.759253601238671,-1.53139249135053,-0.205019902303017,0.688959538672687,-1.3031392155474,-0.650039470011399,-0.048236570436645,-0.0330109162638679,-0.639535815693025,-1.2263086449194,-0.467015508044907,-0.0143158153464765,0.649727875358349,-0.544774434739172,0,-0.0930309953194633,-0.481588184154324,-0.984477210668762,-0.981537536435371,-1.10320005852361,0.926220333707951,-0.0822660400953297,-0.0998707974396848,-0.0692112518235939,-0.410266899197836,0.0230723224817513,-0.94661938912733,0.0422191444562627,0.802782297954812,-0.362274353239232,-0.202993708003753,-0.0912709356995593,0.728815661816031,1.82924482116316,0.93422270303842,-0.0853884767976621,-0.988491876452356,-0.527680489439249,-0.177318504788345
"2930",0,-0.346763866306412,-0.743972268793493,0.290919690251838,0.108774140810285,-0.813775052877421,-0.416428649433891,-0.135962069060475,-0.064995348517452,-0.640995384823577,0.816387510785152,0.0768464655884069,-0.34196587835462,0.115274330305288,-0.540830462877054,-0.1555961886108,-0.0445734002443183,-0.1658625288534,1.09010489057606,-0.846992939284694,-1.18029468333559,0.135422042612768,0.0641012899840076,-0.113860786417039,-0.0382639442739243,0.527433042140173,0.738348582771482,-1.39134383926002,-1.53432688309958,-0.635224161117807,0.716921684247398,-0.048236570436645,-0.0330109162638679,-0.0211034405390152,1.33132611434538,-0.835255779562232,-1.60143883908805,-1.22238085187086,1.74892492560078,0,-0.0930309953194633,-0.481588184154324,1.17070102465946,-1.12171262543579,-1.26160056962335,-0.4492237116693,0.795680780051935,-0.0998707974396848,-0.0692112518235939,-0.410266899197836,0.85984947484568,-0.55774319753513,-0.895344039415955,0.971528919046879,0.0429841979463036,-0.202993708003753,-0.0191459895266863,-0.303642030474405,-0.636223212005343,0.510220392938227,0.497709512797458,-0.129110419030621,-0.527680489439249,-0.177318504788345
"2931",0,-0.346763866306412,0.330795300586854,0.769672747484242,0.108774140810285,-0.0981330258801679,-0.416428649433891,-0.135962069060475,-0.0247411626405223,-0.640995384823577,0.44964680817177,-0.419532824502074,-0.763515434150662,1.12316558623815,-0.540830462877054,-0.1555961886108,-0.12016755277347,-0.741918245459386,0.0702277330491799,1.39504555125922,0.779926240360802,0.7704887055687,-0.574697546273115,-0.113860786417039,-0.0980157101479449,-0.759253601238671,-1.53139249135053,0.642354338380556,1.00657188464015,-0.168810100904399,-0.650039470011399,-0.048236570436645,-0.0330109162638679,-0.639535815693025,0.0525087347129891,0.935312461488958,-0.0582622129318667,-0.201230637018563,-0.831486854781667,0,-0.0930309953194633,-0.481588184154324,1.01675972213601,-0.34527778875002,-0.804056145533386,0.754289828035795,-0.157309225011684,-0.0998707974396848,-0.128717567986081,-0.410266899197836,1.07863107602188,-1.52993367651563,-1.0828566761904,0.971528919046879,-0.564903628832,-0.202993708003753,-0.0191459895266863,-0.303642030474405,0.027704841871553,0.93422270303842,0.904845870642121,-0.129110419030621,-0.527680489439249,-0.177318504788345
"2932",0,-0.346763866306412,-0.743972268793493,0.990200011287507,0.551737763681986,-0.813775052877421,-0.416428649433891,-0.135962069060475,-0.0247411626405223,-0.340911232794378,-0.833945650975067,1.06960504576937,1.13345756693153,-0.559983893357675,-0.540830462877054,-0.1555961886108,-0.0445734002443183,-0.1658625288534,1.09010489057606,1.56338145586488,1.43333321492626,-0.817177951821129,-0.574697546273115,-0.106510770821839,-0.0382639442739243,-0.759253601238671,0.187244317222358,0.810512438417627,1.00657188464015,-0.635224161117807,-0.650039470011399,-0.048236570436645,-0.0330109162638679,-0.639535815693025,-1.2263086449194,-1.15717727793518,0.950766487281889,0.139152767932202,-0.831486854781667,0,-0.0930309953194633,-0.481588184154324,-0.984477210668762,-1.12171262543579,1.11440709687275,1.27008134505226,-0.797595882078731,-0.0998707974396848,-0.0692112518235939,-0.434690479867228,-1.03248643105838,-0.16886700594293,1.16729496510292,1.14027554013895,-0.159645077646464,-0.202993708003753,-0.0191459895266863,-0.303642030474405,-0.772979593369162,0.474752486526631,0.904845870642121,0.558394746906768,-0.281918760399022,-0.177318504788345
"2933",0,1.88237474806379,2.05042341159541,0.990200011287507,0.773219575117836,0.0978153657495025,-0.370840530348348,-0.128347893919455,-0.0247411626405223,0.33995244374252,-0.283834597054994,-1.66048104972828,0.711908011135486,-0.223353997438511,-0.540830462877054,-0.1555961886108,-0.0445734002443183,-0.741918245459386,-1.62956752949562,-0.624985304008629,1.2699814712849,-0.796623301065296,-0.574697546273115,-0.113860786417039,-0.0382639442739243,-0.759253601238671,-0.548976387202492,1.1507788827907,-0.263877499229713,-1.3031392155474,-0.798411220102483,-0.0111937918009328,-0.0330109162638679,-0.639535815693025,-0.267195610195108,0.613390963116015,0.950766487281889,0.139152767932202,-0.831486854781667,0,-0.0930309953194633,-0.481588184154324,-0.984477210668762,-1.12171262543579,-0.311197503024907,1.27008134505226,-0.569033328961901,-0.0998707974396848,-0.0692112518235939,-0.410266899197836,-1.38433934890509,-1.91880986810783,-1.45788194973929,0.802782297954812,0.650872024724607,-0.202993708003753,-0.0912709356995593,-0.303642030474405,1.62907371235298,0.245017378270736,0.904845870642121,0.730271038391115,-0.281918760399022,-0.177318504788345
"2934",0,2.99694405524889,1.62051638384327,-0.057907798920997,0.330255952246136,-0.813775052877421,-0.416428649433891,-0.135962069060475,0.299712168650831,2.95581331991878,0.082906105558388,-0.915912114592555,0.711908011135486,-0.0550390494789284,-0.540830462877054,-0.1555961886108,-0.0445734002443183,0.698221046055578,-1.45958800324114,-1.12999301782559,-0.363535965128757,0.929255371307683,-0.574697546273115,-0.113860786417039,-0.0382639442739243,-0.528285346646701,-1.53139249135053,-1.56081868739673,-0.740296018180913,0.533627184133976,-0.650039470011399,-0.048236570436645,-0.0539306280597664,-0.639535815693025,-1.2263086449194,-1.31813802712165,0.614423587210637,-1.05218914939548,-0.831486854781667,0,-0.0930309953194633,-0.481588184154324,-0.984477210668762,0.275870080598593,0.480805052473791,-0.311243938178383,-0.797595882078731,-0.0998707974396848,-0.0692112518235939,-0.410266899197836,0.550851699251816,1.19219966462977,0.979782328328481,0.465289055770677,0.650872024724607,-0.202993708003753,-0.0191459895266863,0.728815661816031,1.53077611771245,-0.903658163008738,-0.481482215773575,1.07402362135981,1.19265161384234,-0.177318504788345
"2935",0,-0.346763866306412,-1.17387929654563,-2.73929503423606,0.741837507637796,1.86988254836228,2.81006009629609,-0.135962069060475,-0.0247411626405223,-0.640995384823577,-1.93416775881521,-2.65323962990924,1.13345756693153,1.29148053419773,1.18373465936035,-0.1555961886108,-0.0445734002443183,-0.741918245459386,-0.9496494244777,1.39504555125922,1.43333321492626,-0.499644620343163,-0.574697546273115,-0.113860786417039,-0.0382639442739243,0.527433042140173,1.08838378637757,1.1507788827907,0.847765711656421,-1.3031392155474,-0.650039470011399,-0.049335153206293,-0.0330109162638679,-0.33031962811602,0.19121512578813,1.09627321067543,0.950766487281889,-1.05218914939548,-1.34507386765311,0,-0.0930309953194633,-0.481588184154324,-0.984477210668762,0.431157047935746,1.27280760797249,0.124418149599968,-1.28759656859437,-0.0998707974396848,-0.0692112518235939,-0.410266899197836,-1.67171388426271,-1.14105748492343,1.16729496510292,0.465289055770677,-0.767532904424768,-0.202993708003753,-0.0191459895266863,-0.303642030474405,-0.966580144044345,-2.7415390290559,-0.877575954749489,0.902147329875462,-0.527680489439249,-0.177318504788345
"2936",0,-0.347344048584154,-0.0991117271652847,0.757106570942284,0.994701386553687,0.0807774808691453,-0.416428649433891,-0.135962069060475,-0.0247411626405223,-0.640995384823577,0.44964680817177,0.0768464655884069,0.0795836774414227,0.449905794399818,-0.540830462877054,-0.1555961886108,-0.0445734002443183,-0.741918245459386,0.58016631181262,0.721701932836606,1.43333321492626,-0.499644620343163,-0.574697546273115,-0.113860786417039,-0.0909846830221019,-0.759253601238671,-0.385240369844486,1.1507788827907,0.688959538672687,-1.13616045194,-0.650039470011399,-0.049335153206293,-0.0330109162638679,-0.639535815693025,0.365193940269986,1.09627321067543,-1.06729091314562,-1.66979821963664,-0.831486854781667,0,-0.188778822857184,-0.145269946550987,1.3246423271829,0.741730982610052,0.79760607467327,-1.48080674570224,-0.797595882078731,-0.0998707974396848,-0.0692112518235939,-0.410266899197836,0.595790490042711,-0.94661938912733,0.979782328328481,-0.464386335004173,-0.767532904424768,-0.346413273803914,-0.0912709356995593,-0.303642030474405,-0.172466266938626,0.93422270303842,0.904845870642121,-0.129110419030621,-0.527680489439249,-0.177318504788345
"2937",0,-0.346763866306412,0.545748814462924,0.990200011287507,-0.998634916368966,-0.992685559626734,-0.416428649433891,-0.135962069060475,-0.0247411626405223,-0.640995384823577,0.082906105558388,0.573225755678888,1.13345756693153,-0.728298841317257,-0.540830462877054,-0.1555961886108,-0.111531751188364,-0.741918245459386,-1.62956752949562,-0.961657113219938,1.10662972764353,-0.817177951821129,-0.574697546273115,-0.113860786417039,-0.0382639442739243,-0.759253601238671,-0.22150435248648,0.811829186517271,1.00657188464015,-0.301266633903012,-0.650039470011399,-0.049335153206293,-0.0330109162638679,-0.639535815693025,-0.267195610195108,1.09627321067543,0.950766487281889,1.1603029827845,1.17550008551579,0,-0.0930309953194633,-0.369138239753432,-0.984477210668762,0.741730982610052,0.164004030274312,0.754289828035795,-0.0907607667353116,-0.0998707974396848,-0.0692112518235939,-0.410266899197836,-0.680633513211668,0.803323473037571,-1.45788194973929,-1.55967039733413,-0.767532904424768,-0.202993708003753,-0.0191459895266863,-0.303642030474405,0.628218168302089,-0.444187946496948,-2.26390404116519,-1.1603681679367,-0.527680489439249,-0.177318504788345
"2938",0,-0.346763866306412,-1.17387929654563,-0.641454071129054,0.773219575117836,-0.634864546128108,-0.416428649433891,-0.135962069060475,-0.0247411626405223,-0.640995384823577,-0.467204948361685,1.06960504576937,-0.34196587835462,-1.233243685196,-0.540830462877054,-0.1555961886108,-0.0445734002443183,-0.453890387156393,0.92012536432158,0.89003783744226,-1.18029468333559,-1.32776444894883,-0.574697546273115,-0.113860786417039,-0.0382639442739243,0.205761381295462,0.701165196424698,-0.882919294849875,-1.67567074490189,-1.3031392155474,-0.650039470011399,-0.048236570436645,-0.0330109162638679,-0.33031962811602,0.205343848560624,-1.15717727793518,-0.899119463109996,-1.56276425682162,-0.831486854781667,0,-0.0930309953194633,-0.481588184154324,1.17070102465946,1.36287885195866,1.27280760797249,0.410428816691482,-0.569033328961901,-0.0998707974396848,-0.0692112518235939,-0.410266899197836,-0.504707054288313,1.19219966462977,1.16729496510292,1.14027554013895,0.650872024724607,-0.202993708003753,-0.0191459895266863,-0.405029368866588,-1.17332181098952,-0.903658163008738,0.112658392690295,1.07402362135981,-0.281918760399022,-0.177318504788345
"2939",0,-0.346763866306412,-0.314065241041354,0.524013130597061,0.994701386553687,0.796419507866398,-0.416428649433891,-0.135962069060475,-0.0247411626405223,-0.640995384823577,-1.38405670489514,-0.915912114592555,0.711908011135486,1.12316558623815,-0.0480975708092236,-0.0684992036816811,-0.0445734002443183,-0.741918245459386,-1.62956752949562,-1.12999301782559,0.453222753078071,1.24678870278565,0.834006018360537,-0.113860786417039,-0.0382639442739243,-0.759253601238671,-0.548976387202492,-0.0238831822227359,0.847765711656421,1.36852100217096,1.26370614595092,-0.048236570436645,-0.0330109162638679,-0.639535815693025,-0.107343437741059,0.774351712302486,0.950766487281889,0.267908194524852,1.17550008551579,0,-0.0930309953194633,-0.481588184154324,-0.984477210668762,0.741730982610052,0.63920556357353,-1.48080674570224,-0.467752052714261,-0.187201610334604,-0.0692112518235939,-0.410266899197836,-0.680633513211668,1.19219966462977,-0.707831402641512,-1.55967039733413,-0.767532904424768,-0.202993708003753,-0.0191459895266863,-0.303642030474405,-0.172466266938626,0.474752486526631,-1.66976343270132,-1.1603681679367,-0.527680489439249,-0.177318504788345
"2940",0,-0.346763866306412,0.135904292584782,0.290919690251838,0.108774140810285,-0.0981330258801679,-0.416428649433891,-0.135962069060475,-0.0247411626405223,0.33995244374252,0.999757862091843,-1.1641017596378,-0.131191100456599,0.579298699870153,0.937368213326437,0.0928705602676048,-0.0445734002443183,0.122165329449593,1.09010489057606,-0.624985304008629,-1.18029468333559,0.929255371307683,1.67922815714073,-0.113860786417039,-0.0382639442739243,-0.43758194039396,0.269703699587538,0.981304034653986,0.141867359148409,1.36852100217096,1.53709837680268,-0.048236570436645,-0.0330109162638679,-0.610505043759048,-1.2263086449194,-0.996216528748704,-0.73094801307437,0.819919577833732,0.734807737249604,0,-0.0930309953194633,-0.433514077158694,-0.984477210668762,-1.12171262543579,-1.10320005852361,0.754289828035795,0.80234198973908,-0.0998707974396848,-0.254139511751792,-0.410266899197836,-0.504707054288313,-1.18738685186846,-0.520318765867068,0.656854524951461,-0.362274353239232,-0.202993708003753,-0.0191459895266863,-0.303642030474405,0.0669576291998857,0.93422270303842,0.904845870642121,0.558394746906768,-0.527680489439249,-0.177318504788345
"2941",0,-0.346763866306412,0.545748814462924,0.990200011287507,0.773219575117836,-0.277043532629481,-0.691706001650304,-0.135962069060475,-0.0247411626405223,-0.640995384823577,-0.0909394710045647,1.06960504576937,1.13345756693153,0.281590846440236,-0.540830462877054,-0.1555961886108,-0.0445734002443183,-0.741918245459386,-0.26973131945978,1.56338145586488,1.43333321492626,-0.182111288865197,-0.574697546273115,-0.113860786417039,-0.0909846830221019,-0.759253601238671,-0.22150435248648,0.941973003733513,1.00657188464015,-0.635224161117807,-0.650039470011399,-0.048236570436645,-0.0330109162638679,-0.0211034405390152,1.33132611434538,1.09627321067543,0.950766487281889,-0.953193591831846,-0.831486854781667,0,-0.0930309953194633,-0.481588184154324,0.862818419612568,1.36287885195866,1.27280760797249,-0.793084723013613,-1.10985574166281,-0.0998707974396848,-0.0692112518235939,-0.410266899197836,-0.152854136441604,1.19219966462977,1.16729496510292,0.29654243467861,-0.767532904424768,-0.202993708003753,-0.0912709356995593,-0.303642030474405,0.227875950681732,0.93422270303842,0.904845870642121,0.653343243819037,0.455366426721658,-0.177318504788345
"2942",0,-0.346763866306412,-0.743972268793493,0.757106570942284,-0.555671293497266,-0.634864546128108,-0.416428649433891,-0.135962069060475,-0.0247411626405223,-0.640995384823577,-1.01731600228176,1.06960504576937,0.922682789033507,-1.40155863315559,-0.540830462877054,-0.1555961886108,-0.0445734002443183,-0.741918245459386,-0.26973131945978,1.56338145586488,0.453222753078071,-1.29347794903808,-0.574697546273115,-0.113860786417039,-0.0382639442739243,-0.759253601238671,-0.385240369844486,1.1507788827907,-0.10507132624598,-1.3031392155474,-0.650039470011399,-0.048236570436645,-0.0330109162638679,-0.639535815693025,0.851769596983231,1.09627321067543,-0.0582622129318667,-1.08205320542252,-0.745123930905707,0,-0.0930309953194633,-0.481588184154324,0.247053209518791,1.36287885195866,0.00560351917457189,-1.48080674570224,-0.797595882078731,-0.0998707974396848,-0.0692112518235939,-0.410266899197836,0.0230723224817513,1.19219966462977,0.0422191444562627,-1.55967039733413,-0.767532904424768,-0.202993708003753,-0.0191459895266863,-0.303642030474405,-0.372637375748804,0.474752486526631,-0.569716824969599,-1.1603681679367,-0.527680489439249,-0.177318504788345
"2943",0,2.99694405524889,2.26537692547148,0.990200011287507,0.994701386553687,1.69774836375303,1.93010862018791,-0.135962069060475,-0.0247411626405223,-0.640995384823577,-1.01731600228176,-0.915912114592555,0.290358455339444,1.29148053419773,0.937368213326437,-0.1555961886108,-0.0445734002443183,-0.741918245459386,-1.62956752949562,-1.12999301782559,0.943277984002168,0.694953904948656,-0.574697546273115,-0.113860786417039,-0.0382639442739243,1.81411968551902,0.41895951634957,0.472879490243842,1.00657188464015,0.366648420526578,-0.376647239159639,-0.048236570436645,-0.0330109162638679,0.596635887378381,1.33132611434538,1.55370423434177,0.950766487281889,-0.0511379071852152,-0.544774434739172,0,-0.0930309953194633,-0.481588184154324,0.247053209518791,1.20759188462151,-0.786399036324126,-1.48080674570224,-0.797595882078731,-0.0998707974396848,-0.0692112518235939,0.558214809138742,1.25455753494524,-0.36330510173903,-1.83290722328817,-1.55967039733413,-0.903853087038553,-0.202993708003753,-0.0191459895266863,1.76127335410647,1.82924482116316,-2.28206881254411,-2.26390404116519,-0.95288929695621,-0.527680489439249,-0.177318504788345
"2944",0,-0.346763866306412,-0.978810500543745,-0.641454071129054,0.773219575117836,1.15424052136502,-0.416428649433891,-0.135962069060475,-0.0247411626405223,-0.640995384823577,-0.547616068541495,0.821415400724128,0.711908011135486,0.533486423189616,-0.540830462877054,-0.284651495925515,-0.0445734002443183,-0.741918245459386,-1.28960847698666,-1.12999301782559,0.616574496719437,-0.182111288865197,-0.574697546273115,-0.113860786417039,-0.0382639442739243,-0.759253601238671,-1.53139249135053,-1.39134383926002,0.168570289669467,0.19966965691918,0.443529453395639,-0.048236570436645,-0.0330109162638679,-0.33031962811602,0.212360907167038,1.09627321067543,0.648660126573717,0.309344470407584,0.45139787769345,0,-0.0930309953194633,0.863684766259023,-0.0492250896348954,0.897017949947205,0.164004030274312,-1.48080674570224,-0.797595882078731,-0.0998707974396848,-0.0692112518235939,-0.410266899197836,-1.38433934890509,0.608885377241471,-1.27036931296484,-1.55967039733413,-0.767532904424768,-0.202993708003753,-0.0191459895266863,-0.303642030474405,-0.772979593369162,0.474752486526631,-2.06585717167723,-0.982600535531576,-0.527680489439249,-0.177318504788345
"2945",0,-0.346763866306412,-0.0991117271652847,0.757106570942284,-0.777153104933116,-0.992685559626734,-0.416428649433891,-0.135962069060475,-0.064995348517452,-0.640995384823577,0.44964680817177,-0.915912114592555,0.290358455339444,-0.559983893357675,-0.66627666548454,-0.1555961886108,-0.0445734002443183,-0.453890387156393,1.09010489057606,-0.961657113219938,-0.200184221487392,1.08802203704667,-0.0112161204196545,-0.113860786417039,-0.0382639442739243,-0.43758194039396,0.52859403691364,-1.39134383926002,-1.21671453713211,1.36852100217096,0.990313915099158,-0.048236570436645,-0.0330109162638679,0.28811274703799,1.01162176943728,-1.47909877630812,-1.73997671328813,0.791259729174212,1.66002027350262,0,-0.0930309953194633,0.527366528655686,1.47858362970634,-0.966425658098632,-1.26160056962335,0.818664531157624,1.48802964908957,-0.0998707974396848,-0.0692112518235939,-0.410266899197836,1.25455753494524,-1.14105748492343,-1.45788194973929,0.971528919046879,0.44824274913184,-0.202993708003753,-0.0191459895266863,-0.343172313165632,-0.172466266938626,0.474752486526631,0.745736877383535,0.558394746906768,-0.281918760399022,-0.177318504788345
"2946",0,-0.346763866306412,0.115841786710785,0.0578262499066152,0.330255952246136,0.259687987618459,-0.416428649433891,-0.135962069060475,-0.0247411626405223,-0.640995384823577,0.44964680817177,0.325036110633647,-0.552740656252641,-0.223353997438511,-0.540830462877054,-0.230490700758179,-0.0445734002443183,-0.1658625288534,1.09010489057606,-0.961657113219938,-1.18029468333559,-0.556163711674334,-0.574697546273115,-0.113860786417039,-0.0382639442739243,0.849104702984884,1.08838378637757,0.375741108407438,0.37134719270522,-0.134287870295615,-0.650039470011399,-0.049335153206293,-0.0330109162638679,-0.0211034405390152,0.212360907167038,-0.191412782816345,-0.394605113003119,0.990111280309114,-0.544774434739172,0,-0.0930309953194633,-0.481588184154324,-0.689256037094218,-1.12171262543579,-1.26160056962335,0.754289828035795,0.116654330388589,-0.0998707974396848,-0.0692112518235939,-0.410266899197836,-0.680633513211668,-1.14105748492343,0.41724441800515,0.802782297954812,-0.564903628832,-0.202993708003753,-0.0191459895266863,-0.303642030474405,0.227875950681732,0.245017378270736,-0.0853884767976621,-0.54106930097863,-0.527680489439249,-0.177318504788345
"2947",0,-0.179372257138954,-1.23435747046847,-1.57382783250995,0.773219575117836,-0.0981330258801679,-0.398871960976378,-0.112544758742223,-0.0247411626405223,-0.640995384823577,-1.38405670489514,0.821415400724128,0.0795836774414227,-1.233243685196,-0.540830462877054,-0.1555961886108,-0.0445734002443183,-0.305363583222736,0.335321985731581,1.22670964665357,-1.01694293969422,-0.975944617560112,1.11574673128727,-0.113860786417039,-0.0382639442739243,1.28075930643852,1.08838378637757,-0.543969598576446,-1.90715889578562,0.700605947741373,3.45084399276499,-0.048236570436645,-0.0330109162638679,3.38027462280804,1.17147394189133,-1.47909877630812,-1.29233450208326,1.1603029827845,0.8887876654733,0,0.886763464381652,3.89054890468905,1.76040118303361,1.36287885195866,1.27280760797249,1.27008134505226,-0.0837007446048944,-0.0998707974396848,-0.0692112518235939,-0.410266899197836,0.0230723224817513,0.220009185649271,1.16729496510292,-0.209697428597592,-0.767532904424768,-0.202993708003753,-0.0191459895266863,-0.303642030474405,-1.17332181098952,-1.13339327126463,0.365359982948715,-0.644739293483662,-0.527680489439249,-0.177318504788345
"2948",0,-0.346763866306412,-1.17387929654563,-1.1076409518195,0.994701386553687,-0.455954039378794,-0.416428649433891,-0.135962069060475,-0.0247411626405223,-0.640995384823577,-1.93416775881521,0.821415400724128,0.290358455339444,-1.40155863315559,-0.540830462877054,-0.1555961886108,-0.0445734002443183,-0.741918245459386,-0.548063451133714,1.56338145586488,-0.853591196052854,-0.59669770155831,0.462817937542543,-0.113860786417039,-0.0382639442739243,0.527433042140173,0.924647769019562,-0.374494750439731,-1.37552071011585,1.20154223856357,1.53709837680268,-0.048236570436645,-0.0330109162638679,2.14340987250002,1.6991171515289,1.09627321067543,0.950766487281889,1.38151882780466,1.17550008551579,0,0.174009364952091,1.11075408991534,0.247053209518791,0.201374270020832,1.42045268366278,0.754289828035795,-0.569033328961901,-0.143006439543445,-0.0692112518235939,-0.410266899197836,-1.8542459393418,-1.33549558071953,1.16729496510292,-0.884683912965861,-0.767532904424768,-0.202993708003753,-0.0191459895266863,-0.303642030474405,-1.17332181098952,-0.444187946496948,-0.481482215773575,-1.1603681679367,-0.527680489439249,-0.177318504788345
"2949",0,-0.346763866306412,0.975655842215063,0.990200011287507,-0.334189482061415,-0.634864546128108,-0.416428649433891,-0.135962069060475,-0.0247411626405223,0.993917662786584,0.816387510785152,-1.66048104972828,1.13345756693153,1.12316558623815,-0.540830462877054,-0.1555961886108,-0.0445734002443183,0.986248904358571,0.7501458380671,-0.793321208614283,0.973907148110958,1.4517832234007,-0.0112161204196545,-0.041078056421496,-0.0382639442739243,-0.759253601238671,0.433439716945544,0.46003337199077,1.00657188464015,1.16083240976429,0.443529453395639,-0.048236570436645,-0.0330109162638679,-0.863655291896553,-1.2263086449194,-0.996216528748704,-0.394605113003119,0.819919577833732,1.17550008551579,0,-0.0930309953194633,-0.481588184154324,-0.984477210668762,-1.10891050067387,-1.26160056962335,0.410428816691482,1.25946709597274,-0.0998707974396848,-0.0692112518235939,0.558214809138742,1.07863107602188,-0.16886700594293,-0.761358503436073,0.634035676862745,0.718917650440135,-0.172706555594942,-0.0191459895266863,0.728815661816031,0.628218168302089,0.474752486526631,0.508752131666208,0.518411219709009,0.209604697681432,-0.177318504788345
"2950",0,-0.346763866306412,-1.31094521653624,-1.57382783250995,0.330255952246136,-0.992685559626734,-0.416428649433891,-0.135962069060475,-0.0247411626405223,-0.640995384823577,-1.93416775881521,0.573225755678888,-0.974290212048683,-1.40155863315559,-0.500657381150549,-0.1555961886108,-0.0445734002443183,-0.741918245459386,0.241082058357539,1.05837374204791,-1.18029468333559,-0.975944617560112,-0.574697546273115,-0.113860786417039,-0.0382639442739243,-0.43758194039396,1.08838378637757,-0.882919294849875,-1.59266754422492,-0.461684153706119,-0.650039470011399,-0.048236570436645,-0.0330109162638679,2.14340987250002,1.01162176943728,-1.47909877630812,-0.562776563038745,0.139152767932202,-0.831486854781667,0,-0.0930309953194633,2.88159419187904,1.47858362970634,0.741730982610052,0.95600658577301,0.926220333707951,-0.797595882078731,-0.0998707974396848,-0.0692112518235939,0.558214809138742,-0.326668620375972,0.414447281445371,0.979782328328481,-1.39092377624206,-0.767532904424768,-0.202993708003753,-0.0191459895266863,-0.303642030474405,-1.17332181098952,-1.82259859603232,-0.0853884767976621,-1.1603681679367,-0.527680489439249,-0.177318504788345
"2951",0,-0.397823013440745,-0.0991117271652847,0.757106570942284,-2.10604397354822,-1.65226009612803,-0.416428649433891,-0.135962069060475,-0.0247411626405223,0.554782296023054,0.816387510785152,-0.419532824502074,-2.23893887943681,-1.88417887704168,-0.540830462877054,-0.1555961886108,-0.0445734002443183,1.56230462096456,1.09010489057606,-0.793321208614283,-1.18029468333559,-1.29347794903808,-0.574697546273115,-0.113860786417039,-0.0382639442739243,2.45746300720844,0.59717573430355,-1.39134383926002,-0.899102191164647,-0.301266633903012,-0.650039470011399,-0.048236570436645,-0.0330109162638679,1.83419368492302,1.36197560183816,0.613390963116015,0.950766487281889,0.990111280309114,1.74892492560078,0,-0.0930309953194633,1.5363212414657,1.47858362970634,0.897017949947205,-1.10320005852361,-0.793084723013613,1.94515475532323,-0.0998707974396848,-0.0692112518235939,0.0739739549704533,1.43048399386859,0.997761568833671,-1.27036931296484,-0.209697428597592,1.46138912709568,-0.202993708003753,-0.0191459895266863,-0.303642030474405,-0.172466266938626,0.0152822700148413,0.904845870642121,1.58965249581285,0.455366426721658,-0.177318504788345
"2952",0,-0.33573975173665,-0.529018754917424,0.0578262499066152,0.330255952246136,0.617509001117085,-0.416428649433891,-0.135962069060475,-0.0247411626405223,-0.354782059209083,0.266276456865079,-0.915912114592555,-1.81738932364077,0.618220742359401,-0.0480975708092236,-0.1555961886108,-0.0445734002443183,-0.741918245459386,0.24020725930366,0.216694219019643,0.779926240360802,0.452955374090734,-0.574697546273115,-0.113860786417039,-0.0382639442739243,-0.759253601238671,-0.385240369844486,1.1507788827907,-0.740296018180913,-1.3031392155474,-0.650039470011399,-0.048236570436645,-0.0330109162638679,0.28811274703799,0.691917424529183,-0.513334281189288,0.109909237103759,-1.56276425682162,-0.831486854781667,0,-0.0930309953194633,0.863684766259023,1.0518173285096,-1.12171262543579,-0.152796991925168,0.0665678053471691,-0.797595882078731,-0.0998707974396848,0.0818572405040151,0.0739739549704533,0.726778158175171,-1.52993367651563,-1.83290722328817,0.634035676862745,0.0429841979463036,-0.202993708003753,-0.0191459895266863,-0.303642030474405,-0.772979593369162,0.0152822700148413,-0.0853884767976621,0.902147329875462,0.946889884802112,-0.177318504788345
"2953",0,0.767805440878689,1.62051638384327,0.990200011287507,0.146874303455974,0.259687987618459,-0.416428649433891,-0.135962069060475,-0.0247411626405223,-0.640995384823577,-0.100464245748303,-0.915912114592555,0.922682789033507,0.128572006132489,-0.540830462877054,-0.1555961886108,-0.0445734002443183,-0.741918245459386,-1.62956752949562,-0.961657113219938,1.43333321492626,-0.182111288865197,-0.574697546273115,-0.113860786417039,-0.0598124768661009,-0.43758194039396,0.59717573430355,0.981304034653986,1.00657188464015,0.867584711348771,1.26370614595092,-0.048236570436645,-0.0330109162638679,-0.639535815693025,0.0525087347129891,1.09627321067543,0.614423587210637,0.479536172882967,1.46221250555829,0,-0.0930309953194633,-0.481588184154324,0.247053209518791,1.36287885195866,-1.10320005852361,-1.1487662533331,-0.797595882078731,-0.0998707974396848,-0.0692112518235939,-0.410266899197836,1.07863107602188,0.220009185649271,-1.83290722328817,-1.55967039733413,-0.767532904424768,-0.302426829384465,-0.0191459895266863,0.728815661816031,2.02941592997334,-1.82259859603232,-2.26390404116519,-1.02209567157417,-0.527680489439249,-0.398833119794859
"2954",0,-0.346763866306412,-1.06926668754754,-2.1658335315871,0.773219575117836,0.259687987618459,-0.416428649433891,-0.144741410660922,-0.0247411626405223,-0.640995384823577,-1.93416775881521,-2.405049984864,1.13345756693153,-0.0550390494789284,-0.540830462877054,-0.1555961886108,-0.0445734002443183,-0.741918245459386,-1.62956752949562,0.553366028230951,1.43333321492626,-0.817177951821129,-0.574697546273115,-0.104875480374127,-0.0382639442739243,-0.136955644686071,1.08838378637757,1.1507788827907,0.418435295277602,-0.0295833897718772,-0.411931419464673,-0.048236570436645,-0.0330109162638679,-0.33031962811602,0.851769596983231,1.09627321067543,0.950766487281889,1.1603029827845,-0.653859416711675,0,-0.0930309953194633,-0.481588184154324,-0.830535908145318,-0.0347038540757136,0.95600658577301,1.27008134505226,-0.797595882078731,-0.0998707974396848,-0.0692112518235939,-0.410266899197836,-1.38433934890509,-1.91880986810783,0.604757054779594,0.971528919046879,-0.767532904424768,-0.202993708003753,-0.0191459895266863,-0.303642030474405,-1.17332181098952,-2.7415390290559,0.904845870642121,0.730271038391115,-0.527680489439249,-0.177318504788345
"2955",0,0.767805440878689,1.4055628699672,-0.408360630783831,-2.54900759641992,-0.992685559626734,-0.416428649433891,-0.135962069060475,0.0676255668164689,0.666935053264552,0.999757862091843,-2.15686033981876,-2.23893887943681,0.113275898480654,1.67646755142818,-0.1555961886108,0.188762392482701,1.56230462096456,0.7501458380671,-1.70823596935558,-0.690239452411488,1.24678870278565,1.11574673128727,-0.113860786417039,-0.0382639442739243,2.13579134636373,0.924647769019562,-0.205019902303017,0.530153365688954,1.03456347495617,0.716921684247398,-0.048236570436645,-0.0330109162638679,-0.33031962811602,0.691917424529183,1.09627321067543,0.950766487281889,0.990111280309114,0.602075245430805,0,-0.0930309953194633,-0.481588184154324,-0.830535908145318,1.05230491728436,-0.311197503024907,-1.48080674570224,-0.797595882078731,-0.33729732980718,-0.0692112518235939,-0.410266899197836,0.0230723224817513,0.608885377241471,-1.83290722328817,-1.55967039733413,-0.767532904424768,-0.202993708003753,-0.0191459895266863,1.76127335410647,1.22873149473262,-2.05233370428821,-2.26390404116519,-1.1603681679367,-0.527680489439249,-0.177318504788345
"2956",0,-0.346763866306412,-0.0991117271652847,-0.641454071129054,0.615163522280237,1.15424052136502,0.17020566797156,-0.0296046312248437,-0.0247411626405223,-0.640995384823577,-0.650575299668376,-0.419532824502074,-0.131191100456599,1.29148053419773,0.691001767292522,-0.1555961886108,-0.0445734002443183,-0.741918245459386,-1.62956752949562,-1.12999301782559,-0.200184221487392,0.7704887055687,-0.574697546273115,-0.113860786417039,-0.0382639442739243,-0.759253601238671,-0.385240369844486,-0.0355450541663019,0.688959538672687,1.03456347495617,0.990313915099158,-0.048236570436645,-0.0330109162638679,-0.639535815693025,0.0525087347129891,0.774351712302486,0.782595037246263,-0.201230637018563,-0.258062014696678,0,-0.0930309953194633,-0.481588184154324,-0.984477210668762,0.586444015272899,-0.152796991925168,-1.48080674570224,-0.797595882078731,-0.0998707974396848,-0.0692112518235939,-0.410266899197836,-0.328780595364958,0.997761568833671,-0.85365959277031,-1.55967039733413,-0.767532904424768,-0.202993708003753,-0.0912709356995593,-0.307200560952818,0.277045195988403,-0.760034929454272,-2.26390404116519,-1.1603681679367,-0.527680489439249,-0.177318504788345
"2957",0,-0.346763866306412,0.760702328338993,0.757106570942284,0.994701386553687,0.796419507866398,-0.00543430272899829,-0.135962069060475,-0.0247411626405223,0.33995244374252,-0.128013795102044,0.325036110633647,0.711908011135486,1.29148053419773,-0.294464016843139,-0.1555961886108,-0.0445734002443183,-0.741918245459386,-1.62956752949562,-1.12999301782559,0.779926240360802,1.24678870278565,-0.574697546273115,-0.113860786417039,-0.0382639442739243,-0.759253601238671,-0.876448421918504,-0.543969598576446,0.688959538672687,1.03456347495617,-0.10325500830788,0.019644470688111,-0.0330109162638679,-0.33031962811602,1.33132611434538,1.09627321067543,0.950766487281889,1.1603029827845,2.32234976568577,0,-0.0930309953194633,-0.481588184154324,-0.368712000574986,1.20759188462151,0.63920556357353,-1.10029796727895,-0.569033328961901,-0.0998707974396848,-0.0692112518235939,-0.410266899197836,-0.328780595364958,1.19219966462977,-1.27036931296484,-1.55967039733413,-0.767532904424768,-0.202993708003753,-0.0191459895266863,-0.303642030474405,0.828389277112268,-0.214452838241053,-2.26390404116519,-1.1603681679367,-0.527680489439249,-0.177318504788345
"2958",0,-0.346763866306412,-1.17387929654563,-0.641454071129054,0.958039053063453,0.796419507866398,-0.123111490731166,-0.135962069060475,-0.0247411626405223,-0.640995384823577,-1.20068635358845,0.821415400724128,1.13345756693153,1.29148053419773,0.075938772762784,-0.1555961886108,-0.0445734002443183,0.410193187752585,0.325928576312741,1.56338145586488,1.43333321492626,1.24678870278565,0.552265305433806,-0.113860786417039,-0.0382639442739243,1.81411968551902,0.924647769019562,0.133929793970413,1.00657188464015,1.36852100217096,1.53709837680268,-0.048236570436645,-0.0330109162638679,-0.639535815693025,-0.548239011388546,-1.47909877630812,0.950766487281889,1.1603029827845,1.17550008551579,0,-0.0930309953194633,-0.481588184154324,-0.984477210668762,-0.966425658098632,1.27280760797249,1.27008134505226,0.57377943662225,-0.00534425285729259,-0.0692112518235939,-0.410266899197836,-1.38433934890509,-0.55774319753513,1.16729496510292,1.14027554013895,0.0429841979463036,0.0985016109795324,-0.0191459895266863,-0.303642030474405,-1.17332181098952,-0.722658905303733,0.112658392690295,0.273163999021943,-0.281918760399022,-0.177318504788345
"2959",0,-0.346763866306412,-1.17387929654563,-0.032404989160423,-1.88456216211237,-0.992685559626734,-0.416428649433891,-0.131246485727087,-0.0247411626405223,-0.640995384823577,-1.01731600228176,0.821415400724128,-1.81738932364077,-1.40155863315559,-0.540830462877054,-0.1555961886108,-0.0445734002443183,-0.741918245459386,0.0702277330491799,0.721701932836606,-1.18029468333559,-1.29347794903808,-0.574697546273115,-0.113860786417039,-0.0382639442739243,-0.759253601238671,0.59717573430355,-0.543969598576446,-1.53432688309958,-1.3031392155474,-0.650039470011399,-0.048236570436645,-0.0330109162638679,-0.639535815693025,1.01162176943728,1.09627321067543,0.950766487281889,0.309344470407584,0.0286504053458163,0,-0.175097478481616,-0.481588184154324,1.01675972213601,-0.0347038540757136,-0.944799547423866,-0.277293205997144,1.76144912190421,-0.0998707974396848,-0.0692112518235939,-0.410266899197836,0.0230723224817513,0.608885377241471,-1.64539458651373,0.0678833338894282,2.47453550505952,1.02661939301677,-0.0191459895266863,-0.303642030474405,-0.97315070217934,-0.214452838241053,0.904845870642121,1.4177762043285,1.19265161384234,-0.177318504788345
"2960",0,1.88237474806379,1.83546989771934,0.990200011287507,0.330255952246136,0.259687987618459,-0.416428649433891,-0.135962069060475,-0.0247411626405223,0.33995244374252,0.266276456865079,-0.915912114592555,0.501133233237465,1.29148053419773,-0.540830462877054,-0.1555961886108,-0.0445734002443183,-0.741918245459386,-1.62956752949562,-0.28831349479732,1.10662972764353,0.452955374090734,-0.574697546273115,-0.113860786417039,-0.0382639442739243,-0.115910279549249,-0.158639977522961,0.441263720825386,0.0537348467377536,-1.13616045194,-0.650039470011399,-0.048236570436645,-0.0515803058218641,0.28811274703799,1.33132611434538,0.935312461488958,-0.226433662967493,-1.39257255434624,-0.831486854781667,0,-0.27554224433891,-0.481588184154324,-0.52265330309843,0.586444015272899,1.11440709687275,1.09815083938011,-0.569033328961901,-0.0998707974396848,0.188281961357382,1.04245566330703,-0.328780595364958,-1.14105748492343,-0.895344039415955,1.14027554013895,0.853501300317375,-0.202993708003753,-0.0191459895266863,2.7937310463969,1.4289026035428,0.93422270303842,0.508752131666208,0.902147329875462,-0.0361570313587953,-0.177318504788345
"2961",0,-0.346763866306412,-0.743972268793493,0.757106570942284,-1.66308035067652,-0.992685559626734,-0.416428649433891,-0.106550554135123,-0.0247411626405223,-0.640995384823577,-0.100464245748303,1.06960504576937,-1.81738932364077,-1.40155863315559,-0.540830462877054,-0.170265081524337,-0.0445734002443183,-0.741918245459386,0.41018678555814,0.721701932836606,-1.18029468333559,-1.29347794903808,-0.574697546273115,-0.113860786417039,-0.0382639442739243,-0.759253601238671,0.760911751661556,0.472879490243842,-1.53432688309958,-1.3031392155474,-0.650039470011399,-0.048236570436645,-0.0330109162638679,-0.0211034405390152,1.33132611434538,1.09627321067543,0.135164502037695,-0.0310389345431809,-0.747097474681426,0,-0.0930309953194633,0.527366528655686,1.47858362970634,1.20759188462151,-0.121536649015952,1.27008134505226,0.57377943662225,-0.0998707974396848,-0.0692112518235939,0.0739739549704533,1.07863107602188,1.19219966462977,-0.707831402641512,0.802782297954812,1.25875985150291,-0.202993708003753,-0.0191459895266863,-0.303642030474405,-0.572808484558983,0.474752486526631,0.904845870642121,1.07402362135981,0.606682448357149,-0.177318504788345
"2962",0,-0.346763866306412,-1.28635828428075,-0.641454071129054,0.108774140810285,-0.992685559626734,-0.416428649433891,-0.135962069060475,-0.0247411626405223,-0.640995384823577,-1.01731600228176,1.06960504576937,-0.974290212048683,-1.40155863315559,-0.540830462877054,-0.1555961886108,-0.0445734002443183,-0.741918245459386,0.0702277330491799,0.567235319829329,-1.18029468333559,-1.29347794903808,-0.574697546273115,-0.113860786417039,-0.0382639442739243,-0.759253601238671,0.433439716945544,-0.205019902303017,-0.899102191164647,-1.3031392155474,-0.650039470011399,-0.048236570436645,-0.0330109162638679,-0.639535815693025,0.851769596983231,1.09627321067543,0.782595037246263,0.309344470407584,-0.544774434739172,0,-0.0930309953194633,-0.481588184154324,1.01675972213601,1.05230491728436,-1.10320005852361,-0.4492237116693,0.57377943662225,-0.0998707974396848,-0.0692112518235939,-0.410266899197836,-0.504707054288313,0.414447281445371,-1.64539458651373,0.29654243467861,0.44824274913184,-0.202993708003753,-0.0191459895266863,-0.303642030474405,-1.17332181098952,-0.673923054752843,0.706799001154165,0.558394746906768,-0.527680489439249,-0.177318504788345
"2963",0,-0.346763866306412,-1.17387929654563,-1.34073439216472,0.773219575117836,-0.634864546128108,2.81006009629609,2.8468512541569,-0.0247411626405223,-0.640995384823577,-1.56742705620183,1.06960504576937,-0.131191100456599,-0.559983893357675,3.40103267366559,2.77970488301997,-0.0445734002443183,-0.453890387156393,0.92012536432158,0.553366028230951,-1.18029468333559,0.135422042612768,3.08793172177438,-0.113860786417039,-0.0382639442739243,2.13579134636373,1.08838378637757,-0.0355450541663019,-0.10507132624598,1.36852100217096,2.63066730020971,-0.048236570436645,-0.0330109162638679,1.52497749734601,1.33132611434538,1.09627321067543,0.782595037246263,0.990111280309114,1.17550008551579,0,-0.0930309953194633,-0.481588184154324,-0.52265330309843,-0.811138690761479,0.95600658577301,-0.105362700324987,-0.413626366619557,-0.0998707974396848,-0.0692112518235939,-0.410266899197836,-1.38433934890509,-0.75218129333123,0.792269691554037,-1.39092377624206,-0.767532904424768,-0.202993708003753,-0.0191459895266863,-0.303642030474405,-1.17332181098952,-1.33153143933509,-0.481482215773575,-1.1603681679367,-0.527680489439249,-0.177318504788345
"2964",0,5.22608266961909,1.83546989771934,0.990200011287507,-0.777153104933116,-0.813775052877421,-0.416428649433891,-0.135962069060475,-0.0247411626405223,0.666935053264552,0.082906105558388,-1.90867069477352,0.290358455339444,0.449905794399818,-0.540830462877054,-0.1555961886108,-0.0445734002443183,-0.453890387156393,-1.28960847698666,-0.961657113219938,0.616574496719437,0.452955374090734,-0.598689537048922,-0.113860786417039,-0.0382639442739243,-0.759253601238671,-1.36765647399252,0.981304034653986,0.530153365688954,-1.13616045194,-0.650039470011399,-0.048236570436645,-0.0330109162638679,-0.639535815693025,-1.06645647246535,-0.043451330579923,-0.0269515868657712,-0.0310389345431809,-0.525236910703519,0,-0.0930309953194633,-0.481588184154324,-0.984477210668762,-1.12171262543579,-1.10320005852361,0.754289828035795,0.725701401324663,-0.0998707974396848,-0.0692112518235939,2.01093737164361,0.368182691163497,-1.91880986810783,-1.45788194973929,0.465289055770677,0.759999187166671,-0.202993708003753,-0.0191459895266863,4.85864643097778,2.02941592997334,0.93422270303842,0.904845870642121,1.07402362135981,0.17955803370594,-0.177318504788345
"2965",0,-0.346763866306412,-0.314065241041354,0.0578262499066152,0.773219575117836,0.438598494367772,-0.416428649433891,-0.135962069060475,0.0676255668164689,0.666935053264552,0.816387510785152,-0.419532824502074,-0.131191100456599,0.618220742359401,-0.540830462877054,-0.1555961886108,-0.0445734002443183,3.00244391247952,0.0702277330491799,-0.793321208614283,-0.336863276608308,-0.658411286082146,-0.652040636544398,-0.113860786417039,0.0960485539139038,1.17077636382959,0.433439716945544,0.981304034653986,-0.10507132624598,-1.3031392155474,-0.650039470011399,-0.048236570436645,-0.0330109162638679,-0.281796484322685,0.0622641722942362,1.09627321067543,0.446252137175011,-1.05218914939548,-0.831486854781667,0,-0.0930309953194633,-0.481588184154324,0.554935814565679,0.275870080598593,-0.311197503024907,0.754289828035795,-0.569033328961901,-0.0998707974396848,-0.0692112518235939,-0.410266899197836,0.374925240328461,-0.16886700594293,-1.83290722328817,0.127795813586543,0.853501300317375,-0.202993708003753,-0.0191459895266863,-0.303642030474405,-0.363043401888533,0.245017378270736,0.904845870642121,1.24589991284416,0.701128155761885,-0.177318504788345
"2966",0,-0.346763866306412,-0.0991117271652847,-0.874547511474277,0.330255952246136,1.33315102811434,2.40761764803251,0.791420999008737,-0.0247411626405223,-0.640995384823577,-0.650575299668376,-0.915912114592555,-1.1850649899467,0.618220742359401,2.90829978159776,0.822837501932791,-0.0445734002443183,-0.741918245459386,-1.62956752949562,-1.12999301782559,-1.18029468333559,0.929255371307683,1.67922815714073,-0.113860786417039,-0.0382639442739243,-0.759253601238671,0.269703699587538,1.1507788827907,1.00657188464015,1.36852100217096,1.81049060765444,-0.048236570436645,-0.0330109162638679,-0.639535815693025,-0.546794347413003,-0.513334281189288,0.950766487281889,0.309344470407584,0.602075245430805,0,-0.0930309953194633,-0.481588184154324,-0.984477210668762,0.431157047935746,0.00560351917457189,-1.48080674570224,-0.797595882078731,-0.0998707974396848,-0.0692112518235939,-0.410266899197836,-0.856559972135023,1.19219966462977,-1.64539458651373,-1.55967039733413,-0.767532904424768,-0.202993708003753,-0.0191459895266863,-0.303642030474405,0.241079798265905,-0.444187946496948,-2.26390404116519,-1.1603681679367,-0.527680489439249,-0.177318504788345
"2967",0,-0.346763866306412,1.19060935609113,0.990200011287507,0.551737763681986,0.617509001117085,-0.123111490731166,-0.135962069060475,-0.0247411626405223,-0.640995384823577,0.816387510785152,0.325036110633647,0.501133233237465,1.29148053419773,0.444635321258607,-0.1555961886108,-0.0445734002443183,-0.741918245459386,-1.62956752949562,-1.12999301782559,-0.526887708770123,1.24678870278565,0.474204255841873,-0.113860786417039,-0.0382639442739243,-0.759253601238671,-1.53139249135053,-0.959147537016621,0.567428677755094,0.606774048893457,-0.337405451981117,-0.048236570436645,-0.0330109162638679,-0.659291796606187,-1.2263086449194,-0.191412782816345,0.950766487281889,-0.541614041969328,-0.831486854781667,0,-0.0930309953194633,-0.481588184154324,0.247053209518791,1.36287885195866,0.00560351917457189,-1.48080674570224,-0.797595882078731,-0.0998707974396848,-0.0692112518235939,2.4951782258119,1.43048399386859,1.19219966462977,1.16729496510292,0.24826541152661,-0.767532904424768,-0.202993708003753,-0.0191459895266863,0.143479069023525,0.42804705949191,-0.903658163008738,0.112658392690295,1.07402362135981,0.623039293925,-0.177318504788345
"2968",0,-0.346763866306412,-0.314065241041354,0.757106570942284,-0.334189482061415,-0.992685559626734,-0.416428649433891,-0.0814899715017374,-0.064995348517452,-0.640995384823577,0.633017159478461,-0.915912114592555,1.13345756693153,-0.223353997438511,-0.540830462877054,-0.1555961886108,-0.111531751188364,-0.741918245459386,0.775065976364049,-1.12999301782559,0.943277984002168,0.294188708351751,-0.574697546273115,-0.113860786417039,-0.0382639442739243,-0.43758194039396,0.924647769019562,1.1507788827907,1.00657188464015,0.19966965691918,-0.650039470011399,-0.048236570436645,-0.0677629935268027,-0.639535815693025,-1.2263086449194,-1.47909877630812,-0.899119463109996,0.479536172882967,-0.831486854781667,0,-0.0930309953194633,0.986246765205857,-0.32887909565437,-1.12171262543579,-0.786399036324126,1.09815083938011,-0.797595882078731,-0.0998707974396848,-0.0692112518235939,3.46365993414848,1.07863107602188,-0.75218129333123,-1.0828566761904,0.802782297954812,-0.564903628832,-0.202993708003753,-0.0191459895266863,-0.303642030474405,0.027704841871553,0.245017378270736,0.904845870642121,1.4177762043285,0.369762455905877,-0.177318504788345
"2969",0,-0.346763866306412,-0.958925782669563,-0.641454071129054,0.994701386553687,1.86988254836228,3.10337725499881,0.791420999008737,-0.0247411626405223,-0.640995384823577,-0.100464245748303,0.325036110633647,-0.552740656252641,0.618220742359401,3.40103267366559,2.77970488301997,-0.0152492710856271,-0.444231655078612,-1.28960847698666,-1.12999301782559,-1.01694293969422,0.7704887055687,2.24270958299419,-0.113860786417039,-0.0382639442739243,-0.759253601238671,-1.53139249135053,-0.0355450541663019,1.00657188464015,0.533627184133976,-0.650039470011399,-0.441100097186372,-0.0330109162638679,-0.639535815693025,-1.2263086449194,0.774351712302486,0.950766487281889,0.990111280309114,-0.831486854781667,0,-0.0930309953194633,-0.481588184154324,-0.931065138326936,-0.0347038540757136,0.477320524047197,1.27008134505226,-0.340470775845071,-0.0998707974396848,-0.0692112518235939,-0.410266899197836,-1.03248643105838,1.19219966462977,0.792269691554037,0.634035676862745,-0.767532904424768,-0.202993708003753,-0.0191459895266863,-0.303642030474405,-1.17332181098952,0.474752486526631,0.508752131666208,-0.816615584968009,-0.527680489439249,-0.177318504788345
"2970",0,-0.346763866306412,0.330795300586854,0.757106570942284,0.304698181882941,0.438598494367772,-0.123111490731166,-0.341262141169156,-0.0247411626405223,0.666935053264552,0.999757862091843,-0.0358942183609099,0.0795836774414227,1.29148053419773,1.43010110539427,-0.1555961886108,-0.0445734002443183,1.56230462096456,1.09010489057606,-0.793321208614283,-0.0368324778460259,1.24678870278565,0.834006018360537,-0.259292029398468,-0.0382639442739243,-0.759253601238671,0.760911751661556,1.1507788827907,1.00657188464015,0.19966965691918,-0.650039470011399,-0.048236570436645,-0.0330109162638679,-0.639535815693025,-0.267195610195108,1.09627321067543,0.950766487281889,-1.05218914939548,-0.831486854781667,0,-0.0930309953194633,-0.481588184154324,0.400994512042235,0.303875004785511,0.130271666883043,0.926220333707951,-0.340470775845071,-0.0998707974396848,-0.0692112518235939,-0.410266899197836,0.830370827967664,0.414447281445371,0.229731781230706,1.14027554013895,0.0429841979463036,-0.202993708003753,-0.0912709356995593,-0.303642030474405,0.227875950681732,0.704487594782526,0.508752131666208,0.0427658724537265,-0.527680489439249,-0.177318504788345
"2971",0,-0.346763866306412,0.760702328338993,0.990200011287507,0.773219575117836,-0.634864546128108,-0.416428649433891,-0.135962069060475,0.0676255668164689,0.666935053264552,0.999757862091843,0.325036110633647,0.922682789033507,0.449905794399818,-0.540830462877054,-0.1555961886108,-0.0445734002443183,0.986248904358571,0.0702277330491799,-1.12999301782559,1.10662972764353,0.294188708351751,-0.574697546273115,-0.113860786417039,-0.0909846830221019,-0.759253601238671,-1.20474117093506,-0.882919294849875,1.00657188464015,-0.635224161117807,-0.650039470011399,-0.049335153206293,-0.0330109162638679,-0.789085478253201,-1.2263086449194,0.130508715556599,0.614423587210637,-1.61645456810732,-0.831486854781667,0,-0.0930309953194633,-0.481588184154324,-0.214770698051542,1.20759188462151,-0.627998525224387,-0.845660729826354,-0.797595882078731,-0.0998707974396848,-0.164924192424918,0.125426823255668,1.07863107602188,0.803323473037571,0.229731781230706,0.465289055770677,0.245613473539072,-0.202993708003753,-0.0191459895266863,-0.303642030474405,1.22873149473262,0.93422270303842,0.904845870642121,0.730271038391115,0.731253018057389,-0.177318504788345
"2972",0,-0.346763866306412,-1.17387929654563,-0.874547511474277,-0.104837656446173,0.438598494367772,3.39669441370154,7.28310247549322,-0.0247411626405223,-0.640995384823577,-0.833945650975067,0.821415400724128,0.501133233237465,0.954850638278565,2.4638577129158,0.822837501932791,-0.0445734002443183,-0.741918245459386,0.58016631181262,-0.119977590191666,-1.18029468333559,0.611722039829717,0.834006018360537,-0.113860786417039,-0.0382639442739243,-0.759253601238671,-0.261147131977391,-0.71344444671316,-0.740296018180913,0.366648420526578,-0.650039470011399,-0.048236570436645,-0.0539306280597664,-0.639535815693025,-1.06645647246535,0.130508715556599,0.950766487281889,0.819919577833732,-0.258062014696678,0,-0.0930309953194633,-0.481588184154324,-0.984477210668762,0.385827314854523,0.63920556357353,-0.4492237116693,-0.569033328961901,-0.0998707974396848,-0.0692112518235939,-0.410266899197836,-1.38433934890509,0.803323473037571,0.0326053229316401,-1.55967039733413,-0.595470976482948,-0.202993708003753,-0.0191459895266863,-0.303642030474405,-1.17332181098952,0.0152822700148413,-2.06585717167723,-1.49041898303943,-0.527680489439249,-0.177318504788345
"2973",0,-0.346763866306412,-0.74592099496136,0.290919690251838,0.994701386553687,-0.0981330258801679,-0.416428649433891,-0.135962069060475,-0.0247411626405223,-0.76757605166842,-0.833945650975067,1.06960504576937,0.0795836774414227,-1.06492873723642,-0.540830462877054,-0.146351209060792,-0.0445734002443183,-0.741918245459386,0.58016631181262,1.39504555125922,-1.18029468333559,-1.29347794903808,-0.574697546273115,-0.113860786417039,-0.0382639442739243,0.205761381295462,1.08838378637757,-0.0355450541663019,-1.53432688309958,-1.3031392155474,-0.650039470011399,-0.048236570436645,-0.0330109162638679,0.597328934614995,1.33132611434538,-0.67429503037576,-0.899119463109996,0.139152767932202,0.0286504053458163,0,-0.0930309953194633,0.863684766259023,1.47858362970634,-0.34527778875002,1.27280760797249,0.926220333707951,2.63084241467372,20.1184173064608,-0.0692112518235939,-0.410266899197836,0.902704617098525,0.220009185649271,-0.520318765867068,-0.209697428597592,2.47453550505952,8.40429799913991,-0.0191459895266863,-0.303642030474405,-0.772979593369162,0.0152822700148413,0.904845870642121,1.58965249581285,2.42146025904347,1.57294565917274
"2974",0,-0.346763866306412,-0.0991117271652847,0.990200011287507,0.551737763681986,0.438598494367772,-0.416428649433891,-0.135962069060475,-0.0247411626405223,0.542526795223593,0.816387510785152,-1.41229140468304,-0.733981481900451,1.29148053419773,-0.294464016843139,-0.1555961886108,-0.0445734002443183,1.56230462096456,0.7501458380671,-1.12999301782559,-0.363535965128757,0.800681438762486,-0.292956833346385,-0.113860786417039,-0.0382639442739243,-0.43758194039396,0.433439716945544,0.811829186517271,1.00657188464015,0.032690893311783,-0.650039470011399,-0.048236570436645,-0.0330109162638679,-0.639535815693025,-0.267195610195108,0.774351712302486,0.297899550338391,0.139152767932202,-0.831486854781667,0,-0.0930309953194633,-0.427533108421951,0.862818419612568,-0.500564756087173,-1.10320005852361,0.754289828035795,0.57377943662225,-0.0998707974396848,-0.0692112518235939,-0.410266899197836,0.726778158175171,-0.55774319753513,-1.64539458651373,0.634035676862745,0.853501300317375,-0.202993708003753,-0.0191459895266863,-0.303642030474405,-0.372637375748804,0.704487594782526,0.904845870642121,0.88419148664298,-0.281918760399022,-0.177318504788345
"2975",0,-0.346763866306412,-0.958925782669563,-0.874547511474277,0.773219575117836,0.438598494367772,-0.416428649433891,-0.135962069060475,-0.0247411626405223,-0.640995384823577,0.633017159478461,-0.171343179456834,0.711908011135486,1.29148053419773,-0.540830462877054,-0.1555961886108,0.00107855268828527,0.122165329449593,0.41018678555814,-1.12999301782559,-0.200184221487392,0.135422042612768,-0.574697546273115,-0.113860786417039,-0.0382639442739243,-0.43758194039396,0.924647769019562,0.133929793970413,0.688959538672687,-1.13616045194,-0.650039470011399,-0.048236570436645,-0.0330109162638679,-0.639535815693025,-1.06645647246535,0.935312461488958,0.838441654452946,-0.711805744444711,-0.831486854781667,0,-0.0930309953194633,-0.481588184154324,-0.214770698051542,0.741730982610052,-0.786399036324126,1.09815083938011,-0.111908222728241,-0.0998707974396848,-0.0692112518235939,-0.238229756952004,-0.328780595364958,0.220009185649271,-1.64539458651373,0.634035676862745,0.0429841979463036,-0.202993708003753,-0.0191459895266863,-0.303642030474405,-1.17332181098952,-0.903658163008738,0.904845870642121,0.802194563835737,-0.281918760399022,-0.177318504788345
"2976",0,-0.346763866306412,-1.17387929654563,-2.04001471320039,-0.334189482061415,-0.813775052877421,-0.416428649433891,-0.135962069060475,-0.0247411626405223,-0.640995384823577,-1.38405670489514,0.0229577045169246,-0.34196587835462,-1.40155863315559,0.444635321258607,-0.1555961886108,-0.111531751188364,-0.741918245459386,0.41018678555814,0.89003783744226,-1.18029468333559,-0.658411286082146,1.12977631902987,-0.113860786417039,-0.0382639442739243,-0.115910279549249,0.760911751661556,-1.05239414298659,-1.53432688309958,0.867584711348771,0.990313915099158,-0.048236570436645,-0.0330109162638679,1.52497749734601,1.01162176943728,-0.16301637394055,-0.226433662967493,1.1603029827845,-0.258062014696678,0,-0.0930309953194633,1.20000300386236,0.688538268712521,0.741730982610052,0.847371305153093,1.09815083938011,-0.569033328961901,-0.0998707974396848,-0.0692112518235939,-0.410266899197836,-1.38433934890509,-1.91880986810783,0.229731781230706,-0.547190670781726,-0.767532904424768,-0.202993708003753,-0.0191459895266863,-0.303642030474405,-1.17332181098952,-2.7415390290559,0.310705262178251,-0.644739293483662,-0.527680489439249,-0.177318504788345
"2977",0,-0.346763866306412,0.760702328338993,0.990200011287507,-0.112707670625565,-0.634864546128108,-0.416428649433891,-0.135962069060475,-0.0247411626405223,2.30184810087471,0.999757862091843,-0.915912114592555,0.501133233237465,-0.0550390494789284,-0.540830462877054,-0.1555961886108,-0.0445734002443183,1.56230462096456,-0.60969037196874,-1.81215767704201,-1.18029468333559,0.611722039829717,-0.574697546273115,-0.113860786417039,-0.0382639442739243,-0.759253601238671,-1.53139249135053,-1.56081868739673,-0.263877499229713,0.224587287896152,-0.650039470011399,-0.048236570436645,-0.0330109162638679,-0.639535815693025,-1.2263086449194,-1.47909877630812,0.614423587210637,-0.541614041969328,-0.831486854781667,0,-0.0930309953194633,-0.481588184154324,-0.984477210668762,0.12058311326144,0.480805052473791,-1.48080674570224,-0.797595882078731,-0.0998707974396848,-0.0692112518235939,-0.410266899197836,0.0230723224817513,1.19219966462977,-0.707831402641512,-0.0914077075030476,0.0429841979463036,-0.202993708003753,-0.0191459895266863,-0.303642030474405,1.22873149473262,0.704487594782526,0.706799001154165,1.58965249581285,2.6672219880837,-0.177318504788345
"2978",0,-0.346763866306412,0.330795300586854,-0.874547511474277,-0.777153104933116,0.438598494367772,-0.416428649433891,-0.135962069060475,-0.0247411626405223,-0.640995384823577,0.266276456865079,1.06960504576937,0.711908011135486,0.618220742359401,-0.540830462877054,-0.226740973136969,-0.0445734002443183,-0.741918245459386,0.0796472774684358,0.596254676720696,0.257327479360527,-1.29347794903808,-0.574697546273115,-0.113860786417039,-0.0177637689065176,-0.235289485159803,0.231386872063675,1.1507788827907,0.530153365688954,-0.969181688332602,-0.650039470011399,-0.048236570436645,-0.0330109162638679,-0.639535815693025,-0.107343437741059,-0.835255779562232,0.278080687139385,-0.0310389345431809,-0.831486854781667,0,-0.0930309953194633,-0.674376993068744,-0.984477210668762,-0.759881710674317,-0.311197503024907,0.582359322363638,-0.797595882078731,-0.0998707974396848,-0.273639290542447,-0.410266899197836,0.550851699251816,0.414447281445371,1.16729496510292,0.127795813586543,-0.767532904424768,-0.202993708003753,-0.0191459895266863,-0.303642030474405,0.42804705949191,0.245017378270736,-0.679529085261532,-0.988491876452356,-0.527680489439249,-0.177318504788345
"2979",0,0.767805440878689,1.4055628699672,0.524013130597061,-1.22011672780482,-0.992685559626734,-0.416428649433891,-0.0680845749178641,-0.0247411626405223,1.97486549135268,0.633017159478461,-1.66048104972828,0.922682789033507,-0.223353997438511,-0.540830462877054,-0.1555961886108,-0.0445734002443183,0.986248904358571,0.24020725930366,-0.961657113219938,0.616574496719437,1.08802203704667,-0.0112161204196545,-0.113860786417039,-0.0382639442739243,-0.43758194039396,0.760911751661556,1.1507788827907,0.530153365688954,1.36852100217096,1.53709837680268,0.148230353575308,-0.0330109162638679,-0.639535815693025,-1.2263086449194,-1.47909877630812,-1.73997671328813,0.479536172882967,1.46221250555829,0,-0.0930309953194633,-0.145269946550987,-0.52265330309843,-1.12171262543579,-1.98640442847383,0.410428816691482,1.25946709597274,-0.0998707974396848,-0.0692112518235939,1.52669651747532,0.902704617098525,-1.52993367651563,-1.64539458651373,0.634035676862745,0.44824274913184,-0.202993708003753,-0.0191459895266863,-0.303642030474405,0.828389277112268,0.93422270303842,0.904845870642121,0.386518455422421,-0.527680489439249,-0.177318504788345
"2980",0,-0.346763866306412,-0.529018754917424,0.0578262499066152,-0.112707670625565,0.259687987618459,-0.416428649433891,-0.212374328948991,-0.0247411626405223,-0.640995384823577,-0.467204948361685,1.06960504576937,1.13345756693153,-0.391668945398093,-0.540830462877054,-0.1555961886108,-0.0445734002443183,0.122165329449593,1.09010489057606,1.55424104905933,1.43333321492626,-0.34087795460418,-0.574697546273115,-0.113860786417039,-0.0382639442739243,0.527433042140173,1.08838378637757,1.1507788827907,0.847765711656421,-1.13616045194,-0.650039470011399,-0.048236570436645,-0.0330109162638679,-0.33031962811602,0.0525087347129891,-0.0304520336298728,0.950766487281889,-0.881997446920094,-0.831486854781667,0,-0.0930309953194633,-0.145269946550987,1.3246423271829,1.36287885195866,1.27280760797249,0.0665678053471691,-0.797595882078731,-0.220351635071438,-0.0692112518235939,-0.410266899197836,0.0230723224817513,1.19219966462977,1.16729496510292,0.465289055770677,-0.767532904424768,-0.202993708003753,-0.0191459895266863,-0.243779210451745,-0.372637375748804,-0.214452838241053,-0.0091541523234277,-0.129110419030621,-0.527680489439249,-0.32741384805133
"2981",0,-0.346763866306412,-0.529018754917424,-0.175267190438608,-0.555671293497266,-0.455954039378794,-0.416428649433891,-0.135962069060475,-0.0247411626405223,-0.640995384823577,-0.467204948361685,1.06960504576937,1.13345756693153,1.12316558623815,-0.294464016843139,-0.1555961886108,-0.0445734002443183,-0.741918245459386,-1.45958800324114,1.56338145586488,1.43333321492626,1.24678870278565,-0.574697546273115,-0.191355860977764,-0.0382639442739243,-1.01903582616028,-1.20392045663452,1.1507788827907,1.00657188464015,1.20154223856357,-0.10325500830788,-0.048236570436645,-0.0330109162638679,-0.639535815693025,-0.586899955103205,1.09627321067543,0.950766487281889,0.761840658723841,0.0286504053458163,0,-0.0930309953194633,-0.481588184154324,-0.0608293955280974,1.36287885195866,1.27280760797249,1.27008134505226,-0.797595882078731,-0.0998707974396848,-0.0692112518235939,-0.410266899197836,0.198998781405106,1.19219966462977,1.16729496510292,0.802782297954812,-0.767532904424768,-0.202993708003753,-0.0191459895266863,-0.303642030474405,0.227875950681732,0.0152822700148413,-0.0853884767976621,-0.300986710514968,-0.527680489439249,-0.177318504788345
"2982",0,-0.346763866306412,-1.17387929654563,-1.33668799407597,-1.44159853924067,-0.42833153656627,-0.123111490731166,-0.135962069060475,-0.0247411626405223,-0.640995384823577,-1.01731600228176,0.325036110633647,-2.02816410153879,-1.40155863315559,2.90829978159776,3.75813857356356,-0.0152492710856271,-0.371580036085784,1.09010489057606,-0.624985304008629,-1.18029468333559,0.135422042612768,1.397487444214,-0.113860786417039,-0.0382639442739243,0.205761381295462,1.08838378637757,-0.374494750439731,-0.899102191164647,1.36852100217096,0.17013722254388,-0.048236570436645,-0.0330109162638679,-0.0211034405390152,1.17147394189133,1.09627321067543,0.618846952457784,0.838765778970507,0.315362825388311,0,-0.0930309953194633,-0.481588184154324,-0.984477210668762,-1.12171262543579,0.95600658577301,-0.4492237116693,-0.797595882078731,-0.0998707974396848,-0.0692112518235939,-0.410266899197836,-1.38433934890509,-1.33549558071953,1.16729496510292,-1.39092377624206,-0.767532904424768,-0.202993708003753,-0.0191459895266863,-0.303642030474405,-1.17332181098952,-0.903658163008738,-0.877575954749489,-1.44211767214666,-0.527680489439249,-0.177318504788345
"2983",0,-0.346763866306412,-0.0895618201229075,-0.641454071129054,-0.777153104933116,-0.845754998627292,-0.416428649433891,-0.135962069060475,-0.0247411626405223,0.0129698342204877,0.816387510785152,0.573225755678888,0.711908011135486,-0.728298841317257,-0.540830462877054,-0.1555961886108,-0.0445734002443183,1.85033247926755,1.09010489057606,-0.28831349479732,0.943277984002168,1.24678870278565,-0.292956833346385,-0.113860786417039,-0.0382639442739243,0.849104702984884,1.08838378637757,1.1507788827907,1.00657188464015,1.36852100217096,1.26370614595092,-0.048236570436645,-0.0330109162638679,-0.639535815693025,-0.267195610195108,-0.191412782816345,-0.394605113003119,1.1603029827845,0.8887876654733,0,-0.0930309953194633,-0.481588184154324,-0.984477210668762,-1.12171262543579,-1.26160056962335,1.09815083938011,1.25946709597274,-0.0998707974396848,-0.0692112518235939,-0.410266899197836,-0.152854136441604,-1.14105748492343,-0.145293492318181,1.14027554013895,0.853501300317375,-0.202993708003753,-0.0191459895266863,-0.303642030474405,-0.181715712931262,0.93422270303842,0.310705262178251,0.386518455422421,-0.281918760399022,-0.177318504788345
"2984",0,-0.346763866306412,0.330795300586854,0.990200011287507,-0.112707670625565,-0.813775052877421,-0.416428649433891,-0.135962069060475,-0.0247411626405223,0.0129698342204877,0.816387510785152,0.0768464655884069,0.922682789033507,0.618220742359401,-0.42881931353205,-0.1555961886108,-0.0445734002443183,0.986248904358571,1.09010489057606,-0.119977590191666,-0.200184221487392,1.24678870278565,0.270524592507076,-0.113860786417039,-0.0382639442739243,0.988292034324466,1.08838378637757,-0.882919294849875,-1.37552071011585,1.36852100217096,1.26370614595092,-0.048236570436645,-0.0330109162638679,0.597328934614995,1.33132611434538,-0.835255779562232,-1.73997671328813,0.649727875358349,1.46221250555829,0,-0.0930309953194633,0.863684766259023,1.47858362970634,-0.500564756087173,-0.944799547423866,1.27008134505226,0.34521688350542,-0.0998707974396848,-0.0692112518235939,0.558214809138742,1.25455753494524,0.220009185649271,0.792269691554037,0.29654243467861,-0.767532904424768,-0.202993708003753,-0.0191459895266863,-0.303642030474405,0.20243012390169,0.704487594782526,-0.0853884767976621,-0.988491876452356,-0.527680489439249,-0.177318504788345
"2985",0,-0.346763866306412,0.470743370753054,0.290919690251838,0.994701386553687,1.86988254836228,0.868898420052015,-0.135962069060475,-0.0247411626405223,1.32090027230862,0.999757862091843,-0.419532824502074,-0.763515434150662,1.12316558623815,1.28182538621815,-0.1555961886108,-0.0445734002443183,-0.453890387156393,-0.9496494244777,-1.12999301782559,0.453222753078071,0.631705066990947,1.11574673128727,-0.113860786417039,-0.0382639442739243,-0.759253601238671,-1.53139249135053,0.133929793970413,1.00657188464015,-0.635224161117807,-0.0632129082418039,-0.048236570436645,-0.0539306280597664,-0.639535815693025,-0.746752127557253,0.707849049995205,-0.226433662967493,-1.56276425682162,-0.831486854781667,0,-0.0930309953194633,-0.481588184154324,1.3246423271829,0.586444015272899,-0.745839242043433,-1.48080674570224,-0.797595882078731,-0.0998707974396848,-0.0692112518235939,-0.410266899197836,1.43048399386859,0.0255710898531705,-1.83290722328817,-1.55967039733413,-0.767532904424768,-0.202993708003753,-0.0191459895266863,-0.303642030474405,0.628218168302089,0.93422270303842,0.904845870642121,0.368173520426232,-0.281918760399022,-0.177318504788345
"2986",0,-0.346763866306412,-0.743972268793493,-0.408360630783831,0.584177829471192,-0.455954039378794,-0.416428649433891,-0.135962069060475,-0.0247411626405223,0.33995244374252,0.152426682109827,1.06960504576937,1.13345756693153,1.12316558623815,-0.294464016843139,-0.1555961886108,-0.0445734002443183,2.71441605417653,0.41018678555814,-0.28831349479732,1.43333321492626,-0.658411286082146,-0.574697546273115,-0.188864668762415,-0.0382639442739243,-0.115910279549249,0.924647769019562,1.1507788827907,0.37134719270522,-1.3031392155474,-0.650039470011399,-0.048236570436645,-0.0330109162638679,-0.639535815693025,-0.0958451770943583,1.09627321067543,0.446252137175011,-1.56276425682162,-0.831486854781667,0,-0.0930309953194633,-0.481588184154324,-0.368712000574986,0.727325510127383,0.95600658577301,0.0665678053471691,-0.797595882078731,-0.0998707974396848,0.0719377103674668,-0.410266899197836,-0.152854136441604,0.997761568833671,0.979782328328481,0.465289055770677,-0.534067386266696,-0.202993708003753,-0.0191459895266863,-0.303642030474405,-1.17332181098952,0.0152822700148413,0.904845870642121,-0.129110419030621,-0.527680489439249,-0.177318504788345
"2987",0,0.767805440878689,1.19060935609113,0.990200011287507,0.994701386553687,1.33315102811434,0.17020566797156,-0.135962069060475,-0.0247411626405223,1.32090027230862,0.999757862091843,1.06960504576937,-0.552740656252641,0.786535690318983,1.43010110539427,-0.1555961886108,-0.0445734002443183,-0.741918245459386,0.0702277330491799,1.56338145586488,1.10662972764353,1.08802203704667,1.67922815714073,-0.0986205295545458,-0.0382639442739243,-0.759253601238671,-1.53139249135053,-0.374494750439731,0.37134719270522,0.771265010603813,0.716921684247398,-0.048236570436645,-0.0330109162638679,-0.639535815693025,-1.2263086449194,-1.47909877630812,-1.73997671328813,-0.201230637018563,0.315362825388311,0,-0.0930309953194633,-0.481588184154324,-0.984477210668762,-1.47849030929738,-1.26160056962335,0.410428816691482,0.116654330388589,-0.0998707974396848,-0.0692112518235939,0.50204905311801,0.0230723224817513,-0.36330510173903,-0.145293492318181,0.971528919046879,0.0429841979463036,-0.0636240024098809,-0.0191459895266863,1.76127335410647,1.4289026035428,0.93422270303842,0.105595992030641,0.559302790462907,-0.281918760399022,-0.124449774807723
"2988",0,-0.346763866306412,0.115841786710785,0.0578262499066152,0.994701386553687,0.796419507866398,-0.416428649433891,-0.135962069060475,-0.0247411626405223,-0.640995384823577,0.266276456865079,-0.915912114592555,0.0795836774414227,0.786535690318983,-0.540830462877054,-0.1555961886108,-0.0445734002443183,0.698221046055578,0.58016631181262,-0.624985304008629,1.2699814712849,-0.434077291762435,-0.734271133827828,-0.113860786417039,-0.0382639442739243,0.527433042140173,0.924647769019562,1.1507788827907,0.212541019721487,-1.3031392155474,-0.650039470011399,-0.048236570436645,-0.0330109162638679,-0.639535815693025,0.0525087347129891,0.774351712302486,0.782595037246263,0.309344470407584,-0.831486854781667,0,-0.0930309953194633,-0.732038936691015,-0.332110457263931,-0.34527778875002,-0.944799547423866,1.09815083938011,0.80234198973908,-0.0998707974396848,-0.29695038865168,-0.410266899197836,-0.167006657873441,-0.94661938912733,-1.0828566761904,0.634035676862745,0.853501300317375,-0.202993708003753,-0.115134277125818,-0.28920969383401,0.027704841871553,0.704487594782526,0.904845870642121,1.24589991284416,0.209604697681432,-0.177318504788345
"2989",0,0.767805440878689,1.19060935609113,1.18497912679893,0.773219575117836,-0.813775052877421,-0.416428649433891,-0.135962069060475,-0.0247411626405223,0.993917662786584,0.627679775457327,1.06960504576937,1.13345756693153,-0.559983893357675,-0.540830462877054,-0.1555961886108,-0.0445734002443183,-0.741918245459386,-1.11962895073218,0.216694219019643,1.43333321492626,-0.975944617560112,-0.574697546273115,-0.113860786417039,-0.0909846830221019,-0.759253601238671,-1.53139249135053,0.981304034653986,0.212541019721487,-1.3031392155474,-0.650039470011399,-0.048236570436645,-0.0330109162638679,-0.788792967011897,-0.107343437741059,1.09627321067543,-0.612181268409171,-1.56276425682162,-0.831486854781667,0,-0.0930309953194633,-0.481588184154324,1.17070102465946,0.741730982610052,-1.26160056962335,-1.48080674570224,-0.797595882078731,-0.356045941557577,-0.0692112518235939,0.0739739549704533,1.67147375539702,0.997761568833671,-0.145293492318181,0.333234621535043,-0.362274353239232,-0.400501238194037,-0.0191459895266863,0.728815661816031,1.22873149473262,0.93422270303842,0.904845870642121,1.58965249581285,0.209604697681432,-0.177318504788345
"2990",0,-0.346763866306412,0.760702328338993,0.990200011287507,0.994701386553687,0.617509001117085,-0.416428649433891,-0.135962069060475,-0.0247411626405223,-0.640995384823577,0.44964680817177,0.325036110633647,0.922682789033507,1.29148053419773,-0.540830462877054,-0.1555961886108,-0.111531751188364,-0.741918245459386,-0.425612367777971,1.56338145586488,1.43333321492626,-0.182111288865197,-0.574697546273115,-0.113860786417039,-0.0382639442739243,-0.759253601238671,-0.876448421918504,1.1507788827907,0.37134719270522,-1.06058180478292,-0.650039470011399,-0.048236570436645,-0.0330109162638679,-0.639535815693025,-0.343578852862946,0.935312461488958,0.614423587210637,-1.39257255434624,-0.831486854781667,0,-0.0930309953194633,-0.481588184154324,0.387877752322785,-0.0347038540757136,0.63920556357353,-0.621154217341457,-0.797595882078731,-0.0998707974396848,-0.0692112518235939,-0.410266899197836,1.25455753494524,-0.16886700594293,1.16729496510292,-0.715937291873794,-0.767532904424768,-0.202993708003753,-0.0191459895266863,-0.303642030474405,0.628218168302089,0.93422270303842,0.508752131666208,-0.988491876452356,-0.527680489439249,-0.177318504788345
"2991",0,-0.346763866306412,0.760702328338993,0.524013130597061,0.214432296353766,1.15424052136502,-0.123111490731166,-0.135962069060475,0.0344703379829887,0.33995244374252,0.633017159478461,-0.456934261332876,-1.39583976784473,0.618220742359401,1.43010110539427,-0.1555961886108,-0.0445734002443183,-0.453890387156393,-0.597465458505508,-1.12999301782559,-1.18029468333559,0.7704887055687,1.11574673128727,-0.113860786417039,-0.0382639442739243,-0.759253601238671,-0.876448421918504,-0.205019902303017,0.0537348467377536,1.36852100217096,0.443529453395639,-0.146434871805533,-0.0330109162638679,0.306005010316398,1.01162176943728,0.291469464743071,0.950766487281889,-0.201230637018563,-0.544774434739172,0,-0.0930309953194633,0.527366528655686,-0.676594605621874,0.275870080598593,0.480805052473791,-1.48080674570224,-0.797595882078731,-0.0998707974396848,-0.124275946719884,-0.410266899197836,-0.856559972135023,0.997761568833671,-1.45788194973929,-1.55967039733413,-0.767532904424768,-0.202993708003753,-0.0191459895266863,-0.303642030474405,0.628218168302089,0.499968081438934,-2.26390404116519,-1.1603681679367,-0.527680489439249,-0.177318504788345
"2992",0,-0.346763866306412,-0.743972268793493,0.0578262499066152,0.994701386553687,0.259687987618459,-0.416428649433891,-0.135962069060475,-0.0247411626405223,-0.640995384823577,-1.93416775881521,-0.419532824502074,1.13345756693153,-0.89661378927684,-0.540830462877054,-0.1555961886108,-0.0445734002443183,-0.741918245459386,-1.62956752949562,-0.624985304008629,1.2699814712849,0.331462536077514,-0.574697546273115,-0.113860786417039,-0.0382639442739243,-0.759253601238671,-1.53139249135053,-1.56081868739673,-0.58148984519718,1.20154223856357,0.17013722254388,-0.048236570436645,-0.0330109162638679,-0.639535815693025,-1.2263086449194,-1.47909877630812,-1.73997671328813,-0.201230637018563,3.18248702581325,0,-0.0930309953194633,-0.1864177463388,-0.984477210668762,-1.12171262543579,-1.26160056962335,0.410428816691482,2.85940496779055,-0.0998707974396848,-0.0692112518235939,-0.410266899197836,-1.38433934890509,-1.33549558071953,0.604757054779594,1.14027554013895,1.05613057591014,-0.202993708003753,-0.0191459895266863,-0.303642030474405,0.027704841871553,0.93422270303842,0.112658392690295,0.214642163938074,-0.281918760399022,-0.177318504788345
"2993",0,-0.346763866306412,-0.314065241041354,0.0578262499066152,0.773219575117836,-0.634864546128108,-0.416428649433891,-0.135962069060475,-0.0247411626405223,-0.640995384823577,0.266276456865079,0.573225755678888,0.711908011135486,1.12316558623815,-0.0480975708092236,-0.1555961886108,-0.0445734002443183,-0.1658625288534,0.92012536432158,-0.961657113219938,0.616574496719437,1.24678870278565,0.552265305433806,-0.113860786417039,-0.0382639442739243,0.849104702984884,0.421928616363432,-1.56081868739673,-1.53432688309958,0.533627184133976,1.26370614595092,-0.048236570436645,-0.0330109162638679,0.906545122192,0.532065252075134,-1.47909877630812,-1.73997671328813,0.649727875358349,0.0286504053458163,0,-0.489919647443386,-0.481588184154324,1.3246423271829,-1.12171262543579,-0.539293026094984,1.09815083938011,-0.797595882078731,-0.0998707974396848,-0.0692112518235939,-0.410266899197836,1.07863107602188,-0.55774319753513,0.604757054779594,0.29654243467861,-0.767532904424768,-0.202993708003753,-0.0191459895266863,-0.303642030474405,-0.772979593369162,0.704487594782526,0.112658392690295,-0.481637721451886,-0.527680489439249,-0.177318504788345
"2994",0,-0.346763866306412,-1.17387929654563,-2.73929503423606,0.437296856721818,0.438598494367772,-0.416428649433891,-0.135962069060475,-0.0247411626405223,-0.640995384823577,-1.93416775881521,-1.90867069477352,0.215734852670079,-0.586377011567332,-0.37354187979301,-0.1555961886108,-0.0445734002443183,-0.741918245459386,-1.45958800324114,1.05837374204791,0.289871009436705,-0.499644620343163,0.270524592507076,-0.113860786417039,-0.0382639442739243,-0.759253601238671,-0.22150435248648,0.811829186517271,-1.21671453713211,1.03456347495617,0.990313915099158,-0.048236570436645,-0.0330109162638679,0.906545122192,1.17147394189133,-0.835255779562232,-1.5718052632525,1.1603029827845,0.0286504053458163,0,-0.0930309953194633,4.22686714229239,1.3246423271829,1.05230491728436,0.56800848986123,1.27008134505226,0.116654330388589,-0.0998707974396848,-0.0692112518235939,3.46365993414848,0.726778158175171,-0.16886700594293,0.41724441800515,0.440338467127725,-0.767532904424768,-0.202993708003753,-0.0191459895266863,-0.303642030474405,-1.17332181098952,-2.7415390290559,0.112658392690295,0.214642163938074,-0.527680489439249,-0.177318504788345
"2995",0,-0.346763866306412,-1.02943593077728,-0.641454071129054,0.773219575117836,1.33315102811434,-0.123111490731166,-0.135962069060475,-0.0247411626405223,-0.640995384823577,0.082906105558388,0.0768464655884069,-0.974290212048683,1.29148053419773,0.444635321258607,-0.1555961886108,-0.0445734002443183,2.13836033757054,0.92012536432158,-0.961657113219938,-0.0368324778460259,0.0110568583294373,-0.574697546273115,-0.113860786417039,-0.0382639442739243,0.205761381295462,0.924647769019562,0.811829186517271,0.847765711656421,-0.802202924725205,-0.650039470011399,-0.049335153206293,-0.0330109162638679,-0.639535815693025,-1.06645647246535,0.452430213929543,0.782595037246263,-1.05218914939548,-0.831486854781667,0,-0.0930309953194633,-0.481588184154324,-0.984477210668762,0.741730982610052,0.00560351917457189,0.754289828035795,-0.569033328961901,-0.0998707974396848,-0.0692112518235939,-0.646236901003225,-1.38433934890509,0.414447281445371,-0.707831402641512,1.14027554013895,-0.362274353239232,-0.202993708003753,-0.0191459895266863,-0.303642030474405,-1.08954771117458,-0.673923054752843,0.706799001154165,0.640525205958579,-0.527680489439249,-0.177318504788345
"2996",0,-0.346763866306412,-0.529018754917424,-0.408360630783831,0.551737763681986,1.51206153486365,0.463522826674285,-0.103710135504376,-0.0247411626405223,-0.640995384823577,0.816387510785152,-1.41229140468304,-0.34196587835462,1.29148053419773,0.444635321258607,-0.1555961886108,-0.0445734002443183,-0.741918245459386,-1.45958800324114,0.102845206339216,1.10662972764353,-0.34087795460418,-0.574697546273115,-0.113860786417039,-0.0382639442739243,-0.759253601238671,-0.385240369844486,1.1507788827907,-0.10507132624598,-1.13616045194,-0.650039470011399,-0.048236570436645,-0.0330109162638679,-0.639535815693025,-0.906604300011301,-0.0304520336298728,0.446252137175011,0.990111280309114,-0.544774434739172,0,-0.0930309953194633,-0.481588184154324,-0.984477210668762,-1.12171262543579,-0.627998525224387,1.27008134505226,-0.340470775845071,-0.0998707974396848,-0.0429524191233712,-0.410266899197836,-1.38433934890509,-0.55774319753513,0.979782328328481,-0.547190670781726,-0.767532904424768,-0.202993708003753,-0.0191459895266863,-0.303642030474405,-1.17332181098952,0.474752486526631,-0.877575954749489,-1.1603681679367,-0.527680489439249,-0.177318504788345
"2997",0,0.767805440878689,1.62051638384327,0.990200011287507,0.0297023607397426,-0.277043532629481,-0.416428649433891,-0.135962069060475,-0.0247411626405223,0.0129698342204877,0.816387510785152,-0.667722469547314,0.290358455339444,0.618220742359401,-0.540830462877054,-0.22800997009279,-0.111531751188364,-0.741918245459386,-0.860834427462413,-0.28831349479732,1.2699814712849,0.135422042612768,-0.574697546273115,-0.113860786417039,-0.0382639442739243,-1.33161989150126,-1.53139249135053,1.1507788827907,1.00657188464015,1.03456347495617,0.17013722254388,0.0541342826353131,-0.0677629935268027,-0.639535815693025,-1.2263086449194,-0.835255779562232,-1.06729091314562,0.309344470407584,0.67239764203515,0,-0.0930309953194633,0.690179451972034,-0.0608293955280974,-1.12171262543579,-1.26160056962335,0.302668887473983,1.47460786755941,-0.0998707974396848,-0.0692112518235939,2.97941907998019,1.56248511693498,-1.14105748492343,-0.332806129092624,0.971528919046879,1.25875985150291,-0.202993708003753,-0.0191459895266863,-0.303642030474405,1.4289026035428,0.93422270303842,0.904845870642121,0.730271038391115,-0.281918760399022,-0.177318504788345
"2998",0,-0.346763866306412,-1.17387929654563,0.290919690251838,-1.44159853924067,-0.992685559626734,-0.416428649433891,-0.135962069060475,-0.0247411626405223,-0.640995384823577,-0.467204948361685,0.821415400724128,-1.60661454574275,-1.40155863315559,-0.540830462877054,-0.1555961886108,-0.0445734002443183,-0.741918245459386,0.851568814840045,0.216694219019643,-1.18029468333559,-1.29347794903808,-0.574697546273115,-0.148700787067476,-0.0382639442739243,0.205761381295462,1.08838378637757,0.642354338380556,0.37134719270522,-0.46824539751041,-0.650039470011399,-0.048236570436645,-0.0330109162638679,0.683752810068494,1.33132611434538,0.452430213929543,0.278080687139385,0.990111280309114,0.602075245430805,0,0.225135402796196,0.863684766259023,0.862818419612568,-1.12171262543579,-1.26160056962335,-0.105362700324987,2.02631078201231,-0.0998707974396848,-0.0692112518235939,0.0739739549704533,0.902704617098525,-0.631114030953514,-0.895344039415955,0.451139935013663,2.06927695387398,-0.202993708003753,-0.0191459895266863,-0.238394066178632,-0.772979593369162,-0.214452838241053,0.508752131666208,0.902147329875462,-0.0361570313587953,-0.177318504788345
"2999",0,-0.346763866306412,-0.529018754917424,0.524013130597061,-0.555671293497266,-0.634864546128108,-0.416428649433891,-0.135962069060475,-0.0247411626405223,0.33995244374252,0.780285945249471,0.0768464655884069,-0.763515434150662,0.786535690318983,-0.540830462877054,-0.1555961886108,-0.0445734002443183,0.122165329449593,0.7501458380671,-0.961657113219938,0.12651926579534,0.929255371307683,-0.574697546273115,-0.113860786417039,-0.0382639442739243,-0.759253601238671,-0.548976387202492,0.811829186517271,1.00657188464015,-0.969181688332602,-0.650039470011399,-0.048236570436645,-0.0330109162638679,-0.639535815693025,-0.906604300011301,1.09627321067543,0.782595037246263,-0.0310389345431809,-0.831486854781667,0,-0.0930309953194633,-0.481588184154324,0.862818419612568,0.431157047935746,-1.10320005852361,0.238498311019326,1.25946709597274,-0.0998707974396848,-0.0692112518235939,-0.410266899197836,0.550851699251816,-0.55774319753513,-1.83290722328817,0.592496658028322,1.86664767828122,-0.202993708003753,-0.0191459895266863,-0.303642030474405,-0.97315070217934,-0.214452838241053,0.904845870642121,1.4177762043285,0.455366426721658,-0.177318504788345
"3000",0,-0.346763866306412,-0.743972268793493,0.0578262499066152,-0.112707670625565,-0.634864546128108,-0.542601811727217,-0.135962069060475,-0.0247411626405223,-0.314012775301545,0.159824040197776,0.102444019634102,-0.34196587835462,0.786535690318983,-0.540830462877054,-0.1555961886108,-0.0445734002443183,0.341642838657055,0.58016631181262,-0.575503629598965,-1.18029468333559,0.929255371307683,-0.0112161204196545,-0.0211874230428243,-0.0382639442739243,1.17077636382959,0.433439716945544,-1.56081868739673,-1.53432688309958,0.032690893311783,1.53709837680268,-0.048236570436645,-0.00889742838135004,1.83419368492302,0.691917424529183,-1.47909877630812,-1.73997671328813,-0.217602479061192,1.69585268953132,0,-0.0930309953194633,1.20000300386236,1.3246423271829,-1.12171262543579,-1.26160056962335,-0.277293205997144,1.25946709597274,-0.0998707974396848,-0.0692112518235939,-0.410266899197836,0.902704617098525,-0.16886700594293,-0.332806129092624,0.971528919046879,0.0429841979463036,-0.202993708003753,-0.0191459895266863,-0.433318296279434,-0.572808484558983,0.241733302034817,0.58290957148304,0.214642163938074,-0.399240277326421,-0.177318504788345
"3001",0,-0.346763866306412,0.760702328338993,0.990200011287507,0.994701386553687,0.617509001117085,-0.416428649433891,-0.135962069060475,-0.0247411626405223,-0.314012775301545,0.999757862091843,0.0768464655884069,1.13345756693153,1.29148053419773,-0.540830462877054,-0.1555961886108,-0.0445734002443183,-0.741918245459386,-0.264025492562909,0.0483583144139882,1.43333321492626,0.135422042612768,-0.574697546273115,-0.113860786417039,-0.0382639442739243,-0.759253601238671,-0.385240369844486,1.1507788827907,0.847765711656421,0.032690893311783,-0.376647239159639,-0.048236570436645,-0.0330109162638679,-0.639535815693025,-0.427047782649156,-0.0304520336298728,-0.226433662967493,0.990111280309114,1.46221250555829,0,-0.0930309953194633,-0.481588184154324,-0.984477210668762,-1.12171262543579,-1.26160056962335,0.754289828035795,1.94515475532323,-0.0998707974396848,-0.0692112518235939,-0.410266899197836,0.0817027711600517,-0.36330510173903,0.41724441800515,1.14027554013895,1.25875985150291,-0.202993708003753,-0.0191459895266863,-0.303642030474405,0.628218168302089,0.704487594782526,0.112658392690295,-0.472863001999315,-0.527680489439249,-0.177318504788345
"3002",0,-0.346763866306412,1.4055628699672,0.757106570942284,0.773219575117836,0.807361108889492,-0.123111490731166,-0.24286398123885,-0.0247411626405223,-0.640995384823577,-1.38405670489514,-1.90867069477352,-1.1850649899467,1.12316558623815,1.18373465936035,-0.207794076446058,-0.0445734002443183,-0.741918245459386,-1.62956752949562,-1.12999301782559,-0.363535965128757,0.929255371307683,-0.574697546273115,-0.113860786417039,-0.0382639442739243,-0.43758194039396,0.269703699587538,0.472879490243842,0.688959538672687,0.533627184133976,-0.650039470011399,-0.048236570436645,-0.0330109162638679,-0.639535815693025,-0.586899955103205,0.291469464743071,0.950766487281889,1.1603029827845,1.17550008551579,0,-0.0930309953194633,-0.481588184154324,-0.984477210668762,0.897017949947205,-0.152796991925168,-1.48080674570224,-0.797595882078731,-0.0998707974396848,-0.0692112518235939,-0.410266899197836,-0.380861149866071,0.803323473037571,-1.64539458651373,-1.55967039733413,-0.767532904424768,-0.202993708003753,-0.0912709356995593,-0.303642030474405,1.22873149473262,-0.303907760561812,-2.26390404116519,-1.1603681679367,-0.527680489439249,-0.177318504788345
"3003",0,-0.346763866306412,-0.60105441562507,0.290919690251838,-0.334189482061415,-0.992685559626734,-0.327014132310607,-0.135962069060475,-0.0247411626405223,-0.640995384823577,0.0972074870089476,0.547551088759008,0.0795836774414227,-0.559983893357675,-0.540830462877054,-0.1555961886108,-0.0445734002443183,-0.1658625288534,1.09010489057606,-0.119977590191666,-1.18029468333559,0.294188708351751,-0.292956833346385,-0.113860786417039,-0.0382639442739243,-0.115910279549249,0.760911751661556,-1.39134383926002,-1.53432688309958,-0.301266633903012,0.716921684247398,-0.048236570436645,-0.0330109162638679,0.28811274703799,0.532065252075134,-1.47909877630812,-1.73997671328813,-1.22238085187086,1.74892492560078,0,-0.0930309953194633,0.118833870308419,1.17070102465946,-1.12171262543579,-1.26160056962335,-0.793084723013613,1.25946709597274,-0.0998707974396848,-0.0692112518235939,-0.410266899197836,0.795305259217306,-0.16886700594293,-0.520318765867068,0.465289055770677,1.05613057591014,0.184804746769471,-0.0191459895266863,-0.303642030474405,-0.772979593369162,-0.214452838241053,0.706799001154165,0.902147329875462,0.455366426721658,0.00930365461999117
"3004",0,4.11151336243399,2.26537692547148,0.990200011287507,0.773219575117836,-0.0981330258801679,-0.416428649433891,-0.135962069060475,-0.0247411626405223,1.64788288183065,1.15748966628928,0.325036110633647,0.501133233237465,0.954850638278565,-0.0252493543896203,-0.1555961886108,-0.0445734002443183,-0.1658625288534,0.92012536432158,0.216694219019643,-1.18029468333559,-1.29347794903808,-0.292956833346385,-0.113860786417039,-0.0382639442739243,-0.759253601238671,0.237655251138467,0.981304034653986,-0.899102191164647,-1.75760964773166,-0.650039470011399,-0.048236570436645,-0.0330109162638679,-0.639535815693025,-1.2263086449194,0.935312461488958,-0.562776563038745,-1.56276425682162,-0.831486854781667,0,-0.0930309953194633,-0.481588184154324,-0.984477210668762,0.586444015272899,0.63920556357353,-1.48080674570224,-0.797595882078731,-0.0998707974396848,-0.0692112518235939,-0.410266899197836,-1.03248643105838,0.997761568833671,-0.145293492318181,-1.55967039733413,-0.767532904424768,-0.202993708003753,-0.0912709356995593,0.728815661816031,2.02941592997334,0.750053149860767,-1.66976343270132,-1.1603681679367,-0.527680489439249,-0.177318504788345
"3005",0,0.767805440878689,1.30148595240099,0.290919690251838,0.330255952246136,-0.0981330258801679,-0.416428649433891,-0.326061321501686,-0.0247411626405223,2.62883071039675,0.633017159478461,-1.41229140468304,-0.34196587835462,1.29148053419773,0.198268875224692,-0.1555961886108,-0.0445734002443183,1.27427676266156,0.0702277330491799,-1.12999301782559,-1.18029468333559,1.24678870278565,1.11574673128727,-0.113860786417039,-0.0382639442739243,-0.759253601238671,-0.77535553558615,-0.636640597286751,0.0537348467377536,1.03456347495617,-0.376647239159639,-0.048236570436645,-0.0330109162638679,-0.639535815693025,-1.2263086449194,-0.0304520336298728,0.782595037246263,-1.05218914939548,-0.831486854781667,0,-0.151434729404563,-0.481588184154324,0.0931119069953467,1.36287885195866,-0.944799547423866,-1.48080674570224,-0.797595882078731,-0.0998707974396848,-0.0692112518235939,-0.410266899197836,1.07863107602188,-0.16886700594293,-1.83290722328817,-1.05343053405793,-0.564903628832,-0.202993708003753,-0.0191459895266863,-0.303642030474405,1.62907371235298,0.93422270303842,0.236927490043687,0.902147329875462,-0.0361570313587953,-0.177318504788345
"3006",0,-0.346763866306412,-0.0991117271652847,0.990200011287507,0.330255952246136,-0.813775052877421,-0.416428649433891,-0.135962069060475,-0.0247411626405223,-0.640995384823577,0.266276456865079,0.573225755678888,0.922682789033507,-0.559983893357675,-0.540830462877054,-0.1555961886108,-0.0445734002443183,-0.741918245459386,0.41018678555814,0.553366028230951,1.20380971671864,0.0453221562380954,-0.511093947625645,-0.113860786417039,-0.0382639442739243,-0.759253601238671,-1.04018443927651,0.981304034653986,1.00657188464015,0.700605947741373,-0.650039470011399,-0.048236570436645,-0.0330109162638679,-0.639535815693025,-1.24327709632508,-1.47909877630812,-1.40363381321687,0.990111280309114,-0.258062014696678,0,-0.0930309953194633,-0.481588184154324,-0.984477210668762,-1.12171262543579,-1.26160056962335,-0.105362700324987,1.25946709597274,-0.0998707974396848,-0.0692112518235939,0.558214809138742,0.726778158175171,-0.36330510173903,-0.332806129092624,0.634035676862745,1.66401840268845,-0.202993708003753,-0.0191459895266863,0.728815661816031,0.027704841871553,-0.444187946496948,0.799443730655119,0.902147329875462,-0.0361570313587953,-0.177318504788345
"3007",0,-0.346763866306412,-1.17387929654563,-2.73929503423606,-1.88456216211237,0.996329228304268,1.34347430278246,-0.135962069060475,-0.0247411626405223,-0.640995384823577,-1.93416775881521,-1.66048104972828,0.922682789033507,1.29148053419773,1.67646755142818,-0.1555961886108,-0.0445734002443183,-0.453890387156393,0.0702277330491799,1.56338145586488,1.2699814712849,1.43427526768975,1.67922815714073,-0.113860786417039,-0.0382639442739243,0.0473177984845513,1.08838378637757,0.472879490243842,-1.21671453713211,1.36852100217096,0.716921684247398,-0.048236570436645,-0.0330109162638679,-0.33031962811602,-0.267195610195108,-1.47909877630812,-1.06729091314562,1.1603029827845,0.315362825388311,0,-0.0930309953194633,-0.481588184154324,-0.984477210668762,-1.12171262543579,-0.469598014124647,1.27008134505226,-0.569033328961901,-0.0998707974396848,-0.0692112518235939,-0.410266899197836,-1.38433934890509,-1.91880986810783,-0.707831402641512,1.14027554013895,-0.159645077646464,-0.202993708003753,-0.0191459895266863,-0.303642030474405,-1.17332181098952,-2.7415390290559,0.0565626380019008,1.58965249581285,0.43811669485843,-0.177318504788345
"3008",0,-0.346763866306412,-0.0777173544011068,0.990200011287507,0.994701386553687,1.86988254836228,4.27664588980972,10.9926347477701,-0.0247411626405223,-0.640995384823577,-1.56742705620183,-0.915912114592555,-0.552740656252641,0.449905794399818,3.40103267366559,3.75813857356356,-0.0445734002443183,-0.741918245459386,-1.62956752949562,-1.12999301782559,-1.01694293969422,1.08802203704667,1.67922815714073,-0.113860786417039,-0.0382639442739243,-0.759253601238671,-0.634815762312556,-0.882919294849875,0.0537348467377536,1.36852100217096,1.0304482904029,-0.048236570436645,-0.0330109162638679,2.76184224765403,1.33132611434538,1.09627321067543,0.950766487281889,-0.541614041969328,-0.831486854781667,0,-0.0930309953194633,2.54527595427571,0.400994512042235,0.897017949947205,0.480805052473791,-1.48080674570224,-0.797595882078731,-0.0998707974396848,-0.0692112518235939,-0.410266899197836,-1.03248643105838,0.997761568833671,-0.996213688413124,-1.55967039733413,-0.767532904424768,-0.202993708003753,-0.0191459895266863,-0.303642030474405,0.42804705949191,0.0152822700148413,-2.26390404116519,-1.1603681679367,-0.397582054697546,-0.265348991053466
"3009",0,-0.346763866306412,-0.0991117271652847,-0.874547511474277,-2.54900759641992,-0.992685559626734,-0.416428649433891,-0.135962069060475,-0.0247411626405223,-0.640995384823577,0.266276456865079,1.06960504576937,0.501133233237465,-0.223353997438511,-0.540830462877054,-0.1555961886108,-0.0152492710856271,-0.443965114739956,0.92012536432158,1.39504555125922,0.943277984002168,1.24678870278565,0.270524592507076,-0.113860786417039,-0.0382639442739243,0.205761381295462,0.924647769019562,-0.516118415369433,-1.53432688309958,0.366648420526578,0.990313915099158,-0.048236570436645,-0.127855013618546,0.28811274703799,0.851769596983231,-1.47909877630812,-1.73997671328813,0.318698638816783,1.74892492560078,0,-0.0930309953194633,0.863684766259023,1.28337402379094,-1.12171262543579,-1.10320005852361,0.582359322363638,1.94515475532323,-0.0998707974396848,-0.198638921302153,0.0739739549704533,1.25455753494524,0.414447281445371,0.792269691554037,1.14027554013895,1.05613057591014,-0.202993708003753,-0.0191459895266863,-0.303642030474405,0.027704841871553,0.474752486526631,0.508752131666208,0.337375917025411,-0.281918760399022,-0.177318504788345
"3010",0,5.22608266961909,2.26537692547148,0.0578262499066152,-2.54900759641992,-0.992685559626734,-0.394802328830127,-0.135962069060475,-0.0247411626405223,1.19364783993566,0.999757862091843,1.06960504576937,-1.1850649899467,-1.40155863315559,-0.540830462877054,-0.1555961886108,-0.0445734002443183,-0.741918245459386,-1.28960847698666,1.56338145586488,0.12651926579534,-1.29347794903808,-0.574697546273115,-0.113860786417039,-0.0909846830221019,-0.759253601238671,-1.20392045663452,1.1507788827907,-0.263877499229713,-1.3031392155474,-0.650039470011399,-0.048236570436645,-0.0330109162638679,-0.639535815693025,-0.107343437741059,1.09627321067543,-1.06729091314562,-1.56276425682162,-0.831486854781667,0,-0.0930309953194633,0.19104829105235,1.3246423271829,0.586444015272899,-1.26160056962335,-0.211521172319073,-0.797595882078731,-0.0998707974396848,0.646203249873334,4.43214164248506,2.60713948397039,0.752612467124465,1.16729496510292,1.14027554013895,1.05613057591014,-0.202993708003753,-0.0191459895266863,7.95601950784908,2.02941592997334,0.474752486526631,0.625386841285905,0.410203087137261,0.209604697681432,-0.177318504788345
"3011",0,-0.307101619171144,-0.0535551906609398,0.757106570942284,-2.54900759641992,-0.992685559626734,-0.416428649433891,-0.135962069060475,-0.0247411626405223,-0.640995384823577,0.082906105558388,0.573225755678888,-2.23893887943681,-1.40155863315559,-0.540830462877054,-0.1555961886108,-0.0445734002443183,-0.741918245459386,0.58016631181262,0.276666205601061,-1.66216142343511,-1.38756520620005,-0.574697546273115,-0.113860786417039,-0.0382639442739243,-0.759253601238671,1.08838378637757,-0.205019902303017,-0.899102191164647,-1.3031392155474,-0.650039470011399,-0.048236570436645,-0.0330109162638679,-0.33031962811602,1.33132611434538,1.09627321067543,0.950766487281889,0.990111280309114,-0.258062014696678,0,-0.136506796823666,0.135301325727961,1.47858362970634,1.05230491728436,0.480805052473791,1.09815083938011,0.80234198973908,-0.0998707974396848,-0.0692112518235939,-0.410266899197836,1.25455753494524,0.997761568833671,-0.145293492318181,0.971528919046879,0.0429841979463036,-0.202993708003753,-0.0912709356995593,-0.303642030474405,-0.372637375748804,0.474752486526631,0.904845870642121,0.386518455422421,-0.527680489439249,-0.177318504788345
"3012",0,0.767805440878689,1.62051638384327,0.990200011287507,0.994701386553687,1.15424052136502,-0.123111490731166,-0.135962069060475,-0.0247411626405223,0.0129698342204877,0.999757862091843,0.218751407726493,1.13345756693153,1.12316558623815,-0.0480975708092236,-0.149907723889721,-0.0445734002443183,-0.741918245459386,-0.77966989822322,0.89003783744226,1.43333321492626,0.929255371307683,-0.280546742014304,-0.113860786417039,-0.0382639442739243,-0.781784632489483,-1.53139249135053,-0.31528371042663,0.0537348467377536,1.20154223856357,-0.650039470011399,-0.048236570436645,-0.0330109162638679,-0.639535815693025,-1.2263086449194,-1.47909877630812,0.278080687139385,0.479536172882967,-0.831486854781667,0,-0.0930309953194633,-0.481588184154324,-0.984477210668762,-0.655851723424326,0.511994608076963,0.0665678053471691,-0.797595882078731,-0.0998707974396848,-0.175762008748123,0.0739739549704533,0.0230723224817513,0.608885377241471,0.979782328328481,-1.22217715515,-0.767532904424768,-0.202993708003753,-0.0191459895266863,1.76127335410647,1.4289026035428,0.93422270303842,-1.07562282423745,-1.1603681679367,-0.527680489439249,-0.177318504788345
"3013",0,-0.346763866306412,-1.13391245506628,-1.57382783250995,0.773219575117836,-0.813775052877421,-0.416428649433891,-0.135962069060475,-0.0247411626405223,-0.640995384823577,-1.93416775881521,-0.171343179456834,0.501133233237465,-1.40155863315559,-0.540830462877054,-0.199327156037973,-0.0445734002443183,-1.05408463560777,-1.62956752949562,1.22670964665357,0.453222753078071,-1.29347794903808,-0.574697546273115,-0.113860786417039,-0.0382639442739243,-0.759253601238671,-0.106896291362458,0.981304034653986,-0.899102191164647,-1.3031392155474,-0.650039470011399,-0.048236570436645,-0.0330109162638679,-0.33031962811602,0.851769596983231,-0.0304520336298728,0.446252137175011,-0.541614041969328,-0.831486854781667,0,2.99828810216341,3.55423066708572,1.47858362970634,1.05230491728436,1.27280760797249,0.926220333707951,-0.111908222728241,-0.0998707974396848,3.74986562380231,4.91638249665334,0.726778158175171,0.803323473037571,1.16729496510292,0.465289055770677,-0.564903628832,-0.202993708003753,-0.0191459895266863,0.48798104750003,-1.17332181098952,-1.22183721855489,0.706799001154165,-0.336937946498704,-0.527680489439249,-0.177318504788345
"3014",0,-0.314386706693302,-1.17387929654563,-1.13141358369431,0.108774140810285,-0.992685559626734,-0.416428649433891,-0.135962069060475,-0.0247411626405223,-0.640995384823577,-1.01731600228176,1.69393541857367,0.711908011135486,-1.06492873723642,-0.540830462877054,-0.1555961886108,-0.0445734002443183,-0.741918245459386,0.92012536432158,1.39504555125922,-1.01694293969422,-1.29347794903808,-0.574697546273115,-0.113860786417039,-0.0382639442739243,-0.115910279549249,1.28246765657401,-0.0355450541663019,-1.53432688309958,-1.3031392155474,-0.650039470011399,-0.048236570436645,-0.0330109162638679,-0.639535815693025,1.33132611434538,0.852611117732966,0.446252137175011,0.990111280309114,0.315362825388311,0,-0.0930309953194633,-0.481588184154324,1.01675972213601,1.36287885195866,0.72298562688088,1.27008134505226,2.63084241467372,4.95470122853544,-0.0692112518235939,-0.410266899197836,-0.504707054288313,1.19219966462977,1.16729496510292,0.634035676862745,2.47453550505952,4.71545869607834,-0.0191459895266863,-0.303642030474405,-1.17332181098952,-1.59286348777642,0.508752131666208,1.58965249581285,2.42146025904347,-0.177318504788345
"3015",0,-0.346763866306412,-0.743972268793493,0.290919690251838,-2.32752578498407,-0.992685559626734,-0.416428649433891,-0.135962069060475,-0.0247411626405223,-0.640995384823577,-0.650575299668376,1.06960504576937,-0.828153394470606,-1.42998278949204,-0.540830462877054,-0.159040458155539,-0.0445734002443183,-0.741918245459386,0.41018678555814,1.56338145586488,-0.690239452411488,-1.29347794903808,-0.574697546273115,-0.113860786417039,-0.0382639442739243,-0.759253601238671,-0.057768335128474,1.1507788827907,-0.740296018180913,-1.3031392155474,-0.566683710834124,-0.048236570436645,-0.0330109162638679,0.0330269982062141,1.17147394189133,1.09627321067543,0.950766487281889,0.990111280309114,0.602075245430805,0,-0.0930309953194633,-0.481588184154324,1.34577765330316,1.36287885195866,0.322404541374051,0.926220333707951,2.63084241467372,0.209455637096624,-0.0692112518235939,-0.156001391449867,0.374925240328461,0.876207919726453,-0.145293492318181,1.14027554013895,2.06927695387398,-0.202993708003753,-0.0191459895266863,-0.303642030474405,-0.772979593369162,-0.214452838241053,0.706799001154165,1.4177762043285,0.455366426721658,-0.177318504788345
"3016",0,-0.346763866306412,0.330795300586854,0.204018466013043,0.773219575117836,1.33315102811434,0.996395003900887,-0.135962069060475,-0.0247411626405223,0.337187645938458,0.999757862091843,-1.41229140468304,-1.81738932364077,0.449905794399818,1.18373465936035,-0.1555961886108,-0.0445734002443183,1.27427676266156,0.7501458380671,0.385030123625297,0.943277984002168,0.452955374090734,-0.292956833346385,-0.113860786417039,-0.0382639442739243,-0.115910279549249,1.08838378637757,0.472879490243842,-0.58148984519718,-0.134287870295615,-0.10325500830788,-0.048236570436645,-0.0747235641771691,-0.0211034405390152,1.33132611434538,0.935312461488958,-0.394605113003119,-0.966872030125198,0.163421812624827,0,-0.0930309953194633,0.19104829105235,1.47858362970634,1.05230491728436,-0.944799547423866,-1.48080674570224,-0.797595882078731,-0.0998707974396848,-0.0692112518235939,-0.410266899197836,1.07863107602188,1.19219966462977,-0.273055356318936,-1.55967039733413,-0.767532904424768,-0.202993708003753,-0.0191459895266863,-0.303642030474405,-0.372637375748804,0.0152822700148413,-0.0853884767976621,-1.1603681679367,-0.527680489439249,-0.404513342405481
"3017",0,-0.346763866306412,-1.17387929654563,-2.50620159389084,0.551737763681986,-0.277043532629481,-0.416428649433891,-0.0371041523160752,-0.0247411626405223,-0.640995384823577,-1.93416775881521,-0.667722469547314,0.922682789033507,-1.06492873723642,-0.540830462877054,-0.1555961886108,-0.0445734002443183,-0.741918245459386,-1.28960847698666,1.56338145586488,0.12651926579534,-1.29347794903808,-0.574697546273115,-0.113860786417039,-0.0382639442739243,-0.759253601238671,0.267270672741314,0.811829186517271,-1.10171478342532,-0.802202924725205,-0.10325500830788,-0.048236570436645,-0.0330109162638679,1.52497749734601,1.33132611434538,-0.352373532002817,-0.331747013554792,1.1603029827845,1.74892492560078,0,2.99828810216341,4.22686714229239,1.47858362970634,1.36287885195866,1.27280760797249,1.27008134505226,0.279940129195472,-0.0998707974396848,-0.0692112518235939,2.97941907998019,0.0230723224817513,-1.14105748492343,0.979782328328481,0.802782297954812,-0.564903628832,-0.180092394447282,-0.0191459895266863,-0.303642030474405,-1.17332181098952,-2.7415390290559,0.904845870642121,0.558394746906768,-0.527680489439249,-0.177318504788345
"3018",0,0.767805440878689,1.4055628699672,0.990200011287507,0.205579361835879,-0.277043532629481,-0.416428649433891,-0.135962069060475,-0.0247411626405223,1.97486549135268,0.082906105558388,-2.90142927495448,-0.131191100456599,-0.0550390494789284,-0.540830462877054,-0.1555961886108,-0.0445734002443183,-0.453890387156393,-1.45958800324114,-0.456649399402975,1.10662972764353,-0.658411286082146,-0.574697546273115,-0.148943187978853,-0.0382639442739243,-0.759253601238671,-1.20392045663452,1.1507788827907,0.212541019721487,-1.3031392155474,-0.650039470011399,-0.048236570436645,-0.0330109162638679,-0.639535815693025,-1.2263086449194,-0.996216528748704,-0.834524858925506,0.309344470407584,-0.259823393384691,0,-0.0930309953194633,-0.481588184154324,-0.984477210668762,-1.12171262543579,-1.10320005852361,0.155487308865041,0.80234198973908,-0.0998707974396848,-0.0692112518235939,-0.410266899197836,0.374925240328461,-1.91880986810783,-1.64539458651373,0.127795813586543,0.853501300317375,-0.0324053575635489,-0.0191459895266863,-0.303642030474405,1.4289026035428,0.704487594782526,0.706799001154165,0.558394746906768,-0.0361570313587953,-0.177318504788345
"3019",0,-0.346763866306412,0.760702328338993,0.213238018219568,0.994701386553687,0.259687987618459,-0.505221989681214,-0.135962069060475,-0.0247411626405223,2.62883071039675,0.082906105558388,-2.405049984864,-2.23893887943681,-0.0305947310427245,-0.540830462877054,-0.1555961886108,-0.0445734002443183,0.122165329449593,-1.28960847698666,-1.05491518484628,0.453222753078071,-0.0233446231262145,-0.574697546273115,-0.113860786417039,-0.0382639442739243,-0.759253601238671,-1.53139249135053,-0.374494750439731,0.847765711656421,-0.0366922088381592,-0.650039470011399,-0.048236570436645,-0.0330109162638679,-0.639535815693025,-1.2263086449194,-0.352373532002817,-0.226433662967493,0.407702410723234,-0.258062014696678,0,-0.00644922932438885,-0.481588184154324,-0.984477210668762,-1.12171262543579,-1.26160056962335,-0.105362700324987,1.48802964908957,-0.0998707974396848,-0.0692112518235939,-0.410266899197836,-1.03248643105838,-1.52993367651563,-1.0828566761904,0.802782297954812,0.245613473539072,-0.202993708003753,-0.0191459895266863,-0.303642030474405,1.62907371235298,0.73076438788069,0.508752131666208,-0.816615584968009,-0.527680489439249,-0.177318504788345
"3020",0,-0.346763866306412,-1.17387929654563,0.0101560262400654,0.551737763681986,-0.813775052877421,-0.416428649433891,-0.135962069060475,-0.0247411626405223,-0.640995384823577,-0.467204948361685,1.06960504576937,-0.131191100456599,-1.233243685196,-0.540830462877054,-0.1555961886108,-0.0445734002443183,-0.1658625288534,1.09010489057606,0.242488995457378,-1.18029468333559,-1.36679719662505,-0.574697546273115,-0.113860786417039,-0.0382639442739243,1.49244802467431,1.08838378637757,-0.285047492739436,-0.899102191164647,-1.13616045194,-0.650039470011399,-0.048236570436645,-0.0330109162638679,0.906545122192,1.58972178568446,0.935312461488958,0.278080687139385,0.649727875358349,-0.831486854781667,0,-0.0930309953194633,-0.481588184154324,1.3246423271829,-0.189990821412867,-1.26160056962335,-0.793084723013613,1.7165922022064,-0.0226012857040252,-0.0692112518235939,-0.410266899197836,-0.504707054288313,0.608885377241471,-1.45788194973929,-0.0409508075055244,1.86664767828122,-0.202993708003753,-0.0191459895266863,-0.303642030474405,-1.17332181098952,0.0509832967365068,0.706799001154165,1.58965249581285,0.946889884802112,-0.177318504788345
"3021",0,-0.346763866306412,1.4055628699672,0.990200011287507,0.994701386553687,1.69097204161296,0.17020566797156,-0.135962069060475,-0.0247411626405223,-0.640995384823577,-1.01731600228176,-0.915912114592555,-0.131191100456599,1.46984585062328,1.18373465936035,-0.1555961886108,-0.111531751188364,-0.741918245459386,-1.62956752949562,-1.12999301782559,0.12651926579534,1.08802203704667,-0.292956833346385,-0.113860786417039,-0.0382639442739243,-0.759253601238671,0.105967682229532,0.642354338380556,0.847765711656421,1.20154223856357,1.53709837680268,-0.048236570436645,-0.0539306280597664,-0.639535815693025,0.691917424529183,1.09627321067543,0.782595037246263,0.479536172882967,0.602075245430805,0,-0.0930309953194633,-0.481588184154324,-0.830535908145318,1.05230491728436,0.229315812681686,-1.48080674570224,-0.797595882078731,-0.0998707974396848,-0.0692112518235939,-0.410266899197836,-0.328780595364958,0.698075536800493,-1.45788194973929,-1.55967039733413,-0.767532904424768,-0.202993708003753,-0.0191459895266863,-0.303642030474405,1.22873149473262,-0.182448400154586,-2.26390404116519,-1.1603681679367,-0.527680489439249,-0.177318504788345
"3022",0,-0.346763866306412,0.975655842215063,0.757106570942284,0.551737763681986,1.70949953084469,3.10337725499881,-0.135962069060475,-0.0247411626405223,-0.640995384823577,-1.01731600228176,0.0768464655884069,0.0795836774414227,0.786535690318983,2.16920044349601,-0.1555961886108,-0.0445734002443183,-0.741918245459386,-1.62956752949562,-1.12999301782559,-0.853591196052854,1.24678870278565,0.270524592507076,-0.106426788772003,-0.0382639442739243,-0.759253601238671,-0.057768335128474,0.472879490243842,0.554198569457133,1.36852100217096,2.0838828385062,0.318721412054158,-0.0330109162638679,-0.639535815693025,0.691917424529183,0.935312461488958,0.782595037246263,0.137776492597924,-0.258062014696678,0,-0.0930309953194633,-0.481588184154324,-0.39023378057579,1.05230491728436,-0.0336926229845149,-1.48080674570224,-0.797595882078731,-0.0998707974396848,-0.0692112518235939,-0.410266899197836,-0.152854136441604,0.803323473037571,-1.64539458651373,-1.55967039733413,-0.767532904424768,-0.202993708003753,-0.0191459895266863,-0.303642030474405,1.4289026035428,-1.36312837952053,-2.26390404116519,-1.1603681679367,-0.527680489439249,-0.177318504788345
"3023",0,0.767805440878689,1.4055628699672,0.290919690251838,0.994701386553687,1.69097204161296,-0.123111490731166,-0.135962069060475,-0.0247411626405223,0.33995244374252,0.999757862091843,1.06960504576937,-0.131191100456599,-0.559983893357675,-0.540830462877054,-0.1555961886108,-0.0445734002443183,-0.741918245459386,0.41018678555814,0.89003783744226,-1.18029468333559,-1.29347794903808,-0.574697546273115,-0.113860786417039,-0.0382639442739243,-0.759253601238671,-0.22150435248648,0.811829186517271,-1.37552071011585,-1.3031392155474,-0.650039470011399,-0.048236570436645,-0.0330109162638679,-0.639535815693025,-0.746752127557253,0.935312461488958,-0.899119463109996,-1.56276425682162,-0.831486854781667,0,-0.0930309953194633,-0.481588184154324,-0.984477210668762,0.897017949947205,0.00560351917457189,-1.3358853856708,-0.797595882078731,-0.0624693950116492,-0.0692112518235939,-0.410266899197836,0.550851699251816,1.19219966462977,-0.145293492318181,-1.55967039733413,-0.767532904424768,-0.202993708003753,-0.0338432573430967,0.728815661816031,1.4289026035428,0.93422270303842,-1.66976343270132,-1.41392256970608,-0.527680489439249,-0.177318504788345
"3024",0,-0.343757009386216,-1.42960668282412,-1.57382783250995,0.551737763681986,-0.992685559626734,-0.525660814580396,-0.135962069060475,-0.0247411626405223,-0.640995384823577,-1.93416775881521,0.573225755678888,0.0795836774414227,-1.40155863315559,-0.540830462877054,-0.1555961886108,-0.0445734002443183,-0.741918245459386,-1.45958800324114,1.56338145586488,-0.363535965128757,-1.29347794903808,-0.574697546273115,-0.113860786417039,-0.0382639442739243,-0.759253601238671,-0.712712404560498,-0.050332764938657,-1.01079542234324,-1.3031392155474,-0.650039470011399,-0.048236570436645,-0.0330109162638679,-0.639535815693025,0.691917424529183,1.09627321067543,0.278080687139385,-0.881997446920094,-0.831486854781667,0,-0.0930309953194633,-0.481588184154324,1.47858362970634,1.36287885195866,0.63920556357353,1.09815083938011,0.80234198973908,-0.0998707974396848,-0.0692112518235939,-0.410266899197836,0.0657578001319143,1.19219966462977,0.229731781230706,0.465289055770677,2.06927695387398,-0.202993708003753,-0.0191459895266863,-0.303642030474405,-1.35199045844435,-1.43888850096727,0.706799001154165,1.58965249581285,2.17569853000325,-0.177318504788345
"3025",0,-0.346763866306412,-1.17387929654563,-1.1076409518195,0.330255952246136,-0.0981330258801679,-0.157388427269828,-0.135962069060475,-0.0247411626405223,-0.975475383178304,-0.833945650975067,0.821415400724128,0.0795836774414227,-0.559983893357675,-0.540830462877054,-0.1555961886108,-0.0445734002443183,-0.741918245459386,0.92012536432158,0.216694219019643,-1.18029468333559,-0.531188851700838,-0.574697546273115,-0.113860786417039,-0.0382639442739243,0.527433042140173,1.08838378637757,-1.05239414298659,-0.422683672213447,-0.134287870295615,-0.376647239159639,-0.048236570436645,-0.0330109162638679,0.28811274703799,1.33132611434538,0.526990087227661,0.782595037246263,0.990111280309114,0.8887876654733,0,-0.0930309953194633,-0.145269946550987,1.3246423271829,0.12058311326144,-1.26160056962335,-0.105362700324987,1.7165922022064,-0.0998707974396848,-0.0692112518235939,-0.295880085935851,0.550851699251816,0.608885377241471,-0.520318765867068,0.802782297954812,1.25875985150291,-0.202993708003753,-0.0191459895266863,-0.303642030474405,-1.17332181098952,-0.673923054752843,0.904845870642121,0.902147329875462,0.209604697681432,-0.177318504788345
"3026",0,-0.346763866306412,-0.529018754917424,0.0692129009589582,-0.777153104933116,-0.992685559626734,-0.416428649433891,-0.135962069060475,-0.0247411626405223,0.666935053264552,0.999757862091843,0.325036110633647,0.290358455339444,0.449905794399818,-0.540830462877054,-0.1555961886108,-0.0445734002443183,0.986248904358571,1.09010489057606,0.721701932836606,1.2699814712849,1.24678870278565,-0.292956833346385,-0.113860786417039,-0.0382639442739243,-0.759253601238671,-0.385240369844486,0.642354338380556,1.00657188464015,0.700605947741373,-0.155488149138162,-0.048236570436645,-0.0330109162638679,-0.639535815693025,-1.2263086449194,-0.698960132136961,0.446252137175011,0.139152767932202,-0.831486854781667,0,-0.0930309953194633,-0.481588184154324,-0.984477210668762,-1.12171262543579,1.11440709687275,0.0665678053471691,-0.797595882078731,-0.0998707974396848,-0.0692112518235939,-0.410266899197836,-0.504707054288313,0.414447281445371,1.16729496510292,-0.715937291873794,-0.767532904424768,-0.202993708003753,-0.0191459895266863,-0.303642030474405,0.227875950681732,0.245017378270736,-0.679529085261532,-1.1603681679367,-0.527680489439249,-0.177318504788345
"3027",0,-0.346763866306412,-0.0991117271652847,0.0578262499066152,-0.334189482061415,-0.277043532629481,-0.416428649433891,-0.135962069060475,-0.064995348517452,-0.640995384823577,0.816387510785152,0.325036110633647,0.711908011135486,0.189708656137776,-0.540830462877054,-0.1555961886108,-0.0445734002443183,-0.741918245459386,-1.28960847698666,-1.12999301782559,0.779926240360802,-0.182111288865197,-0.574697546273115,-0.113860786417039,-0.0382639442739243,-0.759253601238671,-1.20392045663452,0.642354338380556,0.847765711656421,-0.969181688332602,-0.650039470011399,-0.048236570436645,-0.0539306280597664,-0.639535815693025,-0.906604300011301,0.613390963116015,0.950766487281889,0.649727875358349,-0.831486854781667,0,-0.0930309953194633,-0.481588184154324,-0.984477210668762,-1.12171262543579,-0.85355283950349,1.27008134505226,-0.111908222728241,-0.0998707974396848,-0.0692112518235939,-0.410266899197836,0.726778158175171,-0.94661938912733,-0.332806129092624,0.971528919046879,-0.564903628832,-0.202993708003753,-0.0191459895266863,-0.303642030474405,0.227875950681732,0.245017378270736,0.0785585689181695,-0.472863001999315,-0.527680489439249,-0.177318504788345
"3028",0,-0.597510895590997,-1.17387929654563,-0.641454071129054,0.773219575117836,-0.992685559626734,-0.551553947274798,-0.135962069060475,-0.0247411626405223,-0.640995384823577,-1.01731600228176,1.06960504576937,0.290358455339444,-1.40155863315559,-0.540830462877054,-0.1555961886108,-0.0445734002443183,-0.741918245459386,0.58016631181262,1.39504555125922,-0.853591196052854,-1.29347794903808,-0.574697546273115,-0.113860786417039,-0.0382639442739243,0.849104702984884,1.08838378637757,-0.280784925851936,-1.53432688309958,-1.3031392155474,-0.650039470011399,-0.048236570436645,-0.0330109162638679,2.76184224765403,1.33132611434538,-1.15717727793518,-1.40363381321687,-0.201230637018563,0.0286504053458163,0,-0.0930309953194633,3.89054890468905,1.47858362970634,1.05230491728436,0.428659660042896,1.27008134505226,0.57377943662225,-0.0998707974396848,0.496820480436835,2.25379045848296,1.25455753494524,1.19219966462977,1.16729496510292,0.465289055770677,-0.767532904424768,-0.202993708003753,-0.0502487751124888,-0.303642030474405,-0.772979593369162,0.0152822700148413,0.904845870642121,-0.665060978361778,-0.91713104391646,-0.177318504788345
"3029",0,-0.346763866306412,-1.29000230007175,-1.34073439216472,0.330255952246136,-0.992685559626734,-0.416428649433891,-0.135962069060475,-0.0247411626405223,-0.640995384823577,-1.75079740750852,0.821415400724128,-1.1850649899467,-1.233243685196,-0.0480975708092236,-0.1555961886108,-0.0445734002443183,-0.741918245459386,0.41018678555814,0.216694219019643,-1.18029468333559,0.7704887055687,1.397487444214,-0.113860786417039,-0.0382639442739243,1.10488143659044,0.760911751661556,-1.56081868739673,-1.37552071011585,1.20154223856357,0.443529453395639,-0.048236570436645,-0.0330109162638679,3.38027462280804,0.851769596983231,-0.191412782816345,0.109909237103759,1.1603029827845,1.74892492560078,0,-0.0930309953194633,2.20895771667237,1.47858362970634,1.36287885195866,1.27280760797249,-0.105362700324987,-0.797595882078731,-0.0998707974396848,-0.0692112518235939,-0.410266899197836,-0.769320286729,-0.55774319753513,0.604757054779594,-1.55967039733413,-0.767532904424768,-0.202993708003753,-0.0191459895266863,-0.303642030474405,-1.17332181098952,-0.903658163008738,-0.149275390654555,-1.25690048501427,-0.527680489439249,-0.177318504788345
"3030",0,-0.346763866306412,-1.17387929654563,-1.57382783250995,0.551737763681986,-0.530571584644987,-0.416428649433891,-0.135962069060475,-0.0247411626405223,-1.06838659696143,-1.93416775881521,0.325036110633647,-0.763515434150662,-1.06492873723642,1.43010110539427,-0.1555961886108,-0.0445734002443183,-0.741918245459386,-0.77966989822322,1.05837374204791,-1.01694293969422,0.117335460581712,2.24270958299419,-0.113860786417039,-0.0382639442739243,-0.115910279549249,0.760911751661556,-0.882919294849875,-1.37552071011585,1.36852100217096,1.83071149597596,-0.048236570436645,-0.0330109162638679,3.07105843523104,1.01162176943728,-0.191412782816345,0.446252137175011,1.1603029827845,2.03563734564328,0,-0.0930309953194633,4.56318537989573,1.47858362970634,1.36287885195866,1.27280760797249,0.582359322363638,-0.340470775845071,-0.0998707974396848,-0.0692112518235939,1.04245566330703,-0.540023936906337,-0.94661938912733,0.979782328328481,-0.67000670318416,-0.767532904424768,-0.202993708003753,-0.0191459895266863,-0.303642030474405,-1.17332181098952,-1.36312837952053,0.310705262178251,-1.1603681679367,-0.527680489439249,-0.177318504788345
"3031",0,-0.346763866306412,-1.17387929654563,0.0578262499066152,-2.32752578498407,-1.75799331623478,-0.416428649433891,-0.135962069060475,-0.0247411626405223,-0.640995384823577,-1.20068635358845,1.06960504576937,-1.60661454574275,-1.84650353689006,-0.540830462877054,-0.1555961886108,-0.0445734002443183,-0.741918245459386,-0.43971084571426,1.22670964665357,-1.18029468333559,-1.29347794903808,-0.574697546273115,-0.113860786417039,-0.0382639442739243,-0.759253601238671,-0.057768335128474,0.133929793970413,-0.899102191164647,-0.969181688332602,-0.650039470011399,-0.048236570436645,-0.0330109162638679,-0.639535815693025,0.54400476135001,1.09627321067543,0.950766487281889,-0.241703929949619,0.602075245430805,0,-0.0930309953194633,-0.481588184154324,0.554935814565679,0.275870080598593,-1.26160056962335,-1.48080674570224,1.94515475532323,4.95470122853544,-0.0692112518235939,-0.337209505578372,-0.152854136441604,0.220009185649271,-1.64539458651373,-0.715937291873794,2.27190622946675,2.25623249403729,-0.0191459895266863,-0.303642030474405,-1.17332181098952,-0.214452838241053,0.904845870642121,1.4177762043285,1.43841334288257,-0.177318504788345
"3032",0,-0.346763866306412,-1.28050004436669,-0.934004277820473,0.773219575117836,-0.634864546128108,1.75637190532431,0.116417289082325,-0.0247411626405223,-0.640995384823577,-1.38405670489514,0.821415400724128,-0.131191100456599,-0.728298841317257,3.15466622763167,-0.1555961886108,-0.0445734002443183,-0.1658625288534,0.7501458380671,0.385030123625297,-1.18029468333559,0.611722039829717,2.52445029592092,-0.113860786417039,-0.0382639442739243,2.13579134636373,1.08838378637757,-0.882919294849875,-1.05790836414838,1.49229979721473,3.17745176191323,-0.048236570436645,-0.0330109162638679,2.76184224765403,1.33132611434538,1.09627321067543,0.950766487281889,0.638711894627328,1.17550008551579,0,-0.0930309953194633,-0.145269946550987,0.554935814565679,0.586444015272899,1.27280760797249,-0.105362700324987,-0.797595882078731,-0.0998707974396848,0.062004144109969,-0.410266899197836,-1.18088476942483,-1.33549558071953,1.16729496510292,-1.39092377624206,-0.767532904424768,-0.202993708003753,-0.0191459895266863,-0.303642030474405,-1.17332181098952,-0.903658163008738,-0.0853884767976621,-1.1603681679367,-0.527680489439249,-0.177318504788345
"3033",0,-0.346763866306412,0.330795300586854,0.0578262499066152,0.108774140810285,0.259687987618459,-0.416428649433891,-0.410214307560615,-0.0247411626405223,-0.640995384823577,0.082906105558388,1.06960504576937,1.13345756693153,0.449905794399818,-0.540830462877054,-0.41286946878234,-0.0445734002443183,-0.741918245459386,0.0702277330491799,1.56338145586488,1.43333321492626,-0.182111288865197,-0.574697546273115,-0.113860786417039,-0.0382639442739243,-0.759253601238671,0.433439716945544,1.1507788827907,0.761312547892816,-0.301266633903012,-0.650039470011399,-0.048236570436645,-0.0330109162638679,-0.639535815693025,0.691917424529183,1.09627321067543,0.950766487281889,-0.371422339493946,-0.831486854781667,0,-0.0930309953194633,-0.481588184154324,1.01675972213601,1.36287885195866,1.27280760797249,0.410428816691482,-0.797595882078731,-0.0998707974396848,0.0180399275141902,-0.410266899197836,1.43048399386859,1.27630424454439,1.16729496510292,0.634035676862745,-0.767532904424768,-0.202993708003753,-0.0191459895266863,-0.303642030474405,0.027704841871553,-0.444187946496948,0.176883580008263,-0.0176467396976997,-0.423791030941657,-0.177318504788345
"3034",0,-0.346763866306412,0.115841786710785,0.990200011287507,0.773219575117836,-0.455954039378794,-0.416428649433891,-0.135962069060475,-0.0247411626405223,0.597619762790809,0.999757862091843,-0.12300013478971,1.13345756693153,-0.0509567784460817,-0.575516296502526,-0.1555961886108,-0.0445734002443183,0.409381761718132,-0.60969037196874,-1.12999301782559,1.43333321492626,-0.499644620343163,-0.574697546273115,-0.113860786417039,-0.0382639442739243,-0.759253601238671,-1.53139249135053,-0.543969598576446,1.00657188464015,-1.13616045194,-0.901326203316748,-0.048236570436645,-0.0330109162638679,-0.639535815693025,-1.2263086449194,0.774351712302486,0.109909237103759,-1.56276425682162,-0.831486854781667,0,-0.0930309953194633,-0.481588184154324,0.247053209518791,1.05230491728436,-1.10320005852361,-1.48080674570224,-0.797595882078731,-0.0998707974396848,-0.0692112518235939,-0.410266899197836,0.726778158175171,0.664866312624601,-0.332806129092624,-0.547190670781726,-0.362274353239232,-0.202993708003753,-0.0191459895266863,-0.303642030474405,0.42804705949191,0.93422270303842,0.904845870642121,1.58965249581285,0.933213652310888,-0.177318504788345
"3035",0,2.99694405524889,2.26537692547148,0.990200011287507,0.994701386553687,1.86988254836228,-0.416428649433891,-0.135962069060475,-0.0247411626405223,-0.640995384823577,0.44964680817177,0.0768464655884069,-0.552740656252641,-0.728298841317257,-0.540830462877054,-0.1555961886108,-0.111531751188364,-0.741918245459386,0.41018678555814,0.89003783744226,-1.18029468333559,-1.29347794903808,-0.574697546273115,-0.113860786417039,-0.0382639442739243,-0.0115522869722784,1.08838378637757,1.1507788827907,-0.242119539126954,-1.3031392155474,-0.650039470011399,-0.048236570436645,-0.0330109162638679,-0.639535815693025,0.532065252075134,-0.67429503037576,0.614423587210637,-0.371422339493946,-0.831486854781667,0,-0.0930309953194633,-0.481588184154324,-0.279564311126105,-1.12171262543579,0.00560351917457189,1.27008134505226,-0.797595882078731,-0.137558873301391,-0.0692112518235939,0.558214809138742,0.550851699251816,-1.14105748492343,0.792269691554037,0.634035676862745,-0.767532904424768,-0.234991865189666,-0.0191459895266863,1.76127335410647,1.82924482116316,0.93422270303842,0.706799001154165,-0.816615584968009,-0.527680489439249,-0.177318504788345
"3036",0,-0.346763866306412,-0.958925782669563,-0.641454071129054,0.773219575117836,1.86988254836228,3.69001157240427,1.29216406762473,-0.0247411626405223,-0.640995384823577,0.266276456865079,0.821415400724128,0.0795836774414227,0.954850638278565,2.66193333556384,0.822837501932791,-0.12016755277347,-0.741918245459386,1.09010489057606,1.56338145586488,1.43333321492626,1.24678870278565,1.9915474213525,-0.113860786417039,-0.0980157101479449,-0.759253601238671,-0.876448421918504,0.242324587325953,-0.263877499229713,1.03456347495617,3.17745176191323,0.117701664953453,-0.0330109162638679,-0.639535815693025,-1.2263086449194,-1.47909877630812,-1.23546236318125,0.819919577833732,1.08036548994144,0,-0.0930309953194633,-0.481588184154324,-0.984477210668762,-0.966425658098632,0.63920556357353,0.410428816691482,-0.797595882078731,-0.0998707974396848,-0.0692112518235939,-0.410266899197836,-1.38433934890509,-0.36330510173903,0.792269691554037,-1.39092377624206,-0.767532904424768,-0.202993708003753,-0.0191459895266863,-0.303642030474405,-1.17332181098952,0.704487594782526,-0.877575954749489,-1.1603681679367,-0.527680489439249,0.00486951039196354
"3037",0,-0.346763866306412,-1.17387929654563,-2.73929503423606,0.860002154282237,1.86988254836228,0.463522826674285,-0.135962069060475,-0.0247411626405223,-0.640995384823577,-1.93416775881521,-2.65323962990924,0.72530506232918,1.29148053419773,-0.540830462877054,-0.1555961886108,-0.0445734002443183,-0.1658625288534,-0.77966989822322,1.05837374204791,1.43333321492626,0.929255371307683,-0.574697546273115,-0.113860786417039,-0.0382639442739243,2.45746300720844,1.08838378637757,0.981304034653986,0.751030393115651,0.700605947741373,-0.214938718360747,-0.048236570436645,-0.0330109162638679,-0.33031962811602,-0.586899955103205,-0.67429503037576,0.388023294577545,0.479536172882967,-0.831486854781667,0,-0.0930309953194633,-0.481588184154324,-0.984477210668762,-0.966425658098632,1.27280760797249,0.926220333707951,-0.797595882078731,-0.0998707974396848,-0.0692112518235939,-0.410266899197836,-1.38433934890509,-1.91880986810783,1.16729496510292,0.971528919046879,-0.767532904424768,-0.202993708003753,-0.0191459895266863,-0.303642030474405,-1.17332181098952,-2.18838286772933,-0.0853884767976621,1.58965249581285,0.136874666962331,-0.177318504788345
"3038",0,-0.346763866306412,-0.958925782669563,-1.1076409518195,0.108774140810285,1.51206153486365,1.05015714407974,-0.135962069060475,-0.0247411626405223,-0.640995384823577,-0.467204948361685,0.325036110633647,-2.02816410153879,-0.0550390494789284,1.43010110539427,0.111099768825999,-0.0445734002443183,-0.1658625288534,0.0234323112211201,1.24931737253107,1.43333321492626,1.24678870278565,1.96096887006746,-0.113860786417039,-0.0382639442739243,-0.759253601238671,-0.385240369844486,-0.205019902303017,-0.58148984519718,0.700605947741373,2.0838828385062,-0.0570254833163436,-0.0330109162638679,-0.639535815693025,-1.2263086449194,-1.47909877630812,-1.73997671328813,0.541125094812035,1.17550008551579,0,-0.0930309953194633,-0.481588184154324,-0.984477210668762,-1.12171262543579,-1.26160056962335,1.27008134505226,-0.340470775845071,-0.225333444435002,-0.0692112518235939,-0.410266899197836,-1.38433934890509,-1.91880986810783,-0.145293492318181,0.127795813586543,-0.767532904424768,-0.202993708003753,-0.0191459895266863,-0.303642030474405,-1.17332181098952,-0.903658163008738,-0.0853884767976621,-0.472863001999315,-0.576748159133788,-0.177318504788345
"3039",0,-0.346763866306412,-0.958925782669563,-0.254455474132823,0.108774140810285,-0.653763147570449,-0.416428649433891,-0.135962069060475,-0.064995348517452,-0.640995384823577,-0.650575299668376,1.06960504576937,0.0795836774414227,-1.40155863315559,-0.742611607284419,-0.1555961886108,-0.0445734002443183,-0.741918245459386,0.58016631181262,1.22670964665357,-1.18029468333559,-1.29347794903808,-0.574697546273115,-0.113860786417039,-0.0382639442739243,-0.115910279549249,1.08838378637757,0.133929793970413,-1.53432688309958,-1.3031392155474,-0.683699599114417,-0.048236570436645,-0.0330109162638679,-0.33031962811602,1.33132611434538,-0.00314616224383029,-0.899119463109996,-1.05218914939548,-0.831486854781667,0,-0.0930309953194633,-0.481588184154324,1.18076148739621,1.36287885195866,1.27280760797249,1.27008134505226,1.48802964908957,-0.0998707974396848,-0.0692112518235939,-0.410266899197836,-0.152854136441604,1.19219966462977,-0.145293492318181,0.971528919046879,2.47453550505952,2.25623249403729,-0.0191459895266863,-0.303642030474405,-1.17332181098952,-0.484884294811588,0.112658392690295,1.24589991284416,1.19265161384234,-0.177318504788345
"3040",0,-0.346763866306412,0.115841786710785,0.0578262499066152,0.773219575117836,1.69097204161296,2.22342577889064,-0.135962069060475,-0.0247411626405223,-0.640995384823577,-0.467204948361685,0.0768464655884069,-0.386844615761656,-0.728298841317257,0.198268875224692,-0.1555961886108,-0.0445734002443183,-0.741918245459386,0.41018678555814,-0.624985304008629,-1.18029468333559,-1.29347794903808,-0.820733063243622,-0.113860786417039,-0.0382639442739243,-0.43758194039396,0.517865054245706,-0.543969598576446,-1.05790836414838,-1.20201765094252,-0.650039470011399,-0.048236570436645,-0.0330109162638679,1.83419368492302,0.830506517625958,0.452430213929543,0.291595099789136,-0.541614041969328,-0.394891157987001,0,-0.0930309953194633,0.527366528655686,-0.368712000574986,-1.12171262543579,0.0694858657835218,0.410428816691482,-0.797595882078731,-0.0998707974396848,-0.0692112518235939,1.52669651747532,1.25455753494524,-0.94661938912733,0.604757054779594,-0.547190670781726,-0.767532904424768,-0.202993708003753,-0.0191459895266863,-0.303642030474405,0.027704841871553,0.93422270303842,-0.283435346285619,-1.1603681679367,-0.527680489439249,-0.177318504788345
"3041",0,-0.346763866306412,-1.17387929654563,-2.04001471320039,0.551737763681986,1.15424052136502,-0.416428649433891,-0.135962069060475,-0.0247411626405223,-0.640995384823577,-1.75079740750852,-0.171343179456834,1.13345756693153,0.954850638278565,-0.540830462877054,-0.1555961886108,-0.111531751188364,-0.741918245459386,-0.26973131945978,1.56338145586488,1.43333321492626,0.929255371307683,-0.574697546273115,-0.113860786417039,-0.0382639442739243,1.17077636382959,1.08838378637757,1.50479251989428,1.00657188464015,0.366648420526578,-0.650039470011399,-0.048236570436645,-0.0330109162638679,-0.33031962811602,-0.427047782649156,1.09627321067543,0.950766487281889,-0.201230637018563,-0.831486854781667,0,-0.0930309953194633,-0.481588184154324,-0.984477210668762,1.20759188462151,1.53603903520206,0.0665678053471691,-0.797595882078731,-0.0998707974396848,-0.0692112518235939,-0.410266899197836,-1.38433934890509,0.0255710898531705,1.16729496510292,0.802782297954812,0.245613473539072,-0.202993708003753,-0.0191459895266863,-0.303642030474405,-1.17332181098952,-2.28206881254411,0.706799001154165,1.4177762043285,1.19265161384234,-0.177318504788345
"3042",0,0.409126551475784,0.975655842215063,0.990200011287507,0.773219575117836,-0.455954039378794,-0.416428649433891,-0.135962069060475,-0.0247411626405223,1.97486549135268,0.633017159478461,-1.90867069477352,1.13345756693153,0.618220742359401,-0.540830462877054,-0.1555961886108,-0.0445734002443183,1.56230462096456,0.322556895348622,-0.961657113219938,1.43333321492626,0.611722039829717,-0.574697546273115,-0.113860786417039,-0.0382639442739243,-0.115910279549249,0.59717573430355,1.1507788827907,1.28822313966887,0.867584711348771,-0.650039470011399,-0.048236570436645,-0.0330109162638679,-0.639535815693025,-1.2263086449194,-0.647945987069414,-0.226433662967493,0.429537283050905,-0.831486854781667,0,-0.0930309953194633,-0.481588184154324,-0.0608293955280974,-0.500564756087173,-0.627998525224387,1.27008134505226,0.116654330388589,-0.0998707974396848,-0.0692112518235939,-0.410266899197836,1.43048399386859,0.608885377241471,0.0422191444562627,1.14027554013895,0.245613473539072,-0.202993708003753,-0.0191459895266863,-0.303642030474405,0.227875950681732,0.0152822700148413,0.310705262178251,0.558394746906768,-0.281918760399022,-0.177318504788345
"3043",0,4.11151336243399,2.26537692547148,0.990200011287507,0.994701386553687,1.51206153486365,0.463522826674285,-0.135962069060475,-0.0247411626405223,-0.314012775301545,-0.467204948361685,-0.915912114592555,-0.552740656252641,1.12316558623815,0.719069764566888,-0.1555961886108,-0.0445734002443183,-0.741918245459386,-1.62956752949562,-1.12999301782559,-0.363535965128757,1.03509895249989,-0.0922225839121336,-0.221506257877888,-0.0382639442739243,-0.759253601238671,-1.53139249135053,-1.56081868739673,0.530153365688954,0.700605947741373,-0.650039470011399,-0.048236570436645,-0.0330109162638679,0.84479382125725,1.33132611434538,1.09627321067543,1.30461814847548,0.990111280309114,1.46221250555829,0,-0.0930309953194633,0.527366528655686,0.708877117089123,1.36287885195866,0.164004030274312,-0.105362700324987,-0.111908222728241,-0.0998707974396848,-0.0692112518235939,-0.410266899197836,1.07863107602188,0.414447281445371,-1.83290722328817,-1.55967039733413,-0.767532904424768,-0.202993708003753,-0.0191459895266863,4.85864643097778,2.02941592997334,-2.28206881254411,-2.26390404116519,-1.1603681679367,-0.527680489439249,-0.177318504788345
"3044",0,-0.346763866306412,-0.529018754917424,0.757106570942284,0.994701386553687,0.0807774808691453,-0.416428649433891,-0.135962069060475,-0.0247411626405223,-0.640995384823577,-0.500008385663533,-0.171343179456834,0.0795836774414227,0.621825012192877,0.691001767292522,-0.1555961886108,-0.12016755277347,-0.741918245459386,-1.62956752949562,-1.12999301782559,-0.0368324778460259,1.24678870278565,1.397487444214,-0.113860786417039,-0.0980157101479449,-0.759253601238671,-1.53139249135053,-1.56081868739673,0.530153365688954,1.0293938907852,0.577296516164913,-0.048236570436645,-0.0330109162638679,2.14340987250002,0.851769596983231,0.613390963116015,0.950766487281889,0.479536172882967,-0.258062014696678,0,-0.0930309953194633,0.19104829105235,0.862818419612568,1.05230491728436,1.27280760797249,1.27008134505226,2.63084241467372,-0.0998707974396848,-0.0692112518235939,-0.410266899197836,-1.38433934890509,0.997761568833671,0.604757054779594,-1.55967039733413,0.735261455650297,-0.202993708003753,-0.0191459895266863,-0.303642030474405,-0.572808484558983,0.93422270303842,-0.679529085261532,-1.1603681679367,-0.886410142384508,-0.177318504788345
"3045",0,-0.346763866306412,0.330795300586854,0.757106570942284,0.0894463015861134,-0.455954039378794,-0.416428649433891,-0.135962069060475,-0.0247411626405223,-0.640995384823577,0.082906105558388,-1.41229140468304,-0.552740656252641,0.954850638278565,-0.540830462877054,-0.1555961886108,-0.0445734002443183,-0.741918245459386,-1.62956752949562,-1.0424069422901,0.12651926579534,0.611722039829717,-0.574697546273115,-0.113860786417039,-0.0382639442739243,-0.759253601238671,-1.53139249135053,0.0833423228023409,0.688959538672687,-0.969181688332602,-0.650039470011399,-0.048236570436645,-0.0330109162638679,-0.639535815693025,-1.2263086449194,0.130508715556599,0.782595037246263,-0.371422339493946,-0.831486854781667,0,-0.0930309953194633,-0.481588184154324,-0.984477210668762,-1.12171262543579,-1.05820758210736,0.410428816691482,0.974787483705955,-0.0998707974396848,0.0405984673877529,0.0739739549704533,1.25455753494524,-1.33549558071953,-1.64539458651373,0.29654243467861,1.25875985150291,-0.202993708003753,-0.0191459895266863,-0.303642030474405,-0.372637375748804,0.704487594782526,0.904845870642121,1.07402362135981,-0.0361570313587953,-0.177318504788345
"3046",0,-0.346763866306412,-0.0991117271652847,0.0578262499066152,0.551737763681986,0.259687987618459,-0.416428649433891,-0.135962069060475,-0.0247411626405223,0.993917662786584,0.999757862091843,-1.1641017596378,-1.1850649899467,1.29148053419773,-0.0480975708092236,-0.0619814509152471,-0.0445734002443183,1.56230462096456,0.0702277330491799,-1.12999301782559,-0.526887708770123,1.24678870278565,0.552265305433806,-0.113860786417039,-0.0382639442739243,-0.115910279549249,0.269703699587538,0.981304034653986,0.212541019721487,0.867584711348771,0.443529453395639,-0.0680818830095165,-0.0330109162638679,-0.639535815693025,-1.2263086449194,-1.47909877630812,-1.73997671328813,-0.201230637018563,0.315362825388311,0,-0.0930309953194633,-0.481588184154324,-0.984477210668762,-1.12171262543579,-1.26160056962335,-0.621154217341457,1.03090454285591,-0.0998707974396848,-0.0692112518235939,0.0739739549704533,-0.381587723972412,-1.72437177231173,-1.83290722328817,0.29654243467861,0.245613473539072,-0.202993708003753,-0.0191459895266863,-0.303642030474405,0.0858909820815011,0.245017378270736,-0.283435346285619,0.386518455422421,-0.281918760399022,-0.177318504788345
"3047",0,-0.346763866306412,0.115841786710785,0.247951448770746,0.108774140810285,1.15424052136502,0.756839985377011,-0.135962069060475,-0.0247411626405223,0.33995244374252,0.999757862091843,-0.915912114592555,-0.974290212048683,1.29148053419773,1.18373465936035,-0.1555961886108,-0.0445734002443183,0.410193187752585,0.58016631181262,-0.899421924909752,-0.363535965128757,1.24678870278565,0.552265305433806,-0.113860786417039,-0.0382639442739243,-0.43758194039396,0.59717573430355,0.642354338380556,0.847765711656421,1.36852100217096,0.443529453395639,-0.048236570436645,-0.0330109162638679,-0.639535815693025,-1.06645647246535,-0.191412782816345,-1.06729091314562,0.479536172882967,0.315362825388311,0,-0.0930309953194633,-0.481588184154324,-0.676594605621874,-1.12171262543579,-1.26160056962335,0.582359322363638,0.80234198973908,-0.0126671363836128,-0.0692112518235939,2.4951782258119,1.25455753494524,-1.14105748492343,-1.83290722328817,0.634035676862745,0.541581312674128,-0.202993708003753,0.0314164483367317,-0.303642030474405,0.42804705949191,0.507622727684681,0.904845870642121,1.58965249581285,-0.0361570313587953,-0.177318504788345
"3048",0,-0.346763866306412,0.760702328338993,0.990200011287507,-0.998634916368966,-0.992685559626734,-0.416428649433891,-0.135962069060475,-0.064995348517452,-0.640995384823577,0.999757862091843,1.06960504576937,0.711908011135486,-1.40155863315559,-0.855796224879218,-0.1555961886108,-0.0445734002443183,-0.741918245459386,-1.11962895073218,1.05837374204791,1.43333321492626,-1.29347794903808,-0.574697546273115,-0.113860786417039,-0.0382639442739243,-0.759253601238671,-0.385240369844486,0.969132206837095,1.00657188464015,0.700605947741373,1.53709837680268,0.226583342371323,-0.0330109162638679,-0.166008795971598,0.0525087347129891,1.09627321067543,0.950766487281889,1.1603029827845,1.74892492560078,0,-0.0930309953194633,-0.481588184154324,-0.984477210668762,1.05230491728436,0.480805052473791,-1.48080674570224,-0.797595882078731,-0.0998707974396848,-0.0692112518235939,-0.410266899197836,-0.680633513211668,1.19219966462977,-0.895344039415955,-1.55967039733413,-0.767532904424768,-0.202993708003753,-0.0191459895266863,-0.303642030474405,0.884042258042086,0.0152822700148413,-2.26390404116519,-1.1603681679367,-0.527680489439249,-0.177318504788345
"3049",0,-0.346763866306412,-0.743972268793493,0.290919690251838,0.773219575117836,-0.634864546128108,-0.416428649433891,-0.135962069060475,-0.0247411626405223,-0.640995384823577,0.082906105558388,1.06960504576937,0.501133233237465,0.281590846440236,-0.540830462877054,-0.1555961886108,-0.0445734002443183,-0.741918245459386,0.7501458380671,0.440930809439693,0.12651926579534,0.611722039829717,-0.574697546273115,-0.113860786417039,-0.0382639442739243,-0.759253601238671,-0.22150435248648,0.691869801416833,1.00657188464015,0.366648420526578,-0.650039470011399,-0.049335153206293,-0.0330109162638679,-0.639535815693025,-0.427047782649156,1.09627321067543,0.446252137175011,-1.39257255434624,-0.529916214428539,0,-0.0930309953194633,-0.481588184154324,0.400994512042235,1.20759188462151,0.648018054195342,-1.13694573435793,-0.797595882078731,-0.0998707974396848,-0.0692112518235939,-0.410266899197836,-0.152854136441604,0.803323473037571,0.792269691554037,-0.547190670781726,-0.767532904424768,-0.202993708003753,-0.0191459895266863,-0.303642030474405,-0.97315070217934,0.268478790161267,0.904845870642121,-0.816615584968009,-0.527680489439249,-0.124391844421664
"3050",0,-0.346763866306412,2.05042341159541,0.757106570942284,-1.66308035067652,-0.992685559626734,-0.416428649433891,-0.135962069060475,-0.0247411626405223,-0.640995384823577,0.999757862091843,0.325036110633647,0.922682789033507,-1.06492873723642,-0.540830462877054,-0.1555961886108,-0.0445734002443183,-0.741918245459386,-0.0997517932053001,1.39504555125922,0.779926240360802,-0.435113677860479,-0.574697546273115,-0.113860786417039,-0.0382639442739243,-0.759253601238671,-1.53139249135053,-1.2218689911233,-0.198025196915808,0.00980216236807092,-0.650039470011399,-0.048236570436645,-0.0330109162638679,-0.639535815693025,-1.2263086449194,-1.47909877630812,0.446252137175011,-0.201230637018563,-0.831486854781667,0,-0.0930309953194633,-0.481588184154324,-0.984477210668762,-0.966425658098632,0.95600658577301,-0.621154217341457,-0.797595882078731,-0.0998707974396848,-0.0692112518235939,-0.410266899197836,1.43048399386859,1.19219966462977,1.16729496510292,-0.547190670781726,-0.564903628832,-0.202993708003753,-0.0191459895266863,0.728815661816031,1.02856038592245,0.704487594782526,0.112658392690295,1.4177762043285,3.15874544616415,3.32320982313382
"3051",0,1.88237474806379,1.22122214607016,0.990200011287507,0.994701386553687,0.796419507866398,-0.416428649433891,-0.135962069060475,-0.0247411626405223,-0.640995384823577,0.082906105558388,-0.915912114592555,0.290358455339444,1.29148053419773,-0.0480975708092236,-0.1555961886108,-0.0445734002443183,-0.741918245459386,-0.986564309797574,-1.12999301782559,1.10662972764353,0.7704887055687,-0.574697546273115,-0.113860786417039,-0.0382639442739243,0.336094565803392,-0.057768335128474,0.472879490243842,1.00657188464015,-0.635224161117807,-0.650039470011399,-0.048236570436645,0.301793018503949,2.76184224765403,1.33132611434538,1.09627321067543,0.950766487281889,1.1603029827845,1.46221250555829,0,-0.0930309953194633,-0.481588184154324,0.554935814565679,1.05230491728436,-1.10320005852361,-0.793084723013613,-0.797595882078731,-0.199867709530723,-0.0692112518235939,0.558214809138742,1.43048399386859,-0.55774319753513,-1.1660781049234,-1.55967039733413,-0.767532904424768,-0.202993708003753,-0.0120900221164873,1.76127335410647,1.15350839376502,-1.36312837952053,-1.61837415622933,-1.1603681679367,-0.527680489439249,-0.177318504788345
"3052",0,0.767805440878689,1.62051638384327,-0.175267190438608,-0.112707670625565,1.33315102811434,1.05015714407974,-0.135962069060475,-0.0247411626405223,1.97486549135268,0.999757862091843,-0.667722469547314,-0.552740656252641,-0.0550390494789284,-0.294464016843139,-0.1555961886108,-0.0152492710856271,1.3887691730328,1.09010489057606,-1.12999301782559,-1.18029468333559,-0.851176636457426,-0.574697546273115,-0.113860786417039,-0.0382639442739243,0.527433042140173,1.08838378637757,1.1507788827907,0.688959538672687,-0.301266633903012,-0.650039470011399,-0.048236570436645,-0.0330109162638679,-0.0211034405390152,0.532065252075134,-0.191412782816345,-0.226433662967493,1.1603029827845,0.315362825388311,0,-0.182020018896268,-0.481588184154324,-0.984477210668762,-1.12171262543579,-0.822444436931494,0.582359322363638,1.03090454285591,-0.0998707974396848,-0.363751894416209,-0.410266899197836,-1.20841288998173,-0.94661938912733,-0.332806129092624,0.971528919046879,0.44824274913184,-0.202993708003753,-0.0191459895266863,1.76127335410647,1.62907371235298,0.0152822700148413,0.112658392690295,-0.129110419030621,-0.527680489439249,-0.177318504788345
"3053",0,0.767805440878689,0.960758718874916,0.346270651925762,-0.480612189369827,-0.992685559626734,-0.416428649433891,-0.135962069060475,-0.0247411626405223,1.64788288183065,0.816387510785152,-1.1641017596378,-0.34196587835462,-1.40155863315559,-0.540830462877054,-0.1555961886108,-0.0445734002443183,0.986248904358571,-0.136056866558765,-0.961657113219938,-0.690239452411488,-1.29347794903808,0.283817247640768,-0.113860786417039,-0.0598124768661009,-0.43758194039396,-0.56445125978804,-0.0355450541663019,-0.740296018180913,0.19966965691918,0.990313915099158,-0.048236570436645,-0.0330109162638679,-0.639535815693025,-0.746752127557253,1.09627321067543,0.782595037246263,-0.711805744444711,-0.258062014696678,0,-0.0930309953194633,0.19104829105235,1.3246423271829,0.897017949947205,1.11440709687275,-1.48080674570224,-0.797595882078731,-0.0998707974396848,-0.0692112518235939,2.97941907998019,1.07863107602188,-1.14105748492343,0.792269691554037,-1.05343053405793,-0.767532904424768,-0.377011413042509,-0.0191459895266863,-0.303642030474405,1.02856038592245,0.474752486526631,-0.0853884767976621,-1.1603681679367,-0.527680489439249,-0.158054429243184
"3054",0,1.88237474806379,0.545748814462924,0.0578262499066152,0.108774140810285,1.69097204161296,1.93010862018791,0.237685877313098,-0.0247411626405223,0.666935053264552,0.999757862091843,0.0768464655884069,-0.763515434150662,-0.559983893357675,-0.0480975708092236,-0.1555961886108,0.0386153206471683,0.410193187752585,0.668995575226791,-0.555552153927809,-1.18029468333559,-1.29347794903808,-0.574697546273115,-0.113860786417039,-0.0382639442739243,0.667155733167018,0.924647769019562,0.245566717397651,-0.740296018180913,-1.3031392155474,-0.650039470011399,-0.048236570436645,-0.0215921147357923,-0.33031962811602,0.0525087347129891,0.452430213929543,0.310988595578909,-0.711805744444711,-0.831486854781667,0,-0.0930309953194633,-0.481588184154324,-0.984477210668762,-1.12171262543579,0.259942932961591,0.582359322363638,-0.797595882078731,-0.0998707974396848,-0.0692112518235939,0.558214809138742,0.0230723224817513,-0.16886700594293,1.16729496510292,-0.884683912965861,-0.767532904424768,-0.202993708003753,-0.0191459895266863,2.7937310463969,1.62907371235298,0.474752486526631,-1.07562282423745,-1.1603681679367,-0.527680489439249,-0.096621603797588
"3055",0,-0.346763866306412,-0.0991117271652847,0.0578262499066152,0.108774140810285,-0.813775052877421,-0.416428649433891,-0.135962069060475,-0.0247411626405223,2.95581331991878,0.999757862091843,0.0768464655884069,0.711908011135486,0.050775868251101,-0.540830462877054,-0.1555961886108,-0.0445734002443183,3.29047177078251,-0.43971084571426,-1.12999301782559,0.453222753078071,0.452955374090734,-0.574697546273115,-0.166805994650552,-0.0382639442739243,-0.759253601238671,-1.04018443927651,0.981304034653986,1.00657188464015,0.032690893311783,-0.650039470011399,-0.106080643591261,-0.0330109162638679,-0.639535815693025,-0.906604300011301,0.452430213929543,0.278080687139385,0.819919577833732,0.751151361042888,0,-0.0930309953194633,-0.481588184154324,-0.984477210668762,-0.260937344644115,-1.26160056962335,0.238498311019326,2.40227986155689,-0.0998707974396848,-0.0692112518235939,-0.410266899197836,0.198998781405106,0.0255710898531705,-0.332806129092624,0.634035676862745,2.47453550505952,-0.202993708003753,-0.0191459895266863,-0.303642030474405,0.027704841871553,0.0152822700148413,0.904845870642121,0.902147329875462,0.455366426721658,-0.177318504788345
"3056",0,2.99694405524889,2.26537692547148,-1.57382783250995,-2.54900759641992,-0.455954039378794,1.05015714407974,-0.135962069060475,-0.0247411626405223,1.64788288183065,0.999757862091843,-1.66048104972828,-2.23893887943681,0.618220742359401,2.90829978159776,-0.1555961886108,-0.0445734002443183,2.13836033757054,1.09010489057606,-1.17791325529507,0.289871009436705,1.24678870278565,0.834006018360537,-0.113860786417039,-0.0382639442739243,1.49244802467431,1.23338007921733,0.811829186517271,1.00657188464015,0.867584711348771,-0.650039470011399,-0.048236570436645,-0.0330109162638679,-0.639535815693025,-0.107343437741059,0.91415276646539,0.782595037246263,-0.711805744444711,-0.831486854781667,0,-0.0930309953194633,-0.481588184154324,-0.214770698051542,0.640319169907122,-0.311197503024907,-1.48080674570224,-0.797595882078731,-0.0998707974396848,-0.0692112518235939,-0.410266899197836,1.07863107602188,-0.0764307499106656,-1.83290722328817,-1.55967039733413,-0.767532904424768,-0.202993708003753,-0.0191459895266863,2.7937310463969,2.02941592997334,-0.673923054752843,-2.26390404116519,-1.1603681679367,-0.527680489439249,-0.177318504788345
"3057",0,-0.462981336821051,0.330795300586854,0.524013130597061,-0.555671293497266,-0.455954039378794,-0.416428649433891,-0.221079959179306,-0.0247411626405223,-0.640995384823577,0.816387510785152,-0.377375566662453,0.922682789033507,1.12316558623815,-0.294464016843139,-0.1555961886108,-0.0445734002443183,0.128011019481221,0.41018678555814,-1.12999301782559,-0.690239452411488,0.7704887055687,1.11574673128727,-0.113860786417039,-0.0382639442739243,0.527433042140173,0.433439716945544,-1.56081868739673,-1.53432688309958,0.032690893311783,1.53709837680268,-0.048236570436645,-0.0330109162638679,0.930524825933918,0.36200595964135,-1.47909877630812,-1.73997671328813,-0.711805744444711,1.46221250555829,0,-0.0930309953194633,0.863684766259023,0.862818419612568,-1.12171262543579,-1.26160056962335,-0.105362700324987,0.80234198973908,-0.0998707974396848,-0.0692112518235939,0.558214809138742,1.25455753494524,-0.75218129333123,-0.707831402641512,0.971528919046879,0.0678452218617181,-0.202993708003753,-0.0191459895266863,-0.303642030474405,0.027704841871553,0.704487594782526,0.904845870642121,0.214642163938074,-0.527680489439249,-0.177318504788345
